 0.329,-1.534
 0.320,-1.507
 0.319,-1.467
 0.310,-1.407
 0.309,-1.350
 0.328,-1.314
 0.337,-1.251
 0.336,-1.229
 0.355,-1.177
 0.383,-1.131
 0.383,-1.094
 0.393,-1.069
 0.392,-1.084
 0.402,-1.096
 0.420,-1.111
 0.412,-1.140
 0.430,-1.158
 0.430,-1.175
 0.431,-1.178
 0.449,-1.193
 0.439,-1.218
 0.450,-1.233
 0.468,-1.232
 0.461,-1.247
 0.470,-1.275
 0.480,-1.319
 0.471,-1.347
 0.469,-1.360
 0.461,-1.390
 0.460,-1.370
 0.469,-1.360
 0.470,-1.382
 0.478,-1.386
 0.480,-1.392
 0.480,-1.392
 0.489,-1.400
 0.479,-1.409
 0.479,-1.405
 0.470,-1.399
 0.507,-1.379
 0.497,-1.368
 0.497,-1.389
 0.506,-1.395
 0.507,-1.399
 0.497,-1.389
 0.498,-1.407
 0.479,-1.425
 0.469,-1.431
 0.461,-1.427
 0.469,-1.395
 0.450,-1.376
 0.460,-1.386
 0.450,-1.376
 0.460,-1.353
 0.461,-1.337
 0.470,-1.329
 0.461,-1.284
 0.450,-1.270
 0.469,-1.235
 0.468,-1.232
 0.468,-1.212
 0.478,-1.185
 0.487,-1.157
 0.497,-1.134
 0.526,-1.107
 0.534,-1.079
 0.563,-1.034
 0.552,-1.004
 0.572,-0.987
 0.581,-0.959
 0.580,-0.903
 0.600,-0.868
 0.589,-0.838
 0.590,-0.804
 0.589,-0.748
 0.608,-0.730
 0.618,-0.704
 0.627,-0.675
 0.627,-0.658
 0.626,-0.638
 0.626,-0.638
 0.617,-0.647
 0.616,-0.681
 0.618,-0.703
 0.608,-0.676
 0.590,-0.713
 0.601,-0.743
 0.581,-0.759
 0.581,-0.759
 0.562,-0.777
 0.542,-0.793
 0.533,-0.802
 0.513,-0.801
 0.514,-0.821
 0.495,-0.839
 0.496,-0.858
 0.497,-0.860
 0.467,-0.885
 0.459,-0.914
 0.448,-0.921
 0.449,-0.940
 0.439,-0.950
 0.429,-0.956
 0.411,-0.958
 0.429,-0.956
 0.410,-0.938
 0.402,-0.949
 0.401,-0.929
 0.392,-0.939
 0.392,-0.939
 0.363,-0.929
 0.363,-0.929
 0.382,-0.928
 0.373,-0.921
 0.381,-0.910
 0.391,-0.900
 0.392,-0.886
 0.401,-0.857
 0.411,-0.870
 0.430,-0.869
 0.420,-0.859
 0.411,-0.831
 0.419,-0.837
 0.429,-0.810
 0.428,-0.792
 0.409,-0.773
 0.419,-0.729
 0.419,-0.710
 0.420,-0.712
 0.438,-0.675
 0.419,-0.673
 0.419,-0.656
 0.418,-0.654
 0.400,-0.655
 0.390,-0.628
 0.390,-0.628
 0.372,-0.629
 0.371,-0.626
 0.362,-0.637
 0.371,-0.646
 0.362,-0.654
 0.353,-0.647
 0.371,-0.646
 0.362,-0.675
 0.371,-0.683
 0.362,-0.709
 0.372,-0.719
 0.380,-0.725
 0.381,-0.764
 0.381,-0.781
 0.419,-0.784
 0.410,-0.797
 0.410,-0.814
 0.439,-0.842
 0.439,-0.859
 0.447,-0.885
 0.447,-0.885
 0.446,-0.882
 0.437,-0.875
 0.447,-0.885
 0.447,-0.885
 0.476,-0.895
 0.456,-0.893
 0.458,-0.878
 0.457,-0.858
 0.447,-0.848
 0.457,-0.840
 0.456,-0.837
 0.457,-0.821
 0.447,-0.811
 0.437,-0.784
 0.437,-0.784
 0.437,-0.782
 0.437,-0.784
 0.437,-0.765
 0.418,-0.746
 0.418,-0.729
 0.427,-0.737
 0.418,-0.729
 0.428,-0.720
 0.418,-0.710
 0.418,-0.693
 0.417,-0.654
 0.409,-0.665
 0.408,-0.663
 0.407,-0.644
 0.408,-0.610
 0.446,-0.573
 0.438,-0.549
 0.438,-0.549
 0.427,-0.557
 0.428,-0.557
 0.436,-0.563
 0.417,-0.563
 0.408,-0.572
 0.416,-0.562
 0.417,-0.564
 0.417,-0.563
 0.408,-0.592
 0.408,-0.592
 0.399,-0.619
 0.408,-0.629
 0.389,-0.645
 0.390,-0.666
 0.389,-0.664
 0.399,-0.692
 0.380,-0.711
 0.389,-0.736
 0.399,-0.766
 0.390,-0.794
 0.390,-0.829
 0.400,-0.859
 0.399,-0.893
 0.400,-0.931
 0.390,-0.957
 0.390,-0.974
 0.381,-1.003
 0.372,-1.029
 0.372,-1.032
 0.362,-1.022
 0.362,-1.039
 0.353,-1.032
 0.361,-1.036
 0.352,-1.029
 0.371,-1.028
 0.371,-1.031
 0.391,-1.015
 0.400,-0.987
 0.392,-0.982
 0.391,-0.979
 0.390,-0.976
 0.391,-0.994
 0.389,-0.990
 0.380,-0.966
 0.361,-0.947
 0.390,-0.939
 0.371,-0.940
 0.371,-0.938
 0.371,-0.940
 0.371,-0.904
 0.362,-0.912
 0.362,-0.895
 0.362,-0.892
 0.352,-0.885
 0.361,-0.874
 0.343,-0.874
 0.362,-0.875
 0.362,-0.892
 0.353,-0.904
 0.362,-0.930
 0.353,-0.939
 0.344,-0.949
 0.343,-0.946
 0.353,-0.940
 0.344,-0.949
 0.353,-0.957
 0.344,-0.968
 0.343,-0.965
 0.335,-0.977
 0.334,-0.975
 0.334,-0.992
 0.324,-1.001
 0.333,-0.989
 0.334,-0.992
 0.343,-0.965
 0.344,-0.968
 0.373,-0.962
 0.344,-0.951
 0.354,-0.962
 0.353,-0.959
 0.353,-0.992
 0.344,-1.002
 0.352,-0.989
 0.362,-0.984
 0.344,-0.985
 0.344,-0.985
 0.354,-0.995
 0.353,-0.992
 0.335,-0.997
 0.316,-1.012
 0.316,-1.012
 0.316,-1.013
 0.306,-1.020
 0.307,-1.040
 0.288,-1.038
 0.297,-1.047
 0.297,-1.030
 0.297,-1.029
 0.298,-1.032
 0.297,-1.013
 0.278,-1.012
 0.288,-1.005
 0.306,-1.000
 0.307,-1.003
 0.306,-0.984
 0.296,-0.974
 0.315,-0.939
 0.296,-0.937
 0.306,-0.930
 0.305,-0.892
 0.296,-0.881
 0.315,-0.846
 0.315,-0.809
 0.324,-0.803
 0.334,-0.776
 0.334,-0.759
 0.335,-0.742
 0.324,-0.729
 0.343,-0.710
 0.343,-0.708
 0.352,-0.699
 0.352,-0.663
 0.361,-0.636
 0.362,-0.638
 0.343,-0.637
 0.352,-0.646
 0.353,-0.647
 0.333,-0.644
 0.333,-0.647
 0.333,-0.627
 0.324,-0.636
 0.333,-0.647
 0.333,-0.644
 0.314,-0.645
 0.324,-0.637
 0.314,-0.645
 0.314,-0.628
 0.324,-0.636
 0.324,-0.619
 0.333,-0.609
 0.314,-0.609
 0.315,-0.573
 0.323,-0.563
 0.314,-0.555
 0.305,-0.527
 0.305,-0.544
 0.314,-0.535
 0.304,-0.525
 0.305,-0.544
 0.305,-0.544
 0.324,-0.545
 0.324,-0.547
 0.314,-0.538
 0.315,-0.540
 0.324,-0.566
 0.333,-0.573
 0.324,-0.582
 0.332,-0.570
 0.333,-0.571
 0.342,-0.563
 0.333,-0.554
 0.342,-0.565
 0.342,-0.563
 0.352,-0.573
 0.352,-0.573
 0.332,-0.572
 0.342,-0.582
 0.341,-0.581
 0.343,-0.601
 0.351,-0.591
 0.342,-0.619
 0.342,-0.637
 0.351,-0.645
 0.352,-0.647
 0.343,-0.655
 0.342,-0.674
 0.352,-0.665
 0.332,-0.663
 0.333,-0.665
 0.323,-0.655
 0.342,-0.674
 0.333,-0.666
 0.342,-0.671
 0.332,-0.664
 0.341,-0.672
 0.332,-0.681
 0.342,-0.654
 0.350,-0.643
 0.361,-0.638
 0.371,-0.612
 0.371,-0.612
 0.381,-0.586
 0.380,-0.564
 0.370,-0.574
 0.379,-0.545
 0.379,-0.525
 0.389,-0.518
 0.397,-0.507
 0.408,-0.501
 0.408,-0.500
 0.398,-0.490
 0.398,-0.492
 0.398,-0.490
 0.398,-0.492
 0.389,-0.482
 0.398,-0.491
 0.389,-0.500
 0.397,-0.507
 0.379,-0.509
 0.379,-0.509
 0.379,-0.527
 0.380,-0.547
 0.389,-0.573
 0.380,-0.601
 0.379,-0.618
 0.379,-0.654
 0.380,-0.693
 0.399,-0.710
 0.390,-0.757
 0.390,-0.774
 0.371,-0.809
 0.371,-0.866
 0.380,-0.873
 0.362,-0.911
 0.371,-0.919
 0.362,-0.912
 0.353,-0.925
 0.344,-0.933
 0.344,-0.953
 0.344,-0.950
 0.324,-0.965
 0.324,-0.982
 0.323,-0.981
 0.324,-0.984
 0.315,-0.975
 0.334,-0.994
 0.325,-1.005
 0.305,-1.002
 0.315,-1.013
 0.305,-1.022
 0.305,-1.020
 0.305,-1.022
 0.296,-1.010
 0.305,-1.022
 0.296,-0.993
 0.296,-0.993
 0.305,-0.985
 0.295,-0.990
 0.287,-0.985
 0.305,-0.967
 0.305,-0.983
 0.306,-0.986
 0.325,-0.984
 0.334,-0.995
 0.324,-1.002
 0.343,-1.020
 0.334,-1.012
 0.333,-1.027
 0.333,-1.047
 0.343,-1.057
 0.344,-1.077
 0.335,-1.088
 0.354,-1.107
 0.345,-1.120
 0.344,-1.117
 0.344,-1.132
 0.353,-1.159
 0.343,-1.164
 0.343,-1.147
 0.344,-1.129
 0.344,-1.130
 0.344,-1.134
 0.344,-1.130
 0.354,-1.124
 0.344,-1.134
 0.325,-1.132
 0.326,-1.150
 0.315,-1.157
 0.316,-1.177
 0.315,-1.158
 0.306,-1.130
 0.287,-1.132
 0.286,-1.110
 0.287,-1.112
 0.268,-1.093
 0.268,-1.056
 0.277,-1.031
 0.268,-1.037
 0.287,-1.021
 0.277,-1.011
 0.277,-0.992
 0.277,-0.993
 0.296,-0.972
 0.287,-1.000
 0.297,-0.957
 0.316,-0.922
 0.316,-0.888
 0.325,-0.859
 0.316,-0.871
 0.334,-0.848
 0.324,-0.874
 0.324,-0.874
 0.333,-0.863
 0.324,-0.855
 0.343,-0.857
 0.343,-0.857
 0.324,-0.858
 0.352,-0.865
 0.343,-0.877
 0.352,-0.885
 0.352,-0.902
 0.362,-0.912
 0.352,-0.919
 0.352,-0.939
 0.343,-0.966
 0.343,-1.002
 0.343,-1.005
 0.333,-1.029
 0.324,-1.040
 0.343,-1.022
 0.333,-1.012
 0.314,-1.032
 0.314,-1.047
 0.324,-1.075
 0.333,-1.065
 0.314,-1.083
 0.314,-1.102
 0.313,-1.099
 0.314,-1.085
 0.305,-1.095
 0.305,-1.098
 0.296,-1.091
 0.286,-1.059
 0.296,-1.070
 0.295,-1.030
 0.314,-0.992
 0.314,-0.975
 0.313,-0.972
 0.323,-0.965
 0.323,-0.948
 0.323,-0.948
 0.324,-0.932
 0.313,-0.902
 0.304,-0.893
 0.323,-0.892
 0.314,-0.883
 0.324,-0.895
 0.332,-0.882
 0.314,-0.903
 0.333,-0.903
 0.333,-0.902
 0.343,-0.912
 0.323,-0.929
 0.323,-0.948
 0.323,-0.948
 0.314,-0.957
 0.333,-0.958
 0.323,-0.945
 0.324,-0.947
 0.342,-0.947
 0.332,-0.936
 0.332,-0.920
 0.342,-0.910
 0.342,-0.913
 0.333,-0.906
 0.324,-0.914
 0.343,-0.896
 0.342,-0.910
 0.332,-0.920
 0.342,-0.927
 0.342,-0.927
 0.351,-0.939
 0.370,-0.920
 0.371,-0.940
 0.370,-0.957
 0.370,-0.957
 0.371,-0.977
 0.379,-0.966
 0.361,-0.987
 0.370,-0.994
 0.370,-0.994
 0.361,-1.004
 0.360,-1.001
 0.351,-1.014
 0.370,-1.012
 0.351,-1.030
 0.361,-1.042
 0.351,-1.047
 0.352,-1.050
 0.351,-1.067
 0.342,-1.094
 0.370,-1.085
 0.342,-1.092
 0.333,-1.085
 0.342,-1.094
 0.332,-1.119
 0.352,-1.104
 0.352,-1.104
 0.352,-1.090
 0.343,-1.082
 0.333,-1.088
 0.343,-1.078
 0.323,-1.093
 0.333,-1.085
 0.332,-1.065
 0.332,-1.065
 0.333,-1.068
 0.332,-1.048
 0.323,-1.058
 0.332,-1.048
 0.313,-1.030
 0.333,-1.032
 0.332,-1.012
 0.323,-1.022
 0.332,-1.012
 0.322,-1.002
 0.341,-0.967
 0.350,-0.955
 0.351,-0.958
 0.351,-0.940
 0.360,-0.949
 0.351,-0.922
 0.360,-0.929
 0.361,-0.930
 0.360,-0.949
 0.360,-0.949
 0.351,-0.975
 0.369,-0.972
 0.360,-0.985
 0.370,-0.992
 0.369,-1.009
 0.379,-1.004
 0.379,-1.004
 0.390,-1.018
 0.381,-1.027
 0.389,-1.052
 0.389,-1.052
 0.398,-1.056
 0.407,-1.084
 0.398,-1.092
 0.426,-1.103
 0.418,-1.097
 0.408,-1.104
 0.437,-1.116
 0.446,-1.124
 0.417,-1.131
 0.437,-1.133
 0.437,-1.131
 0.437,-1.151
 0.446,-1.159
 0.436,-1.149
 0.437,-1.169
 0.427,-1.158
 0.428,-1.161
 0.427,-1.141
 0.427,-1.141
 0.428,-1.161
 0.427,-1.158
 0.428,-1.161
 0.437,-1.151
 0.428,-1.159
 0.437,-1.151
 0.427,-1.174
 0.427,-1.178
 0.427,-1.176
 0.417,-1.166
 0.418,-1.171
 0.418,-1.149
 0.400,-1.154
 0.410,-1.147
 0.400,-1.136
 0.400,-1.134
 0.389,-1.121
 0.408,-1.139
 0.408,-1.139
 0.408,-1.156
 0.409,-1.142
 0.408,-1.159
 0.409,-1.179
 0.399,-1.187
 0.409,-1.214
 0.410,-1.271
 0.409,-1.267
 0.419,-1.298
 0.409,-1.324
 0.400,-1.312
 0.410,-1.306
 0.381,-1.294
 0.381,-1.261
 0.371,-1.251
 0.372,-1.252
 0.363,-1.262
 0.334,-1.249
 0.343,-1.260
 0.325,-1.242
 0.324,-1.222
 0.325,-1.242
 0.324,-1.238
 0.343,-1.240
 0.324,-1.222
 0.324,-1.238
 0.343,-1.260
 0.334,-1.269
 0.363,-1.262
 0.353,-1.272
 0.353,-1.272
 0.335,-1.255
 0.334,-1.232
 0.334,-1.232
 0.343,-1.220
 0.333,-1.228
 0.333,-1.214
 0.343,-1.204
 0.315,-1.197
 0.324,-1.187
 0.315,-1.195
 0.325,-1.188
 0.323,-1.167
 0.324,-1.170
 0.324,-1.168
 0.314,-1.175
 0.333,-1.177
 0.352,-1.175
 0.334,-1.160
 0.343,-1.170
 0.333,-1.177
 0.343,-1.169
 0.342,-1.165
 0.343,-1.169
 0.353,-1.179
 0.352,-1.177
 0.371,-1.199
 0.361,-1.184
 0.381,-1.206
 0.390,-1.212
 0.389,-1.211
 0.390,-1.214
 0.398,-1.202
 0.419,-1.189
 0.419,-1.173
 0.419,-1.173
 0.428,-1.164
 0.427,-1.141
 0.437,-1.134
 0.446,-1.103
 0.455,-1.093
 0.465,-1.068
 0.465,-1.068
 0.465,-1.088
 0.475,-1.078
 0.465,-1.068
 0.466,-1.071
 0.455,-1.058
 0.446,-1.069
 0.465,-1.068
 0.455,-1.076
 0.456,-1.079
 0.436,-1.058
 0.446,-1.069
 0.455,-1.078
 0.464,-1.085
 0.456,-1.079
 0.446,-1.086
 0.446,-1.088
 0.436,-1.096
 0.446,-1.086
 0.437,-1.079
 0.436,-1.075
 0.427,-1.104
 0.436,-1.094
 0.436,-1.111
 0.418,-1.113
 0.436,-1.111
 0.428,-1.124
 0.428,-1.126
 0.438,-1.136
 0.429,-1.146
 0.428,-1.124
 0.419,-1.098
 0.427,-1.086
 0.408,-1.064
 0.408,-1.067
 0.408,-1.048
 0.399,-1.022
 0.390,-1.014
 0.389,-1.012
 0.400,-1.024
 0.399,-1.021
 0.381,-1.042
 0.380,-1.041
 0.380,-1.041
 0.362,-1.042
 0.361,-1.039
 0.362,-1.040
 0.371,-1.049
 0.361,-1.039
 0.353,-1.050
 0.333,-1.049
 0.334,-1.052
 0.334,-1.068
 0.343,-1.075
 0.334,-1.068
 0.333,-1.065
 0.343,-1.059
 0.333,-1.049
 0.343,-1.039
 0.343,-1.059
 0.352,-1.046
 0.343,-1.039
 0.352,-1.014
 0.372,-1.015
 0.373,-1.001
 0.381,-0.988
 0.381,-0.989
 0.381,-0.986
 0.380,-0.983
 0.380,-0.984
 0.379,-0.964
 0.380,-0.984
 0.390,-0.977
 0.381,-0.986
 0.390,-0.977
 0.371,-0.976
 0.371,-0.995
 0.381,-1.005
 0.371,-1.012
 0.381,-1.022
 0.371,-1.012
 0.381,-1.022
 0.381,-1.005
 0.371,-1.031
 0.382,-1.024
 0.380,-1.002
 0.372,-1.014
 0.371,-1.011
 0.371,-1.011
 0.372,-1.014
 0.371,-0.994
 0.381,-0.987
 0.391,-0.996
 0.380,-1.002
 0.390,-1.012
 0.409,-1.046
 0.400,-1.056
 0.400,-1.039
 0.400,-1.022
 0.391,-0.999
 0.401,-0.989
 0.383,-0.972
 0.391,-0.960
 0.372,-0.976
 0.362,-0.949
 0.361,-0.926
 0.371,-0.919
 0.362,-0.912
 0.362,-0.875
 0.382,-0.842
 0.362,-0.820
 0.353,-0.812
 0.371,-0.775
 0.371,-0.755
 0.381,-0.749
 0.361,-0.728
 0.371,-0.739
 0.371,-0.739
 0.371,-0.756
 0.361,-0.765
 0.371,-0.792
 0.352,-0.794
 0.362,-0.802
 0.362,-0.820
 0.362,-0.840
 0.361,-0.856
 0.362,-0.839
 0.371,-0.866
 0.362,-0.874
 0.371,-0.902
 0.371,-0.901
 0.380,-0.911
 0.380,-0.911
 0.371,-0.904
 0.382,-0.880
 0.372,-0.870
 0.382,-0.880
 0.362,-0.895
 0.371,-0.884
 0.372,-0.885
 0.370,-0.864
 0.361,-0.856
 0.381,-0.857
 0.380,-0.838
 0.381,-0.840
 0.380,-0.838
 0.381,-0.840
 0.400,-0.822
 0.390,-0.811
 0.391,-0.813
 0.399,-0.819
 0.390,-0.831
 0.409,-0.829
 0.399,-0.819
 0.390,-0.832
 0.390,-0.829
 0.390,-0.812
 0.399,-0.839
 0.409,-0.848
 0.400,-0.859
 0.418,-0.858
 0.409,-0.867
 0.409,-0.884
 0.399,-0.910
 0.399,-0.931
 0.417,-0.910
 0.409,-0.921
 0.409,-0.921
 0.409,-0.922
 0.400,-0.917
 0.400,-0.933
 0.400,-0.934
 0.400,-0.914
 0.399,-0.911
 0.390,-0.902
 0.398,-0.891
 0.409,-0.903
 0.428,-0.886
 0.409,-0.867
 0.418,-0.859
 0.418,-0.856
 0.418,-0.859
 0.418,-0.839
 0.418,-0.839
 0.419,-0.842
 0.418,-0.839
 0.408,-0.849
 0.418,-0.839
 0.408,-0.829
 0.418,-0.822
 0.408,-0.793
 0.409,-0.794
 0.418,-0.802
 0.408,-0.793
 0.409,-0.794
 0.417,-0.783
 0.418,-0.803
 0.427,-0.793
 0.427,-0.810
 0.428,-0.812
 0.426,-0.808
 0.427,-0.829
 0.427,-0.848
 0.418,-0.859
 0.420,-0.864
 0.419,-0.879
 0.409,-0.888
 0.418,-0.877
 0.418,-0.893
 0.418,-0.894
 0.417,-0.891
 0.417,-0.911
 0.428,-0.904
 0.437,-0.913
 0.447,-0.923
 0.436,-0.930
 0.446,-0.941
 0.437,-0.949
 0.456,-0.968
 0.447,-0.961
 0.484,-0.977
 0.466,-0.979
 0.465,-0.976
 0.484,-0.995
 0.484,-1.015
 0.474,-1.003
 0.484,-1.015
 0.494,-1.025
 0.494,-1.041
 0.494,-1.061
 0.484,-1.085
 0.484,-1.105
 0.484,-1.105
 0.483,-1.120
 0.493,-1.150
 0.511,-1.165
 0.493,-1.187
 0.503,-1.198
 0.495,-1.210
 0.505,-1.205
 0.494,-1.208
 0.485,-1.217
 0.484,-1.213
 0.483,-1.210
 0.475,-1.205
 0.483,-1.211
 0.475,-1.206
 0.475,-1.206
 0.484,-1.233
 0.485,-1.217
 0.493,-1.221
 0.484,-1.233
 0.493,-1.241
 0.493,-1.260
 0.513,-1.263
 0.512,-1.260
 0.523,-1.254
 0.523,-1.254
 0.522,-1.250
 0.513,-1.243
 0.512,-1.242
 0.513,-1.264
 0.513,-1.243
 0.513,-1.243
 0.513,-1.227
 0.521,-1.213
 0.522,-1.234
 0.522,-1.234
 0.503,-1.232
 0.512,-1.222
 0.521,-1.230
 0.514,-1.245
 0.523,-1.255
 0.514,-1.265
 0.515,-1.249
 0.513,-1.225
 0.504,-1.235
 0.513,-1.242
 0.522,-1.250
 0.531,-1.224
 0.503,-1.177
 0.504,-1.163
 0.513,-1.152
 0.493,-1.150
 0.495,-1.135
 0.503,-1.105
 0.485,-1.108
 0.494,-1.080
 0.493,-1.060
 0.474,-1.041
 0.465,-1.030
 0.465,-1.033
 0.475,-1.024
 0.474,-1.005
 0.466,-0.979
 0.465,-0.976
 0.447,-0.961
 0.446,-0.978
 0.446,-0.978
 0.446,-0.978
 0.436,-0.966
 0.427,-0.959
 0.417,-0.948
 0.408,-0.938
 0.418,-0.914
 0.398,-0.893
 0.399,-0.878
 0.400,-0.861
 0.399,-0.842
 0.390,-0.833
 0.389,-0.811
 0.379,-0.801
 0.388,-0.773
 0.369,-0.754
 0.380,-0.730
 0.379,-0.729
 0.379,-0.731
 0.379,-0.712
 0.379,-0.712
 0.370,-0.703
 0.378,-0.673
 0.388,-0.665
 0.388,-0.647
 0.388,-0.647
 0.407,-0.629
 0.415,-0.618
 0.416,-0.601
 0.415,-0.564
 0.406,-0.555
 0.416,-0.547
 0.434,-0.527
 0.425,-0.537
 0.434,-0.546
 0.443,-0.555
 0.463,-0.574
 0.452,-0.562
 0.472,-0.583
 0.492,-0.584
 0.501,-0.593
 0.502,-0.615
 0.501,-0.649
 0.511,-0.660
 0.511,-0.659
 0.520,-0.666
 0.529,-0.692
 0.528,-0.690
 0.529,-0.692
 0.529,-0.675
 0.529,-0.675
 0.549,-0.676
 0.558,-0.667
 0.549,-0.659
 0.548,-0.694
 0.558,-0.684
 0.558,-0.703
 0.586,-0.729
 0.587,-0.749
 0.587,-0.786
 0.596,-0.794
 0.587,-0.805
 0.577,-0.794
 0.569,-0.823
 0.568,-0.840
 0.559,-0.885
 0.549,-0.876
 0.529,-0.892
 0.531,-0.896
 0.531,-0.913
 0.530,-0.930
 0.522,-0.942
 0.530,-0.930
 0.522,-0.943
 0.522,-0.943
 0.512,-0.951
 0.513,-0.954
 0.503,-0.960
 0.503,-0.978
 0.502,-0.995
 0.493,-1.003
 0.483,-1.013
 0.474,-1.040
 0.483,-1.051
 0.493,-1.060
 0.493,-1.061
 0.493,-1.080
 0.492,-1.076
 0.493,-1.096
 0.502,-1.105
 0.501,-1.122
 0.492,-1.131
 0.482,-1.140
 0.474,-1.153
 0.483,-1.143
 0.483,-1.143
 0.494,-1.136
 0.483,-1.160
 0.474,-1.153
 0.483,-1.143
 0.483,-1.160
 0.475,-1.171
 0.483,-1.195
 0.484,-1.215
 0.493,-1.223
 0.502,-1.215
 0.531,-1.227
 0.522,-1.235
 0.532,-1.247
 0.541,-1.254
 0.541,-1.290
 0.551,-1.301
 0.559,-1.305
 0.551,-1.354
 0.560,-1.381
 0.560,-1.397
 0.570,-1.428
 0.560,-1.434
 0.542,-1.456
 0.542,-1.456
 0.542,-1.472
 0.542,-1.493
 0.532,-1.497
 0.514,-1.500
 0.514,-1.519
 0.495,-1.553
 0.495,-1.574
 0.504,-1.580
 0.487,-1.584
 0.496,-1.592
 0.487,-1.600
 0.496,-1.611
 0.486,-1.616
 0.478,-1.629
 0.487,-1.619
 0.458,-1.626
 0.450,-1.637
 0.439,-1.622
 0.430,-1.616
 0.411,-1.597
 0.383,-1.607
 0.393,-1.604
 0.374,-1.564
 0.355,-1.550
 0.346,-1.540
 0.326,-1.517
 0.317,-1.546
 0.325,-1.513
 0.307,-1.497
 0.307,-1.442
 0.306,-1.405
 0.307,-1.409
 0.287,-1.386
 0.288,-1.372
 0.288,-1.333
 0.278,-1.305
 0.269,-1.298
 0.268,-1.295
 0.259,-1.288
 0.250,-1.296
 0.269,-1.315
 0.250,-1.316
 0.250,-1.296
 0.250,-1.280
 0.259,-1.305
 0.249,-1.313
 0.240,-1.306
 0.268,-1.295
 0.259,-1.288
 0.268,-1.278
 0.278,-1.307
 0.296,-1.307
 0.315,-1.303
 0.315,-1.289
 0.353,-1.269
 0.352,-1.265
 0.362,-1.261
 0.381,-1.277
 0.382,-1.283
 0.401,-1.248
 0.410,-1.273
 0.429,-1.291
 0.436,-1.276
 0.465,-1.305
 0.474,-1.313
 0.465,-1.305
 0.485,-1.308
 0.512,-1.315
 0.513,-1.335
 0.522,-1.327
 0.522,-1.327
 0.541,-1.327
 0.540,-1.342
 0.550,-1.372
 0.550,-1.352
 0.569,-1.372
 0.579,-1.382
 0.578,-1.362
 0.589,-1.356
 0.597,-1.344
 0.588,-1.352
 0.597,-1.346
 0.586,-1.314
 0.597,-1.326
 0.615,-1.308
 0.606,-1.316
 0.625,-1.318
 0.634,-1.306
 0.634,-1.306
 0.652,-1.304
 0.653,-1.324
 0.663,-1.281
 0.673,-1.257
 0.684,-1.233
 0.683,-1.230
 0.664,-1.265
 0.663,-1.281
 0.662,-1.278
 0.672,-1.271
 0.672,-1.290
 0.662,-1.298
 0.664,-1.301
 0.653,-1.308
 0.655,-1.293
 0.645,-1.301
 0.625,-1.318
 0.616,-1.309
 0.606,-1.334
 0.579,-1.346
 0.588,-1.354
 0.550,-1.354
 0.541,-1.345
 0.530,-1.352
 0.522,-1.382
 0.503,-1.398
 0.493,-1.408
 0.494,-1.410
 0.484,-1.433
 0.475,-1.427
 0.474,-1.443
 0.483,-1.451
 0.475,-1.463
 0.464,-1.467
 0.465,-1.490
 0.466,-1.492
 0.456,-1.518
 0.466,-1.514
 0.466,-1.512
 0.477,-1.543
 0.486,-1.567
 0.475,-1.590
 0.475,-1.590
 0.483,-1.577
 0.494,-1.572
 0.513,-1.574
 0.514,-1.594
 0.533,-1.613
 0.532,-1.608
 0.533,-1.631
 0.533,-1.611
 0.532,-1.590
 0.532,-1.611
 0.532,-1.643
 0.533,-1.647
 0.523,-1.619
 0.532,-1.611
 0.533,-1.594
 0.531,-1.606
 0.533,-1.629
 0.533,-1.647
 0.533,-1.645
 0.534,-1.650
 0.523,-1.653
 0.514,-1.647
 0.504,-1.672
 0.485,-1.669
 0.495,-1.645
 0.495,-1.645
 0.496,-1.612
 0.496,-1.596
 0.487,-1.604
 0.496,-1.613
 0.485,-1.616
 0.486,-1.621
 0.485,-1.616
 0.485,-1.616
 0.514,-1.627
 0.504,-1.635
 0.524,-1.637
 0.533,-1.645
 0.524,-1.655
 0.524,-1.621
 0.504,-1.598
 0.524,-1.584
 0.513,-1.553
 0.513,-1.553
 0.523,-1.566
 0.522,-1.561
 0.532,-1.574
 0.551,-1.556
 0.542,-1.564
 0.562,-1.568
 0.570,-1.572
 0.571,-1.593
 0.598,-1.583
 0.597,-1.580
 0.608,-1.536
 0.625,-1.516
 0.626,-1.499
 0.654,-1.489
 0.673,-1.491
 0.693,-1.477
 0.674,-1.459
 0.693,-1.442
 0.702,-1.430
 0.710,-1.437
 0.739,-1.429
 0.757,-1.407
 0.767,-1.382
 0.776,-1.374
 0.776,-1.374
 0.795,-1.393
 0.794,-1.389
 0.797,-1.395
 0.805,-1.383
 0.805,-1.403
 0.797,-1.431
 0.805,-1.456
 0.815,-1.468
 0.824,-1.474
 0.805,-1.493
 0.805,-1.493
 0.814,-1.501
 0.825,-1.532
 0.815,-1.521
 0.815,-1.540
 0.806,-1.550
 0.814,-1.572
 0.805,-1.566
 0.815,-1.556
 0.795,-1.572
 0.814,-1.574
 0.795,-1.572
 0.816,-1.562
 0.816,-1.525
 0.816,-1.525
 0.816,-1.525
 0.795,-1.519
 0.815,-1.521
 0.795,-1.519
 0.786,-1.492
 0.796,-1.466
 0.785,-1.472
 0.778,-1.468
 0.776,-1.466
 0.767,-1.458
 0.769,-1.459
 0.757,-1.445
 0.768,-1.441
 0.787,-1.458
 0.787,-1.458
 0.796,-1.448
 0.776,-1.462
 0.777,-1.466
 0.768,-1.474
 0.758,-1.484
 0.760,-1.486
 0.768,-1.474
 0.759,-1.502
 0.778,-1.521
 0.767,-1.564
 0.778,-1.594
 0.768,-1.619
 0.760,-1.631
 0.778,-1.647
 0.768,-1.655
 0.778,-1.668
 0.769,-1.676
 0.762,-1.693
 0.743,-1.690
 0.723,-1.688
 0.703,-1.686
 0.711,-1.689
 0.703,-1.683
 0.693,-1.673
 0.675,-1.657
 0.676,-1.677
 0.665,-1.699
 0.657,-1.714
 0.667,-1.722
 0.657,-1.732
 0.648,-1.742
 0.656,-1.764
 0.658,-1.806
 0.647,-1.793
 0.666,-1.812
 0.658,-1.822
 0.648,-1.846
 0.649,-1.851
 0.649,-1.869
 0.640,-1.861
 0.621,-1.842
 0.620,-1.838
 0.611,-1.814
 0.600,-1.801
 0.599,-1.796
 0.591,-1.774
 0.580,-1.741
 0.590,-1.738
 0.610,-1.722
 0.610,-1.687
 0.621,-1.683
 0.611,-1.671
 0.620,-1.679
 0.637,-1.656
 0.647,-1.683
 0.656,-1.675
 0.674,-1.671
 0.676,-1.677
 0.666,-1.649
 0.656,-1.657
 0.666,-1.667
 0.665,-1.683
 0.657,-1.677
 0.666,-1.667
 0.666,-1.667
 0.666,-1.667
 0.675,-1.675
 0.685,-1.685
 0.675,-1.675
 0.684,-1.667
 0.675,-1.659
 0.694,-1.657
 0.686,-1.669
 0.675,-1.693
 0.685,-1.686
 0.685,-1.649
 0.683,-1.608
 0.684,-1.610
 0.693,-1.600
 0.683,-1.589
 0.693,-1.583
 0.703,-1.539
 0.704,-1.506
 0.705,-1.489
 0.714,-1.479
 0.703,-1.485
 0.683,-1.463
 0.702,-1.465
 0.702,-1.445
 0.701,-1.425
 0.692,-1.418
 0.711,-1.400
 0.722,-1.394
 0.721,-1.374
 0.712,-1.365
 0.703,-1.357
 0.711,-1.363
 0.702,-1.355
 0.701,-1.335
 0.693,-1.347
 0.702,-1.355
 0.720,-1.353
 0.712,-1.365
 0.721,-1.374
 0.712,-1.365
 0.703,-1.394
 0.702,-1.390
 0.703,-1.410
 0.701,-1.406
 0.702,-1.427
 0.693,-1.418
 0.691,-1.433
 0.702,-1.427
 0.692,-1.416
 0.703,-1.410
 0.703,-1.396
 0.704,-1.377
 0.713,-1.369
 0.712,-1.365
 0.712,-1.365
 0.711,-1.362
 0.720,-1.370
 0.711,-1.382
 0.711,-1.345
 0.712,-1.329
 0.721,-1.319
 0.710,-1.325
 0.721,-1.320
 0.711,-1.308
 0.712,-1.292
 0.721,-1.284
 0.710,-1.270
 0.711,-1.273
 0.711,-1.272
 0.711,-1.272
 0.712,-1.255
 0.710,-1.253
 0.712,-1.257
 0.711,-1.237
 0.711,-1.237
 0.702,-1.228
 0.701,-1.225
 0.711,-1.218
 0.710,-1.197
 0.691,-1.198
 0.710,-1.217
 0.700,-1.205
 0.721,-1.210
 0.712,-1.220
 0.713,-1.187
 0.703,-1.177
 0.712,-1.183
 0.712,-1.183
 0.710,-1.180
 0.729,-1.199
 0.729,-1.198
 0.729,-1.198
 0.722,-1.194
 0.729,-1.198
 0.739,-1.209
 0.740,-1.229
 0.757,-1.244
 0.741,-1.249
 0.740,-1.265
 0.739,-1.282
 0.731,-1.275
 0.729,-1.288
 0.730,-1.309
 0.738,-1.317
 0.730,-1.329
 0.740,-1.339
 0.739,-1.335
 0.731,-1.347
 0.730,-1.365
 0.730,-1.365
 0.730,-1.382
 0.730,-1.380
 0.721,-1.374
 0.748,-1.362
 0.730,-1.380
 0.731,-1.384
 0.740,-1.392
 0.752,-1.390
 0.751,-1.386
 0.760,-1.394
 0.760,-1.376
 0.749,-1.380
 0.749,-1.382
 0.758,-1.354
 0.749,-1.345
 0.750,-1.329
 0.748,-1.325
 0.750,-1.329
 0.740,-1.319
 0.730,-1.329
 0.721,-1.320
 0.711,-1.327
 0.693,-1.349
 0.692,-1.345
 0.702,-1.355
 0.682,-1.353
 0.673,-1.363
 0.656,-1.385
 0.664,-1.391
 0.655,-1.401
 0.656,-1.422
 0.636,-1.436
 0.655,-1.475
 0.626,-1.463
 0.626,-1.463
 0.636,-1.473
 0.635,-1.469
 0.626,-1.499
 0.625,-1.479
 0.636,-1.475
 0.637,-1.477
 0.627,-1.466
 0.647,-1.489
 0.636,-1.511
 0.637,-1.530
 0.627,-1.540
 0.626,-1.536
 0.636,-1.528
 0.644,-1.552
 0.635,-1.546
 0.655,-1.546
 0.653,-1.544
 0.656,-1.551
 0.664,-1.538
 0.665,-1.559
 0.684,-1.540
 0.683,-1.555
 0.693,-1.567
 0.692,-1.563
 0.701,-1.592
 0.712,-1.602
 0.720,-1.610
 0.741,-1.615
 0.722,-1.612
 0.722,-1.612
 0.731,-1.641
 0.730,-1.637
 0.741,-1.668
 0.750,-1.657
 0.759,-1.666
 0.750,-1.657
 0.757,-1.661
 0.739,-1.682
 0.759,-1.666
 0.751,-1.678
 0.743,-1.656
 0.752,-1.645
 0.752,-1.646
 0.731,-1.657
 0.721,-1.665
 0.731,-1.673
 0.720,-1.661
 0.722,-1.667
 0.731,-1.676
 0.723,-1.688
 0.713,-1.696
 0.703,-1.702
 0.685,-1.688
 0.674,-1.691
 0.666,-1.722
 0.666,-1.722
 0.646,-1.720
 0.637,-1.714
 0.637,-1.693
 0.619,-1.714
 0.619,-1.732
 0.609,-1.756
 0.610,-1.760
 0.609,-1.740
 0.610,-1.742
 0.609,-1.740
 0.599,-1.764
 0.619,-1.766
 0.618,-1.746
 0.609,-1.738
 0.618,-1.728
 0.617,-1.725
 0.619,-1.750
 0.638,-1.732
 0.620,-1.718
 0.611,-1.691
 0.628,-1.685
 0.619,-1.677
 0.627,-1.664
 0.608,-1.646
 0.637,-1.638
 0.636,-1.618
 0.647,-1.614
 0.673,-1.599
 0.675,-1.585
 0.685,-1.577
 0.684,-1.557
 0.684,-1.559
 0.683,-1.555
 0.684,-1.575
 0.703,-1.575
 0.711,-1.563
 0.712,-1.549
 0.711,-1.528
 0.721,-1.539
 0.731,-1.531
 0.730,-1.547
 0.722,-1.559
 0.740,-1.557
 0.740,-1.557
 0.731,-1.565
 0.730,-1.582
 0.712,-1.584
 0.739,-1.572
 0.730,-1.582
 0.759,-1.576
 0.750,-1.586
 0.752,-1.574
 0.769,-1.551
 0.760,-1.543
 0.750,-1.549
 0.748,-1.545
 0.767,-1.529
 0.758,-1.500
 0.768,-1.511
 0.768,-1.494
 0.758,-1.500
 0.777,-1.503
 0.777,-1.484
 0.778,-1.486
 0.778,-1.486
 0.786,-1.474
 0.787,-1.494
 0.777,-1.466
 0.778,-1.486
 0.786,-1.474
 0.786,-1.472
 0.806,-1.476
 0.805,-1.456
 0.797,-1.468
 0.778,-1.450
 0.786,-1.437
 0.787,-1.441
 0.776,-1.425
 0.786,-1.419
 0.786,-1.401
 0.784,-1.397
 0.786,-1.401
 0.776,-1.409
 0.778,-1.413
 0.778,-1.415
 0.778,-1.414
 0.779,-1.398
 0.758,-1.411
 0.758,-1.411
 0.748,-1.419
 0.757,-1.409
 0.758,-1.412
 0.767,-1.419
 0.748,-1.437
 0.748,-1.437
 0.738,-1.427
 0.741,-1.433
 0.748,-1.437
 0.740,-1.467
 0.740,-1.449
 0.748,-1.437
 0.749,-1.457
 0.747,-1.453
 0.729,-1.455
 0.729,-1.418
 0.729,-1.400
 0.740,-1.377
 0.729,-1.345
 0.730,-1.365
 0.720,-1.355
 0.728,-1.362
 0.720,-1.339
 0.728,-1.343
 0.729,-1.347
 0.747,-1.345
 0.747,-1.362
 0.758,-1.357
 0.776,-1.339
 0.769,-1.334
 0.760,-1.344
 0.767,-1.349
 0.758,-1.357
 0.747,-1.362
 0.756,-1.354
 0.756,-1.354
 0.747,-1.362
 0.739,-1.359
 0.738,-1.355
 0.748,-1.366
 0.739,-1.357
 0.747,-1.345
 0.739,-1.339
 0.766,-1.327
 0.739,-1.339
 0.748,-1.347
 0.728,-1.363
 0.719,-1.374
 0.719,-1.390
 0.720,-1.394
 0.711,-1.385
 0.701,-1.410
 0.702,-1.430
 0.700,-1.443
 0.692,-1.455
 0.691,-1.473
 0.690,-1.453
 0.710,-1.473
 0.709,-1.471
 0.699,-1.498
 0.692,-1.494
 0.692,-1.494
 0.713,-1.500
 0.703,-1.489
 0.703,-1.489
 0.692,-1.512
 0.691,-1.526
 0.691,-1.547
 0.690,-1.506
 0.682,-1.502
 0.691,-1.473
 0.701,-1.502
 0.692,-1.494
 0.701,-1.502
 0.693,-1.496
 0.692,-1.512
 0.692,-1.528
 0.683,-1.522
 0.701,-1.537
 0.701,-1.557
 0.683,-1.575
 0.702,-1.594
 0.693,-1.606
 0.711,-1.620
 0.712,-1.624
 0.722,-1.614
 0.730,-1.639
 0.721,-1.667
 0.720,-1.663
 0.711,-1.673
 0.692,-1.638
 0.691,-1.600
 0.673,-1.583
 0.673,-1.583
 0.665,-1.598
 0.666,-1.602
 0.675,-1.610
 0.676,-1.630
 0.682,-1.630
 0.683,-1.651
 0.682,-1.646
 0.681,-1.663
 0.691,-1.673
 0.701,-1.647
 0.684,-1.632
 0.692,-1.604
 0.701,-1.612
 0.702,-1.596
 0.700,-1.591
 0.711,-1.604
 0.711,-1.604
 0.719,-1.592
 0.721,-1.578
 0.729,-1.565
 0.730,-1.567
 0.740,-1.559
 0.740,-1.559
 0.749,-1.551
 0.738,-1.555
 0.748,-1.547
 0.748,-1.547
 0.747,-1.545
 0.767,-1.547
 0.766,-1.543
 0.757,-1.537
 0.758,-1.521
 0.758,-1.521
 0.769,-1.517
 0.778,-1.525
 0.779,-1.527
 0.778,-1.543
 0.777,-1.539
 0.777,-1.539
 0.794,-1.517
 0.785,-1.511
 0.795,-1.521
 0.787,-1.513
 0.787,-1.515
 0.785,-1.511
 0.787,-1.515
 0.796,-1.505
 0.785,-1.511
 0.786,-1.494
 0.775,-1.500
 0.785,-1.511
 0.795,-1.521
 0.795,-1.537
 0.796,-1.541
 0.795,-1.521
 0.796,-1.541
 0.787,-1.549
 0.786,-1.566
 0.777,-1.594
 0.776,-1.590
 0.777,-1.594
 0.767,-1.584
 0.757,-1.555
 0.768,-1.549
 0.767,-1.547
 0.750,-1.553
 0.741,-1.545
 0.741,-1.525
 0.741,-1.525
 0.748,-1.510
 0.748,-1.510
 0.738,-1.500
 0.738,-1.480
 0.731,-1.459
 0.720,-1.465
 0.740,-1.467
 0.711,-1.457
 0.720,-1.465
 0.721,-1.449
 0.719,-1.445
 0.711,-1.459
 0.711,-1.475
 0.710,-1.473
 0.702,-1.467
 0.738,-1.463
 0.730,-1.457
 0.719,-1.447
 0.710,-1.455
 0.730,-1.441
 0.729,-1.437
 0.711,-1.439
 0.729,-1.437
 0.728,-1.453
 0.738,-1.465
 0.746,-1.488
 0.758,-1.502
 0.778,-1.504
 0.797,-1.507
 0.808,-1.537
 0.816,-1.597
 0.836,-1.634
 0.846,-1.679
 0.873,-1.722
 0.874,-1.724
 0.873,-1.756
 0.874,-1.797
 0.865,-1.805
 0.865,-1.805
 0.847,-1.791
 0.826,-1.787
 0.829,-1.810
 0.828,-1.826
 0.827,-1.805
 0.837,-1.781
 0.816,-1.774
 0.817,-1.758
 0.798,-1.739
 0.788,-1.713
 0.780,-1.670
 0.750,-1.621
 0.761,-1.598
 0.760,-1.594
 0.740,-1.592
 0.721,-1.576
 0.720,-1.535
 0.720,-1.518
 0.721,-1.502
 0.730,-1.508
 0.722,-1.486
 0.740,-1.447
 0.733,-1.426
 0.751,-1.424
 0.731,-1.422
 0.731,-1.422
 0.730,-1.419
 0.750,-1.421
 0.758,-1.390
 0.758,-1.390
 0.797,-1.395
 0.787,-1.401
 0.816,-1.413
 0.826,-1.405
 0.844,-1.440
 0.835,-1.450
 0.825,-1.474
 0.845,-1.495
 0.826,-1.495
 0.834,-1.503
 0.816,-1.505
 0.815,-1.519
 0.816,-1.521
 0.797,-1.521
 0.807,-1.550
 0.798,-1.542
 0.787,-1.548
 0.779,-1.541
 0.778,-1.558
 0.758,-1.555
 0.760,-1.557
 0.749,-1.545
 0.760,-1.557
 0.749,-1.547
 0.749,-1.547
 0.751,-1.551
 0.760,-1.523
 0.753,-1.539
 0.751,-1.553
 0.751,-1.551
 0.741,-1.559
 0.749,-1.563
 0.750,-1.584
 0.768,-1.600
 0.779,-1.613
 0.808,-1.589
 0.807,-1.548
 0.779,-1.523
 0.778,-1.503
 0.778,-1.484
 0.769,-1.460
 0.777,-1.411
 0.779,-1.378
 0.778,-1.358
 0.768,-1.346
 0.778,-1.356
 0.786,-1.362
 0.797,-1.356
 0.797,-1.356
 0.788,-1.348
 0.770,-1.349
 0.768,-1.364
 0.779,-1.358
 0.759,-1.356
 0.759,-1.356
 0.759,-1.356
 0.748,-1.378
 0.759,-1.392
 0.759,-1.409
 0.759,-1.392
 0.770,-1.388
 0.769,-1.368
 0.753,-1.373
 0.751,-1.369
 0.750,-1.366
 0.750,-1.366
 0.729,-1.343
 0.740,-1.337
 0.758,-1.317
 0.739,-1.335
 0.740,-1.320
 0.749,-1.327
 0.760,-1.323
 0.749,-1.292
 0.749,-1.274
 0.740,-1.265
 0.757,-1.244
 0.749,-1.237
 0.768,-1.219
 0.768,-1.219
 0.759,-1.211
 0.767,-1.199
 0.749,-1.184
 0.758,-1.190
 0.768,-1.182
 0.769,-1.184
 0.758,-1.190
 0.768,-1.201
 0.758,-1.209
 0.767,-1.217
 0.758,-1.190
 0.748,-1.179
 0.757,-1.170
 0.747,-1.160
 0.758,-1.154
 0.759,-1.157
 0.750,-1.129
 0.752,-1.115
 0.750,-1.075
 0.749,-1.072
 0.758,-1.062
 0.757,-1.042
 0.758,-1.025
 0.758,-1.025
 0.758,-1.027
 0.769,-1.020
 0.757,-1.024
 0.777,-1.027
 0.758,-1.025
 0.739,-1.044
 0.759,-1.045
 0.748,-1.052
 0.758,-1.064
 0.739,-1.062
 0.749,-1.072
 0.740,-1.063
 0.739,-1.062
 0.739,-1.082
 0.749,-1.072
 0.739,-1.082
 0.740,-1.065
 0.739,-1.043
 0.748,-1.035
 0.747,-1.034
 0.747,-1.032
 0.758,-1.025
 0.756,-0.986
 0.767,-0.980
 0.767,-0.944
 0.777,-0.935
 0.788,-0.911
 0.787,-0.891
 0.797,-0.883
 0.814,-0.844
 0.814,-0.824
 0.814,-0.806
 0.822,-0.795
 0.833,-0.771
 0.833,-0.771
 0.844,-0.781
 0.833,-0.771
 0.842,-0.796
 0.824,-0.780
 0.833,-0.771
 0.824,-0.780
 0.824,-0.780
 0.832,-0.769
 0.824,-0.780
 0.832,-0.769
 0.833,-0.752
 0.824,-0.744
 0.832,-0.714
 0.843,-0.689
 0.852,-0.679
 0.842,-0.651
 0.861,-0.633
 0.860,-0.613
 0.852,-0.624
 0.851,-0.605
 0.851,-0.605
 0.861,-0.614
 0.850,-0.602
 0.862,-0.597
 0.853,-0.606
 0.873,-0.608
 0.865,-0.619
 0.852,-0.606
 0.853,-0.607
 0.852,-0.623
 0.861,-0.632
 0.861,-0.614
 0.870,-0.622
 0.853,-0.625
 0.872,-0.624
 0.862,-0.633
 0.864,-0.635
 0.871,-0.641
 0.862,-0.671
 0.853,-0.679
 0.853,-0.679
 0.854,-0.699
 0.852,-0.696
 0.834,-0.697
 0.833,-0.714
 0.824,-0.724
 0.825,-0.725
 0.795,-0.731
 0.806,-0.743
 0.796,-0.751
 0.778,-0.752
 0.777,-0.752
 0.777,-0.769
 0.749,-0.780
 0.758,-0.787
 0.748,-0.814
 0.748,-0.814
 0.738,-0.841
 0.759,-0.843
 0.769,-0.818
 0.751,-0.819
 0.751,-0.837
 0.749,-0.833
 0.750,-0.853
 0.748,-0.850
 0.748,-0.850
 0.759,-0.843
 0.767,-0.832
 0.759,-0.845
 0.777,-0.824
 0.777,-0.842
 0.769,-0.835
 0.777,-0.806
 0.779,-0.808
 0.777,-0.752
 0.778,-0.752
 0.777,-0.715
 0.777,-0.696
 0.787,-0.688
 0.796,-0.660
 0.787,-0.652
 0.787,-0.652
 0.786,-0.649
 0.787,-0.652
 0.778,-0.660
 0.778,-0.660
 0.787,-0.652
 0.776,-0.658
 0.786,-0.669
 0.795,-0.677
 0.777,-0.677
 0.786,-0.686
 0.786,-0.686
 0.807,-0.690
 0.797,-0.661
 0.799,-0.664
 0.799,-0.664
 0.815,-0.660
 0.806,-0.670
 0.805,-0.668
 0.815,-0.678
 0.805,-0.668
 0.814,-0.659
 0.807,-0.653
 0.805,-0.651
 0.806,-0.670
 0.815,-0.660
 0.805,-0.651
 0.807,-0.653
 0.796,-0.642
 0.797,-0.661
 0.786,-0.669
 0.795,-0.676
 0.778,-0.697
 0.787,-0.687
 0.778,-0.697
 0.778,-0.697
 0.777,-0.714
 0.769,-0.725
 0.758,-0.714
 0.759,-0.733
 0.749,-0.742
 0.748,-0.759
 0.759,-0.752
 0.738,-0.749
 0.748,-0.759
 0.748,-0.741
 0.748,-0.722
 0.740,-0.734
 0.760,-0.717
 0.761,-0.700
 0.761,-0.700
 0.758,-0.695
 0.749,-0.687
 0.757,-0.676
 0.748,-0.667
 0.758,-0.659
 0.759,-0.642
 0.750,-0.652
 0.748,-0.667
 0.730,-0.668
 0.741,-0.661
 0.739,-0.659
 0.741,-0.661
 0.739,-0.659
 0.730,-0.668
 0.740,-0.678
 0.740,-0.677
 0.750,-0.670
 0.750,-0.668
 0.741,-0.698
 0.740,-0.678
 0.748,-0.667
 0.740,-0.678
 0.758,-0.677
 0.740,-0.678
 0.740,-0.678
 0.748,-0.684
 0.759,-0.697
 0.758,-0.694
 0.758,-0.677
 0.769,-0.688
 0.759,-0.697
 0.762,-0.719
 0.751,-0.709
 0.752,-0.746
 0.750,-0.780
 0.739,-0.822
 0.740,-0.860
 0.739,-0.859
 0.730,-0.888
 0.712,-0.926
 0.711,-0.961
 0.703,-0.991
 0.692,-0.998
 0.683,-1.008
 0.702,-1.008
 0.691,-1.015
 0.693,-1.018
 0.710,-1.015
 0.711,-1.017
 0.721,-1.008
 0.729,-0.978
 0.739,-0.990
 0.739,-0.988
 0.730,-0.981
 0.759,-0.973
 0.758,-0.970
 0.778,-0.972
 0.776,-0.969
 0.767,-0.962
 0.776,-0.932
 0.785,-0.923
 0.797,-0.899
 0.805,-0.907
 0.816,-0.882
 0.808,-0.856
 0.835,-0.845
 0.826,-0.837
 0.834,-0.826
 0.843,-0.834
 0.843,-0.816
 0.851,-0.805
 0.863,-0.799
 0.862,-0.779
 0.863,-0.781
 0.853,-0.771
 0.862,-0.779
 0.873,-0.772
 0.852,-0.751
 0.863,-0.744
 0.863,-0.744
 0.871,-0.770
 0.872,-0.789
 0.861,-0.815
 0.844,-0.853
 0.863,-0.891
 0.853,-0.916
 0.855,-0.956
 0.863,-0.981
 0.845,-0.983
 0.844,-0.963
 0.833,-0.970
 0.844,-0.999
 0.823,-0.996
 0.815,-1.008
 0.825,-0.999
 0.844,-1.018
 0.846,-1.041
 0.836,-1.066
 0.837,-1.104
 0.827,-1.113
 0.825,-1.146
 0.826,-1.183
 0.814,-1.206
 0.815,-1.228
 0.817,-1.231
 0.806,-1.274
 0.807,-1.313
 0.786,-1.364
 0.788,-1.403
 0.787,-1.421
 0.796,-1.466
 0.797,-1.486
 0.806,-1.529
 0.816,-1.558
 0.826,-1.568
 0.815,-1.574
 0.807,-1.589
 0.824,-1.582
 0.807,-1.587
 0.827,-1.589
 0.835,-1.576
 0.817,-1.578
 0.824,-1.582
 0.825,-1.585
 0.844,-1.566
 0.842,-1.562
 0.863,-1.548
 0.853,-1.538
 0.873,-1.524
 0.876,-1.511
 0.875,-1.509
 0.875,-1.509
 0.863,-1.495
 0.872,-1.503
 0.863,-1.512
 0.852,-1.518
 0.853,-1.522
 0.862,-1.530
 0.855,-1.579
 0.863,-1.587
 0.855,-1.616
 0.875,-1.636
 0.873,-1.669
 0.883,-1.697
 0.884,-1.753
 0.882,-1.785
 0.893,-1.816
 0.882,-1.837
 0.875,-1.871
 0.875,-1.871
 0.864,-1.895
 0.876,-1.892
 0.856,-1.923
 0.839,-1.947
 0.848,-1.973
 0.837,-1.976
 0.819,-1.978
 0.808,-1.968
 0.809,-1.968
 0.800,-1.960
 0.772,-1.933
 0.773,-1.867
 0.763,-1.819
 0.754,-1.774
 0.743,-1.743
 0.733,-1.731
 0.723,-1.702
 0.731,-1.653
 0.722,-1.608
 0.722,-1.555
 0.723,-1.537
 0.714,-1.531
 0.733,-1.511
 0.734,-1.478
 0.743,-1.431
 0.760,-1.409
 0.771,-1.403
 0.770,-1.382
 0.772,-1.386
 0.763,-1.378
 0.790,-1.384
 0.782,-1.397
 0.780,-1.393
 0.791,-1.405
 0.781,-1.395
 0.780,-1.393
 0.791,-1.386
 0.799,-1.374
 0.809,-1.366
 0.808,-1.346
 0.816,-1.371
 0.826,-1.381
 0.827,-1.383
 0.839,-1.379
 0.858,-1.344
 0.849,-1.317
 0.869,-1.319
 0.856,-1.303
 0.857,-1.322
 0.856,-1.320
 0.855,-1.300
 0.837,-1.302
 0.827,-1.291
 0.838,-1.322
 0.819,-1.322
 0.838,-1.340
 0.840,-1.344
 0.828,-1.348
 0.829,-1.332
 0.838,-1.322
 0.837,-1.318
 0.838,-1.320
 0.837,-1.300
 0.839,-1.303
 0.829,-1.277
 0.819,-1.283
 0.820,-1.286
 0.828,-1.310
 0.820,-1.322
 0.829,-1.330
 0.828,-1.310
 0.829,-1.330
 0.827,-1.326
 0.837,-1.336
 0.800,-1.320
 0.809,-1.291
 0.812,-1.280
 0.811,-1.278
 0.792,-1.296
 0.802,-1.323
 0.781,-1.338
 0.781,-1.356
 0.780,-1.352
 0.772,-1.348
 0.772,-1.348
 0.782,-1.374
 0.783,-1.395
 0.782,-1.411
 0.764,-1.415
 0.763,-1.431
 0.763,-1.448
 0.774,-1.478
 0.763,-1.484
 0.754,-1.515
 0.744,-1.521
 0.734,-1.547
 0.743,-1.576
 0.732,-1.543
 0.744,-1.505
 0.745,-1.470
 0.754,-1.441
 0.754,-1.441
 0.733,-1.435
 0.734,-1.456
 0.743,-1.464
 0.752,-1.454
 0.754,-1.439
 0.762,-1.411
 0.755,-1.425
 0.755,-1.445
 0.745,-1.470
 0.745,-1.507
 0.763,-1.521
 0.764,-1.542
 0.753,-1.550
 0.753,-1.566
 0.744,-1.594
 0.752,-1.619
 0.754,-1.644
 0.736,-1.662
 0.734,-1.660
 0.725,-1.670
 0.705,-1.684
 0.706,-1.688
 0.696,-1.678
 0.687,-1.686
 0.687,-1.688
 0.695,-1.673
 0.696,-1.641
 0.705,-1.631
 0.715,-1.620
 0.716,-1.625
 0.733,-1.602
 0.725,-1.596
 0.734,-1.584
 0.752,-1.582
 0.753,-1.603
 0.742,-1.608
 0.762,-1.574
 0.762,-1.558
 0.782,-1.560
 0.793,-1.554
 0.791,-1.552
 0.792,-1.572
 0.791,-1.552
 0.810,-1.532
 0.819,-1.522
 0.808,-1.507
 0.818,-1.520
 0.799,-1.538
 0.819,-1.540
 0.801,-1.542
 0.809,-1.513
 0.791,-1.515
 0.781,-1.505
 0.781,-1.521
 0.781,-1.521
 0.761,-1.519
 0.772,-1.513
 0.781,-1.505
 0.762,-1.503
 0.781,-1.505
 0.780,-1.501
 0.772,-1.513
 0.762,-1.503
 0.771,-1.476
 0.763,-1.470
 0.761,-1.466
 0.761,-1.466
 0.761,-1.482
 0.741,-1.480
 0.752,-1.458
 0.752,-1.437
 0.753,-1.441
 0.762,-1.413
 0.754,-1.425
 0.754,-1.408
 0.733,-1.402
 0.735,-1.406
 0.743,-1.394
 0.732,-1.399
 0.733,-1.382
 0.741,-1.389
 0.724,-1.376
 0.714,-1.384
 0.705,-1.394
 0.705,-1.394
 0.694,-1.400
 0.696,-1.404
 0.695,-1.420
 0.686,-1.429
 0.676,-1.439
 0.675,-1.435
 0.667,-1.412
 0.657,-1.402
 0.666,-1.393
 0.657,-1.385
 0.666,-1.373
 0.667,-1.375
 0.666,-1.357
 0.675,-1.347
 0.676,-1.330
 0.684,-1.298
 0.675,-1.273
 0.694,-1.253
 0.684,-1.207
 0.684,-1.190
 0.702,-1.152
 0.695,-1.147
 0.695,-1.111
 0.686,-1.103
 0.676,-1.076
 0.703,-1.045
 0.694,-1.055
 0.682,-1.042
 0.711,-1.033
 0.712,-1.017
 0.693,-0.998
 0.722,-0.991
 0.712,-0.943
 0.712,-0.943
 0.722,-0.918
 0.740,-0.915
 0.731,-0.908
 0.740,-0.898
 0.740,-0.915
 0.759,-0.917
 0.739,-0.896
 0.759,-0.880
 0.749,-0.870
 0.749,-0.870
 0.760,-0.863
 0.768,-0.852
 0.769,-0.835
 0.778,-0.789
 0.777,-0.769
 0.778,-0.752
 0.795,-0.731
 0.816,-0.734
 0.805,-0.687
 0.824,-0.668
 0.826,-0.670
 0.833,-0.623
 0.826,-0.598
 0.817,-0.535
 0.797,-0.534
 0.807,-0.507
 0.786,-0.504
 0.787,-0.505
 0.814,-0.494
 0.813,-0.512
 0.815,-0.495
 0.814,-0.494
 0.825,-0.524
 0.834,-0.532
 0.835,-0.552
 0.845,-0.561
 0.834,-0.569
 0.834,-0.607
 0.843,-0.614
 0.843,-0.651
 0.844,-0.670
 0.862,-0.688
 0.855,-0.718
 0.854,-0.735
 0.862,-0.761
 0.854,-0.809
 0.863,-0.816
 0.854,-0.846
 0.873,-0.881
 0.872,-0.898
 0.873,-0.918
 0.870,-0.932
 0.863,-0.945
 0.862,-0.943
 0.872,-0.935
 0.874,-0.921
 0.864,-0.909
 0.867,-0.932
 0.847,-0.930
 0.855,-0.919
 0.854,-0.899
 0.852,-0.896
 0.843,-0.870
 0.834,-0.861
 0.825,-0.853
 0.825,-0.854
 0.825,-0.871
 0.807,-0.872
 0.797,-0.899
 0.777,-0.935
 0.779,-0.973
 0.777,-1.007
 0.779,-1.047
 0.778,-1.064
 0.768,-1.090
 0.769,-1.110
 0.749,-1.125
 0.750,-1.182
 0.732,-1.184
 0.731,-1.165
 0.731,-1.165
 0.710,-1.197
 0.693,-1.218
 0.683,-1.245
 0.683,-1.245
 0.684,-1.248
 0.691,-1.270
 0.673,-1.271
 0.665,-1.283
 0.674,-1.275
 0.704,-1.252
 0.694,-1.240
 0.704,-1.215
 0.702,-1.192
 0.701,-1.170
 0.701,-1.117
 0.720,-1.060
 0.739,-1.025
 0.731,-1.000
 0.730,-0.980
 0.750,-0.982
 0.749,-0.960
 0.750,-0.963
 0.741,-0.973
 0.740,-0.953
 0.760,-0.955
 0.749,-0.962
 0.731,-1.000
 0.730,-1.017
 0.730,-1.034
 0.731,-1.055
 0.730,-1.072
 0.722,-1.083
 0.731,-1.128
 0.712,-1.163
 0.730,-1.200
 0.720,-1.207
 0.729,-1.235
 0.738,-1.243
 0.738,-1.280
 0.739,-1.302
 0.768,-1.311
 0.770,-1.334
 0.761,-1.344
 0.769,-1.351
 0.769,-1.369
 0.767,-1.382
 0.786,-1.384
 0.796,-1.374
 0.814,-1.372
 0.815,-1.358
 0.823,-1.346
 0.834,-1.340
 0.852,-1.321
 0.853,-1.303
 0.872,-1.285
 0.879,-1.236
 0.900,-1.222
 0.900,-1.185
 0.909,-1.138
 0.909,-1.120
 0.936,-1.090
 0.946,-1.100
 0.947,-1.084
 0.957,-1.075
 0.948,-1.067
 0.946,-1.064
 0.937,-1.073
 0.956,-1.092
 0.945,-1.117
 0.946,-1.119
 0.935,-1.107
 0.947,-1.139
 0.938,-1.148
 0.929,-1.178
 0.930,-1.198
 0.928,-1.212
 0.929,-1.232
 0.909,-1.230
 0.907,-1.245
 0.908,-1.247
 0.897,-1.216
 0.908,-1.212
 0.917,-1.202
 0.907,-1.228
 0.918,-1.222
 0.918,-1.220
 0.919,-1.203
 0.919,-1.203
 0.928,-1.212
 0.937,-1.202
 0.945,-1.190
 0.938,-1.185
 0.938,-1.148
 0.947,-1.139
 0.948,-1.122
 0.918,-1.110
 0.929,-1.103
 0.927,-1.100
 0.918,-1.092
 0.928,-1.083
 0.906,-1.078
 0.927,-1.063
 0.916,-1.052
 0.908,-1.045
 0.919,-1.040
 0.919,-1.021
 0.921,-1.024
 0.910,-1.031
 0.900,-1.038
 0.900,-1.038
 0.887,-1.060
 0.889,-1.063
 0.889,-1.063
 0.890,-1.046
 0.890,-1.029
 0.889,-1.045
 0.891,-1.048
 0.881,-1.038
 0.861,-1.073
 0.862,-1.093
 0.861,-1.109
 0.862,-1.130
 0.842,-1.128
 0.842,-1.146
 0.843,-1.148
 0.832,-1.154
 0.814,-1.156
 0.814,-1.174
 0.805,-1.219
 0.806,-1.239
 0.813,-1.244
 0.815,-1.268
 0.823,-1.293
 0.823,-1.309
 0.823,-1.328
 0.832,-1.336
 0.834,-1.323
 0.854,-1.325
 0.845,-1.317
 0.855,-1.308
 0.843,-1.313
 0.843,-1.313
 0.842,-1.293
 0.832,-1.283
 0.841,-1.274
 0.850,-1.244
 0.842,-1.221
 0.860,-1.183
 0.851,-1.138
 0.861,-1.111
 0.859,-1.071
 0.871,-1.048
 0.879,-1.019
 0.888,-0.973
 0.898,-0.946
 0.906,-0.933
 0.889,-0.918
 0.917,-0.890
 0.908,-0.883
 0.909,-0.864
 0.897,-0.852
 0.908,-0.881
 0.887,-0.915
 0.896,-0.942
 0.888,-0.971
 0.887,-1.006
 0.907,-1.045
 0.908,-1.065
 0.909,-1.085
 0.919,-1.096
 0.918,-1.113
 0.929,-1.125
 0.937,-1.132
 0.946,-1.102
 0.955,-1.092
 0.944,-1.099
 0.964,-1.100
 0.963,-1.082
 0.974,-1.075
 0.974,-1.075
 0.982,-1.082
 0.994,-1.077
 0.993,-1.057
 1.002,-1.047
 0.993,-1.039
 1.000,-1.044
 0.993,-1.056
 1.002,-1.046
 1.011,-1.037
 1.012,-1.020
 1.011,-1.001
 1.012,-0.984
 0.983,-0.974
 0.982,-0.972
 0.992,-0.945
 0.981,-0.934
 0.983,-0.937
 0.972,-0.944
 0.981,-0.952
 0.993,-0.965
 0.993,-0.965
 0.976,-0.950
 0.957,-0.968
 0.937,-0.984
 0.937,-1.003
 0.934,-0.998
 0.916,-1.000
 0.916,-1.018
 0.915,-1.035
 0.916,-1.056
 0.915,-1.036
 0.927,-1.066
 0.916,-1.056
 0.916,-1.056
 0.927,-1.066
 0.915,-1.053
 0.926,-1.083
 0.926,-1.083
 0.925,-1.082
 0.936,-1.093
 0.925,-1.063
 0.936,-1.056
 0.926,-1.028
 0.925,-1.010
 0.917,-1.020
 0.915,-0.998
 0.916,-1.018
 0.906,-0.990
 0.896,-0.961
 0.906,-0.935
 0.896,-0.923
 0.898,-0.928
 0.907,-0.919
 0.908,-0.902
 0.891,-0.922
 0.889,-0.919
 0.870,-0.919
 0.868,-0.916
 0.877,-0.925
 0.869,-0.936
 0.887,-0.934
 0.889,-0.937
 0.887,-0.936
 0.888,-0.954
 0.880,-0.984
 0.878,-1.018
 0.879,-1.039
 0.879,-1.056
 0.869,-1.083
 0.869,-1.084
 0.867,-1.081
 0.878,-1.093
 0.877,-1.109
 0.877,-1.109
 0.898,-1.094
 0.896,-1.091
 0.916,-1.130
 0.915,-1.146
 0.924,-1.173
 0.945,-1.193
 0.962,-1.209
 0.982,-1.229
 1.001,-1.229
 1.010,-1.221
 1.022,-1.214
 1.031,-1.204
 1.033,-1.245
 1.032,-1.261
 1.031,-1.259
 1.031,-1.259
 1.037,-1.263
 1.048,-1.293
 1.057,-1.301
 1.049,-1.331
 1.049,-1.333
 1.040,-1.341
 1.049,-1.333
 1.029,-1.331
 1.029,-1.331
 1.031,-1.333
 1.020,-1.339
 1.022,-1.343
 1.021,-1.323
 1.011,-1.331
 1.002,-1.341
 0.991,-1.366
 0.993,-1.369
 0.993,-1.369
 0.983,-1.359
 0.983,-1.359
 0.962,-1.373
 0.963,-1.394
 0.962,-1.374
 0.943,-1.355
