 0.606,-1.182
 0.606,-1.182
 0.586,-1.180
 0.586,-1.180
 0.585,-1.213
 0.586,-1.233
 0.567,-1.268
 0.567,-1.306
 0.577,-1.335
 0.567,-1.361
 0.559,-1.410
 0.548,-1.454
 0.557,-1.497
 0.548,-1.509
 0.538,-1.513
 0.557,-1.516
 0.595,-1.516
 0.614,-1.518
 0.623,-1.526
 0.613,-1.514
 0.624,-1.510
 0.606,-1.494
 0.606,-1.494
 0.615,-1.486
 0.613,-1.461
 0.615,-1.465
 0.605,-1.455
 0.595,-1.443
 0.586,-1.435
 0.537,-1.404
 0.529,-1.364
 0.510,-1.381
 0.501,-1.407
 0.482,-1.409
 0.453,-1.397
 0.444,-1.409
 0.435,-1.435
 0.426,-1.460
 0.417,-1.435
 0.397,-1.415
 0.389,-1.410
 0.388,-1.423
 0.378,-1.447
 0.370,-1.459
 0.341,-1.451
 0.351,-1.430
 0.342,-1.438
 0.351,-1.446
 0.343,-1.457
 0.332,-1.459
 0.351,-1.477
 0.360,-1.502
 0.341,-1.518
 0.341,-1.524
 0.350,-1.496
 0.351,-1.483
 0.351,-1.483
 0.361,-1.526
 0.370,-1.555
 0.369,-1.530
 0.379,-1.561
 0.379,-1.561
 0.379,-1.561
 0.390,-1.555
 0.389,-1.588
 0.389,-1.624
 0.380,-1.634
 0.389,-1.645
 0.391,-1.651
 0.410,-1.649
 0.410,-1.633
 0.399,-1.655
 0.399,-1.633
 0.408,-1.641
 0.398,-1.610
 0.418,-1.614
 0.418,-1.598
 0.418,-1.582
 0.419,-1.549
 0.447,-1.519
 0.446,-1.482
 0.446,-1.462
 0.455,-1.432
 0.474,-1.397
 0.473,-1.357
 0.474,-1.324
 0.493,-1.289
 0.482,-1.257
 0.493,-1.234
 0.484,-1.206
 0.484,-1.174
 0.494,-1.164
 0.502,-1.152
 0.512,-1.163
 0.511,-1.176
 0.502,-1.167
 0.492,-1.174
 0.492,-1.174
 0.492,-1.177
 0.492,-1.177
 0.503,-1.172
 0.494,-1.164
 0.493,-1.197
 0.484,-1.207
 0.473,-1.194
 0.474,-1.195
 0.474,-1.195
 0.464,-1.167
 0.455,-1.144
 0.464,-1.130
 0.455,-1.124
 0.455,-1.124
 0.436,-1.105
 0.437,-1.090
 0.427,-1.060
 0.417,-1.070
 0.418,-1.052
 0.407,-1.038
 0.398,-1.031
 0.388,-1.000
 0.379,-1.012
 0.360,-0.993
 0.369,-0.985
 0.352,-0.989
 0.379,-0.976
 0.360,-1.014
 0.350,-1.021
 0.359,-1.028
 0.350,-1.058
 0.341,-1.029
 0.351,-1.041
 0.369,-1.040
 0.379,-1.066
 0.370,-1.059
 0.379,-1.050
 0.389,-1.061
 0.398,-1.051
 0.398,-1.068
 0.408,-1.080
 0.407,-1.077
 0.408,-1.097
 0.426,-1.113
 0.425,-1.147
 0.426,-1.168
 0.454,-1.159
 0.436,-1.160
 0.446,-1.170
 0.454,-1.195
 0.474,-1.197
 0.473,-1.177
 0.464,-1.169
 0.464,-1.169
 0.473,-1.177
 0.464,-1.187
 0.463,-1.167
 0.464,-1.170
 0.455,-1.163
 0.464,-1.170
 0.464,-1.170
 0.454,-1.159
 0.464,-1.170
 0.464,-1.170
 0.463,-1.167
 0.483,-1.169
 0.473,-1.177
 0.473,-1.177
 0.464,-1.170
 0.473,-1.160
 0.493,-1.162
 0.492,-1.196
 0.474,-1.197
 0.483,-1.187
 0.482,-1.185
 0.492,-1.179
 0.482,-1.185
 0.492,-1.196
 0.501,-1.187
 0.492,-1.179
 0.494,-1.166
 0.484,-1.154
 0.484,-1.154
 0.474,-1.144
 0.483,-1.167
 0.483,-1.151
 0.482,-1.147
 0.473,-1.140
 0.455,-1.142
 0.464,-1.132
 0.455,-1.145
 0.464,-1.115
 0.445,-1.133
 0.445,-1.130
 0.425,-1.128
 0.426,-1.132
 0.436,-1.122
 0.427,-1.115
 0.427,-1.115
 0.426,-1.112
 0.455,-1.107
 0.445,-1.097
 0.465,-1.099
 0.446,-1.098
 0.455,-1.087
 0.465,-1.080
 0.454,-1.067
 0.454,-1.067
 0.464,-1.057
 0.454,-1.047
 0.465,-1.060
 0.436,-1.050
 0.446,-1.042
 0.455,-1.033
 0.454,-1.030
 0.446,-1.042
 0.464,-1.021
 0.454,-1.030
 0.474,-1.014
 0.483,-1.022
 0.473,-1.031
 0.473,-1.047
 0.473,-1.032
 0.494,-1.018
 0.494,-0.999
 0.513,-1.000
 0.502,-0.987
 0.502,-0.986
 0.511,-0.958
 0.510,-0.955
 0.492,-0.939
 0.491,-0.919
 0.493,-0.904
 0.484,-0.880
 0.503,-0.879
 0.503,-0.879
 0.520,-0.875
 0.501,-0.893
 0.502,-0.876
 0.502,-0.875
 0.493,-0.867
 0.501,-0.856
 0.501,-0.893
 0.512,-0.886
 0.511,-0.886
 0.503,-0.881
 0.484,-0.880
 0.484,-0.897
 0.484,-0.932
 0.473,-0.936
 0.483,-0.948
 0.473,-0.956
 0.473,-0.957
 0.465,-0.969
 0.484,-0.987
 0.476,-1.018
 0.484,-1.044
 0.474,-1.070
 0.455,-1.105
 0.454,-1.120
 0.464,-1.150
 0.445,-1.149
 0.455,-1.160
 0.446,-1.169
 0.435,-1.175
 0.437,-1.162
 0.427,-1.153
 0.419,-1.165
 0.400,-1.163
 0.408,-1.151
 0.408,-1.152
 0.407,-1.148
 0.408,-1.147
 0.408,-1.130
 0.407,-1.112
 0.418,-1.088
 0.437,-1.070
 0.437,-1.070
 0.428,-1.098
 0.426,-1.093
 0.427,-1.095
 0.426,-1.094
 0.426,-1.093
 0.427,-1.078
 0.427,-1.078
 0.427,-1.078
 0.436,-1.104
 0.428,-1.097
 0.418,-1.071
 0.427,-1.058
 0.428,-1.062
 0.427,-1.042
 0.427,-1.022
 0.408,-1.023
 0.417,-1.010
 0.427,-1.022
 0.436,-1.012
 0.418,-1.013
 0.418,-1.016
 0.427,-1.022
 0.427,-1.042
 0.436,-1.030
 0.445,-1.057
 0.445,-1.059
 0.454,-1.065
 0.474,-1.070
 0.493,-1.034
 0.530,-1.051
 0.511,-1.051
 0.502,-1.042
 0.503,-1.045
 0.493,-1.070
 0.493,-1.071
 0.484,-1.062
 0.473,-1.049
 0.455,-1.033
 0.454,-1.030
 0.436,-1.030
 0.436,-1.013
 0.436,-0.994
 0.427,-0.988
 0.427,-0.968
 0.417,-0.978
 0.408,-0.950
 0.435,-0.957
 0.426,-0.949
 0.426,-0.947
 0.417,-0.958
 0.427,-0.951
 0.407,-0.947
 0.408,-0.968
 0.417,-0.975
 0.417,-0.995
 0.408,-1.025
 0.398,-1.050
 0.389,-1.060
 0.398,-1.068
 0.389,-1.096
 0.398,-1.105
 0.398,-1.138
 0.379,-1.178
 0.360,-1.213
 0.351,-1.259
 0.361,-1.290
 0.350,-1.314
 0.370,-1.316
 0.360,-1.323
 0.379,-1.323
 0.389,-1.316
 0.397,-1.284
 0.427,-1.280
 0.445,-1.242
 0.454,-1.232
 0.465,-1.225
 0.502,-1.206
 0.512,-1.181
 0.522,-1.154
 0.531,-1.144
 0.550,-1.146
 0.568,-1.141
 0.577,-1.133
 0.587,-1.123
 0.587,-1.123
 0.597,-1.133
 0.595,-1.148
 0.597,-1.172
 0.606,-1.163
 0.606,-1.182
 0.615,-1.172
 0.624,-1.178
 0.615,-1.188
 0.605,-1.197
 0.614,-1.205
 0.606,-1.217
 0.596,-1.225
 0.578,-1.226
 0.568,-1.251
 0.539,-1.259
 0.541,-1.246
 0.531,-1.234
 0.532,-1.221
 0.531,-1.218
 0.521,-1.208
 0.521,-1.206
 0.511,-1.194
 0.511,-1.159
 0.511,-1.139
 0.493,-1.122
 0.503,-1.134
 0.511,-1.104
 0.512,-1.089
 0.531,-1.071
 0.511,-1.069
 0.511,-1.106
 0.510,-1.119
 0.493,-1.124
 0.521,-1.097
 0.521,-1.097
 0.531,-1.107
 0.529,-1.138
 0.511,-1.139
 0.511,-1.122
 0.512,-1.109
 0.523,-1.122
 0.522,-1.136
 0.522,-1.119
 0.530,-1.124
 0.521,-1.149
 0.530,-1.158
 0.529,-1.154
 0.521,-1.169
 0.512,-1.142
 0.522,-1.136
 0.532,-1.111
 0.521,-1.116
 0.513,-1.144
 0.521,-1.149
 0.511,-1.139
 0.502,-1.114
 0.511,-1.104
 0.502,-1.097
 0.502,-1.096
 0.502,-1.077
 0.492,-1.066
 0.491,-1.046
 0.484,-1.044
 0.485,-1.010
 0.485,-1.010
 0.476,-0.965
 0.493,-0.941
 0.512,-0.941
 0.511,-0.938
 0.492,-0.936
 0.474,-0.921
 0.474,-0.921
 0.485,-0.934
 0.494,-0.925
 0.494,-0.925
 0.495,-0.945
 0.493,-0.976
 0.493,-1.031
 0.512,-1.048
 0.521,-1.058
 0.513,-1.052
 0.502,-1.059
 0.513,-1.089
 0.511,-1.104
 0.503,-1.132
 0.504,-1.136
 0.522,-1.152
 0.513,-1.164
 0.513,-1.164
 0.503,-1.171
 0.493,-1.179
 0.483,-1.202
 0.483,-1.185
 0.493,-1.196
 0.484,-1.187
 0.475,-1.164
 0.484,-1.152
 0.484,-1.172
 0.483,-1.169
 0.492,-1.176
 0.484,-1.151
 0.473,-1.121
 0.484,-1.097
 0.483,-1.079
 0.465,-1.079
 0.456,-1.050
 0.464,-1.039
 0.465,-1.025
 0.456,-1.017
 0.465,-1.005
 0.456,-0.980
 0.465,-0.950
 0.427,-0.950
 0.427,-0.950
 0.426,-0.947
 0.427,-0.930
 0.417,-0.937
 0.417,-0.940
 0.417,-0.940
 0.446,-0.949
 0.446,-0.968
 0.445,-0.967
 0.436,-0.995
 0.436,-1.013
 0.446,-1.040
 0.437,-1.033
 0.446,-1.040
 0.436,-1.050
 0.427,-1.022
 0.436,-1.030
 0.437,-1.017
 0.427,-1.005
 0.418,-0.998
 0.427,-0.988
 0.426,-0.985
 0.417,-0.978
 0.417,-0.975
 0.417,-0.995
 0.427,-0.985
 0.427,-0.985
 0.418,-1.015
 0.436,-1.013
 0.437,-1.033
 0.427,-1.023
 0.445,-1.059
 0.446,-1.079
 0.454,-1.102
 0.455,-1.085
 0.474,-1.069
 0.483,-1.059
 0.501,-1.059
 0.511,-1.068
 0.522,-1.062
 0.522,-1.062
 0.531,-1.052
 0.522,-1.046
 0.558,-1.023
 0.549,-1.014
 0.568,-0.996
 0.558,-0.966
 0.577,-0.968
 0.577,-0.930
 0.578,-0.933
 0.578,-0.934
 0.587,-0.925
 0.597,-0.916
 0.614,-0.912
 0.596,-0.913
 0.596,-0.913
 0.615,-0.932
 0.606,-0.925
 0.596,-0.933
 0.615,-0.952
 0.606,-0.960
 0.605,-0.958
 0.598,-0.973
 0.578,-0.971
 0.560,-1.009
 0.549,-1.016
 0.558,-1.023
 0.540,-1.007
 0.548,-1.013
 0.540,-1.041
 0.530,-1.031
 0.520,-1.004
 0.521,-0.989
 0.511,-0.977
 0.511,-0.996
 0.502,-0.987
 0.511,-0.958
 0.502,-0.951
 0.520,-0.930
 0.511,-0.941
 0.521,-0.914
 0.530,-0.923
 0.521,-0.914
 0.520,-0.911
 0.512,-0.906
 0.503,-0.898
 0.512,-0.889
 0.522,-0.880
 0.521,-0.877
 0.511,-0.886
 0.502,-0.876
 0.482,-0.891
 0.492,-0.884
 0.501,-0.893
 0.474,-0.905
 0.484,-0.934
 0.474,-0.959
 0.475,-0.979
 0.483,-0.967
 0.455,-0.977
 0.464,-0.985
 0.445,-0.984
 0.456,-0.997
 0.455,-0.977
 0.436,-0.975
 0.446,-0.985
 0.446,-0.985
 0.438,-0.981
 0.456,-0.943
 0.456,-0.963
 0.456,-0.943
 0.465,-0.967
 0.456,-0.959
 0.445,-0.946
 0.436,-0.957
 0.446,-0.949
 0.456,-0.959
 0.466,-0.990
 0.456,-0.997
 0.456,-1.033
 0.455,-1.050
 0.464,-1.074
 0.475,-1.106
 0.484,-1.096
 0.475,-1.106
 0.466,-1.097
 0.473,-1.119
 0.474,-1.139
 0.483,-1.131
 0.475,-1.109
 0.485,-1.084
 0.485,-1.100
 0.485,-1.119
 0.484,-1.132
 0.474,-1.122
 0.483,-1.111
 0.483,-1.111
 0.493,-1.106
 0.503,-1.079
 0.494,-1.091
 0.522,-1.117
 0.502,-1.114
 0.493,-1.142
 0.502,-1.149
 0.484,-1.151
 0.484,-1.171
 0.503,-1.169
 0.503,-1.189
 0.512,-1.177
 0.503,-1.169
 0.503,-1.169
 0.512,-1.161
 0.523,-1.174
 0.522,-1.154
 0.523,-1.137
 0.523,-1.136
 0.521,-1.131
 0.503,-1.133
 0.511,-1.138
 0.511,-1.121
 0.512,-1.107
 0.512,-1.107
 0.513,-1.127
 0.512,-1.124
 0.503,-1.152
 0.512,-1.161
 0.511,-1.157
 0.512,-1.161
 0.503,-1.169
 0.494,-1.162
 0.493,-1.179
 0.483,-1.186
 0.494,-1.199
 0.474,-1.199
 0.466,-1.227
 0.456,-1.237
 0.446,-1.242
 0.456,-1.235
 0.456,-1.215
 0.465,-1.224
 0.465,-1.224
 0.455,-1.249
 0.456,-1.215
 0.456,-1.199
 0.475,-1.217
 0.466,-1.227
 0.464,-1.240
 0.456,-1.215
 0.464,-1.204
 0.465,-1.187
 0.484,-1.189
 0.484,-1.187
 0.465,-1.170
 0.483,-1.169
 0.484,-1.171
 0.513,-1.181
 0.512,-1.161
 0.513,-1.164
 0.523,-1.154
 0.531,-1.179
 0.541,-1.189
 0.549,-1.194
 0.550,-1.198
 0.549,-1.196
 0.541,-1.206
 0.550,-1.235
 0.550,-1.214
 0.541,-1.228
 0.531,-1.253
 0.513,-1.271
 0.475,-1.271
 0.437,-1.250
 0.419,-1.253
 0.418,-1.233
 0.428,-1.240
 0.456,-1.234
 0.456,-1.214
 0.476,-1.202
 0.504,-1.191
 0.504,-1.209
 0.533,-1.201
 0.541,-1.206
 0.541,-1.189
 0.549,-1.176
 0.559,-1.168
 0.569,-1.161
 0.588,-1.160
 0.579,-1.173
 0.588,-1.145
 0.598,-1.155
 0.617,-1.173
 0.615,-1.205
 0.607,-1.217
 0.625,-1.215
 0.616,-1.208
 0.635,-1.227
 0.634,-1.240
 0.645,-1.254
 0.654,-1.245
 0.647,-1.277
 0.666,-1.279
 0.654,-1.282
 0.636,-1.321
 0.644,-1.362
 0.634,-1.386
 0.635,-1.407
 0.596,-1.404
 0.598,-1.410
 0.598,-1.428
 0.588,-1.437
 0.569,-1.420
 0.579,-1.408
 0.579,-1.392
 0.569,-1.361
 0.550,-1.361
 0.541,-1.355
 0.531,-1.342
 0.560,-1.335
 0.559,-1.313
 0.541,-1.316
 0.533,-1.311
 0.543,-1.285
 0.572,-1.278
 0.571,-1.293
 0.560,-1.316
 0.570,-1.343
 0.577,-1.364
 0.569,-1.376
 0.569,-1.378
 0.551,-1.363
 0.552,-1.367
 0.561,-1.373
 0.543,-1.430
 0.532,-1.436
 0.522,-1.461
 0.504,-1.462
 0.503,-1.458
 0.504,-1.446
 0.494,-1.436
 0.485,-1.460
 0.475,-1.470
 0.466,-1.442
 0.458,-1.423
 0.448,-1.394
 0.448,-1.394
 0.458,-1.384
 0.456,-1.397
 0.438,-1.399
 0.428,-1.387
 0.447,-1.368
 0.448,-1.372
 0.466,-1.370
 0.467,-1.374
 0.486,-1.372
 0.476,-1.362
 0.495,-1.381
 0.494,-1.377
 0.494,-1.361
 0.503,-1.351
 0.513,-1.326
 0.523,-1.318
 0.521,-1.294
 0.532,-1.289
 0.541,-1.263
 0.532,-1.256
 0.543,-1.248
 0.541,-1.226
 0.543,-1.211
 0.541,-1.189
 0.550,-1.196
 0.550,-1.196
 0.549,-1.176
 0.560,-1.190
 0.550,-1.180
 0.551,-1.163
 0.542,-1.154
 0.569,-1.141
 0.550,-1.143
 0.550,-1.123
 0.550,-1.123
 0.550,-1.106
 0.550,-1.106
 0.551,-1.089
 0.550,-1.069
 0.541,-1.061
 0.532,-1.037
 0.513,-1.035
 0.476,-1.037
 0.476,-1.017
 0.475,-0.996
 0.465,-0.986
 0.474,-1.009
 0.474,-1.029
 0.502,-1.003
 0.493,-1.013
 0.513,-1.016
 0.512,-1.014
 0.541,-1.024
 0.569,-1.015
 0.558,-1.021
 0.550,-1.033
 0.558,-1.021
 0.569,-1.015
 0.559,-0.988
 0.568,-0.995
 0.569,-1.015
 0.578,-1.005
 0.570,-1.001
 0.589,-0.999
 0.569,-0.998
 0.579,-0.989
 0.568,-0.995
 0.560,-1.006
 0.578,-1.005
 0.578,-1.022
 0.597,-1.006
 0.578,-1.005
 0.560,-1.026
 0.569,-1.051
 0.587,-1.087
 0.570,-1.108
 0.587,-1.123
 0.579,-1.153
 0.579,-1.153
 0.560,-1.171
 0.560,-1.171
 0.578,-1.186
 0.598,-1.208
 0.589,-1.238
 0.580,-1.247
 0.580,-1.248
 0.598,-1.263
 0.599,-1.302
 0.597,-1.317
 0.587,-1.341
 0.597,-1.317
 0.587,-1.341
 0.598,-1.390
 0.617,-1.390
 0.608,-1.382
 0.618,-1.357
 0.617,-1.353
 0.626,-1.382
 0.627,-1.400
 0.617,-1.427
 0.618,-1.431
 0.598,-1.408
 0.607,-1.453
 0.597,-1.478
 0.588,-1.488
 0.591,-1.479
 0.571,-1.477
 0.562,-1.487
 0.572,-1.496
 0.561,-1.500
 0.552,-1.473
 0.531,-1.449
 0.532,-1.453
 0.542,-1.461
 0.542,-1.481
 0.553,-1.477
 0.542,-1.483
 0.524,-1.487
 0.533,-1.493
 0.551,-1.544
 0.523,-1.554
 0.513,-1.560
 0.514,-1.528
 0.542,-1.536
 0.531,-1.540
 0.542,-1.555
 0.533,-1.546
 0.535,-1.553
 0.535,-1.553
 0.525,-1.540
 0.525,-1.522
 0.533,-1.508
 0.533,-1.506
 0.522,-1.493
 0.514,-1.469
 0.506,-1.465
 0.505,-1.444
 0.506,-1.448
 0.506,-1.430
 0.486,-1.444
 0.477,-1.456
 0.476,-1.468
 0.467,-1.462
 0.458,-1.454
 0.457,-1.452
 0.467,-1.462
 0.475,-1.483
 0.477,-1.472
 0.468,-1.450
 0.487,-1.433
 0.488,-1.417
 0.505,-1.411
 0.505,-1.428
 0.513,-1.432
 0.522,-1.402
 0.531,-1.377
 0.531,-1.359
 0.533,-1.365
 0.543,-1.375
 0.542,-1.355
 0.552,-1.385
 0.550,-1.398
 0.550,-1.434
 0.550,-1.432
 0.541,-1.424
 0.551,-1.420
 0.542,-1.428
 0.541,-1.463
 0.532,-1.454
 0.532,-1.454
 0.552,-1.440
 0.579,-1.428
 0.552,-1.422
 0.561,-1.430
 0.579,-1.443
 0.598,-1.447
 0.597,-1.423
 0.588,-1.398
 0.570,-1.363
 0.579,-1.371
 0.609,-1.404
 0.617,-1.390
 0.618,-1.410
 0.617,-1.390
 0.616,-1.407
 0.599,-1.392
 0.607,-1.398
 0.599,-1.392
 0.599,-1.392
 0.588,-1.398
 0.589,-1.382
 0.589,-1.381
 0.580,-1.375
 0.570,-1.365
 0.588,-1.363
 0.570,-1.365
 0.569,-1.361
 0.578,-1.353
 0.588,-1.345
 0.596,-1.351
 0.579,-1.357
 0.578,-1.353
 0.588,-1.365
 0.608,-1.330
 0.616,-1.317
 0.597,-1.335
 0.586,-1.341
 0.578,-1.370
 0.578,-1.353
 0.597,-1.318
 0.588,-1.328
 0.578,-1.335
 0.550,-1.365
 0.560,-1.375
 0.541,-1.373
 0.532,-1.385
 0.531,-1.381
 0.522,-1.391
 0.513,-1.399
 0.512,-1.395
 0.513,-1.399
 0.512,-1.432
 0.494,-1.454
 0.495,-1.474
 0.484,-1.481
 0.495,-1.474
 0.484,-1.497
 0.465,-1.515
 0.456,-1.544
 0.475,-1.578
 0.457,-1.601
 0.476,-1.582
 0.476,-1.582
 0.476,-1.584
 0.466,-1.592
 0.476,-1.587
 0.485,-1.574
 0.495,-1.603
 0.504,-1.593
 0.513,-1.599
 0.514,-1.603
 0.513,-1.599
 0.513,-1.617
 0.513,-1.638
 0.513,-1.636
 0.524,-1.630
 0.523,-1.628
 0.523,-1.648
 0.514,-1.658
 0.513,-1.691
 0.523,-1.685
 0.513,-1.691
 0.513,-1.674
 0.523,-1.664
 0.531,-1.652
 0.551,-1.638
 0.541,-1.628
 0.561,-1.614
 0.562,-1.616
 0.560,-1.630
 0.561,-1.651
 0.569,-1.673
 0.588,-1.691
 0.578,-1.681
 0.578,-1.734
 0.560,-1.757
 0.570,-1.785
 0.571,-1.843
 0.590,-1.845
 0.589,-1.840
 0.590,-1.861
 0.598,-1.883
 0.579,-1.901
 0.589,-1.930
 0.578,-1.935
 0.590,-1.935
 0.588,-1.946
 0.599,-1.940
 0.590,-1.916
 0.581,-1.911
 0.572,-1.921
 0.572,-1.934
 0.571,-1.914
 0.561,-1.903
 0.569,-1.925
 0.561,-1.938
 0.560,-1.935
 0.562,-1.922
 0.562,-1.908
 0.580,-1.906
 0.591,-1.900
 0.580,-1.885
 0.570,-1.875
 0.570,-1.856
 0.569,-1.852
 0.561,-1.848
 0.561,-1.812
 0.562,-1.796
 0.561,-1.775
 0.560,-1.754
 0.552,-1.714
 0.553,-1.698
 0.553,-1.700
 0.562,-1.690
 0.561,-1.701
 0.561,-1.720
 0.560,-1.752
 0.560,-1.768
 0.560,-1.791
 0.561,-1.830
 0.553,-1.863
 0.553,-1.900
 0.553,-1.918
 0.553,-1.918
 0.541,-1.919
 0.551,-1.911
 0.541,-1.882
 0.551,-1.856
 0.542,-1.795
 0.550,-1.709
 0.551,-1.693
 0.560,-1.646
 0.551,-1.601
 0.581,-1.561
 0.570,-1.512
 0.561,-1.469
 0.579,-1.430
 0.569,-1.418
 0.607,-1.398
 0.605,-1.358
 0.635,-1.317
 0.635,-1.298
 0.617,-1.282
 0.637,-1.267
 0.635,-1.245
 0.635,-1.229
 0.634,-1.223
 0.644,-1.215
 0.653,-1.152
 0.662,-1.124
 0.654,-1.082
 0.644,-1.070
 0.634,-1.060
 0.635,-1.027
 0.615,-0.988
 0.617,-0.991
 0.616,-0.971
 0.606,-0.961
 0.587,-0.926
 0.595,-0.895
 0.606,-0.889
 0.595,-0.858
 0.585,-0.812
 0.566,-0.778
 0.566,-0.758
 0.547,-0.759
 0.528,-0.758
 0.509,-0.739
 0.509,-0.740
 0.490,-0.701
 0.481,-0.713
 0.481,-0.730
 0.471,-0.757
 0.481,-0.767
 0.480,-0.764
 0.481,-0.787
 0.491,-0.796
 0.501,-0.825
 0.501,-0.861
 0.501,-0.878
 0.501,-0.915
 0.519,-0.951
 0.528,-0.976
 0.548,-0.996
 0.556,-1.021
 0.568,-1.034
 0.578,-1.081
 0.587,-1.126
 0.596,-1.171
 0.595,-1.206
 0.596,-1.226
 0.605,-1.253
 0.605,-1.270
 0.606,-1.273
 0.615,-1.263
 0.606,-1.273
 0.624,-1.288
 0.643,-1.307
 0.645,-1.275
 0.644,-1.274
 0.654,-1.267
 0.645,-1.275
 0.662,-1.290
 0.663,-1.327
 0.652,-1.333
 0.653,-1.374
 0.653,-1.390
 0.654,-1.447
 0.655,-1.470
 0.653,-1.482
 0.635,-1.504
 0.644,-1.492
 0.624,-1.490
 0.634,-1.500
 0.642,-1.488
 0.635,-1.467
 0.653,-1.466
 0.653,-1.445
 0.644,-1.457
 0.635,-1.465
 0.646,-1.498
 0.655,-1.506
 0.654,-1.523
 0.635,-1.541
 0.644,-1.563
 0.634,-1.590
 0.624,-1.598
 0.615,-1.608
 0.607,-1.641
 0.597,-1.683
 0.598,-1.724
 0.598,-1.743
 0.569,-1.732
 0.560,-1.742
 0.558,-1.717
 0.549,-1.711
 0.539,-1.701
 0.521,-1.717
 0.520,-1.733
 0.529,-1.741
 0.532,-1.734
 0.523,-1.710
 0.513,-1.683
 0.514,-1.648
 0.512,-1.640
 0.530,-1.654
 0.520,-1.658
 0.510,-1.664
 0.493,-1.654
 0.502,-1.646
 0.523,-1.634
 0.523,-1.655
 0.503,-1.668
 0.503,-1.668
 0.492,-1.670
 0.503,-1.701
 0.511,-1.725
 0.493,-1.727
 0.513,-1.713
 0.520,-1.696
 0.521,-1.701
 0.550,-1.695
 0.560,-1.669
 0.561,-1.636
 0.568,-1.603
 0.578,-1.577
 0.605,-1.545
 0.614,-1.514
 0.624,-1.488
 0.633,-1.423
 0.662,-1.399
 0.672,-1.356
 0.683,-1.349
 0.683,-1.333
 0.672,-1.335
 0.681,-1.309
 0.700,-1.307
 0.681,-1.289
 0.691,-1.282
 0.691,-1.262
 0.672,-1.281
 0.691,-1.299
 0.690,-1.317
 0.693,-1.286
 0.683,-1.276
 0.693,-1.271
 0.692,-1.268
 0.682,-1.274
 0.671,-1.262
 0.679,-1.249
 0.680,-1.232
 0.680,-1.216
 0.662,-1.180
 0.673,-1.157
 0.663,-1.145
 0.663,-1.129
 0.663,-1.109
 0.652,-1.114
 0.653,-1.097
 0.624,-1.068
 0.635,-1.045
 0.625,-1.035
 0.606,-1.016
 0.597,-1.008
 0.568,-0.998
 0.550,-0.999
 0.550,-0.999
 0.521,-1.006
 0.512,-0.999
 0.501,-0.986
 0.492,-1.015
 0.492,-1.014
 0.445,-1.040
 0.445,-1.060
 0.426,-1.095
 0.427,-1.135
 0.436,-1.143
 0.407,-1.150
 0.398,-1.180
 0.407,-1.185
 0.389,-1.205
 0.418,-1.233
 0.389,-1.241
 0.409,-1.263
 0.418,-1.233
 0.428,-1.229
 0.409,-1.228
 0.409,-1.245
 0.409,-1.265
 0.408,-1.278
 0.409,-1.317
 0.428,-1.335
 0.437,-1.360
 0.419,-1.382
 0.437,-1.399
 0.447,-1.429
 0.456,-1.454
 0.455,-1.486
 0.475,-1.509
 0.465,-1.515
 0.466,-1.519
 0.486,-1.503
 0.485,-1.499
 0.504,-1.481
 0.503,-1.460
 0.504,-1.464
 0.505,-1.468
 0.513,-1.456
 0.514,-1.421
 0.532,-1.383
 0.532,-1.363
 0.541,-1.391
 0.550,-1.377
 0.541,-1.371
 0.549,-1.359
 0.522,-1.373
 0.551,-1.383
 0.559,-1.406
 0.551,-1.383
 0.559,-1.371
 0.559,-1.371
 0.560,-1.391
 0.569,-1.398
 0.570,-1.385
 0.587,-1.343
 0.589,-1.347
 0.589,-1.347
 0.598,-1.373
 0.599,-1.377
 0.608,-1.385
 0.589,-1.406
 0.589,-1.457
 0.589,-1.508
 0.608,-1.545
 0.608,-1.577
 0.591,-1.547
 0.591,-1.514
 0.581,-1.485
 0.563,-1.469
 0.571,-1.473
 0.534,-1.455
 0.505,-1.426
 0.485,-1.422
 0.506,-1.428
 0.524,-1.408
 0.495,-1.379
 0.487,-1.338
 0.496,-1.273
 0.516,-1.278
 0.534,-1.273
 0.544,-1.283
 0.533,-1.255
 0.542,-1.243
 0.560,-1.225
 0.560,-1.205
 0.580,-1.225
 0.571,-1.218
 0.561,-1.208
 0.571,-1.220
 0.589,-1.235
 0.598,-1.262
 0.636,-1.244
 0.626,-1.252
 0.627,-1.255
 0.645,-1.252
 0.655,-1.246
 0.655,-1.262
 0.655,-1.262
 0.675,-1.284
 0.694,-1.303
 0.704,-1.296
 0.713,-1.305
 0.703,-1.329
 0.731,-1.356
 0.729,-1.332
 0.720,-1.342
 0.711,-1.334
 0.683,-1.344
 0.676,-1.341
 0.684,-1.329
 0.684,-1.366
 0.684,-1.366
 0.673,-1.389
 0.655,-1.390
 0.655,-1.372
 0.646,-1.382
 0.646,-1.366
 0.625,-1.376
 0.637,-1.374
 0.618,-1.320
 0.629,-1.334
 0.610,-1.316
 0.609,-1.294
 0.599,-1.283
 0.597,-1.262
 0.588,-1.270
 0.588,-1.270
 0.568,-1.231
 0.570,-1.218
 0.570,-1.181
 0.570,-1.165
 0.551,-1.146
 0.550,-1.123
 0.541,-1.116
 0.540,-1.096
 0.550,-1.088
 0.588,-1.071
 0.586,-1.085
 0.596,-1.097
 0.606,-1.070
 0.617,-1.065
 0.665,-1.058
 0.683,-1.055
 0.684,-1.058
 0.682,-1.054
 0.701,-1.089
 0.681,-1.087
 0.699,-1.066
 0.701,-1.072
 0.711,-1.064
 0.712,-1.066
 0.712,-1.066
 0.710,-1.079
 0.711,-1.062
 0.699,-1.049
 0.691,-1.023
 0.691,-1.007
 0.691,-0.971
 0.692,-0.972
 0.681,-0.961
 0.663,-0.944
 0.636,-0.918
 0.626,-0.908
 0.617,-0.899
 0.616,-0.880
 0.579,-0.898
 0.578,-0.879
 0.558,-0.875
 0.530,-0.849
 0.530,-0.849
 0.492,-0.832
 0.465,-0.825
 0.454,-0.813
 0.445,-0.805
 0.435,-0.812
 0.425,-0.802
 0.406,-0.803
 0.387,-0.802
 0.388,-0.787
 0.359,-0.793
 0.377,-0.830
 0.369,-0.860
 0.387,-0.877
 0.369,-0.897
 0.378,-0.923
 0.360,-0.959
 0.369,-0.968
 0.387,-1.003
 0.388,-1.023
 0.388,-1.023
 0.398,-1.070
 0.408,-1.116
 0.407,-1.131
 0.427,-1.190
 0.436,-1.197
 0.473,-1.214
 0.474,-1.234
 0.483,-1.279
 0.484,-1.301
 0.503,-1.319
 0.503,-1.336
 0.522,-1.354
 0.540,-1.353
 0.551,-1.367
 0.551,-1.383
 0.541,-1.373
 0.541,-1.356
 0.560,-1.390
 0.561,-1.430
 0.578,-1.426
 0.559,-1.424
 0.550,-1.418
 0.568,-1.433
 0.561,-1.485
 0.569,-1.510
 0.560,-1.518
 0.551,-1.512
 0.550,-1.508
 0.560,-1.538
 0.541,-1.573
 0.550,-1.618
 0.560,-1.610
 0.569,-1.563
 0.570,-1.569
 0.580,-1.579
 0.562,-1.616
 0.552,-1.626
 0.560,-1.630
 0.561,-1.651
 0.560,-1.683
 0.570,-1.710
 0.570,-1.710
 0.560,-1.736
 0.571,-1.751
 0.571,-1.788
 0.581,-1.798
 0.581,-1.761
 0.589,-1.728
 0.598,-1.702
 0.607,-1.710
 0.598,-1.718
 0.608,-1.712
 0.599,-1.683
 0.618,-1.686
 0.618,-1.686
 0.609,-1.678
 0.610,-1.682
 0.609,-1.678
 0.610,-1.717
 0.609,-1.749
 0.609,-1.783
 0.618,-1.775
 0.616,-1.789
 0.618,-1.814
 0.590,-1.840
 0.599,-1.849
 0.629,-1.864
 0.618,-1.869
 0.618,-1.906
 0.627,-1.912
 0.627,-1.928
 0.655,-1.938
 0.635,-1.936
 0.637,-1.925
 0.637,-1.888
 0.664,-1.894
 0.665,-1.896
 0.665,-1.875
 0.657,-1.875
 0.657,-1.838
 0.676,-1.819
 0.676,-1.783
 0.664,-1.784
 0.654,-1.792
 0.654,-1.808
 0.654,-1.808
 0.646,-1.841
 0.646,-1.878
 0.657,-1.927
 0.637,-1.962
 0.638,-1.998
 0.638,-2.001
 0.637,-2.032
 0.618,-2.087
 0.618,-2.140
 0.618,-2.176
 0.637,-2.179
 0.627,-2.182
 0.610,-2.174
 0.602,-2.153
 0.601,-2.116
 0.602,-2.100
 0.609,-2.061
 0.600,-2.069
 0.599,-2.064
 0.569,-2.051
 0.571,-2.003
 0.589,-1.964
 0.600,-1.980
 0.610,-1.972
 0.610,-1.972
 0.601,-1.982
 0.618,-1.975
 0.618,-1.975
 0.628,-1.985
 0.619,-1.959
 0.620,-1.911
 0.628,-1.912
 0.637,-1.938
 0.656,-1.957
 0.628,-1.949
 0.658,-1.948
 0.677,-1.946
 0.669,-1.925
 0.677,-1.930
 0.676,-1.925
 0.665,-1.931
 0.673,-1.934
 0.693,-1.973
 0.693,-1.957
 0.685,-1.933
 0.686,-1.941
 0.686,-1.954
 0.686,-1.991
 0.703,-1.986
 0.674,-1.975
 0.685,-1.988
 0.693,-2.012
 0.694,-2.033
 0.685,-2.025
 0.693,-2.015
 0.686,-2.012
 0.695,-2.020
 0.714,-2.038
 0.705,-2.030
 0.722,-2.007
 0.742,-2.010
 0.741,-1.986
 0.731,-2.013
 0.741,-2.023
 0.740,-2.005
 0.733,-2.039
 0.722,-2.044
 0.733,-2.075
 0.733,-2.091
 0.741,-2.115
 0.723,-2.120
 0.721,-2.130
 0.712,-2.143
 0.703,-2.135
 0.713,-2.143
 0.694,-2.109
 0.703,-2.080
 0.685,-2.067
 0.704,-2.064
 0.684,-2.043
 0.695,-2.004
 0.693,-1.960
 0.695,-1.965
 0.694,-1.996
 0.683,-2.002
 0.655,-2.014
 0.664,-2.038
 0.656,-2.090
 0.665,-2.098
 0.655,-2.124
 0.666,-2.140
 0.636,-2.142
 0.627,-2.172
 0.636,-2.179
 0.636,-2.179
 0.646,-2.172
 0.626,-2.169
 0.636,-2.143
 0.647,-2.122
 0.628,-2.103
 0.647,-2.122
 0.655,-2.124
 0.656,-2.145
 0.656,-2.145
 0.654,-2.140
 0.656,-2.146
 0.665,-2.151
 0.665,-2.153
 0.674,-2.145
 0.683,-2.151
 0.684,-2.156
 0.684,-2.135
 0.694,-2.130
 0.712,-2.128
 0.702,-2.133
 0.712,-2.143
 0.720,-2.112
 0.720,-2.112
 0.722,-2.117
 0.712,-2.128
 0.734,-2.120
 0.743,-2.088
 0.743,-2.088
 0.742,-2.104
 0.730,-2.104
 0.748,-2.102
 0.738,-2.089
 0.758,-2.076
 0.740,-2.080
 0.740,-2.062
 0.752,-2.041
 0.760,-2.028
 0.750,-2.036
 0.750,-2.036
 0.740,-2.020
 0.741,-2.007
 0.721,-1.968
 0.713,-1.944
 0.721,-1.931
 0.711,-1.939
 0.713,-1.928
 0.714,-1.875
 0.714,-1.859
 0.742,-1.830
 0.731,-1.834
 0.731,-1.834
 0.710,-1.806
 0.720,-1.782
 0.720,-1.766
 0.730,-1.756
 0.732,-1.781
 0.740,-1.732
 0.732,-1.707
 0.741,-1.699
 0.740,-1.695
 0.750,-1.668
 0.730,-1.629
 0.730,-1.577
 0.740,-1.566
 0.738,-1.524
 0.730,-1.499
 0.720,-1.436
 0.713,-1.378
 0.704,-1.335
 0.693,-1.303
 0.702,-1.294
 0.691,-1.281
 0.699,-1.305
 0.708,-1.277
 0.727,-1.259
 0.719,-1.273
 0.719,-1.273
 0.711,-1.286
 0.721,-1.278
 0.738,-1.293
 0.720,-1.294
 0.728,-1.299
 0.719,-1.254
 0.709,-1.227
 0.708,-1.224
 0.708,-1.207
 0.708,-1.224
 0.719,-1.219
 0.712,-1.197
 0.720,-1.169
 0.740,-1.171
 0.728,-1.156
 0.718,-1.162
 0.726,-1.187
 0.743,-1.203
 0.755,-1.179
 0.756,-1.183
 0.748,-1.194
 0.758,-1.205
 0.737,-1.236
 0.729,-1.264
 0.690,-1.280
 0.681,-1.289
 0.681,-1.272
 0.681,-1.272
 0.720,-1.276
 0.747,-1.281
 0.757,-1.273
 0.778,-1.277
 0.805,-1.267
 0.825,-1.269
 0.862,-1.267
 0.853,-1.259
 0.871,-1.257
 0.897,-1.244
 0.898,-1.264
 0.897,-1.281
 0.917,-1.283
 0.919,-1.286
 0.936,-1.303
 0.937,-1.323
 0.936,-1.339
 0.926,-1.366
 0.936,-1.376
 0.944,-1.417
 0.936,-1.431
 0.964,-1.440
 0.946,-1.495
 0.947,-1.478
 0.929,-1.480
 0.921,-1.494
 0.909,-1.517
 0.880,-1.559
 0.852,-1.588
 0.832,-1.602
 0.813,-1.622
 0.794,-1.656
 0.766,-1.721
 0.748,-1.815
 0.718,-1.894
 0.701,-1.956
 0.690,-1.998
 0.662,-1.987
 0.662,-1.972
 0.651,-1.956
 0.652,-1.961
 0.662,-1.932
 0.680,-1.894
 0.699,-1.859
 0.718,-1.839
 0.730,-1.801
 0.729,-1.780
 0.758,-1.754
 0.758,-1.754
 0.774,-1.748
 0.794,-1.769
 0.802,-1.772
 0.793,-1.782
 0.822,-1.813
 0.841,-1.814
 0.853,-1.829
 0.853,-1.847
 0.852,-1.900
 0.889,-1.916
 0.907,-1.914
 0.908,-1.935
 0.918,-1.961
 0.945,-1.988
 0.945,-1.988
 0.945,-1.951
 0.958,-1.951
 0.958,-1.969
 0.947,-1.993
 0.948,-1.995
 0.928,-1.993
 0.900,-1.966
 0.907,-1.969
 0.915,-1.938
 0.907,-1.932
 0.878,-1.922
 0.871,-1.955
 0.861,-1.945
 0.843,-1.945
 0.834,-1.937
 0.832,-1.932
 0.833,-1.916
 0.824,-1.905
 0.814,-1.916
 0.805,-1.924
 0.822,-1.903
 0.816,-1.884
 0.817,-1.868
 0.807,-1.876
 0.798,-1.868
 0.768,-1.852
 0.768,-1.855
 0.757,-1.858
 0.757,-1.855
 0.758,-1.839
 0.728,-1.827
 0.721,-1.844
 0.711,-1.870
 0.711,-1.907
 0.703,-1.901
 0.682,-1.896
 0.674,-1.909
 0.664,-1.933
 0.663,-1.964
 0.663,-1.949
 0.643,-1.962
 0.654,-1.943
 0.655,-1.911
 0.676,-1.879
 0.685,-1.850
 0.674,-1.854
 0.692,-1.852
 0.682,-1.857
 0.700,-1.853
 0.691,-1.847
 0.710,-1.810
 0.722,-1.791
 0.722,-1.791
 0.721,-1.807
 0.740,-1.807
 0.738,-1.802
 0.749,-1.797
 0.758,-1.805
 0.758,-1.805
 0.768,-1.779
 0.793,-1.762
 0.804,-1.756
 0.815,-1.732
 0.836,-1.721
 0.866,-1.715
 0.872,-1.700
 0.873,-1.682
 0.890,-1.698
 0.888,-1.708
 0.916,-1.716
 0.924,-1.688
 0.918,-1.649
 0.939,-1.617
 0.939,-1.617
 0.948,-1.609
 0.955,-1.613
 0.937,-1.615
 0.918,-1.596
 0.937,-1.613
 0.927,-1.586
 0.916,-1.555
 0.907,-1.564
 0.898,-1.557
 0.900,-1.543
 0.903,-1.531
 0.892,-1.500
 0.883,-1.492
 0.871,-1.496
 0.841,-1.500
 0.860,-1.482
 0.839,-1.459
 0.842,-1.447
 0.833,-1.422
 0.824,-1.414
 0.816,-1.407
 0.805,-1.375
 0.786,-1.395
 0.785,-1.373
 0.765,-1.389
 0.785,-1.375
 0.776,-1.346
 0.747,-1.354
 0.747,-1.338
 0.719,-1.311
 0.721,-1.298
 0.720,-1.294
 0.692,-1.306
 0.682,-1.294
 0.681,-1.290
 0.672,-1.300
 0.670,-1.313
 0.671,-1.317
 0.671,-1.317
 0.672,-1.300
 0.683,-1.314
 0.671,-1.319
 0.681,-1.329
 0.671,-1.354
 0.699,-1.380
 0.700,-1.382
 0.718,-1.399
 0.738,-1.384
 0.738,-1.385
 0.747,-1.393
 0.759,-1.407
 0.767,-1.413
 0.757,-1.405
 0.786,-1.377
 0.784,-1.373
 0.795,-1.385
 0.803,-1.373
 0.795,-1.365
 0.794,-1.346
 0.794,-1.347
 0.795,-1.367
 0.784,-1.373
 0.786,-1.395
 0.785,-1.393
 0.784,-1.410
 0.766,-1.411
 0.747,-1.411
 0.738,-1.405
 0.737,-1.421
 0.718,-1.403
 0.720,-1.388
 0.719,-1.368
 0.719,-1.384
 0.708,-1.391
 0.717,-1.381
 0.691,-1.358
 0.718,-1.346
 0.700,-1.348
 0.700,-1.348
 0.690,-1.374
 0.671,-1.392
 0.670,-1.425
 0.671,-1.445
 0.662,-1.437
 0.653,-1.447
 0.673,-1.470
 0.672,-1.466
 0.662,-1.476
 0.653,-1.484
 0.652,-1.480
 0.673,-1.486
 0.672,-1.504
 0.673,-1.525
 0.673,-1.525
 0.682,-1.531
 0.692,-1.543
 0.690,-1.555
 0.691,-1.576
 0.700,-1.584
 0.689,-1.627
 0.700,-1.676
 0.689,-1.718
 0.700,-1.733
 0.719,-1.735
 0.746,-1.758
 0.756,-1.734
 0.774,-1.731
 0.775,-1.734
 0.794,-1.716
 0.802,-1.703
 0.821,-1.685
 0.820,-1.664
 0.842,-1.655
 0.861,-1.637
 0.851,-1.571
 0.871,-1.555
 0.860,-1.522
 0.878,-1.522
 0.877,-1.539
 0.876,-1.535
 0.877,-1.502
 0.877,-1.465
 0.878,-1.449
 0.879,-1.451
 0.887,-1.476
 0.879,-1.488
 0.887,-1.476
 0.887,-1.494
 0.877,-1.502
 0.868,-1.510
 0.851,-1.532
 0.867,-1.526
 0.850,-1.512
 0.843,-1.491
 0.842,-1.508
 0.844,-1.547
 0.813,-1.569
 0.812,-1.585
 0.813,-1.569
 0.792,-1.562
 0.794,-1.548
 0.774,-1.546
 0.756,-1.548
 0.747,-1.542
 0.756,-1.584
 0.738,-1.570
 0.737,-1.548
 0.728,-1.558
 0.719,-1.549
 0.709,-1.574
 0.710,-1.595
 0.699,-1.600
 0.680,-1.618
 0.671,-1.629
 0.681,-1.623
 0.702,-1.611
 0.721,-1.629
 0.720,-1.646
 0.739,-1.644
 0.746,-1.648
 0.765,-1.648
 0.782,-1.623
 0.773,-1.599
 0.775,-1.603
 0.794,-1.585
 0.796,-1.573
 0.823,-1.561
 0.814,-1.569
 0.814,-1.569
 0.812,-1.565
 0.823,-1.559
 0.821,-1.518
 0.842,-1.504
 0.870,-1.475
 0.858,-1.498
 0.879,-1.504
 0.872,-1.461
 0.892,-1.428
 0.911,-1.429
 0.909,-1.441
 0.899,-1.468
 0.897,-1.464
 0.887,-1.472
 0.907,-1.474
 0.897,-1.500
 0.881,-1.506
 0.890,-1.498
 0.881,-1.506
 0.881,-1.543
 0.878,-1.573
 0.879,-1.594
 0.897,-1.592
 0.889,-1.604
 0.899,-1.596
 0.916,-1.574
 0.917,-1.594
 0.917,-1.594
 0.920,-1.619
 0.930,-1.594
 0.929,-1.574
 0.938,-1.564
 0.927,-1.568
 0.907,-1.566
 0.897,-1.574
 0.886,-1.543
 0.880,-1.559
 0.871,-1.569
 0.853,-1.608
 0.825,-1.618
 0.805,-1.632
 0.796,-1.642
 0.785,-1.685
 0.784,-1.738
 0.756,-1.766
 0.737,-1.747
 0.748,-1.744
 0.737,-1.747
 0.719,-1.750
 0.749,-1.709
 0.757,-1.697
 0.769,-1.675
 0.748,-1.652
 0.758,-1.642
 0.766,-1.613
 0.745,-1.607
 0.737,-1.619
 0.737,-1.619
 0.719,-1.584
 0.720,-1.588
 0.738,-1.603
 0.721,-1.625
 0.738,-1.640
 0.709,-1.647
 0.719,-1.658
 0.709,-1.664
 0.711,-1.652
 0.719,-1.658
 0.709,-1.684
 0.720,-1.678
 0.701,-1.660
 0.693,-1.656
 0.692,-1.670
 0.692,-1.688
 0.692,-1.688
 0.681,-1.674
 0.691,-1.686
 0.691,-1.702
 0.691,-1.721
 0.682,-1.715
 0.672,-1.720
 0.683,-1.717
 0.672,-1.723
 0.681,-1.729
 0.681,-1.749
 0.681,-1.729
 0.672,-1.704
 0.682,-1.696
 0.681,-1.712
 0.691,-1.704
 0.690,-1.684
 0.702,-1.682
 0.682,-1.680
 0.711,-1.688
 0.720,-1.680
 0.719,-1.676
 0.719,-1.678
 0.747,-1.703
 0.727,-1.737
 0.729,-1.742
 0.747,-1.739
 0.758,-1.736
 0.766,-1.760
 0.756,-1.802
 0.774,-1.784
 0.784,-1.774
 0.795,-1.752
 0.804,-1.705
 0.814,-1.661
 0.833,-1.642
 0.841,-1.612
 0.852,-1.606
 0.863,-1.600
 0.852,-1.606
 0.872,-1.592
 0.871,-1.606
 0.881,-1.635
 0.879,-1.649
 0.897,-1.684
 0.889,-1.714
 0.868,-1.746
 0.870,-1.790
 0.879,-1.816
 0.869,-1.824
 0.889,-1.827
 0.877,-1.830
 0.878,-1.851
 0.868,-1.840
 0.869,-1.806
 0.889,-1.774
 0.887,-1.730
 0.907,-1.696
 0.916,-1.667
 0.927,-1.643
 0.938,-1.639
 0.947,-1.590
 0.948,-1.558
 0.947,-1.537
 0.945,-1.513
 0.944,-1.529
 0.932,-1.533
 0.925,-1.529
 0.926,-1.513
 0.917,-1.504
 0.928,-1.517
 0.908,-1.551
 0.899,-1.561
 0.898,-1.578
 0.869,-1.622
 0.861,-1.651
 0.860,-1.667
 0.850,-1.693
 0.831,-1.712
 0.822,-1.722
 0.816,-1.722
 0.816,-1.720
 0.826,-1.731
 0.825,-1.728
 0.824,-1.742
 0.832,-1.767
 0.811,-1.760
 0.813,-1.748
 0.795,-1.714
 0.777,-1.715
 0.796,-1.718
 0.795,-1.750
 0.786,-1.744
 0.767,-1.726
 0.766,-1.705
 0.739,-1.678
 0.747,-1.684
 0.767,-1.687
 0.765,-1.682
 0.765,-1.682
 0.758,-1.644
 0.768,-1.654
 0.779,-1.651
 0.788,-1.657
 0.796,-1.644
 0.815,-1.663
 0.802,-1.662
 0.802,-1.662
 0.822,-1.665
 0.822,-1.665
 0.834,-1.682
 0.833,-1.698
 0.854,-1.721
 0.853,-1.718
 0.870,-1.732
 0.870,-1.732
 0.877,-1.718
 0.879,-1.722
 0.889,-1.696
 0.896,-1.700
 0.908,-1.696
 0.927,-1.659
 0.939,-1.621
 0.941,-1.607
 0.948,-1.574
 0.948,-1.574
 0.963,-1.566
 0.972,-1.556
 0.962,-1.546
 0.981,-1.528
 1.003,-1.497
 0.993,-1.468
 1.005,-1.483
 0.995,-1.472
 0.984,-1.479
 0.993,-1.468
 1.000,-1.456
 0.993,-1.468
 0.983,-1.458
 0.981,-1.438
 0.983,-1.458
 0.981,-1.438
 0.975,-1.433
 0.957,-1.419
 0.956,-1.398
 0.958,-1.419
 0.946,-1.425
 0.927,-1.441
 0.926,-1.439
 0.914,-1.444
 0.916,-1.447
 0.897,-1.429
 0.900,-1.488
 0.890,-1.498
 0.890,-1.514
 0.871,-1.535
 0.869,-1.530
 0.860,-1.575
 0.860,-1.612
 0.840,-1.610
 0.833,-1.624
 0.822,-1.630
 0.814,-1.642
 0.816,-1.683
 0.796,-1.718
 0.788,-1.749
 0.786,-1.744
 0.768,-1.746
 0.767,-1.762
 0.775,-1.784
 0.775,-1.803
 0.785,-1.795
 0.767,-1.779
 0.776,-1.807
 0.766,-1.813
 0.776,-1.807
 0.785,-1.779
 0.795,-1.752
 0.813,-1.750
 0.803,-1.738
 0.823,-1.724
 0.814,-1.695
 0.805,-1.689
 0.825,-1.692
 0.834,-1.700
 0.835,-1.702
 0.833,-1.698
 0.844,-1.710
 0.834,-1.718
 0.851,-1.712
 0.861,-1.724
 0.869,-1.710
 0.869,-1.749
 0.888,-1.804
 0.878,-1.846
 0.880,-1.872
 0.889,-1.898
 0.899,-1.911
 0.909,-1.921
 0.907,-1.932
 0.918,-1.964
 0.905,-1.982
 0.896,-2.029
 0.888,-2.045
 0.899,-2.003
 0.892,-1.965
 0.900,-1.952
 0.899,-1.968
 0.908,-1.976
 0.895,-1.974
 0.915,-1.940
 0.924,-1.893
 0.944,-1.896
 0.945,-1.898
 0.925,-1.932
 0.918,-1.948
 0.926,-1.972
 0.936,-2.019
 0.937,-2.037
 0.945,-2.006
 0.927,-1.974
 0.926,-1.953
 0.935,-1.959
 0.917,-1.961
 0.908,-1.953
 0.902,-1.918
 0.901,-1.913
 0.871,-1.919
 0.872,-1.937
 0.870,-1.932
 0.871,-1.919
 0.880,-1.890
 0.852,-1.881
 0.852,-1.863
 0.851,-1.879
 0.853,-1.921
 0.852,-1.918
 0.842,-1.944
 0.861,-1.947
 0.860,-1.976
 0.861,-1.982
 0.861,-1.981
 0.870,-1.950
 0.870,-1.934
 0.888,-1.932
 0.901,-1.932
 0.911,-1.924
 0.910,-1.942
 0.911,-1.961
 0.907,-1.969
 0.936,-1.998
 0.916,-2.011
 0.935,-2.014
 0.936,-2.035
 0.927,-2.045
 0.939,-2.042
 0.946,-2.029
 0.946,-2.029
 0.947,-2.011
 0.954,-1.996
 0.964,-1.970
 0.972,-1.959
 0.964,-1.933
 0.974,-1.925
 0.965,-1.917
 0.968,-1.906
 0.960,-1.882
 0.968,-1.853
 0.959,-1.861
 0.956,-1.872
 0.974,-1.870
 0.971,-1.845
 0.962,-1.836
 0.955,-1.815
 0.946,-1.806
 0.958,-1.822
 0.967,-1.830
 0.957,-1.838
 0.957,-1.838
 0.945,-1.859
 0.936,-1.870
 0.936,-1.869
 0.936,-1.870
 0.936,-1.870
 0.934,-1.865
 0.947,-1.864
 0.950,-1.853
 0.951,-1.837
 0.950,-1.816
 0.947,-1.790
 0.946,-1.807
 0.943,-1.781
 0.943,-1.745
 0.945,-1.713
 0.945,-1.694
 0.938,-1.656
 0.937,-1.635
 0.938,-1.654
 0.946,-1.625
 0.935,-1.631
 0.928,-1.643
 0.928,-1.643
 0.926,-1.639
 0.918,-1.651
 0.934,-1.645
 0.937,-1.633
 0.929,-1.611
 0.940,-1.623
 0.950,-1.615
 0.929,-1.609
 0.929,-1.609
 0.936,-1.594
 0.934,-1.590
 0.925,-1.600
 0.915,-1.572
 0.919,-1.543
 0.909,-1.517
 0.919,-1.506
 0.927,-1.515
 0.926,-1.511
 0.917,-1.502
 0.907,-1.474
 0.898,-1.484
 0.918,-1.470
 0.917,-1.466
 0.910,-1.462
 0.900,-1.435
 0.901,-1.455
 0.901,-1.455
 0.899,-1.451
 0.919,-1.453
 0.909,-1.441
 0.889,-1.439
 0.908,-1.458
 0.887,-1.453
 0.908,-1.460
 0.899,-1.451
 0.899,-1.470
 0.910,-1.498
 0.917,-1.502
 0.908,-1.496
 0.916,-1.521
 0.898,-1.539
 0.908,-1.551
 0.906,-1.547
 0.909,-1.535
 0.919,-1.510
 0.919,-1.527
 0.929,-1.537
 0.917,-1.541
 0.928,-1.517
 0.937,-1.507
 0.935,-1.503
 0.945,-1.531
 0.953,-1.537
 0.956,-1.544
 0.956,-1.544
 0.974,-1.542
 0.984,-1.570
 0.991,-1.593
 0.992,-1.613
 0.974,-1.615
 0.984,-1.607
 0.986,-1.611
 0.973,-1.613
 0.983,-1.642
 0.975,-1.654
 0.975,-1.654
 0.967,-1.632
 0.975,-1.619
 0.976,-1.621
 0.984,-1.609
 0.973,-1.613
 0.982,-1.640
 0.979,-1.617
 0.982,-1.605
 0.973,-1.597
 0.965,-1.625
 0.976,-1.638
 0.974,-1.633
 0.974,-1.633
 0.954,-1.631
 0.935,-1.649
 0.937,-1.617
 0.944,-1.603
 0.927,-1.625
 0.927,-1.625
 0.919,-1.656
 0.930,-1.650
 0.909,-1.645
 0.900,-1.674
 0.889,-1.716
 0.869,-1.730
 0.870,-1.732
 0.858,-1.718
 0.813,-1.732
 0.804,-1.760
 0.738,-1.786
 0.654,-1.798
 0.644,-1.822
 0.672,-1.849
 0.710,-1.833
 0.719,-1.839
 0.758,-1.844
 0.785,-1.850
 0.814,-1.860
 0.852,-1.845
 0.872,-1.847
 0.902,-1.879
 0.900,-1.911
 0.948,-1.940
 0.975,-1.930
 0.993,-1.943
 1.012,-1.962
 1.028,-1.957
 1.050,-1.999
 1.059,-2.028
 1.078,-2.046
 1.099,-2.052
 1.126,-2.039
 1.136,-2.068
 1.135,-2.120
 1.152,-2.134
 1.155,-2.142
 1.153,-2.120
 1.172,-2.139
 1.172,-2.139
 1.193,-2.142
 1.215,-2.113
 1.232,-2.092
 1.243,-2.103
 1.249,-2.124
 1.237,-2.145
 1.228,-2.155
 1.225,-2.113
 1.248,-2.085
 1.239,-2.077
 1.238,-2.092
 1.232,-2.127
 1.227,-2.119
 1.211,-2.105
 1.211,-2.105
 1.190,-2.118
 1.182,-2.113
 1.180,-2.089
 1.171,-2.100
 1.172,-2.066
 1.163,-2.039
 1.168,-1.994
 1.166,-1.955
 1.156,-1.963
 1.155,-1.942
 1.152,-1.953
 1.152,-1.990
 1.148,-1.964
 1.152,-1.953
 1.135,-1.976
 1.144,-2.002
 1.146,-2.060
 1.114,-2.062
 1.115,-2.102
 1.107,-2.131
 1.105,-2.146
 1.088,-2.167
 1.076,-2.154
 1.076,-2.154
 1.087,-2.164
 1.078,-2.175
 1.073,-2.141
 1.101,-2.112
 1.111,-2.104
 1.099,-2.107
 1.097,-2.102
 1.097,-2.102
 1.093,-2.075
 1.114,-2.063
 1.117,-2.013
 1.116,-1.976
 1.127,-1.989
 1.125,-1.984
 1.115,-1.973
 1.115,-1.992
 1.104,-1.979
 1.106,-1.984
 1.114,-1.989
 1.116,-1.957
 1.104,-1.926
 1.104,-1.889
 1.089,-1.896
 1.107,-1.876
 1.098,-1.849
 1.108,-1.823
 1.086,-1.781
 1.106,-1.765
 1.103,-1.777
 1.103,-1.777
 1.104,-1.761
 1.095,-1.734
 1.079,-1.741
 1.087,-1.747
 1.069,-1.765
 1.058,-1.773
 1.066,-1.779
 1.067,-1.799
 1.075,-1.769
 1.076,-1.752
 1.067,-1.726
 1.076,-1.718
 1.070,-1.714
 1.107,-1.694
 1.088,-1.712
 1.098,-1.704
 1.094,-1.679
 1.115,-1.663
 1.112,-1.640
 1.122,-1.651
 1.133,-1.645
 1.133,-1.645
 1.144,-1.657
 1.161,-1.672
 1.152,-1.682
 1.180,-1.672
 1.159,-1.667
 1.161,-1.672
 1.179,-1.670
 1.180,-1.672
 1.189,-1.662
 1.179,-1.670
 1.182,-1.695
 1.173,-1.668
 1.183,-1.660
 1.183,-1.660
 1.179,-1.635
 1.181,-1.637
 1.177,-1.631
 1.177,-1.631
 1.178,-1.651
 1.168,-1.641
 1.171,-1.629
 1.171,-1.592
 1.170,-1.572
 1.171,-1.592
 1.167,-1.584
 1.150,-1.569
 1.140,-1.541
 1.141,-1.524
 1.142,-1.508
 1.150,-1.496
 1.143,-1.492
 1.134,-1.483
 1.134,-1.483
 1.143,-1.492
 1.150,-1.514
 1.123,-1.490
 1.140,-1.486
 1.140,-1.504
 1.151,-1.516
 1.131,-1.532
 1.134,-1.573
 1.123,-1.563
 1.132,-1.571
 1.142,-1.582
 1.139,-1.594
 1.132,-1.608
 1.123,-1.616
 1.123,-1.616
 1.142,-1.635
 1.129,-1.657
 1.152,-1.608
 1.154,-1.576
 1.163,-1.565
 1.173,-1.576
 1.172,-1.574
 1.173,-1.574
 1.180,-1.543
 1.159,-1.557
 1.159,-1.557
 1.160,-1.576
 1.153,-1.590
 1.153,-1.590
 1.144,-1.582
 1.154,-1.611
 1.161,-1.614
 1.163,-1.619
 1.124,-1.598
 1.114,-1.588
 1.133,-1.588
 1.103,-1.575
 1.089,-1.583
 1.080,-1.577
 1.072,-1.569
 1.072,-1.569
 1.077,-1.552
 1.067,-1.561
 1.036,-1.564
 1.045,-1.554
 1.046,-1.538
 1.036,-1.509
 1.050,-1.507
 1.041,-1.462
 1.050,-1.454
 1.050,-1.471
 1.057,-1.457
 1.059,-1.461
 1.058,-1.440
 1.068,-1.414
 1.059,-1.424
 1.056,-1.420
 1.088,-1.416
 1.071,-1.401
 1.081,-1.411
 1.081,-1.411
 1.068,-1.397
 1.069,-1.397
 1.066,-1.410
 1.074,-1.435
 1.085,-1.410
 1.095,-1.402
 1.099,-1.373
 1.116,-1.353
 1.126,-1.363
 1.154,-1.372
 1.170,-1.403
 1.181,-1.415
 1.200,-1.397
 1.209,-1.405
 1.210,-1.407
 1.217,-1.448
 1.239,-1.454
 1.229,-1.481
 1.233,-1.486
 1.252,-1.523
 1.239,-1.527
 1.230,-1.538
 1.238,-1.562
 1.227,-1.587
 1.209,-1.570
 1.217,-1.558
 1.201,-1.546
 1.201,-1.546
 1.192,-1.554
 1.210,-1.591
 1.199,-1.578
 1.182,-1.582
 1.201,-1.564
 1.200,-1.580
 1.200,-1.599
 1.197,-1.611
 1.182,-1.617
 1.174,-1.611
 1.176,-1.615
 1.187,-1.646
 1.183,-1.637
 1.156,-1.650
 1.163,-1.637
 1.151,-1.641
 1.162,-1.651
 1.151,-1.639
 1.144,-1.616
 1.145,-1.600
 1.135,-1.608
 1.135,-1.608
 1.133,-1.604
 1.125,-1.598
 1.125,-1.561
 1.105,-1.577
 1.087,-1.579
 1.095,-1.567
 1.069,-1.563
 1.070,-1.546
 1.051,-1.565
 1.072,-1.585
 1.049,-1.597
 1.032,-1.583
 1.022,-1.591
 1.020,-1.605
 1.020,-1.642
 1.018,-1.656
 1.011,-1.670
 1.001,-1.697
 1.011,-1.707
 1.002,-1.736
 1.009,-1.739
 1.011,-1.781
 1.011,-1.799
 1.010,-1.815
 1.012,-1.838
 1.029,-1.833
 1.039,-1.844
 1.049,-1.873
 1.060,-1.867
 1.071,-1.862
 1.080,-1.833
 1.100,-1.836
 1.088,-1.857
 1.113,-1.879
 1.123,-1.869
 1.140,-1.866
 1.143,-1.874
 1.154,-1.884
 1.162,-1.892
 1.165,-1.897
 1.180,-1.890
 1.171,-1.900
 1.189,-1.935
 1.188,-1.987
 1.199,-2.000
 1.197,-1.995
 1.211,-2.016
 1.222,-1.992
 1.222,-2.010
 1.232,-2.040
 1.220,-2.061
 1.229,-2.071
 1.247,-2.050
 1.253,-2.072
 1.273,-2.074
 1.272,-2.090
 1.284,-2.088
 1.275,-2.061
 1.284,-2.087
 1.293,-2.132
 1.288,-2.158
 1.271,-2.161
 1.263,-2.155
 1.254,-2.129
 1.256,-2.116
 1.226,-2.121
 1.228,-2.105
 1.218,-2.113
 1.199,-2.131
 1.191,-2.144
 1.189,-2.139
 1.172,-2.126
 1.145,-2.099
 1.114,-2.083
 1.133,-2.102
 1.130,-2.097
 1.123,-2.110
 1.104,-2.091
 1.113,-2.099
 1.106,-2.096
 1.085,-2.109
 1.096,-2.104
 1.105,-2.112
 1.094,-2.099
 1.087,-2.112
 1.074,-2.096
 1.075,-2.117
 1.088,-2.096
 1.099,-2.091
 1.101,-2.059
 1.107,-2.060
 1.098,-2.070
 1.107,-2.059
 1.085,-2.052
 1.095,-2.028
 1.103,-2.015
 1.114,-2.010
 1.125,-2.005
 1.124,-1.984
 1.144,-1.968
 1.152,-1.973
 1.179,-1.963
 1.198,-1.908
 1.179,-1.890
 1.190,-1.866
 1.196,-1.869
 1.198,-1.890
 1.209,-1.885
 1.230,-1.889
 1.222,-1.902
 1.239,-1.916
 1.249,-1.945
 1.256,-1.966
 1.261,-2.004
 1.252,-2.014
 1.242,-2.003
 1.246,-1.993
 1.267,-1.979
 1.267,-1.998
 1.279,-2.011
 1.283,-1.993
 1.274,-2.001
 1.274,-2.001
 1.273,-1.998
 1.275,-1.985
 1.272,-1.943
 1.276,-1.932
 1.286,-1.906
 1.287,-1.890
 1.309,-1.858
 1.305,-1.796
 1.315,-1.769
 1.321,-1.755
 1.318,-1.748
 1.302,-1.734
 1.310,-1.705
 1.313,-1.691
 1.314,-1.675
 1.303,-1.699
 1.314,-1.712
 1.303,-1.718
 1.285,-1.757
 1.257,-1.783
 1.255,-1.817
 1.239,-1.803
 1.245,-1.788
 1.236,-1.799
 1.239,-1.785
 1.231,-1.779
 1.233,-1.747
 1.222,-1.734
 1.212,-1.723
 1.200,-1.692
 1.205,-1.676
 1.198,-1.651
 1.195,-1.629
 1.197,-1.633
 1.209,-1.627
 1.191,-1.629
 1.211,-1.631
 1.198,-1.653
 1.198,-1.653
 1.219,-1.656
 1.228,-1.646
 1.220,-1.658
 1.225,-1.641
 1.237,-1.636
 1.255,-1.617
 1.276,-1.564
 1.307,-1.524
 1.323,-1.463
 1.352,-1.437
 1.372,-1.382
 1.389,-1.325
 1.379,-1.297
 1.397,-1.277
 1.370,-1.270
 1.381,-1.280
 1.370,-1.270
 1.344,-1.281
 1.324,-1.279
 1.306,-1.318
 1.277,-1.344
 1.246,-1.385
 1.229,-1.425
 1.217,-1.448
 1.200,-1.488
 1.174,-1.521
 1.157,-1.559
 1.139,-1.598
 1.127,-1.622
 1.117,-1.649
 1.097,-1.647
 1.084,-1.667
 1.056,-1.695
 1.046,-1.685
 1.039,-1.679
 1.031,-1.673
 1.021,-1.644
 1.021,-1.646
 1.010,-1.650
 1.010,-1.650
 1.021,-1.644
 1.000,-1.621
 1.022,-1.591
 1.010,-1.595
 1.031,-1.581
 1.033,-1.585
 1.059,-1.591
 1.079,-1.594
 1.088,-1.600
 1.088,-1.583
 1.087,-1.563
 1.113,-1.567
 1.123,-1.596
 1.141,-1.594
 1.152,-1.606
 1.163,-1.619
 1.153,-1.645
 1.173,-1.647
 1.169,-1.659
 1.171,-1.680
