-0.157, 0.906
-0.157, 0.891
-0.150, 0.898
-0.150, 0.883
-0.150, 0.884
-0.150, 0.884
-0.157, 0.876
-0.165, 0.869
-0.165, 0.869
-0.173, 0.862
-0.165, 0.854
-0.180, 0.839
-0.180, 0.839
-0.187, 0.832
-0.180, 0.839
-0.180, 0.824
-0.180, 0.824
-0.180, 0.825
-0.165, 0.824
-0.165, 0.825
-0.173, 0.803
-0.181, 0.796
-0.180, 0.780
-0.187, 0.757
-0.187, 0.743
-0.195, 0.735
-0.195, 0.721
-0.211, 0.706
-0.218, 0.684
-0.211, 0.677
-0.219, 0.669
-0.211, 0.661
-0.219, 0.639
-0.211, 0.632
-0.219, 0.610
-0.211, 0.617
-0.219, 0.625
-0.219, 0.625
-0.211, 0.632
-0.203, 0.639
-0.203, 0.639
-0.203, 0.654
-0.203, 0.654
-0.211, 0.662
-0.211, 0.662
-0.211, 0.662
-0.218, 0.669
-0.211, 0.662
-0.210, 0.661
-0.211, 0.677
-0.203, 0.699
-0.203, 0.728
-0.204, 0.773
-0.219, 0.802
-0.227, 0.826
-0.212, 0.855
-0.235, 0.877
-0.243, 0.900
-0.251, 0.907
-0.244, 0.929
-0.243, 0.929
-0.228, 0.928
-0.220, 0.921
-0.220, 0.921
-0.205, 0.907
-0.198, 0.914
-0.175, 0.893
-0.168, 0.871
-0.182, 0.825
-0.182, 0.781
-0.181, 0.750
-0.173, 0.728
-0.150, 0.720
-0.150, 0.691
-0.143, 0.669
-0.127, 0.654
-0.127, 0.624
-0.127, 0.609
-0.119, 0.572
-0.119, 0.557
-0.112, 0.550
-0.104, 0.542
-0.104, 0.542
-0.104, 0.542
-0.104, 0.542
-0.103, 0.572
-0.096, 0.564
-0.104, 0.572
-0.111, 0.564
-0.111, 0.564
-0.096, 0.579
-0.096, 0.594
-0.096, 0.594
-0.103, 0.601
-0.104, 0.587
-0.111, 0.594
-0.119, 0.587
-0.096, 0.594
-0.096, 0.609
-0.089, 0.601
-0.096, 0.623
-0.088, 0.631
-0.104, 0.631
-0.104, 0.631
-0.111, 0.624
-0.104, 0.616
-0.103, 0.616
-0.089, 0.616
-0.096, 0.609
-0.104, 0.602
-0.096, 0.594
-0.104, 0.587
-0.104, 0.572
-0.096, 0.564
-0.088, 0.542
-0.088, 0.557
-0.089, 0.542
-0.089, 0.542
-0.089, 0.497
-0.081, 0.505
-0.081, 0.475
-0.066, 0.460
-0.074, 0.453
-0.066, 0.445
-0.058, 0.438
-0.050, 0.460
-0.058, 0.468
-0.050, 0.475
-0.058, 0.482
-0.058, 0.512
-0.058, 0.542
-0.058, 0.557
-0.058, 0.586
-0.058, 0.601
-0.035, 0.623
-0.042, 0.660
-0.050, 0.683
-0.058, 0.720
-0.073, 0.735
-0.066, 0.742
-0.065, 0.742
-0.074, 0.750
-0.089, 0.750
-0.081, 0.757
-0.104, 0.750
-0.104, 0.734
-0.119, 0.735
-0.119, 0.750
-0.112, 0.742
-0.104, 0.765
-0.128, 0.773
-0.143, 0.773
-0.158, 0.773
-0.165, 0.750
-0.150, 0.750
-0.150, 0.750
-0.150, 0.735
-0.142, 0.743
-0.135, 0.750
-0.135, 0.750
-0.127, 0.757
-0.143, 0.773
-0.143, 0.773
-0.135, 0.780
-0.135, 0.780
-0.157, 0.772
-0.158, 0.758
-0.158, 0.758
-0.158, 0.758
-0.165, 0.751
-0.173, 0.743
-0.173, 0.728
-0.181, 0.706
-0.188, 0.698
-0.188, 0.684
-0.203, 0.684
-0.211, 0.677
-0.219, 0.684
-0.211, 0.691
-0.204, 0.714
-0.203, 0.714
-0.204, 0.714
-0.211, 0.706
-0.211, 0.706
-0.219, 0.699
-0.226, 0.706
-0.234, 0.699
-0.234, 0.699
-0.242, 0.692
-0.226, 0.677
-0.241, 0.662
-0.242, 0.647
-0.249, 0.655
-0.242, 0.632
-0.243, 0.633
-0.258, 0.618
-0.266, 0.611
-0.265, 0.595
-0.256, 0.573
-0.241, 0.573
-0.241, 0.587
-0.227, 0.588
-0.219, 0.610
-0.211, 0.617
-0.211, 0.632
-0.203, 0.639
-0.218, 0.654
-0.210, 0.661
-0.203, 0.669
-0.211, 0.677
-0.188, 0.684
-0.173, 0.684
-0.180, 0.691
-0.180, 0.676
-0.172, 0.684
-0.172, 0.683
-0.157, 0.669
-0.157, 0.654
-0.165, 0.647
-0.165, 0.632
-0.165, 0.632
-0.165, 0.617
-0.180, 0.587
-0.172, 0.595
-0.165, 0.572
-0.164, 0.572
-0.165, 0.572
-0.157, 0.565
-0.164, 0.572
-0.157, 0.565
-0.164, 0.557
-0.157, 0.550
-0.142, 0.565
-0.134, 0.542
-0.141, 0.535
-0.141, 0.535
-0.141, 0.520
-0.127, 0.535
-0.134, 0.527
-0.135, 0.543
-0.135, 0.543
-0.134, 0.528
-0.142, 0.520
-0.148, 0.498
-0.141, 0.505
-0.148, 0.513
-0.134, 0.513
-0.142, 0.535
-0.141, 0.520
-0.134, 0.528
-0.141, 0.505
-0.149, 0.483
-0.149, 0.483
-0.157, 0.461
-0.164, 0.453
-0.156, 0.446
-0.164, 0.453
-0.157, 0.446
-0.172, 0.431
-0.164, 0.424
-0.164, 0.409
-0.172, 0.387
-0.172, 0.387
-0.180, 0.394
-0.173, 0.402
-0.172, 0.402
-0.180, 0.394
-0.172, 0.387
-0.195, 0.394
-0.196, 0.394
-0.195, 0.409
-0.195, 0.409
-0.195, 0.439
-0.195, 0.454
-0.204, 0.491
-0.203, 0.521
-0.211, 0.543
-0.211, 0.572
-0.211, 0.587
-0.196, 0.617
-0.188, 0.624
-0.181, 0.647
-0.189, 0.655
-0.196, 0.647
-0.204, 0.640
-0.203, 0.624
-0.211, 0.617
-0.203, 0.624
-0.211, 0.617
-0.226, 0.617
-0.234, 0.625
-0.234, 0.610
-0.235, 0.625
-0.242, 0.603
-0.234, 0.595
-0.241, 0.602
-0.227, 0.588
-0.234, 0.580
-0.257, 0.558
-0.257, 0.558
-0.249, 0.551
-0.265, 0.566
-0.257, 0.558
-0.265, 0.566
-0.273, 0.558
-0.280, 0.551
-0.272, 0.543
-0.280, 0.551
-0.280, 0.551
-0.272, 0.543
-0.257, 0.558
-0.272, 0.573
-0.257, 0.588
-0.257, 0.588
-0.250, 0.595
-0.257, 0.588
-0.249, 0.595
-0.249, 0.625
-0.233, 0.669
-0.210, 0.691
-0.210, 0.721
-0.195, 0.751
-0.187, 0.758
-0.195, 0.781
-0.196, 0.781
-0.203, 0.788
-0.219, 0.774
-0.226, 0.766
-0.234, 0.758
-0.234, 0.758
-0.225, 0.765
-0.234, 0.773
-0.218, 0.773
-0.211, 0.766
-0.218, 0.759
-0.211, 0.751
-0.211, 0.736
-0.203, 0.743
-0.203, 0.729
-0.203, 0.728
-0.195, 0.721
-0.188, 0.743
-0.180, 0.750
-0.188, 0.743
-0.172, 0.743
-0.157, 0.758
-0.149, 0.765
-0.133, 0.780
-0.133, 0.780
-0.126, 0.802
-0.133, 0.809
-0.133, 0.810
-0.133, 0.824
-0.141, 0.817
-0.133, 0.810
-0.133, 0.809
-0.141, 0.817
-0.141, 0.802
-0.156, 0.802
-0.141, 0.817
-0.141, 0.831
-0.133, 0.839
-0.133, 0.869
-0.141, 0.876
-0.133, 0.869
-0.140, 0.876
-0.141, 0.876
-0.118, 0.883
-0.110, 0.877
-0.134, 0.870
-0.141, 0.863
-0.156, 0.848
-0.156, 0.832
-0.163, 0.809
-0.171, 0.802
-0.186, 0.802
-0.195, 0.810
-0.195, 0.810
-0.195, 0.810
-0.203, 0.818
-0.218, 0.817
-0.210, 0.825
-0.218, 0.847
-0.217, 0.847
-0.233, 0.892
-0.233, 0.921
-0.241, 0.944
-0.234, 0.966
-0.226, 0.989
-0.234, 0.996
-0.233, 1.010
-0.226, 1.004
-0.226, 1.003
-0.234, 0.996
-0.241, 1.004
-0.256, 1.003
-0.272, 1.019
-0.280, 1.041
-0.272, 1.034
-0.288, 1.064
-0.280, 1.056
-0.280, 1.072
-0.288, 1.078
-0.288, 1.078
-0.295, 1.070
-0.295, 1.070
-0.295, 1.071
-0.302, 1.048
-0.318, 1.049
-0.303, 1.049
-0.317, 1.047
-0.310, 1.055
-0.325, 1.055
-0.326, 1.071
-0.326, 1.071
-0.319, 1.079
-0.328, 1.089
-0.328, 1.088
-0.343, 1.058
-0.342, 1.041
-0.348, 1.003
-0.364, 0.989
-0.363, 0.973
-0.364, 0.945
-0.372, 0.939
-0.372, 0.908
-0.365, 0.901
-0.372, 0.893
-0.388, 0.894
-0.387, 0.864
-0.410, 0.856
-0.418, 0.835
-0.425, 0.812
-0.425, 0.797
-0.433, 0.790
-0.425, 0.767
-0.426, 0.753
-0.433, 0.745
-0.433, 0.730
-0.433, 0.730
-0.433, 0.715
-0.433, 0.716
-0.448, 0.701
-0.433, 0.701
-0.433, 0.701
-0.441, 0.678
-0.433, 0.686
-0.440, 0.663
-0.425, 0.663
-0.426, 0.649
-0.433, 0.626
-0.426, 0.604
-0.417, 0.582
-0.417, 0.552
-0.409, 0.530
-0.401, 0.507
-0.418, 0.493
-0.402, 0.478
-0.411, 0.470
-0.395, 0.485
-0.380, 0.470
-0.388, 0.463
-0.379, 0.455
-0.379, 0.470
-0.372, 0.463
-0.387, 0.463
-0.387, 0.463
-0.386, 0.463
-0.394, 0.470
-0.402, 0.478
-0.387, 0.492
-0.380, 0.515
-0.387, 0.522
-0.395, 0.530
-0.403, 0.537
-0.402, 0.537
-0.403, 0.552
-0.433, 0.582
-0.441, 0.589
-0.441, 0.634
-0.448, 0.641
-0.457, 0.649
-0.457, 0.664
-0.457, 0.664
-0.450, 0.657
-0.464, 0.642
-0.472, 0.649
-0.463, 0.641
-0.456, 0.619
-0.448, 0.611
-0.455, 0.589
-0.464, 0.597
-0.456, 0.604
-0.472, 0.605
-0.464, 0.597
-0.464, 0.597
-0.456, 0.589
-0.463, 0.582
-0.433, 0.597
-0.441, 0.604
-0.426, 0.619
-0.435, 0.627
-0.427, 0.634
-0.434, 0.627
-0.418, 0.641
-0.424, 0.663
-0.433, 0.701
-0.425, 0.723
-0.426, 0.723
-0.419, 0.745
-0.419, 0.745
-0.404, 0.746
-0.403, 0.745
-0.418, 0.716
-0.418, 0.701
-0.410, 0.663
-0.418, 0.641
-0.417, 0.626
-0.411, 0.604
-0.403, 0.582
-0.403, 0.582
-0.418, 0.552
-0.417, 0.522
-0.433, 0.493
-0.425, 0.485
-0.425, 0.485
-0.418, 0.493
-0.425, 0.515
-0.419, 0.508
-0.418, 0.522
-0.418, 0.508
-0.418, 0.508
-0.394, 0.500
-0.395, 0.515
-0.388, 0.522
-0.387, 0.522
-0.380, 0.530
-0.372, 0.522
-0.379, 0.515
-0.379, 0.529
-0.371, 0.552
-0.341, 0.566
-0.333, 0.589
-0.319, 0.604
-0.319, 0.619
-0.326, 0.611
-0.333, 0.603
-0.332, 0.588
-0.340, 0.581
-0.333, 0.588
-0.348, 0.589
-0.341, 0.581
-0.341, 0.581
-0.349, 0.574
-0.364, 0.544
-0.372, 0.522
-0.380, 0.485
-0.372, 0.463
-0.372, 0.477
-0.364, 0.485
-0.364, 0.500
-0.357, 0.492
-0.364, 0.485
-0.357, 0.492
-0.364, 0.485
-0.348, 0.500
-0.334, 0.514
-0.333, 0.529
-0.342, 0.537
-0.349, 0.529
-0.349, 0.529
-0.357, 0.522
-0.364, 0.514
-0.349, 0.529
-0.349, 0.529
-0.365, 0.529
-0.365, 0.529
-0.364, 0.529
-0.372, 0.522
-0.387, 0.507
-0.372, 0.507
-0.380, 0.500
-0.379, 0.500
-0.364, 0.500
-0.379, 0.500
-0.395, 0.485
-0.395, 0.485
-0.395, 0.485
-0.396, 0.485
-0.388, 0.492
-0.395, 0.485
-0.395, 0.470
-0.409, 0.470
-0.410, 0.456
-0.417, 0.448
-0.426, 0.441
-0.426, 0.456
-0.425, 0.426
-0.441, 0.411
-0.441, 0.396
-0.441, 0.381
-0.449, 0.374
-0.448, 0.359
-0.464, 0.344
-0.449, 0.330
-0.449, 0.329
-0.441, 0.322
-0.448, 0.300
-0.434, 0.314
-0.419, 0.299
-0.426, 0.277
-0.426, 0.277
-0.425, 0.263
-0.425, 0.248
-0.418, 0.240
-0.425, 0.218
-0.426, 0.218
-0.410, 0.218
-0.411, 0.203
-0.410, 0.188
-0.410, 0.188
-0.418, 0.181
-0.403, 0.181
-0.396, 0.173
-0.395, 0.173
-0.395, 0.173
-0.388, 0.165
-0.380, 0.158
-0.388, 0.151
-0.379, 0.159
-0.387, 0.151
-0.372, 0.151
-0.364, 0.188
-0.357, 0.195
-0.366, 0.216
-0.358, 0.209
-0.358, 0.209
-0.356, 0.210
-0.341, 0.210
-0.341, 0.225
-0.341, 0.240
-0.334, 0.262
-0.319, 0.276
-0.319, 0.291
-0.311, 0.298
-0.311, 0.298
-0.304, 0.306
-0.303, 0.306
-0.311, 0.299
-0.310, 0.299
-0.311, 0.299
-0.304, 0.306
-0.288, 0.291
-0.273, 0.291
-0.281, 0.284
-0.273, 0.276
-0.266, 0.283
-0.265, 0.284
-0.258, 0.291
-0.249, 0.313
-0.242, 0.306
-0.234, 0.328
-0.234, 0.328
-0.226, 0.365
-0.219, 0.402
-0.226, 0.454
-0.227, 0.513
-0.219, 0.551
-0.212, 0.618
-0.197, 0.662
-0.189, 0.699
-0.166, 0.721
-0.158, 0.743
-0.166, 0.766
-0.135, 0.780
-0.128, 0.803
-0.128, 0.833
-0.128, 0.848
-0.120, 0.855
-0.112, 0.862
-0.112, 0.862
-0.097, 0.876
-0.104, 0.883
-0.097, 0.906
-0.082, 0.921
-0.090, 0.959
-0.075, 0.959
-0.082, 0.951
-0.090, 0.944
-0.097, 0.936
-0.105, 0.914
-0.097, 0.906
-0.112, 0.876
-0.113, 0.862
-0.105, 0.854
-0.113, 0.832
-0.105, 0.825
-0.113, 0.832
-0.106, 0.855
-0.090, 0.869
-0.098, 0.862
-0.074, 0.884
-0.074, 0.883
-0.059, 0.913
-0.051, 0.935
-0.051, 0.950
-0.044, 0.973
-0.052, 0.980
-0.052, 0.980
-0.036, 0.979
-0.013, 0.987
-0.013, 1.002
 0.010, 1.009
 0.025, 1.011
 0.033, 1.017
 0.017, 1.018
 0.025, 1.010
 0.017, 1.016
 0.033, 1.002
 0.041, 0.993
 0.041, 0.979
 0.033, 0.972
 0.040, 0.965
 0.033, 0.958
 0.026, 0.935
 0.026, 0.921
 0.018, 0.898
 0.026, 0.860
 0.026, 0.861
 0.033, 0.853
 0.018, 0.868
 0.026, 0.861
 0.018, 0.853
 0.010, 0.861
 0.003, 0.883
 0.003, 0.899
-0.005, 0.906
-0.013, 0.913
-0.013, 0.928
-0.013, 0.942
-0.020, 0.950
-0.012, 0.958
-0.028, 0.957
-0.012, 0.958
-0.004, 0.979
-0.005, 1.010
 0.003, 1.032
-0.005, 1.039
-0.005, 1.055
-0.005, 1.054
-0.005, 1.054
-0.005, 1.053
-0.013, 1.076
-0.005, 1.084
-0.005, 1.098
-0.005, 1.100
-0.013, 1.093
-0.020, 1.100
-0.028, 1.107
-0.020, 1.098
-0.012, 1.120
-0.012, 1.135
-0.012, 1.150
-0.028, 1.166
-0.035, 1.173
-0.043, 1.167
-0.051, 1.159
-0.066, 1.144
-0.089, 1.122
-0.082, 1.113
-0.097, 1.099
-0.104, 1.092
-0.120, 1.092
-0.112, 1.085
-0.112, 1.084
-0.135, 1.078
-0.143, 1.100
-0.150, 1.107
-0.159, 1.116
-0.150, 1.122
-0.151, 1.137
-0.158, 1.144
-0.174, 1.159
-0.181, 1.153
-0.196, 1.137
-0.189, 1.130
-0.189, 1.145
-0.196, 1.137
-0.205, 1.145
-0.204, 1.144
-0.205, 1.145
-0.212, 1.138
-0.204, 1.130
-0.212, 1.138
-0.219, 1.129
-0.235, 1.130
-0.227, 1.107
-0.234, 1.099
-0.235, 1.100
-0.219, 1.085
-0.212, 1.079
-0.205, 1.087
-0.212, 1.065
-0.220, 1.057
-0.226, 1.033
-0.234, 1.025
-0.234, 1.025
-0.242, 1.018
-0.234, 1.012
-0.242, 1.004
-0.265, 1.012
-0.265, 0.997
-0.280, 0.982
-0.273, 0.975
-0.272, 0.959
-0.272, 0.945
-0.272, 0.929
-0.288, 0.930
-0.288, 0.931
-0.288, 0.930
-0.288, 0.931
-0.288, 0.930
-0.287, 0.915
-0.296, 0.923
-0.303, 0.915
-0.311, 0.908
-0.318, 0.915
-0.334, 0.916
-0.341, 0.923
-0.333, 0.930
-0.349, 0.946
-0.341, 0.953
-0.349, 0.946
-0.349, 0.946
-0.356, 0.952
-0.357, 0.968
-0.364, 0.990
-0.365, 1.005
-0.357, 1.013
-0.364, 1.020
-0.364, 1.034
-0.356, 1.056
-0.365, 1.094
-0.366, 1.125
-0.358, 1.133
-0.367, 1.157
-0.351, 1.170
-0.358, 1.161
-0.357, 1.190
-0.357, 1.219
-0.365, 1.228
-0.373, 1.235
-0.373, 1.251
-0.381, 1.273
-0.388, 1.279
-0.389, 1.281
-0.389, 1.281
-0.396, 1.288
-0.405, 1.311
-0.411, 1.317
-0.412, 1.318
-0.411, 1.317
-0.426, 1.317
-0.435, 1.325
-0.450, 1.325
-0.443, 1.318
-0.443, 1.333
-0.450, 1.311
-0.450, 1.295
-0.441, 1.287
-0.450, 1.281
-0.450, 1.280
-0.443, 1.259
-0.443, 1.259
-0.442, 1.243
-0.435, 1.236
-0.442, 1.243
-0.442, 1.214
-0.427, 1.199
-0.426, 1.182
-0.426, 1.183
-0.411, 1.168
-0.404, 1.146
-0.404, 1.133
-0.396, 1.125
-0.382, 1.111
-0.381, 1.081
-0.388, 1.043
-0.395, 1.020
-0.379, 0.990
-0.379, 0.960
-0.379, 0.960
-0.387, 0.939
-0.388, 0.939
-0.387, 0.909
-0.380, 0.887
-0.380, 0.901
-0.395, 0.916
-0.388, 0.924
-0.402, 0.938
-0.419, 0.969
-0.426, 0.991
-0.427, 0.991
-0.419, 1.014
-0.419, 1.013
-0.434, 1.028
-0.433, 1.027
-0.449, 1.028
-0.442, 1.036
-0.441, 1.050
-0.443, 1.066
-0.434, 1.073
-0.434, 1.088
-0.427, 1.110
-0.426, 1.124
-0.427, 1.139
-0.442, 1.169
-0.442, 1.184
-0.434, 1.191
-0.441, 1.213
-0.442, 1.244
-0.442, 1.258
-0.435, 1.267
-0.459, 1.275
-0.466, 1.282
-0.482, 1.283
-0.480, 1.295
-0.480, 1.295
-0.473, 1.303
-0.480, 1.310
-0.474, 1.319
-0.480, 1.325
-0.489, 1.318
-0.497, 1.357
-0.504, 1.348
-0.505, 1.349
-0.505, 1.334
-0.504, 1.319
-0.512, 1.296
-0.503, 1.288
-0.511, 1.281
-0.503, 1.288
-0.504, 1.289
-0.505, 1.304
-0.504, 1.289
-0.513, 1.297
-0.504, 1.289
-0.505, 1.274
-0.505, 1.274
-0.496, 1.266
-0.473, 1.259
-0.466, 1.237
-0.466, 1.222
-0.450, 1.207
-0.442, 1.198
-0.427, 1.185
-0.434, 1.191
-0.419, 1.177
-0.412, 1.170
-0.403, 1.161
-0.411, 1.155
-0.411, 1.154
-0.411, 1.124
-0.418, 1.116
-0.418, 1.102
-0.403, 1.087
-0.396, 1.080
-0.389, 1.089
-0.396, 1.081
-0.411, 1.065
-0.403, 1.072
-0.410, 1.063
-0.410, 1.064
-0.395, 1.095
-0.419, 1.102
-0.404, 1.103
-0.403, 1.087
-0.403, 1.087
-0.395, 1.094
-0.403, 1.116
-0.404, 1.147
-0.411, 1.169
-0.404, 1.178
-0.404, 1.192
-0.419, 1.206
-0.427, 1.243
-0.419, 1.250
-0.427, 1.273
-0.428, 1.289
-0.435, 1.296
-0.428, 1.319
-0.427, 1.332
-0.427, 1.347
-0.427, 1.347
-0.435, 1.340
-0.420, 1.370
-0.427, 1.376
-0.427, 1.378
-0.444, 1.394
-0.443, 1.393
-0.443, 1.393
-0.442, 1.406
-0.450, 1.400
-0.450, 1.400
-0.450, 1.398
-0.450, 1.400
-0.458, 1.407
-0.450, 1.414
-0.458, 1.421
-0.458, 1.421
-0.451, 1.415
-0.435, 1.415
-0.436, 1.402
-0.444, 1.410
-0.443, 1.408
-0.458, 1.408
-0.449, 1.412
-0.435, 1.429
-0.442, 1.437
-0.451, 1.430
-0.459, 1.423
-0.473, 1.422
-0.466, 1.401
-0.474, 1.394
-0.474, 1.378
-0.467, 1.372
-0.458, 1.348
-0.466, 1.326
-0.473, 1.303
-0.473, 1.288
-0.474, 1.289
-0.473, 1.288
-0.473, 1.289
-0.481, 1.281
-0.481, 1.281
-0.482, 1.268
-0.496, 1.266
-0.511, 1.251
-0.503, 1.243
-0.503, 1.258
-0.520, 1.275
-0.511, 1.281
-0.497, 1.298
-0.512, 1.313
-0.504, 1.319
-0.489, 1.334
-0.495, 1.354
-0.496, 1.370
-0.504, 1.378
-0.481, 1.400
-0.489, 1.393
-0.488, 1.406
-0.488, 1.421
-0.482, 1.445
-0.467, 1.445
-0.460, 1.470
-0.468, 1.477
-0.468, 1.478
-0.483, 1.476
-0.481, 1.459
-0.473, 1.436
-0.472, 1.434
-0.473, 1.421
-0.466, 1.430
-0.475, 1.409
-0.467, 1.416
-0.465, 1.399
-0.466, 1.385
-0.450, 1.369
-0.466, 1.370
-0.467, 1.372
-0.474, 1.363
-0.474, 1.349
-0.474, 1.318
-0.481, 1.295
-0.474, 1.274
-0.481, 1.250
-0.489, 1.199
-0.481, 1.177
-0.481, 1.162
-0.482, 1.148
-0.496, 1.118
-0.482, 1.104
-0.481, 1.089
-0.481, 1.073
-0.489, 1.066
-0.488, 1.065
-0.474, 1.081
-0.474, 1.081
-0.458, 1.096
-0.458, 1.096
-0.457, 1.094
-0.450, 1.117
-0.442, 1.109
-0.419, 1.117
-0.412, 1.140
-0.405, 1.163
-0.406, 1.194
-0.405, 1.208
-0.397, 1.214
-0.381, 1.213
-0.380, 1.212
-0.373, 1.206
-0.365, 1.198
-0.358, 1.192
-0.366, 1.184
-0.373, 1.176
-0.381, 1.169
-0.380, 1.169
-0.373, 1.176
-0.358, 1.177
-0.358, 1.161
-0.366, 1.140
-0.366, 1.125
-0.373, 1.116
-0.365, 1.109
-0.365, 1.094
-0.366, 1.095
-0.350, 1.094
-0.357, 1.072
-0.358, 1.058
-0.365, 1.034
-0.372, 1.012
-0.395, 1.005
-0.388, 0.983
-0.404, 0.983
-0.403, 0.998
-0.389, 1.014
-0.412, 1.006
-0.403, 0.998
-0.403, 0.998
-0.403, 0.983
-0.403, 0.968
-0.380, 0.961
-0.389, 0.969
-0.397, 0.962
-0.404, 0.940
-0.404, 0.910
-0.410, 0.886
-0.425, 0.871
-0.410, 0.871
-0.409, 0.871
-0.411, 0.872
-0.419, 0.879
-0.412, 0.872
-0.404, 0.880
-0.418, 0.894
-0.419, 0.924
-0.411, 0.946
-0.404, 0.983
-0.388, 1.013
-0.388, 1.057
-0.380, 1.109
-0.373, 1.161
-0.358, 1.192
-0.358, 1.221
-0.358, 1.236
-0.350, 1.244
-0.350, 1.243
-0.365, 1.228
-0.365, 1.228
-0.388, 1.221
-0.388, 1.207
-0.395, 1.199
-0.411, 1.185
-0.412, 1.170
-0.411, 1.139
-0.426, 1.125
-0.434, 1.117
-0.434, 1.103
-0.426, 1.095
-0.433, 1.086
-0.434, 1.103
-0.442, 1.110
-0.442, 1.111
-0.451, 1.119
-0.458, 1.141
-0.466, 1.149
-0.465, 1.162
-0.472, 1.169
-0.464, 1.177
-0.472, 1.184
-0.473, 1.215
-0.473, 1.229
-0.473, 1.244
-0.466, 1.252
-0.465, 1.266
-0.474, 1.275
-0.481, 1.281
-0.481, 1.297
-0.474, 1.319
-0.489, 1.318
-0.481, 1.327
-0.481, 1.341
-0.489, 1.334
-0.481, 1.341
-0.480, 1.340
-0.481, 1.341
-0.480, 1.325
-0.489, 1.319
-0.489, 1.304
-0.503, 1.289
-0.496, 1.267
-0.496, 1.251
-0.504, 1.230
-0.512, 1.208
-0.527, 1.178
-0.527, 1.149
-0.533, 1.110
-0.534, 1.095
-0.533, 1.080
-0.541, 1.073
-0.535, 1.082
-0.527, 1.103
-0.527, 1.103
-0.519, 1.096
-0.503, 1.095
-0.473, 1.096
-0.474, 1.082
-0.482, 1.060
-0.481, 1.060
-0.481, 1.044
-0.465, 1.043
-0.472, 1.035
-0.472, 1.050
-0.457, 1.065
-0.464, 1.073
-0.442, 1.095
-0.441, 1.080
-0.442, 1.081
-0.443, 1.067
-0.442, 1.051
-0.443, 1.037
-0.434, 1.028
-0.427, 1.007
-0.426, 0.991
-0.418, 0.969
-0.418, 0.954
-0.402, 0.938
-0.403, 0.939
-0.395, 0.931
-0.410, 0.901
-0.418, 0.894
-0.417, 0.864
-0.418, 0.865
-0.426, 0.857
-0.426, 0.857
-0.450, 0.865
-0.442, 0.872
-0.442, 0.887
-0.442, 0.931
-0.450, 0.983
-0.452, 1.044
-0.443, 1.066
-0.467, 1.089
-0.459, 1.096
-0.451, 1.102
-0.443, 1.095
-0.436, 1.087
-0.429, 1.066
-0.413, 1.036
-0.398, 1.022
-0.391, 1.000
-0.382, 0.947
-0.381, 0.917
-0.365, 0.886
-0.356, 0.848
-0.349, 0.841
-0.342, 0.834
-0.327, 0.835
-0.327, 0.820
-0.319, 0.797
-0.327, 0.775
-0.311, 0.744
-0.311, 0.745
-0.303, 0.737
-0.296, 0.715
-0.288, 0.737
-0.296, 0.759
-0.288, 0.767
-0.288, 0.797
-0.288, 0.782
-0.281, 0.789
-0.295, 0.774
-0.296, 0.775
-0.288, 0.767
-0.272, 0.767
-0.273, 0.782
-0.265, 0.789
-0.265, 0.804
-0.257, 0.811
-0.258, 0.826
-0.242, 0.841
-0.234, 0.848
-0.227, 0.841
-0.226, 0.810
-0.218, 0.803
-0.227, 0.781
-0.226, 0.766
-0.212, 0.752
-0.219, 0.745
-0.227, 0.708
-0.250, 0.655
-0.257, 0.618
-0.272, 0.573
-0.272, 0.558
-0.288, 0.529
-0.273, 0.514
-0.273, 0.484
-0.273, 0.469
-0.250, 0.491
-0.242, 0.499
-0.219, 0.506
-0.219, 0.521
-0.211, 0.528
-0.219, 0.536
-0.211, 0.528
-0.203, 0.550
-0.195, 0.573
-0.196, 0.588
-0.204, 0.610
-0.204, 0.625
-0.211, 0.647
-0.196, 0.677
-0.196, 0.707
-0.188, 0.729
-0.189, 0.729
-0.181, 0.751
-0.173, 0.744
-0.173, 0.744
-0.188, 0.744
-0.173, 0.729
-0.180, 0.736
-0.180, 0.751
-0.165, 0.766
-0.150, 0.766
-0.166, 0.766
-0.150, 0.766
-0.165, 0.751
-0.157, 0.743
-0.157, 0.743
-0.157, 0.728
-0.173, 0.729
-0.173, 0.729
-0.165, 0.721
-0.165, 0.721
-0.158, 0.699
-0.158, 0.684
-0.157, 0.669
-0.173, 0.640
-0.180, 0.632
-0.180, 0.632
-0.165, 0.647
-0.173, 0.654
-0.173, 0.655
-0.180, 0.662
-0.181, 0.662
-0.204, 0.670
-0.212, 0.677
-0.227, 0.707
-0.227, 0.722
-0.243, 0.707
-0.227, 0.692
-0.234, 0.670
-0.242, 0.662
-0.242, 0.647
-0.235, 0.640
-0.235, 0.640
-0.242, 0.633
-0.235, 0.625
-0.242, 0.618
-0.242, 0.603
-0.235, 0.595
-0.235, 0.596
-0.243, 0.588
-0.242, 0.588
-0.235, 0.581
-0.234, 0.566
-0.241, 0.558
-0.234, 0.551
-0.234, 0.551
-0.250, 0.536
-0.242, 0.514
-0.250, 0.491
-0.258, 0.469
-0.250, 0.447
-0.242, 0.424
-0.250, 0.402
-0.250, 0.357
-0.258, 0.335
-0.273, 0.306
-0.266, 0.283
-0.265, 0.269
-0.257, 0.246
-0.258, 0.246
-0.258, 0.231
-0.258, 0.216
-0.274, 0.201
-0.273, 0.171
-0.297, 0.149
-0.289, 0.142
-0.289, 0.142
-0.304, 0.157
-0.289, 0.142
-0.305, 0.142
-0.304, 0.142
-0.320, 0.142
-0.320, 0.157
-0.343, 0.165
-0.335, 0.187
-0.342, 0.195
-0.342, 0.195
-0.335, 0.202
-0.335, 0.217
-0.321, 0.246
-0.328, 0.253
-0.336, 0.261
-0.319, 0.276
-0.334, 0.292
-0.327, 0.328
-0.326, 0.358
-0.319, 0.395
-0.327, 0.432
-0.304, 0.455
-0.320, 0.455
-0.311, 0.477
-0.311, 0.477
-0.303, 0.499
-0.295, 0.507
-0.296, 0.551
-0.288, 0.559
-0.289, 0.559
-0.280, 0.551
-0.288, 0.559
-0.280, 0.551
-0.295, 0.536
-0.304, 0.529
-0.311, 0.522
-0.326, 0.507
-0.327, 0.477
-0.327, 0.462
-0.319, 0.440
-0.326, 0.418
-0.334, 0.410
-0.327, 0.403
-0.334, 0.410
-0.335, 0.410
-0.327, 0.432
-0.334, 0.440
-0.327, 0.447
-0.326, 0.447
-0.327, 0.447
-0.319, 0.470
-0.310, 0.462
-0.303, 0.484
-0.288, 0.514
-0.281, 0.536
-0.258, 0.559
-0.266, 0.551
-0.265, 0.536
-0.272, 0.529
-0.272, 0.514
-0.271, 0.529
-0.272, 0.514
-0.265, 0.521
-0.265, 0.521
-0.265, 0.521
-0.265, 0.521
-0.281, 0.506
-0.289, 0.499
-0.273, 0.484
-0.273, 0.469
-0.273, 0.469
-0.273, 0.454
-0.281, 0.477
-0.257, 0.484
-0.250, 0.491
-0.249, 0.506
-0.234, 0.506
-0.227, 0.513
-0.226, 0.513
-0.234, 0.521
-0.227, 0.528
-0.227, 0.528
-0.226, 0.528
-0.210, 0.543
-0.218, 0.565
-0.211, 0.603
-0.227, 0.648
-0.219, 0.700
-0.227, 0.752
-0.212, 0.796
-0.220, 0.818
-0.219, 0.833
-0.219, 0.848
-0.220, 0.878
-0.212, 0.886
-0.213, 0.901
-0.205, 0.909
-0.205, 0.909
-0.205, 0.908
-0.204, 0.893
-0.211, 0.884
-0.219, 0.863
-0.227, 0.856
-0.227, 0.841
-0.235, 0.849
-0.235, 0.833
-0.251, 0.834
-0.259, 0.827
-0.266, 0.804
-0.274, 0.797
-0.288, 0.767
-0.296, 0.730
-0.311, 0.730
-0.303, 0.737
-0.304, 0.752
-0.312, 0.760
-0.320, 0.768
-0.312, 0.760
-0.327, 0.745
-0.319, 0.738
-0.319, 0.737
-0.319, 0.752
-0.319, 0.737
-0.334, 0.752
-0.327, 0.760
-0.335, 0.797
-0.335, 0.797
-0.335, 0.797
-0.342, 0.804
-0.335, 0.812
-0.335, 0.827
-0.328, 0.835
-0.336, 0.843
-0.335, 0.827
-0.343, 0.820
-0.342, 0.819
-0.334, 0.827
-0.326, 0.819
-0.334, 0.812
-0.327, 0.820
-0.326, 0.819
-0.350, 0.827
-0.351, 0.842
-0.335, 0.842
-0.335, 0.857
-0.335, 0.857
-0.335, 0.857
-0.335, 0.857
-0.350, 0.872
-0.343, 0.880
-0.335, 0.886
-0.343, 0.895
-0.343, 0.894
-0.335, 0.886
-0.335, 0.887
-0.342, 0.893
-0.343, 0.894
-0.358, 0.909
-0.358, 0.909
-0.366, 0.917
-0.373, 0.909
-0.366, 0.902
-0.373, 0.924
-0.373, 0.909
-0.389, 0.925
-0.381, 0.902
-0.396, 0.901
-0.388, 0.894
-0.388, 0.879
-0.389, 0.895
-0.397, 0.888
-0.398, 0.874
-0.397, 0.873
-0.412, 0.858
-0.396, 0.857
-0.395, 0.871
-0.396, 0.887
-0.396, 0.917
-0.397, 0.932
-0.397, 0.947
-0.388, 0.954
-0.381, 0.947
-0.373, 0.954
-0.373, 0.954
-0.366, 0.961
-0.373, 0.968
-0.374, 0.969
-0.374, 0.984
-0.382, 0.976
-0.374, 0.969
-0.373, 0.968
-0.366, 0.961
-0.373, 0.939
-0.381, 0.931
-0.381, 0.917
-0.381, 0.902
-0.382, 0.902
-0.389, 0.880
-0.396, 0.857
-0.389, 0.835
-0.380, 0.827
-0.389, 0.805
-0.388, 0.790
-0.396, 0.783
-0.389, 0.761
-0.388, 0.760
-0.389, 0.746
-0.395, 0.737
-0.388, 0.745
-0.381, 0.768
-0.381, 0.768
-0.375, 0.776
-0.374, 0.776
-0.374, 0.776
-0.381, 0.768
-0.364, 0.752
-0.372, 0.745
-0.364, 0.752
-0.357, 0.775
-0.358, 0.791
-0.350, 0.783
-0.343, 0.775
-0.335, 0.767
-0.327, 0.775
-0.327, 0.760
-0.335, 0.767
-0.342, 0.760
-0.342, 0.775
-0.350, 0.768
-0.335, 0.782
-0.342, 0.790
-0.342, 0.805
-0.334, 0.827
-0.342, 0.849
-0.342, 0.864
-0.343, 0.894
-0.343, 0.909
-0.327, 0.939
-0.327, 0.939
-0.327, 0.953
-0.335, 0.961
-0.351, 0.947
-0.343, 0.954
-0.335, 0.962
-0.351, 0.947
-0.335, 0.931
-0.358, 0.924
-0.350, 0.931
-0.350, 0.916
-0.350, 0.916
-0.364, 0.886
-0.373, 0.879
-0.365, 0.857
-0.381, 0.843
-0.382, 0.829
-0.374, 0.791
-0.389, 0.746
-0.403, 0.730
-0.410, 0.693
-0.426, 0.679
-0.426, 0.649
-0.442, 0.634
-0.458, 0.620
-0.450, 0.597
-0.450, 0.597
-0.457, 0.605
-0.450, 0.612
-0.442, 0.619
-0.442, 0.620
-0.450, 0.627
-0.434, 0.642
-0.434, 0.672
-0.419, 0.701
-0.427, 0.694
-0.427, 0.694
-0.418, 0.686
-0.426, 0.679
-0.426, 0.664
-0.434, 0.657
-0.441, 0.649
-0.434, 0.642
-0.427, 0.634
-0.426, 0.634
-0.434, 0.612
-0.441, 0.590
-0.456, 0.590
-0.449, 0.582
-0.456, 0.590
-0.456, 0.590
-0.448, 0.612
-0.464, 0.612
-0.458, 0.620
-0.457, 0.635
-0.451, 0.642
-0.466, 0.642
-0.472, 0.635
-0.480, 0.642
-0.479, 0.642
-0.480, 0.642
-0.487, 0.635
-0.480, 0.627
-0.488, 0.635
-0.472, 0.620
-0.481, 0.598
-0.489, 0.575
-0.504, 0.546
-0.504, 0.531
-0.503, 0.531
-0.496, 0.493
-0.511, 0.479
-0.511, 0.464
-0.511, 0.449
-0.510, 0.449
-0.496, 0.464
-0.511, 0.464
-0.519, 0.471
-0.520, 0.471
-0.519, 0.471
-0.519, 0.486
-0.527, 0.494
-0.526, 0.494
-0.519, 0.501
-0.503, 0.516
-0.496, 0.523
-0.488, 0.516
-0.488, 0.516
-0.497, 0.508
-0.480, 0.508
-0.497, 0.508
-0.497, 0.508
-0.512, 0.508
-0.497, 0.508
-0.497, 0.508
-0.504, 0.501
-0.488, 0.501
-0.480, 0.478
-0.488, 0.486
-0.487, 0.471
-0.473, 0.471
-0.481, 0.478
-0.473, 0.486
-0.466, 0.478
-0.458, 0.486
-0.450, 0.493
-0.427, 0.500
-0.434, 0.508
-0.435, 0.523
-0.411, 0.530
-0.411, 0.545
-0.411, 0.575
-0.404, 0.597
-0.397, 0.634
-0.404, 0.656
-0.397, 0.664
-0.388, 0.686
-0.373, 0.716
-0.358, 0.745
-0.358, 0.760
-0.358, 0.775
-0.342, 0.805
-0.343, 0.820
-0.343, 0.835
-0.342, 0.834
-0.342, 0.835
-0.350, 0.827
-0.343, 0.820
-0.351, 0.783
-0.343, 0.761
-0.366, 0.739
-0.374, 0.701
-0.389, 0.671
-0.396, 0.649
-0.411, 0.604
-0.419, 0.582
-0.427, 0.560
-0.419, 0.552
-0.419, 0.552
-0.419, 0.552
-0.435, 0.567
-0.435, 0.552
-0.435, 0.552
-0.427, 0.545
-0.434, 0.552
-0.450, 0.553
-0.442, 0.560
-0.450, 0.568
-0.458, 0.560
-0.450, 0.553
-0.458, 0.545
-0.473, 0.545
-0.473, 0.530
-0.489, 0.516
-0.496, 0.508
-0.497, 0.508
-0.511, 0.508
-0.512, 0.494
-0.504, 0.486
-0.511, 0.479
-0.512, 0.464
-0.518, 0.441
-0.527, 0.419
-0.535, 0.412
-0.534, 0.397
-0.542, 0.375
-0.526, 0.375
-0.527, 0.375
-0.535, 0.382
-0.528, 0.404
-0.537, 0.412
-0.536, 0.412
-0.543, 0.419
-0.518, 0.412
-0.525, 0.419
-0.519, 0.442
-0.511, 0.449
-0.528, 0.464
-0.520, 0.471
-0.527, 0.464
-0.528, 0.464
-0.535, 0.457
-0.528, 0.464
-0.504, 0.486
-0.511, 0.479
-0.496, 0.478
-0.496, 0.478
-0.505, 0.471
-0.504, 0.486
-0.503, 0.486
-0.504, 0.486
-0.504, 0.501
-0.489, 0.501
-0.489, 0.501
-0.473, 0.501
-0.481, 0.493
-0.465, 0.493
-0.465, 0.493
-0.466, 0.508
-0.457, 0.501
-0.450, 0.523
-0.434, 0.523
-0.435, 0.538
-0.443, 0.560
-0.434, 0.567
-0.435, 0.582
-0.435, 0.597
-0.427, 0.590
-0.418, 0.582
-0.411, 0.575
-0.419, 0.582
-0.404, 0.597
-0.413, 0.605
-0.413, 0.605
-0.436, 0.582
-0.420, 0.582
-0.418, 0.582
-0.419, 0.567
-0.426, 0.575
-0.443, 0.590
-0.443, 0.575
-0.443, 0.560
-0.459, 0.560
-0.459, 0.545
-0.458, 0.530
-0.466, 0.508
-0.458, 0.486
-0.466, 0.463
-0.474, 0.441
-0.481, 0.419
-0.467, 0.404
-0.480, 0.389
-0.481, 0.374
-0.481, 0.359
-0.481, 0.344
-0.482, 0.329
-0.489, 0.307
-0.497, 0.285
-0.505, 0.292
-0.504, 0.278
-0.513, 0.255
-0.504, 0.233
-0.505, 0.218
-0.512, 0.210
-0.504, 0.203
-0.497, 0.181
-0.497, 0.166
-0.482, 0.151
-0.466, 0.151
-0.474, 0.143
-0.474, 0.128
-0.473, 0.100
-0.482, 0.091
-0.466, 0.092
-0.459, 0.098
-0.461, 0.112
-0.453, 0.105
-0.453, 0.105
-0.451, 0.076
-0.450, 0.077
-0.427, 0.069
-0.435, 0.077
-0.436, 0.076
-0.414, 0.083
-0.414, 0.083
-0.391, 0.090
-0.390, 0.090
-0.383, 0.082
-0.359, 0.061
-0.375, 0.046
-0.360, 0.016
-0.351, 0.009
-0.344, 0.001
-0.329, 0.000
-0.344, 0.001
-0.337,-0.008
-0.336,-0.021
-0.337,-0.022
-0.336,-0.021
-0.337,-0.022
-0.337,-0.007
-0.329,-0.014
-0.314,-0.015
-0.306, 0.008
-0.306, 0.023
-0.283, 0.015
-0.282, 0.015
-0.275, 0.037
-0.252, 0.090
-0.236, 0.134
-0.229, 0.171
-0.221, 0.209
-0.221, 0.253
-0.237, 0.298
-0.244, 0.320
-0.260, 0.350
-0.253, 0.357
-0.253, 0.402
-0.268, 0.417
-0.275, 0.410
-0.298, 0.403
-0.313, 0.388
-0.321, 0.395
-0.329, 0.403
-0.353, 0.395
-0.360, 0.388
-0.368, 0.351
-0.384, 0.321
-0.390, 0.284
-0.406, 0.269
-0.414, 0.247
-0.429, 0.233
-0.445, 0.217
-0.444, 0.188
-0.460, 0.173
-0.453, 0.151
-0.460, 0.143
-0.460, 0.128
-0.467, 0.121
-0.476, 0.113
-0.468, 0.106
-0.483, 0.077
-0.476, 0.069
-0.468, 0.076
-0.476, 0.068
-0.491, 0.069
-0.475, 0.069
-0.453, 0.076
-0.421, 0.106
-0.406, 0.120
-0.390, 0.135
-0.375, 0.150
-0.375, 0.165
-0.352, 0.172
-0.353, 0.171
-0.353, 0.171
-0.360, 0.179
-0.375, 0.179
-0.390, 0.181
-0.390, 0.165
-0.382, 0.158
-0.383, 0.172
-0.368, 0.172
-0.376, 0.180
-0.360, 0.194
-0.345, 0.209
-0.353, 0.217
-0.345, 0.224
-0.337, 0.231
-0.337, 0.231
-0.329, 0.239
-0.329, 0.239
-0.322, 0.261
-0.321, 0.247
-0.314, 0.268
-0.314, 0.268
-0.329, 0.269
-0.314, 0.268
-0.313, 0.284
-0.299, 0.298
-0.298, 0.313
-0.306, 0.321
-0.291, 0.335
-0.299, 0.358
-0.284, 0.358
-0.283, 0.373
-0.306, 0.365
-0.306, 0.365
-0.321, 0.366
-0.314, 0.373
-0.305, 0.395
-0.298, 0.403
-0.283, 0.432
-0.275, 0.469
-0.253, 0.521
-0.253, 0.566
-0.253, 0.596
-0.269, 0.626
-0.252, 0.640
-0.245, 0.678
-0.237, 0.685
-0.245, 0.722
-0.245, 0.752
-0.230, 0.782
-0.215, 0.797
-0.222, 0.834
-0.223, 0.849
-0.231, 0.872
-0.207, 0.864
-0.207, 0.849
-0.215, 0.856
-0.222, 0.849
-0.230, 0.857
-0.237, 0.834
-0.222, 0.834
-0.230, 0.826
-0.245, 0.827
-0.261, 0.827
-0.269, 0.834
-0.277, 0.827
-0.277, 0.827
-0.300, 0.820
-0.300, 0.805
-0.315, 0.790
-0.338, 0.783
-0.338, 0.768
-0.338, 0.768
-0.338, 0.768
-0.353, 0.768
-0.361, 0.776
-0.361, 0.775
-0.377, 0.776
-0.377, 0.776
-0.376, 0.790
-0.370, 0.843
-0.371, 0.874
-0.379, 0.896
-0.379, 0.911
-0.377, 0.910
-0.377, 0.910
-0.361, 0.908
-0.346, 0.923
-0.331, 0.954
-0.316, 0.954
-0.324, 0.948
-0.316, 0.939
-0.316, 0.910
-0.316, 0.880
-0.315, 0.849
-0.315, 0.835
-0.299, 0.834
-0.291, 0.842
-0.284, 0.850
-0.268, 0.849
-0.284, 0.865
-0.268, 0.864
-0.276, 0.872
-0.284, 0.909
-0.299, 0.923
-0.292, 0.961
-0.308, 1.006
-0.294, 1.037
-0.309, 1.052
-0.301, 1.073
-0.301, 1.073
-0.292, 1.094
-0.277, 1.124
-0.247, 1.169
-0.254, 1.177
-0.239, 1.177
-0.224, 1.177
-0.223, 1.162
-0.215, 1.153
-0.215, 1.138
-0.208, 1.117
-0.208, 1.101
-0.208, 1.089
-0.201, 1.097
-0.200, 1.096
-0.192, 1.074
-0.192, 1.042
-0.192, 1.012
-0.199, 1.004
-0.207, 0.997
-0.207, 0.998
-0.200, 0.990
-0.192, 0.984
-0.184, 0.961
-0.184, 0.960
-0.192, 0.924
-0.184, 0.915
-0.176, 0.908
-0.168, 0.915
-0.176, 0.938
-0.169, 0.946
-0.177, 0.968
-0.169, 0.976
-0.177, 0.968
-0.168, 0.960
-0.168, 0.960
-0.161, 0.982
-0.169, 0.990
-0.177, 1.013
-0.177, 1.013
-0.184, 1.021
-0.184, 1.034
-0.176, 1.042
-0.192, 1.057
-0.199, 1.079
-0.200, 1.095
-0.200, 1.110
-0.208, 1.117
-0.207, 1.131
-0.214, 1.123
-0.207, 1.132
-0.207, 1.146
-0.208, 1.148
-0.208, 1.164
-0.231, 1.170
-0.239, 1.193
-0.238, 1.220
-0.254, 1.295
-0.262, 1.361
-0.255, 1.414
-0.256, 1.476
-0.248, 1.512
-0.256, 1.536
-0.240, 1.535
-0.256, 1.534
-0.263, 1.541
-0.263, 1.569
-0.256, 1.608
-0.256, 1.654
-0.265, 1.677
-0.273, 1.716
-0.264, 1.720
-0.281, 1.723
-0.280, 1.691
-0.272, 1.654
-0.272, 1.624
-0.272, 1.593
-0.272, 1.595
-0.280, 1.603
-0.280, 1.573
-0.280, 1.559
-0.272, 1.519
-0.272, 1.475
-0.248, 1.436
-0.239, 1.398
-0.232, 1.362
-0.209, 1.325
-0.209, 1.282
-0.202, 1.246
-0.186, 1.201
-0.201, 1.156
-0.208, 1.087
-0.223, 1.028
-0.215, 0.960
-0.199, 0.885
-0.184, 0.841
-0.176, 0.788
-0.176, 0.759
-0.168, 0.752
-0.145, 0.729
-0.145, 0.744
-0.122, 0.751
-0.114, 0.759
-0.106, 0.781
-0.106, 0.811
-0.099, 0.818
-0.091, 0.840
-0.107, 0.900
-0.099, 0.952
-0.099, 0.982
-0.107, 1.005
-0.107, 1.034
-0.116, 1.058
-0.108, 1.049
-0.123, 1.035
-0.123, 1.005
-0.138, 0.989
-0.131, 0.968
-0.130, 0.937
-0.130, 0.908
-0.130, 0.878
-0.122, 0.854
-0.122, 0.855
-0.114, 0.848
-0.114, 0.833
-0.099, 0.864
-0.107, 0.856
-0.107, 0.857
-0.107, 0.826
-0.122, 0.811
-0.122, 0.796
-0.114, 0.802
-0.107, 0.825
-0.115, 0.848
-0.122, 0.856
-0.115, 0.848
-0.115, 0.848
-0.123, 0.856
-0.115, 0.878
-0.107, 0.870
-0.107, 0.886
-0.107, 0.885
-0.107, 0.886
-0.122, 0.870
-0.122, 0.856
-0.130, 0.848
-0.122, 0.826
-0.114, 0.833
-0.114, 0.862
-0.114, 0.878
-0.130, 0.893
-0.130, 0.893
-0.138, 0.901
-0.153, 0.915
-0.145, 0.923
-0.138, 0.945
-0.161, 0.982
-0.162, 1.028
-0.177, 1.057
-0.185, 1.081
-0.193, 1.073
-0.184, 1.049
-0.200, 1.035
-0.207, 1.012
-0.200, 0.990
-0.208, 0.984
-0.208, 0.970
-0.193, 0.984
-0.192, 0.983
-0.192, 0.983
-0.176, 0.967
-0.176, 0.952
-0.176, 0.938
-0.184, 0.916
-0.191, 0.894
-0.184, 0.856
-0.191, 0.833
-0.183, 0.797
-0.175, 0.774
-0.167, 0.766
-0.167, 0.781
-0.183, 0.796
-0.183, 0.827
-0.176, 0.864
-0.183, 0.901
-0.199, 0.946
-0.199, 0.975
-0.214, 1.005
-0.199, 1.034
-0.207, 1.043
-0.222, 1.087
-0.238, 1.132
-0.239, 1.178
-0.231, 1.199
-0.231, 1.215
-0.231, 1.245
-0.239, 1.222
-0.239, 1.223
-0.246, 1.169
-0.254, 1.133
-0.253, 1.117
-0.253, 1.087
-0.261, 1.051
-0.260, 1.005
-0.275, 0.975
-0.283, 0.953
-0.290, 0.961
-0.284, 0.970
-0.292, 0.978
-0.293, 0.979
-0.308, 0.963
-0.330, 0.939
-0.344, 0.909
-0.351, 0.885
-0.359, 0.864
-0.359, 0.849
-0.376, 0.821
-0.368, 0.813
-0.398, 0.783
-0.422, 0.791
-0.414, 0.798
-0.438, 0.821
-0.430, 0.829
-0.437, 0.835
-0.431, 0.858
-0.415, 0.888
-0.415, 0.918
-0.407, 0.940
-0.399, 0.976
-0.391, 1.014
-0.384, 1.066
-0.384, 1.112
-0.369, 1.126
-0.376, 1.162
-0.377, 1.178
-0.392, 1.207
-0.400, 1.230
-0.386, 1.261
-0.385, 1.275
-0.386, 1.277
-0.370, 1.290
-0.362, 1.297
-0.362, 1.342
-0.377, 1.356
-0.370, 1.363
-0.362, 1.385
-0.332, 1.416
-0.325, 1.425
-0.317, 1.418
-0.310, 1.412
-0.302, 1.418
-0.301, 1.387
-0.301, 1.386
-0.277, 1.376
-0.262, 1.392
-0.247, 1.407
-0.255, 1.431
-0.240, 1.432
-0.224, 1.430
-0.216, 1.409
-0.200, 1.392
-0.193, 1.370
-0.201, 1.363
-0.200, 1.333
-0.185, 1.334
-0.185, 1.348
-0.170, 1.348
-0.177, 1.356
-0.185, 1.348
-0.185, 1.363
-0.185, 1.392
-0.193, 1.430
-0.201, 1.483
-0.209, 1.520
-0.202, 1.543
-0.194, 1.564
-0.194, 1.580
-0.194, 1.594
-0.194, 1.608
-0.179, 1.638
-0.164, 1.653
-0.164, 1.668
-0.140, 1.675
-0.141, 1.704
-0.125, 1.735
-0.125, 1.749
-0.110, 1.751
-0.126, 1.767
-0.126, 1.781
-0.126, 1.782
-0.117, 1.786
-0.117, 1.772
-0.110, 1.764
-0.117, 1.756
-0.110, 1.735
-0.102, 1.711
-0.102, 1.683
-0.110, 1.647
-0.102, 1.608
-0.086, 1.594
-0.078, 1.555
-0.070, 1.533
-0.070, 1.503
-0.062, 1.481
-0.070, 1.460
-0.062, 1.436
-0.070, 1.400
-0.078, 1.377
-0.085, 1.340
-0.085, 1.296
-0.077, 1.257
-0.084, 1.221
-0.084, 1.191
-0.076, 1.167
-0.107, 1.168
-0.115, 1.176
-0.108, 1.155
-0.115, 1.147
-0.107, 1.124
-0.100, 1.132
-0.091, 1.122
-0.107, 1.122
-0.107, 1.123
-0.107, 1.123
-0.115, 1.147
-0.123, 1.185
-0.123, 1.186
-0.146, 1.178
-0.153, 1.154
-0.145, 1.175
-0.153, 1.197
-0.169, 1.243
-0.184, 1.288
-0.200, 1.319
-0.216, 1.334
-0.231, 1.334
-0.254, 1.356
-0.277, 1.392
-0.277, 1.438
-0.286, 1.462
-0.294, 1.483
-0.301, 1.521
-0.317, 1.565
-0.340, 1.617
-0.348, 1.640
-0.340, 1.675
-0.349, 1.701
-0.357, 1.708
-0.356, 1.692
-0.364, 1.687
-0.371, 1.661
-0.371, 1.648
-0.363, 1.625
-0.355, 1.587
-0.355, 1.574
-0.347, 1.564
-0.347, 1.551
-0.340, 1.543
-0.339, 1.513
-0.340, 1.470
-0.347, 1.446
-0.347, 1.432
-0.338, 1.408
-0.330, 1.370
-0.331, 1.372
-0.315, 1.341
-0.316, 1.313
-0.308, 1.277
-0.300, 1.254
-0.300, 1.238
-0.276, 1.228
-0.276, 1.228
-0.299, 1.250
-0.299, 1.266
-0.300, 1.283
-0.308, 1.290
-0.308, 1.291
-0.307, 1.303
-0.307, 1.319
-0.308, 1.349
-0.307, 1.378
-0.324, 1.440
-0.324, 1.484
-0.332, 1.506
-0.325, 1.543
-0.332, 1.520
-0.339, 1.498
-0.323, 1.467
-0.323, 1.452
-0.308, 1.425
-0.308, 1.424
-0.301, 1.418
-0.300, 1.403
-0.300, 1.357
-0.292, 1.335
-0.284, 1.296
-0.269, 1.282
-0.253, 1.281
-0.261, 1.289
-0.269, 1.283
-0.261, 1.274
-0.261, 1.260
-0.261, 1.258
-0.245, 1.243
-0.245, 1.259
-0.237, 1.249
-0.245, 1.273
-0.238, 1.296
-0.246, 1.318
-0.239, 1.371
-0.232, 1.440
-0.248, 1.472
-0.248, 1.470
-0.262, 1.468
-0.255, 1.474
-0.231, 1.465
-0.223, 1.459
-0.216, 1.468
-0.216, 1.498
-0.224, 1.521
-0.232, 1.543
-0.225, 1.567
-0.225, 1.581
-0.217, 1.588
-0.225, 1.595
-0.225, 1.578
-0.240, 1.564
-0.248, 1.541
-0.256, 1.520
-0.271, 1.491
-0.271, 1.446
-0.287, 1.373
-0.270, 1.311
-0.247, 1.243
-0.238, 1.221
-0.231, 1.184
-0.223, 1.148
-0.223, 1.133
-0.230, 1.081
-0.215, 1.051
-0.206, 1.042
-0.199, 1.006
-0.191, 0.983
-0.191, 0.953
-0.160, 0.967
-0.167, 0.974
-0.145, 1.027
-0.145, 1.057
-0.145, 1.058
-0.153, 1.081
-0.145, 1.073
-0.145, 1.087
-0.137, 1.107
-0.137, 1.168
-0.130, 1.221
-0.123, 1.257
-0.139, 1.332
-0.147, 1.369
-0.163, 1.416
-0.148, 1.417
-0.148, 1.401
-0.124, 1.393
-0.116, 1.369
-0.123, 1.317
-0.108, 1.302
-0.123, 1.287
-0.108, 1.289
-0.100, 1.281
-0.093, 1.274
-0.085, 1.267
-0.093, 1.259
-0.100, 1.223
-0.100, 1.192
-0.100, 1.176
-0.092, 1.183
-0.084, 1.189
-0.077, 1.197
-0.069, 1.219
-0.069, 1.235
-0.069, 1.250
-0.061, 1.241
-0.061, 1.285
-0.070, 1.395
-0.071, 1.473
-0.072, 1.536
-0.064, 1.560
-0.064, 1.561
-0.049, 1.543
-0.063, 1.511
-0.055, 1.487
-0.032, 1.464
-0.025, 1.459
-0.024, 1.443
-0.032, 1.452
-0.025, 1.430
-0.032, 1.422
-0.017, 1.408
-0.009, 1.384
 0.006, 1.385
 0.007, 1.383
 0.014, 1.390
 0.014, 1.392
 0.006, 1.399
 0.006, 1.400
 0.006, 1.414
 0.022, 1.399
 0.030, 1.406
 0.045, 1.405
 0.037, 1.398
 0.029, 1.421
 0.022, 1.399
 0.029, 1.407
 0.037, 1.399
 0.052, 1.384
 0.052, 1.369
 0.045, 1.330
 0.038, 1.309
 0.038, 1.279
 0.045, 1.212
 0.045, 1.196
 0.030, 1.182
 0.030, 1.168
 0.030, 1.152
 0.022, 1.148
 0.022, 1.133
 0.015, 1.109
-0.001, 1.079
-0.016, 1.062
-0.024, 1.056
-0.024, 1.040
-0.016, 1.049
-0.016, 1.050
-0.008, 1.056
-0.024, 1.087
-0.017, 1.109
-0.024, 1.132
-0.017, 1.140
-0.017, 1.153
-0.024, 1.176
-0.024, 1.190
-0.024, 1.190
-0.024, 1.206
-0.032, 1.212
-0.040, 1.221
-0.040, 1.235
-0.032, 1.243
-0.048, 1.244
-0.032, 1.227
-0.032, 1.228
-0.040, 1.235
-0.048, 1.228
-0.032, 1.229
-0.040, 1.205
-0.024, 1.206
-0.009, 1.205
-0.009, 1.206
-0.009, 1.190
-0.009, 1.189
-0.001, 1.183
 0.007, 1.190
 0.007, 1.174
 0.015, 1.197
 0.015, 1.226
 0.037, 1.236
 0.037, 1.251
 0.038, 1.252
 0.030, 1.259
 0.030, 1.257
 0.038, 1.249
 0.038, 1.233
 0.061, 1.227
 0.061, 1.212
 0.054, 1.190
 0.054, 1.176
 0.054, 1.145
 0.031, 1.123
 0.031, 1.109
 0.023, 1.086
 0.000, 1.065
 0.001, 1.034
-0.023, 1.012
-0.030, 0.989
-0.061, 0.944
-0.084, 0.908
-0.107, 0.871
-0.130, 0.834
-0.138, 0.841
-0.154, 0.841
-0.161, 0.849
-0.161, 0.834
-0.177, 0.819
-0.184, 0.782
-0.199, 0.767
-0.200, 0.737
-0.191, 0.744
-0.199, 0.737
-0.199, 0.767
-0.207, 0.774
-0.223, 0.805
-0.238, 0.834
-0.254, 0.849
-0.262, 0.872
-0.254, 0.864
-0.246, 0.871
-0.245, 0.885
-0.230, 0.916
-0.231, 0.931
-0.223, 0.954
-0.224, 0.985
-0.232, 1.007
-0.216, 1.022
-0.200, 1.050
-0.207, 1.072
-0.200, 1.095
-0.185, 1.094
-0.185, 1.096
-0.193, 1.088
-0.185, 1.065
-0.185, 1.051
-0.192, 1.027
-0.177, 1.043
-0.169, 1.050
-0.146, 1.087
-0.139, 1.111
-0.131, 1.117
-0.123, 1.125
-0.115, 1.132
-0.131, 1.116
-0.139, 1.095
-0.138, 1.064
-0.138, 1.035
-0.153, 1.035
-0.146, 1.027
-0.161, 1.058
-0.169, 1.050
-0.177, 1.058
-0.185, 1.050
-0.192, 1.042
-0.193, 1.058
-0.193, 1.072
-0.201, 1.096
-0.209, 1.118
-0.216, 1.111
-0.193, 1.103
-0.193, 1.087
-0.193, 1.102
-0.208, 1.132
-0.200, 1.153
-0.186, 1.214
-0.186, 1.244
-0.164, 1.283
-0.156, 1.305
-0.149, 1.313
-0.125, 1.305
-0.109, 1.273
-0.094, 1.242
-0.070, 1.219
-0.070, 1.190
-0.062, 1.168
-0.054, 1.161
-0.054, 1.148
-0.031, 1.140
-0.047, 1.124
-0.024, 1.118
-0.023, 1.087
-0.008, 1.072
 0.008, 1.057
 0.000, 1.063
 0.000, 1.079
-0.008, 1.085
-0.016, 1.109
-0.008, 1.102
-0.016, 1.094
-0.024, 1.087
-0.031, 1.064
-0.039, 1.057
-0.039, 1.071
-0.031, 1.079
-0.039, 1.131
-0.055, 1.189
-0.056, 1.237
-0.056, 1.296
-0.041, 1.370
-0.018, 1.452
-0.026, 1.504
-0.019, 1.542
-0.019, 1.540
-0.011, 1.517
 0.012, 1.525
 0.028, 1.524
 0.051, 1.549
 0.066, 1.566
 0.066, 1.567
 0.059, 1.560
 0.074, 1.555
 0.067, 1.547
 0.059, 1.537
 0.043, 1.552
 0.051, 1.561
 0.051, 1.577
 0.035, 1.610
 0.028, 1.632
 0.012, 1.663
 0.012, 1.678
-0.003, 1.659
-0.019, 1.644
-0.034, 1.643
-0.057, 1.623
-0.072, 1.624
-0.080, 1.617
-0.103, 1.612
-0.126, 1.572
-0.149, 1.550
-0.172, 1.512
-0.187, 1.466
-0.218, 1.437
-0.241, 1.416
-0.273, 1.373
-0.280, 1.321
-0.272, 1.296
-0.257, 1.297
-0.233, 1.303
-0.225, 1.296
-0.194, 1.281
-0.171, 1.302
-0.156, 1.319
-0.117, 1.340
-0.094, 1.379
-0.087, 1.402
-0.071, 1.416
-0.056, 1.431
-0.048, 1.436
-0.040, 1.457
-0.040, 1.488
-0.048, 1.509
-0.048, 1.541
-0.041, 1.578
-0.018, 1.602
-0.002, 1.618
-0.010, 1.609
-0.026, 1.609
-0.018, 1.614
-0.010, 1.636
-0.018, 1.688
-0.019, 1.732
-0.019, 1.766
-0.019, 1.781
-0.004, 1.767
-0.004, 1.736
 0.004, 1.682
-0.003, 1.631
-0.003, 1.570
 0.005, 1.519
 0.029, 1.466
 0.052, 1.428
 0.052, 1.414
 0.068, 1.413
 0.068, 1.399
 0.098, 1.384
 0.099, 1.369
 0.137, 1.360
 0.137, 1.344
 0.145, 1.338
 0.168, 1.316
 0.191, 1.308
 0.184, 1.317
 0.199, 1.346
 0.192, 1.355
 0.207, 1.354
 0.207, 1.323
 0.222, 1.323
 0.214, 1.314
 0.215, 1.315
 0.215, 1.316
 0.222, 1.308
 0.215, 1.317
 0.215, 1.301
 0.222, 1.279
 0.207, 1.279
 0.199, 1.285
 0.184, 1.301
 0.183, 1.315
 0.176, 1.324
 0.153, 1.347
 0.129, 1.368
 0.137, 1.406
 0.129, 1.427
 0.098, 1.443
 0.082, 1.458
 0.067, 1.458
 0.044, 1.452
 0.052, 1.443
 0.044, 1.451
 0.029, 1.466
 0.021, 1.443
 0.013, 1.437
 0.014, 1.406
 0.006, 1.370
-0.002, 1.347
-0.017, 1.302
-0.024, 1.265
-0.039, 1.249
-0.055, 1.235
-0.055, 1.221
-0.055, 1.207
-0.040, 1.208
-0.047, 1.185
-0.063, 1.155
-0.070, 1.131
-0.077, 1.108
-0.085, 1.072
-0.085, 1.071
-0.062, 1.094
-0.070, 1.116
-0.070, 1.132
-0.078, 1.154
-0.077, 1.153
-0.093, 1.155
-0.101, 1.162
-0.093, 1.198
-0.093, 1.258
-0.086, 1.310
-0.086, 1.341
-0.086, 1.371
-0.071, 1.386
-0.063, 1.409
-0.071, 1.414
-0.078, 1.393
-0.070, 1.385
-0.078, 1.363
-0.070, 1.356
-0.055, 1.369
-0.047, 1.407
-0.039, 1.429
-0.040, 1.444
-0.032, 1.467
-0.024, 1.489
-0.017, 1.498
-0.016, 1.496
-0.016, 1.482
-0.024, 1.459
-0.024, 1.428
-0.031, 1.376
-0.023, 1.354
-0.039, 1.325
-0.031, 1.304
-0.015, 1.260
-0.007, 1.238
-0.008, 1.222
-0.030, 1.198
-0.038, 1.175
-0.046, 1.167
-0.054, 1.161
-0.061, 1.154
-0.069, 1.132
-0.069, 1.102
-0.069, 1.071
-0.061, 1.065
-0.054, 1.057
-0.053, 1.027
-0.053, 1.042
-0.061, 1.048
-0.069, 1.072
-0.061, 1.079
-0.069, 1.087
-0.054, 1.103
-0.038, 1.087
-0.038, 1.102
-0.030, 1.108
-0.038, 1.146
-0.030, 1.140
-0.038, 1.131
-0.046, 1.125
-0.030, 1.124
-0.038, 1.102
-0.023, 1.101
-0.038, 1.115
-0.038, 1.101
-0.061, 1.094
-0.061, 1.095
-0.061, 1.095
-0.069, 1.101
-0.069, 1.117
-0.077, 1.122
-0.085, 1.100
-0.092, 1.124
-0.085, 1.116
-0.070, 1.103
-0.070, 1.118
-0.062, 1.097
-0.077, 1.051
-0.077, 1.019
-0.084, 0.997
-0.068, 0.966
-0.076, 0.930
-0.069, 0.908
-0.076, 0.885
-0.076, 0.856
-0.084, 0.819
-0.076, 0.766
-0.060, 0.766
-0.060, 0.766
-0.053, 0.789
-0.038, 0.788
-0.045, 0.781
-0.022, 0.773
-0.006, 0.817
 0.001, 0.884
 0.001, 0.959
 0.016, 1.004
 0.039, 1.042
 0.031, 1.079
 0.046, 1.109
 0.047, 1.093
 0.047, 1.064
 0.031, 1.063
