-1.168,-2.810
-1.150,-2.813
-1.142,-2.806
-1.140,-2.781
-1.140,-2.800
-1.129,-2.822
-1.140,-2.817
-1.132,-2.810
-1.149,-2.806
-1.171,-2.816
-1.180,-2.824
-1.208,-2.816
-1.200,-2.827
-1.197,-2.838
-1.216,-2.838
-1.222,-2.857
-1.195,-2.850
-1.178,-2.839
-1.150,-2.828
-1.115,-2.835
-1.105,-2.824
-1.097,-2.817
-1.070,-2.792
-1.086,-2.767
-1.087,-2.752
-1.066,-2.728
-1.075,-2.699
-1.058,-2.666
-1.084,-2.616
-1.096,-2.596
-1.095,-2.575
-1.107,-2.570
-1.109,-2.540
-1.105,-2.549
-1.134,-2.560
-1.150,-2.572
-1.169,-2.553
-1.199,-2.530
-1.207,-2.520
-1.237,-2.533
-1.236,-2.512
-1.246,-2.540
-1.266,-2.543
-1.263,-2.537
-1.303,-2.543
-1.291,-2.544
-1.280,-2.570
-1.280,-2.588
-1.286,-2.608
-1.310,-2.602
-1.310,-2.565
-1.311,-2.587
-1.283,-2.558
-1.291,-2.548
-1.265,-2.562
-1.247,-2.543
-1.228,-2.526
-1.188,-2.520
-1.167,-2.496
-1.141,-2.474
-1.132,-2.445
-1.115,-2.433
-1.117,-2.400
-1.115,-2.394
-1.144,-2.389
-1.142,-2.383
-1.143,-2.404
-1.164,-2.392
-1.163,-2.407
-1.192,-2.402
-1.219,-2.388
-1.235,-2.400
-1.235,-2.400
-1.252,-2.397
-1.236,-2.385
-1.246,-2.377
-1.246,-2.378
-1.237,-2.370
-1.226,-2.375
-1.228,-2.381
-1.227,-2.378
-1.217,-2.385
-1.198,-2.368
-1.205,-2.387
-1.198,-2.386
-1.188,-2.393
-1.188,-2.393
-1.179,-2.404
-1.161,-2.404
-1.174,-2.384
-1.154,-2.381
-1.154,-2.417
-1.153,-2.433
-1.160,-2.419
-1.150,-2.427
-1.149,-2.442
-1.149,-2.442
-1.133,-2.430
-1.114,-2.412
-1.099,-2.385
-1.080,-2.364
-1.071,-2.374
-1.071,-2.374
-1.060,-2.361
-1.051,-2.372
-1.040,-2.358
-1.032,-2.351
-1.042,-2.343
-1.022,-2.341
-1.024,-2.310
-1.004,-2.307
-1.014,-2.300
-1.023,-2.289
-1.031,-2.312
-1.033,-2.318
-1.021,-2.320
-1.022,-2.323
-1.023,-2.325
-1.022,-2.341
-1.024,-2.364
-1.012,-2.366
-1.031,-2.387
-1.022,-2.380
-1.029,-2.399
-1.041,-2.416
-1.040,-2.413
-1.041,-2.434
-1.042,-2.455
-1.060,-2.473
-1.071,-2.483
-1.059,-2.485
-1.087,-2.495
-1.096,-2.484
-1.103,-2.471
-1.124,-2.495
-1.124,-2.495
-1.143,-2.513
-1.135,-2.508
-1.152,-2.505
-1.162,-2.498
-1.171,-2.469
-1.180,-2.458
-1.199,-2.461
-1.197,-2.455
-1.208,-2.432
-1.207,-2.411
-1.236,-2.403
-1.244,-2.375
-1.234,-2.364
-1.236,-2.370
-1.235,-2.349
-1.237,-2.352
-1.236,-2.334
-1.243,-2.317
-1.245,-2.323
-1.244,-2.302
-1.244,-2.302
-1.254,-2.295
-1.234,-2.274
-1.237,-2.279
-1.206,-2.282
-1.200,-2.298
-1.201,-2.300
-1.181,-2.298
-1.173,-2.329
-1.180,-2.349
-1.161,-2.350
-1.161,-2.368
-1.150,-2.373
-1.134,-2.397
-1.142,-2.386
-1.153,-2.396
-1.144,-2.371
-1.133,-2.357
-1.125,-2.353
-1.124,-2.332
-1.105,-2.314
-1.088,-2.281
-1.087,-2.260
-1.097,-2.252
-1.077,-2.232
-1.059,-2.234
-1.059,-2.198
-1.048,-2.167
-1.033,-2.139
-1.022,-2.111
-1.013,-2.085
-1.032,-2.067
-1.040,-2.072
-1.051,-2.103
-1.039,-2.105
-1.058,-2.123
-1.077,-2.144
-1.076,-2.159
-1.087,-2.190
-1.086,-2.206
-1.105,-2.244
-1.105,-2.281
-1.103,-2.311
-1.115,-2.327
-1.106,-2.335
-1.125,-2.374
-1.135,-2.384
-1.124,-2.389
-1.144,-2.392
-1.152,-2.396
-1.140,-2.401
-1.140,-2.365
-1.157,-2.341
-1.132,-2.358
-1.131,-2.337
-1.132,-2.358
-1.125,-2.335
-1.115,-2.324
-1.117,-2.294
-1.107,-2.301
-1.116,-2.309
-1.106,-2.317
-1.103,-2.329
-1.095,-2.358
-1.104,-2.347
-1.105,-2.350
-1.096,-2.343
-1.094,-2.340
-1.087,-2.353
-1.085,-2.347
-1.095,-2.358
-1.096,-2.361
-1.103,-2.365
-1.087,-2.371
-1.085,-2.365
-1.095,-2.358
-1.105,-2.368
-1.112,-2.355
-1.114,-2.340
-1.104,-2.347
-1.106,-2.335
-1.107,-2.320
-1.097,-2.291
-1.100,-2.297
-1.087,-2.281
-1.096,-2.306
-1.076,-2.304
-1.075,-2.319
-1.077,-2.325
-1.058,-2.322
-1.058,-2.325
-1.060,-2.328
-1.067,-2.314
-1.051,-2.320
-1.049,-2.315
-1.040,-2.325
-1.040,-2.325
-1.066,-2.293
-1.060,-2.292
-1.049,-2.260
-1.069,-2.227
-1.059,-2.183
-1.076,-2.159
-1.107,-2.157
-1.076,-2.159
-1.096,-2.143
-1.097,-2.146
-1.105,-2.115
-1.106,-2.100
-1.103,-2.094
-1.123,-2.061
-1.114,-2.035
-1.123,-2.006
-1.132,-1.996
-1.132,-1.996
-1.143,-2.009
-1.144,-2.011
-1.152,-2.016
-1.135,-2.022
-1.124,-2.009
-1.135,-2.019
-1.143,-2.027
-1.124,-2.042
-1.116,-2.074
-1.105,-2.079
-1.105,-2.079
-1.088,-2.063
-1.087,-2.043
-1.079,-2.038
-1.078,-2.053
-1.059,-2.072
-1.060,-2.092
-1.022,-2.108
-1.005,-2.132
-0.985,-2.163
-0.966,-2.199
-0.928,-2.236
-0.927,-2.287
-0.891,-2.345
-0.871,-2.378
-0.825,-2.443
-0.770,-2.483
-0.721,-2.539
-0.694,-2.589
-0.684,-2.576
-0.704,-2.564
-0.723,-2.545
-0.750,-2.531
-0.788,-2.516
-0.816,-2.490
-0.845,-2.467
-0.883,-2.433
-0.910,-2.402
-0.948,-2.386
-0.973,-2.367
-0.982,-2.359
-1.010,-2.348
-1.046,-2.327
-1.067,-2.315
-1.093,-2.286
-1.105,-2.281
-1.133,-2.273
-1.132,-2.252
-1.153,-2.239
-1.178,-2.223
-1.207,-2.215
-1.217,-2.189
-1.224,-2.176
-1.255,-2.173
-1.280,-2.157
-1.281,-2.142
-1.308,-2.131
-1.318,-2.124
-1.330,-2.118
-1.355,-2.123
-1.365,-2.133
-1.357,-2.144
-1.374,-2.141
-1.375,-2.162
-1.362,-2.146
-1.374,-2.141
-1.364,-2.131
-1.352,-2.118
-1.365,-2.115
-1.365,-2.097
-1.357,-2.108
-1.339,-2.110
-1.345,-2.113
-1.336,-2.124
-1.326,-2.131
-1.299,-2.142
-1.291,-2.134
-1.290,-2.113
-1.274,-2.137
-1.251,-2.165
-1.252,-2.186
-1.252,-2.186
-1.254,-2.189
-1.238,-2.212
-1.236,-2.210
-1.236,-2.210
-1.216,-2.244
-1.224,-2.248
-1.217,-2.262
-1.206,-2.248
-1.181,-2.247
-1.179,-2.244
-1.186,-2.231
-1.179,-2.244
-1.177,-2.239
-1.179,-2.244
-1.179,-2.244
-1.169,-2.215
-1.160,-2.208
-1.148,-2.174
-1.149,-2.177
-1.159,-2.151
-1.148,-2.120
-1.150,-2.125
-1.131,-2.089
-1.144,-2.105
-1.133,-2.131
-1.141,-2.154
-1.160,-2.190
-1.176,-2.202
-1.177,-2.223
-1.196,-2.241
-1.194,-2.256
-1.206,-2.290
-1.223,-2.303
-1.234,-2.334
-1.225,-2.345
-1.223,-2.342
-1.216,-2.355
-1.221,-2.336
-1.225,-2.326
-1.223,-2.305
-1.212,-2.274
-1.233,-2.262
-1.230,-2.238
-1.223,-2.197
-1.234,-2.174
-1.204,-2.161
-1.194,-2.151
-1.200,-2.153
-1.174,-2.148
-1.194,-2.115
-1.176,-2.081
-1.198,-2.086
-1.178,-2.084
-1.195,-2.117
-1.202,-2.138
-1.218,-2.150
-1.220,-2.156
-1.239,-2.173
-1.234,-2.192
-1.237,-2.233
-1.244,-2.275
-1.235,-2.340
-1.232,-2.349
-1.232,-2.385
-1.220,-2.426
-1.210,-2.434
-1.196,-2.443
-1.186,-2.414
-1.187,-2.399
-1.177,-2.389
-1.195,-2.368
-1.178,-2.334
-1.157,-2.275
-1.159,-2.244
-1.150,-2.216
-1.148,-2.177
-1.122,-2.190
-1.111,-2.177
-1.093,-2.180
-1.093,-2.180
-1.083,-2.188
-1.084,-2.173
-1.064,-2.170
-1.057,-2.183
-1.065,-2.188
-1.064,-2.203
-1.075,-2.235
-1.082,-2.258
-1.083,-2.279
-1.103,-2.281
-1.103,-2.281
-1.113,-2.273
-1.120,-2.278
-1.140,-2.299
-1.140,-2.299
-1.158,-2.314
-1.160,-2.337
-1.157,-2.347
-1.169,-2.345
-1.169,-2.345
-1.166,-2.339
-1.169,-2.363
-1.165,-2.373
-1.176,-2.386
-1.167,-2.394
-1.158,-2.404
-1.160,-2.374
-1.159,-2.353
-1.169,-2.363
-1.177,-2.368
-1.185,-2.375
-1.176,-2.386
-1.183,-2.409
-1.196,-2.425
-1.177,-2.443
-1.168,-2.451
-1.168,-2.487
-1.184,-2.499
-1.176,-2.513
-1.168,-2.541
-1.158,-2.585
-1.141,-2.643
-1.150,-2.686
-1.169,-2.740
-1.178,-2.784
-1.186,-2.824
-1.168,-2.828
-1.175,-2.850
-1.168,-2.864
-1.161,-2.842
-1.142,-2.806
-1.153,-2.783
-1.141,-2.748
-1.151,-2.741
-1.160,-2.730
-1.150,-2.701
-1.151,-2.686
-1.150,-2.665
-1.150,-2.629
-1.151,-2.611
-1.151,-2.611
-1.152,-2.596
-1.131,-2.572
-1.134,-2.545
-1.105,-2.516
-1.114,-2.505
-1.106,-2.501
-1.095,-2.466
-1.077,-2.506
-1.068,-2.477
-1.039,-2.485
-1.050,-2.517
-1.039,-2.503
-1.033,-2.538
-1.032,-2.517
-1.031,-2.496
-1.023,-2.491
-1.011,-2.475
-1.002,-2.467
-1.012,-2.460
-1.021,-2.449
-1.014,-2.429
-1.003,-2.416
-1.013,-2.426
-1.020,-2.428
-1.027,-2.451
-1.022,-2.470
-1.012,-2.459
-1.025,-2.461
-1.032,-2.465
-1.040,-2.470
-1.050,-2.480
-1.058,-2.485
-1.077,-2.506
-1.068,-2.480
-1.067,-2.477
-1.078,-2.488
-1.075,-2.500
-1.076,-2.521
-1.105,-2.549
-1.086,-2.568
-1.088,-2.610
-1.077,-2.650
-1.087,-2.697
-1.104,-2.730
-1.111,-2.753
-1.104,-2.785
-1.113,-2.774
-1.125,-2.773
-1.132,-2.777
-1.140,-2.763
-1.149,-2.755
-1.155,-2.756
-1.168,-2.774
-1.168,-2.773
-1.177,-2.763
-1.179,-2.769
-1.168,-2.773
-1.198,-2.787
-1.189,-2.798
-1.186,-2.810
-1.186,-2.828
-1.185,-2.842
-1.179,-2.860
-1.161,-2.863
-1.151,-2.871
-1.161,-2.900
-1.149,-2.900
-1.150,-2.922
-1.158,-2.926
-1.194,-2.904
-1.188,-2.885
-1.195,-2.853
-1.188,-2.831
-1.188,-2.813
-1.197,-2.802
-1.189,-2.798
-1.197,-2.802
-1.198,-2.823
-1.186,-2.828
-1.186,-2.828
-1.198,-2.823
-1.186,-2.788
-1.206,-2.795
-1.206,-2.791
-1.197,-2.802
-1.208,-2.798
-1.195,-2.781
-1.206,-2.794
-1.197,-2.766
-1.214,-2.762
-1.207,-2.776
-1.214,-2.762
-1.207,-2.776
-1.197,-2.766
-1.195,-2.781
-1.215,-2.784
-1.211,-2.792
-1.224,-2.791
-1.216,-2.805
-1.199,-2.809
-1.193,-2.826
-1.189,-2.834
-1.189,-2.871
-1.177,-2.875
-1.185,-2.879
-1.177,-2.911
-1.166,-2.897
-1.169,-2.886
-1.159,-2.857
-1.150,-2.849
-1.160,-2.842
-1.148,-2.843
-1.159,-2.857
-1.149,-2.864
-1.149,-2.882
-1.160,-2.896
-1.167,-2.900
-1.160,-2.915
-1.150,-2.904
-1.159,-2.893
-1.160,-2.896
-1.149,-2.900
-1.150,-2.922
-1.149,-2.937
-1.149,-2.937
-1.169,-2.922
-1.158,-2.908
-1.169,-2.904
-1.169,-2.904
-1.177,-2.911
-1.188,-2.922
-1.185,-2.915
-1.205,-2.918
-1.212,-2.904
-1.224,-2.864
-1.226,-2.870
-1.235,-2.841
-1.264,-2.837
-1.272,-2.841
-1.289,-2.856
-1.309,-2.859
-1.306,-2.834
-1.308,-2.819
-1.288,-2.798
-1.298,-2.790
-1.283,-2.761
-1.272,-2.747
-1.273,-2.732
-1.281,-2.700
-1.273,-2.678
-1.255,-2.660
-1.262,-2.664
-1.255,-2.660
-1.254,-2.675
-1.245,-2.667
-1.245,-2.667
-1.225,-2.664
-1.218,-2.660
-1.199,-2.642
-1.189,-2.614
-1.172,-2.617
-1.170,-2.610
-1.153,-2.635
-1.143,-2.621
-1.134,-2.632
-1.135,-2.617
-1.105,-2.622
-1.106,-2.643
-1.105,-2.658
-1.104,-2.673
-1.095,-2.720
-1.084,-2.742
-1.105,-2.749
-1.086,-2.767
-1.098,-2.748
-1.100,-2.733
-1.097,-2.726
-1.106,-2.734
-1.105,-2.749
-1.112,-2.753
-1.113,-2.756
-1.093,-2.753
-1.086,-2.749
-1.086,-2.749
-1.094,-2.774
-1.087,-2.770
-1.085,-2.785
-1.088,-2.791
-1.087,-2.806
-1.075,-2.847
-1.076,-2.868
-1.084,-2.872
-1.104,-2.875
-1.121,-2.872
-1.131,-2.864
-1.132,-2.850
-1.130,-2.879
-1.141,-2.893
-1.141,-2.893
-1.141,-2.893
-1.142,-2.915
-1.139,-2.908
-1.150,-2.922
-1.149,-2.937
-1.159,-2.948
-1.170,-2.925
-1.178,-2.893
-1.189,-2.871
-1.176,-2.835
-1.193,-2.868
-1.193,-2.868
-1.193,-2.868
-1.198,-2.881
-1.198,-2.881
-1.189,-2.892
-1.217,-2.899
-1.233,-2.911
-1.251,-2.928
-1.240,-2.950
-1.267,-2.976
-1.287,-2.979
-1.286,-2.994
-1.290,-3.022
-1.288,-3.019
-1.279,-3.030
-1.282,-3.037
-1.260,-3.048
-1.243,-3.088
-1.213,-3.110
-1.222,-3.135
-1.203,-3.172
-1.173,-3.175
-1.194,-3.201
-1.174,-3.197
-1.184,-3.208
-1.185,-3.212
-1.185,-3.226
-1.186,-3.248
-1.193,-3.270
-1.193,-3.306
-1.194,-3.328
-1.192,-3.357
-1.194,-3.401
-1.210,-3.447
-1.201,-3.494
-1.220,-3.548
-1.208,-3.551
-1.212,-3.568
-1.203,-3.579
-1.203,-3.615
-1.222,-3.669
-1.237,-3.697
-1.249,-3.694
-1.257,-3.697
-1.276,-3.665
-1.268,-3.658
-1.274,-3.620
-1.265,-3.632
-1.284,-3.613
-1.282,-3.591
-1.286,-3.545
-1.286,-3.472
-1.297,-3.433
-1.296,-3.429
-1.314,-3.424
-1.314,-3.443
-1.311,-3.435
-1.323,-3.413
-1.341,-3.395
-1.361,-3.363
-1.371,-3.355
-1.397,-3.340
-1.427,-3.337
-1.436,-3.307
-1.435,-3.286
-1.465,-3.264
-1.471,-3.245
-1.511,-3.252
-1.528,-3.212
-1.549,-3.216
-1.550,-3.201
-1.576,-3.168
-1.589,-3.168
-1.594,-3.150
-1.613,-3.168
-1.604,-3.179
-1.621,-3.175
-1.616,-3.193
-1.597,-3.212
-1.578,-3.230
-1.570,-3.241
-1.546,-3.248
-1.538,-3.259
-1.528,-3.266
-1.491,-3.267
-1.474,-3.271
-1.445,-3.260
-1.419,-3.275
-1.379,-3.268
-1.371,-3.297
-1.352,-3.315
-1.332,-3.348
-1.306,-3.363
-1.278,-3.389
-1.250,-3.436
-1.214,-3.491
-1.174,-3.519
-1.148,-3.553
-1.129,-3.517
-1.112,-3.503
-1.104,-3.500
-1.092,-3.499
-1.084,-3.492
-1.071,-3.510
-1.090,-3.528
-1.082,-3.543
-1.082,-3.561
-1.076,-3.562
-1.093,-3.558
-1.093,-3.594
-1.121,-3.601
-1.126,-3.613
-1.136,-3.629
-1.146,-3.622
-1.166,-3.626
-1.178,-3.590
-1.206,-3.560
-1.226,-3.528
-1.232,-3.491
-1.259,-3.479
-1.267,-3.450
-1.302,-3.442
-1.312,-3.439
-1.321,-3.427
-1.314,-3.424
-1.325,-3.439
-1.323,-3.417
-1.344,-3.421
-1.379,-3.398
-1.398,-3.416
-1.435,-3.398
-1.452,-3.394
-1.445,-3.391
-1.453,-3.379
-1.445,-3.354
-1.453,-3.343
-1.444,-3.350
-1.435,-3.362
-1.406,-3.351
-1.379,-3.344
-1.344,-3.348
-1.341,-3.341
-1.315,-3.356
-1.293,-3.366
-1.295,-3.389
-1.266,-3.414
-1.238,-3.421
-1.232,-3.458
-1.211,-3.473
-1.204,-3.488
-1.185,-3.470
-1.173,-3.451
-1.156,-3.437
-1.145,-3.404
-1.128,-3.390
-1.130,-3.361
-1.129,-3.339
-1.130,-3.325
-1.128,-3.317
-1.136,-3.321
-1.136,-3.288
-1.145,-3.259
-1.129,-3.231
-1.119,-3.183
-1.121,-3.187
-1.111,-3.158
-1.110,-3.136
-1.102,-3.133
-1.073,-3.100
-1.057,-3.090
-1.046,-3.079
-1.026,-3.090
-1.009,-3.112
-0.997,-3.116
-0.980,-3.156
-0.961,-3.138
-0.961,-3.138
-0.954,-3.152
-0.942,-3.156
-0.943,-3.156
-0.934,-3.185
-0.951,-3.199
-0.962,-3.178
-0.942,-3.174
-0.971,-3.170
-0.961,-3.159
-0.960,-3.138
-0.934,-3.116
-0.904,-3.098
-0.885,-3.081
-0.867,-3.063
-0.848,-3.045
-0.823,-3.027
-0.804,-3.008
-0.795,-3.001
-0.795,-3.001
-0.803,-3.019
-0.804,-3.005
-0.793,-2.991
-0.794,-2.976
-0.766,-2.966
-0.738,-2.959
-0.739,-2.980
-0.729,-2.966
-0.712,-2.991
-0.693,-2.973
-0.674,-2.970
-0.675,-2.977
-0.655,-2.952
-0.655,-2.952
-0.655,-2.952
-0.645,-2.938
-0.665,-2.926
-0.664,-2.905
-0.675,-2.901
-0.675,-2.901
-0.664,-2.905
-0.674,-2.915
-0.674,-2.930
-0.684,-2.944
-0.665,-2.963
-0.674,-2.952
-0.656,-2.955
-0.664,-2.941
-0.655,-2.949
-0.673,-2.966
-0.674,-2.948
-0.675,-2.955
-0.685,-2.966
-0.686,-2.987
-0.694,-3.009
-0.683,-3.013
-0.675,-3.028
-0.683,-3.010
-0.674,-3.042
-0.692,-3.039
-0.692,-3.038
-0.712,-3.042
-0.710,-3.035
-0.703,-3.035
-0.712,-3.027
-0.712,-3.042
-0.741,-3.056
-0.749,-3.078
-0.760,-3.074
-0.769,-3.099
-0.777,-3.085
-0.795,-3.066
-0.813,-3.063
-0.832,-3.048
-0.860,-3.022
-0.869,-3.011
-0.889,-3.018
-0.898,-3.004
-0.898,-3.008
-0.907,-2.996
-0.907,-2.975
-0.934,-2.964
-0.951,-2.960
-0.942,-2.971
-0.953,-2.967
-0.953,-2.931
-0.937,-2.920
-0.945,-2.869
-0.927,-2.873
-0.918,-2.862
-0.915,-2.874
-0.916,-2.895
-0.905,-2.899
-0.888,-2.921
-0.861,-2.932
-0.842,-2.950
-0.825,-2.975
-0.815,-2.997
-0.825,-3.008
-0.833,-3.015
-0.851,-3.012
-0.861,-3.041
-0.860,-3.055
-0.880,-3.080
-0.880,-3.080
-0.879,-3.058
-0.890,-3.055
-0.878,-3.037
-0.861,-3.041
-0.861,-3.041
-0.878,-3.037
-0.871,-3.037
-0.879,-3.022
-0.880,-3.008
-0.889,-2.997
-0.878,-2.997
-0.880,-3.004
-0.878,-2.997
-0.880,-3.004
-0.879,-3.019
-0.860,-3.019
-0.852,-3.033
-0.842,-3.059
-0.844,-3.088
-0.835,-3.095
-0.833,-3.088
-0.834,-3.110
-0.859,-3.124
-0.860,-3.149
-0.879,-3.167
-0.878,-3.145
-0.889,-3.146
-0.897,-3.127
-0.907,-3.142
-0.916,-3.167
-0.942,-3.170
-0.954,-3.189
-0.981,-3.192
-0.991,-3.202
-1.019,-3.213
-1.028,-3.238
-1.001,-3.271
-1.000,-3.249
-0.992,-3.246
-0.991,-3.224
-0.998,-3.206
-1.000,-3.192
-0.988,-3.173
-0.999,-3.174
-0.990,-3.148
-0.973,-3.116
-0.973,-3.116
-0.962,-3.119
-0.963,-3.141
-0.953,-3.149
-0.941,-3.130
-0.925,-3.142
-0.905,-3.116
-0.907,-3.124
-0.898,-3.116
-0.889,-3.124
-0.899,-3.138
-0.869,-3.138
-0.887,-3.156
-0.868,-3.153
-0.857,-3.175
-0.850,-3.175
-0.850,-3.175
-0.862,-3.157
-0.852,-3.146
-0.869,-3.120
-0.869,-3.120
-0.877,-3.142
-0.869,-3.157
-0.888,-3.160
-0.897,-3.167
-0.898,-3.189
-0.896,-3.181
-0.906,-3.174
-0.897,-3.185
-0.897,-3.185
-0.889,-3.200
-0.906,-3.174
-0.907,-3.196
-0.906,-3.174
-0.905,-3.152
-0.897,-3.113
-0.896,-3.091
-0.897,-3.077
-0.897,-3.059
-0.896,-3.051
-0.897,-3.037
-0.887,-2.990
-0.870,-2.943
-0.843,-2.917
-0.871,-2.892
-0.854,-2.877
-0.861,-2.863
-0.862,-2.863
-0.868,-2.864
-0.858,-2.853
-0.851,-2.867
-0.860,-2.856
-0.852,-2.874
-0.844,-2.866
-0.833,-2.870
-0.834,-2.892
-0.831,-2.900
-0.851,-2.903
-0.850,-2.918
-0.850,-2.918
-0.851,-2.925
-0.851,-2.903
-0.853,-2.895
-0.843,-2.881
-0.851,-2.889
-0.852,-2.889
-0.849,-2.897
-0.869,-2.921
-0.879,-2.914
-0.860,-2.932
-0.862,-2.921
-0.861,-2.914
-0.861,-2.935
-0.870,-2.943
-0.877,-2.961
-0.878,-2.983
-0.878,-2.983
-0.862,-2.993
-0.863,-2.978
-0.881,-2.975
-0.881,-2.975
-0.869,-2.975
-0.869,-2.994
-0.859,-3.001
-0.851,-2.994
-0.852,-2.979
-0.851,-2.957
-0.852,-2.943
-0.860,-2.950
-0.860,-2.950
-0.870,-2.943
-0.888,-2.939
-0.880,-2.935
-0.880,-2.917
-0.879,-2.932
-0.870,-2.943
-0.867,-2.951
-0.878,-2.946
-0.868,-2.936
-0.860,-2.914
-0.861,-2.899
-0.860,-2.896
-0.852,-2.910
-0.869,-2.921
-0.878,-2.928
-0.888,-2.939
-0.868,-2.936
-0.870,-2.946
-0.870,-2.943
-0.869,-2.957
-0.879,-2.968
-0.887,-2.990
-0.898,-2.989
-0.889,-2.982
-0.889,-2.964
-0.909,-2.949
-0.916,-2.949
-0.934,-2.968
-0.924,-2.953
-0.924,-2.954
-0.924,-2.957
-0.915,-2.964
-0.908,-2.982
-0.917,-2.971
-0.925,-2.978
-0.935,-2.989
-0.933,-2.982
-0.945,-2.982
-0.944,-2.996
-0.952,-3.003
-0.963,-3.018
-0.942,-2.993
-0.935,-3.007
-0.934,-2.986
-0.925,-2.978
-0.916,-2.971
-0.914,-2.946
-0.907,-2.960
-0.897,-2.950
-0.896,-2.928
-0.878,-2.932
-0.878,-2.892
-0.879,-2.881
-0.869,-2.870
-0.877,-2.874
-0.860,-2.878
-0.867,-2.864
-0.852,-2.874
-0.862,-2.869
-0.852,-2.892
-0.851,-2.910
-0.850,-2.903
-0.851,-2.925
-0.850,-2.940
-0.850,-2.940
-0.842,-2.954
-0.841,-2.932
-0.852,-2.964
-0.851,-2.979
-0.868,-3.012
-0.860,-3.044
-0.877,-3.055
-0.888,-3.088
-0.888,-3.088
-0.879,-3.098
-0.870,-3.091
-0.859,-3.095
-0.878,-3.113
-0.858,-3.110
-0.877,-3.127
-0.887,-3.142
-0.877,-3.128
-0.879,-3.135
-0.887,-3.142
-0.887,-3.142
-0.897,-3.153
-0.894,-3.160
-0.905,-3.175
-0.913,-3.182
-0.923,-3.192
-0.923,-3.193
-0.922,-3.207
-0.915,-3.225
-0.915,-3.225
-0.906,-3.236
-0.907,-3.258
-0.904,-3.265
-0.906,-3.272
-0.895,-3.276
-0.904,-3.283
-0.894,-3.291
-0.892,-3.283
-0.876,-3.295
-0.876,-3.294
-0.867,-3.302
-0.858,-3.313
-0.857,-3.327
-0.868,-3.360
-0.868,-3.360
-0.877,-3.385
-0.877,-3.385
-0.902,-3.402
-0.932,-3.421
-0.940,-3.406
-0.950,-3.417
-0.952,-3.424
-0.958,-3.424
-0.980,-3.435
-0.988,-3.438
-0.997,-3.431
-0.998,-3.395
-0.996,-3.351
-0.979,-3.341
-0.987,-3.308
-0.996,-3.279
-0.996,-3.246
-1.004,-3.213
-1.007,-3.185
-0.998,-3.159
-1.007,-3.148
-0.999,-3.145
-0.997,-3.137
-0.990,-3.137
-0.989,-3.116
-0.978,-3.119
-0.970,-3.112
-0.967,-3.105
-0.960,-3.120
-0.951,-3.131
-0.941,-3.138
-0.924,-3.142
-0.922,-3.138
-0.915,-3.153
-0.895,-3.149
-0.886,-3.142
-0.897,-3.138
-0.886,-3.138
-0.895,-3.167
-0.876,-3.164
-0.885,-3.157
-0.859,-3.153
-0.867,-3.139
-0.869,-3.146
-0.868,-3.142
-0.858,-3.168
-0.858,-3.168
-0.848,-3.189
-0.848,-3.193
-0.867,-3.193
-0.858,-3.204
-0.870,-3.186
-0.868,-3.178
-0.887,-3.196
-0.894,-3.182
-0.913,-3.200
-0.914,-3.189
-0.906,-3.182
-0.916,-3.160
-0.896,-3.171
-0.895,-3.186
-0.885,-3.193
-0.892,-3.193
-0.903,-3.207
-0.913,-3.203
-0.913,-3.204
-0.924,-3.200
-0.922,-3.192
-0.923,-3.214
-0.923,-3.214
-0.931,-3.218
-0.942,-3.232
-0.931,-3.218
-0.943,-3.236
-0.924,-3.232
-0.932,-3.239
-0.951,-3.239
-0.959,-3.224
-0.980,-3.250
-0.989,-3.239
-0.997,-3.246
-0.999,-3.253
-0.997,-3.246
-1.018,-3.235
-1.007,-3.239
-1.024,-3.235
-1.035,-3.210
-1.042,-3.195
-1.054,-3.195
-1.062,-3.198
-1.044,-3.202
-1.036,-3.199
-1.044,-3.202
-1.037,-3.221
-1.045,-3.224
-1.053,-3.246
-1.045,-3.242
-1.053,-3.246
-1.045,-3.261
-1.035,-3.250
-1.053,-3.246
-1.025,-3.257
-1.032,-3.238
-1.026,-3.257
-0.997,-3.246
-0.998,-3.268
-0.990,-3.265
-0.980,-3.286
-0.943,-3.309
-0.914,-3.312
-0.877,-3.349
-0.841,-3.390
-0.774,-3.408
-0.701,-3.398
-0.674,-3.409
-0.673,-3.387
-0.673,-3.387
-0.718,-3.372
-0.765,-3.364
-0.792,-3.367
-0.830,-3.338
-0.869,-3.291
-0.906,-3.269
-0.944,-3.254
-0.962,-3.250
-1.006,-3.235
-1.044,-3.235
-1.089,-3.242
-1.139,-3.223
-1.158,-3.205
-1.194,-3.186
-1.233,-3.190
-1.267,-3.182
-1.269,-3.204
-1.266,-3.197
-1.275,-3.222
-1.276,-3.244
-1.284,-3.251
-1.268,-3.276
-1.277,-3.284
-1.278,-3.305
-1.297,-3.323
-1.302,-3.323
-1.324,-3.349
-1.321,-3.341
-1.340,-3.363
-1.342,-3.385
-1.339,-3.377
-1.342,-3.385
-1.351,-3.374
-1.350,-3.392
-1.332,-3.392
-1.321,-3.377
-1.295,-3.411
-1.285,-3.418
-1.267,-3.436
-1.249,-3.440
-1.238,-3.444
-1.221,-3.448
-1.201,-3.444
-1.192,-3.455
-1.194,-3.459
-1.199,-3.458
-1.202,-3.466
-1.184,-3.466
-1.175,-3.459
-1.185,-3.452
-1.146,-3.430
-1.129,-3.434
-1.108,-3.408
-1.090,-3.427
-1.070,-3.423
-1.041,-3.444
-1.016,-3.446
-1.026,-3.420
-1.026,-3.420
-1.008,-3.424
-1.016,-3.409
-1.017,-3.431
-1.016,-3.409
-1.026,-3.420
-1.026,-3.420
-1.025,-3.398
-1.017,-3.395
-1.006,-3.380
-1.016,-3.391
-1.017,-3.395
-1.016,-3.391
-1.026,-3.384
-1.053,-3.391
-1.062,-3.398
-1.054,-3.395
-1.052,-3.387
-1.044,-3.402
-1.053,-3.391
-1.063,-3.365
-1.072,-3.354
-1.069,-3.347
-1.081,-3.347
-1.073,-3.340
-1.101,-3.315
-1.112,-3.311
-1.119,-3.310
-1.138,-3.314
-1.146,-3.299
-1.146,-3.299
-1.147,-3.321
-1.154,-3.306
-1.157,-3.332
-1.164,-3.317
-1.193,-3.328
-1.194,-3.350
-1.201,-3.335
-1.211,-3.346
-1.202,-3.357
-1.211,-3.364
-1.203,-3.379
-1.201,-3.371
-1.193,-3.368
-1.182,-3.353
-1.164,-3.372
-1.156,-3.368
-1.125,-3.350
-1.118,-3.365
-1.089,-3.372
-1.071,-3.373
-1.063,-3.369
-1.061,-3.361
-1.063,-3.365
-1.052,-3.354
-1.051,-3.351
-1.061,-3.343
-1.060,-3.321
-1.072,-3.322
-1.064,-3.315
-1.064,-3.315
-1.055,-3.326
-1.070,-3.314
-1.072,-3.322
-1.072,-3.322
-1.081,-3.311
-1.072,-3.322
-1.080,-3.289
-1.072,-3.286
-1.070,-3.278
-1.062,-3.271
-1.062,-3.275
-1.052,-3.260
-1.064,-3.242
-1.063,-3.220
-1.063,-3.220
-1.054,-3.231
-1.052,-3.242
-1.043,-3.253
-1.052,-3.242
-1.053,-3.227
-1.055,-3.235
-1.061,-3.213
-1.081,-3.202
-1.073,-3.177
-1.073,-3.177
-1.075,-3.148
-1.083,-3.115
-1.074,-3.090
-1.073,-3.068
-1.062,-3.054
-1.071,-3.043
-1.070,-3.021
-1.074,-3.032
-1.055,-2.995
-1.047,-2.992
-1.057,-2.966
-1.046,-2.952
-1.047,-2.974
-1.045,-2.967
-1.044,-2.945
-1.054,-2.956
-1.043,-2.924
-1.028,-2.916
-1.028,-2.916
-1.037,-2.923
-1.039,-2.912
-1.037,-2.905
-1.029,-2.937
-1.028,-2.934
-1.028,-2.952
-1.038,-2.981
-1.034,-2.989
-1.028,-3.025
-1.027,-3.039
-1.028,-3.061
-1.019,-3.090
-1.018,-3.104
-1.020,-3.144
-1.010,-3.188
-1.009,-3.202
-1.019,-3.181
-1.017,-3.173
-1.018,-3.159
-1.027,-3.130
-1.027,-3.126
-1.018,-3.137
-1.016,-3.115
-1.010,-3.097
-0.990,-3.094
-1.008,-3.090
-1.000,-3.105
-1.018,-3.101
-0.992,-3.138
-0.983,-3.130
-0.982,-3.145
-0.991,-3.152
-1.006,-3.177
-0.998,-3.174
-1.016,-3.170
-1.027,-3.184
-1.019,-3.199
-1.018,-3.213
-1.029,-3.228
-1.027,-3.242
-1.037,-3.249
-1.046,-3.279
-1.072,-3.282
-1.075,-3.289
-1.065,-3.296
-1.075,-3.289
-1.047,-3.282
-1.055,-3.231
-1.047,-3.246
-1.064,-3.220
-1.063,-3.235
-1.073,-3.245
-1.061,-3.249
-1.064,-3.239
-1.055,-3.231
-1.055,-3.231
-1.055,-3.231
-1.061,-3.249
-1.064,-3.257
-1.054,-3.264
-1.073,-3.286
-1.074,-3.271
-1.064,-3.293
-1.066,-3.304
-1.065,-3.315
-1.072,-3.336
-1.091,-3.354
-1.088,-3.346
-1.101,-3.365
-1.091,-3.354
-1.101,-3.365
-1.102,-3.387
-1.109,-3.372
-1.120,-3.387
-1.119,-3.401
-1.119,-3.401
-1.120,-3.405
-1.100,-3.383
-1.111,-3.380
-1.110,-3.358
-1.109,-3.372
-1.119,-3.365
-1.117,-3.339
-1.129,-3.340
-1.110,-3.321
-1.119,-3.293
-1.119,-3.292
-1.118,-3.271
-1.129,-3.285
-1.100,-3.274
-1.098,-3.267
-1.118,-3.271
-1.099,-3.289
-1.103,-3.282
-1.093,-3.289
-1.113,-3.293
-1.122,-3.282
-1.118,-3.270
-1.120,-3.278
-1.109,-3.245
-1.118,-3.234
-1.110,-3.227
-1.099,-3.213
-1.091,-3.209
-1.081,-3.198
-1.082,-3.184
-1.066,-3.173
-1.074,-3.140
-1.093,-3.144
-1.092,-3.140
-1.100,-3.144
-1.091,-3.137
-1.081,-3.126
-1.102,-3.115
-1.082,-3.111
-1.092,-3.122
-1.102,-3.115
-1.091,-3.136
-1.121,-3.133
-1.110,-3.122
-1.101,-3.129
-1.110,-3.122
-1.118,-3.125
-1.120,-3.133
-1.127,-3.133
-1.129,-3.140
-1.103,-3.137
-1.102,-3.115
-1.112,-3.125
-1.111,-3.104
-1.110,-3.118
-1.110,-3.118
-1.107,-3.111
-1.101,-3.093
-1.102,-3.060
-1.092,-3.050
-1.085,-3.028
-1.065,-3.024
-1.076,-3.039
-1.056,-3.032
-1.074,-3.032
-1.084,-3.042
-1.063,-3.017
-1.084,-3.042
-1.074,-3.032
-1.066,-3.042
-1.075,-3.035
-1.054,-3.028
-1.065,-3.024
-1.063,-3.017
-1.046,-3.021
-1.047,-3.006
-1.064,-3.003
-1.065,-2.988
-1.046,-2.985
-1.046,-2.985
-1.055,-2.977
-1.053,-2.971
-1.055,-2.977
-1.047,-2.970
-1.037,-2.978
-1.029,-2.974
-1.018,-2.959
-1.020,-2.981
-1.027,-2.967
-1.045,-2.981
-1.036,-2.992
-1.026,-2.982
-1.020,-2.981
-1.019,-2.981
-1.010,-2.989
-1.010,-2.989
-1.008,-2.981
-1.019,-2.996
-1.009,-3.003
-1.010,-2.989
-1.002,-3.003
-1.000,-2.996
-0.991,-3.007
-0.999,-2.992
-0.999,-2.992
-0.990,-2.985
-0.998,-2.971
-1.000,-2.978
-0.991,-2.970
-1.001,-2.963
-1.001,-2.963
-1.008,-2.945
-1.009,-2.949
-1.017,-2.938
-1.017,-2.938
-1.019,-2.923
-1.016,-2.916
-1.020,-2.909
-1.020,-2.908
-1.020,-2.908
-1.011,-2.919
-1.018,-2.902
-1.028,-2.916
-1.027,-2.894
-1.036,-2.884
-1.037,-2.869
-1.027,-2.858
-1.037,-2.869
-1.027,-2.858
-1.037,-2.869
-1.037,-2.869
-1.035,-2.862
-1.038,-2.890
-1.038,-2.890
-1.037,-2.905
-1.038,-2.927
-1.037,-2.941
-1.047,-2.970
-1.046,-2.985
-1.055,-2.974
-1.046,-3.003
-1.044,-2.999
-1.065,-2.988
-1.065,-2.988
-1.057,-2.981
-1.067,-2.973
-1.054,-2.956
-1.074,-2.959
-1.074,-2.959
-1.074,-2.959
-1.084,-2.933
-1.082,-2.927
-1.093,-2.923
-1.084,-2.933
-1.074,-2.923
-1.076,-2.930
-1.065,-2.952
-1.067,-2.973
-1.065,-2.988
-1.064,-3.003
-1.064,-3.003
-1.063,-3.017
-1.047,-3.043
-1.027,-3.039
-1.027,-3.076
-1.018,-3.105
-1.008,-3.094
-1.019,-3.108
-1.018,-3.123
-1.036,-3.105
-1.037,-3.108
-1.035,-3.119
-1.066,-3.137
-1.046,-3.133
-1.063,-3.130
-1.064,-3.133
-1.082,-3.130
-1.093,-3.126
-1.083,-3.133
-1.101,-3.129
-1.092,-3.122
-1.100,-3.108
-1.119,-3.075
-1.118,-3.053
-1.120,-3.039
-1.121,-3.006
-1.129,-2.991
-1.120,-2.984
-1.119,-2.963
-1.131,-2.944
-1.123,-2.936
-1.131,-2.940
-1.122,-2.955
-1.131,-2.944
-1.149,-2.940
-1.157,-2.948
-1.165,-2.933
-1.167,-2.940
-1.157,-2.930
-1.167,-2.940
-1.160,-2.954
-1.146,-2.951
-1.168,-2.962
-1.148,-2.958
-1.157,-2.984
-1.150,-2.998
-1.166,-2.991
-1.158,-3.005
-1.176,-3.002
-1.176,-3.002
-1.177,-3.005
-1.176,-3.002
-1.177,-3.023
-1.148,-3.031
-1.167,-3.049
-1.149,-3.053
-1.139,-3.038
-1.149,-3.053
-1.157,-3.038
-1.147,-3.046
-1.131,-3.035
-1.128,-3.027
-1.139,-3.038
-1.146,-3.024
-1.138,-3.020
-1.150,-3.016
-1.139,-3.006
-1.132,-3.002
-1.150,-2.980
-1.139,-3.002
-1.130,-3.013
-1.127,-3.006
-1.120,-3.020
-1.120,-3.020
-1.121,-3.042
-1.113,-3.038
-1.101,-3.039
-1.113,-3.035
-1.103,-3.024
-1.101,-3.002
-1.103,-3.024
-1.092,-3.010
-1.085,-2.991
-1.094,-2.980
-1.074,-2.977
-1.084,-2.970
-1.072,-2.970
-1.093,-2.995
-1.083,-2.984
-1.074,-2.995
-1.085,-2.991
-1.074,-2.977
-1.085,-2.991
-1.091,-2.992
-1.092,-3.010
-1.083,-3.021
-1.091,-3.028
-1.084,-3.042
-1.084,-3.042
-1.075,-3.035
-1.066,-3.046
-1.055,-3.050
-1.075,-3.090
-1.083,-3.093
-1.074,-3.086
-1.085,-3.100
-1.082,-3.071
-1.084,-3.079
-1.082,-3.071
-1.082,-3.072
-1.074,-3.086
-1.063,-3.090
-1.075,-3.090
-1.055,-3.086
-1.083,-3.093
-1.075,-3.089
-1.073,-3.064
-1.075,-3.090
-1.084,-3.079
-1.082,-3.075
-1.082,-3.075
-1.062,-3.072
-1.056,-3.072
-1.054,-3.064
-1.054,-3.064
-1.065,-3.079
-1.062,-3.072
-1.055,-3.086
-1.065,-3.079
-1.055,-3.086
-1.073,-3.086
-1.071,-3.079
-1.083,-3.097
-1.065,-3.079
-1.073,-3.086
-1.074,-3.108
-1.091,-3.118
-1.101,-3.133
-1.120,-3.151
-1.119,-3.165
-1.120,-3.169
-1.118,-3.198
-1.102,-3.242
-1.103,-3.227
-1.095,-3.220
-1.076,-3.220
-1.073,-3.209
-1.083,-3.224
-1.073,-3.209
-1.081,-3.216
-1.073,-3.213
-1.081,-3.216
-1.076,-3.220
-1.046,-3.206
-1.046,-3.206
-1.028,-3.210
-1.015,-3.188
-1.018,-3.195
-1.025,-3.199
-1.025,-3.181
-1.028,-3.170
-1.035,-3.155
-1.027,-3.152
-1.025,-3.108
-1.054,-3.101
-1.056,-3.072
-1.055,-3.050
-1.067,-3.013
-1.048,-2.995
-1.047,-2.974
-1.037,-2.999
-1.044,-3.018
-1.045,-3.039
-1.035,-3.028
-1.043,-3.032
-1.064,-3.021
-1.044,-3.018
-1.065,-3.043
-1.056,-3.035
-1.056,-3.053
-1.048,-3.068
-1.045,-3.075
-1.064,-3.093
-1.062,-3.108
-1.081,-3.126
-1.092,-3.140
-1.101,-3.129
-1.094,-3.129
-1.122,-3.118
-1.110,-3.122
-1.121,-3.133
-1.127,-3.133
-1.129,-3.158
-1.120,-3.165
-1.120,-3.165
-1.129,-3.158
-1.127,-3.151
-1.129,-3.158
-1.119,-3.147
-1.102,-3.151
-1.104,-3.158
-1.102,-3.151
-1.113,-3.184
-1.110,-3.195
-1.110,-3.191
-1.101,-3.202
-1.089,-3.202
-1.071,-3.224
-1.090,-3.227
-1.081,-3.234
-1.083,-3.242
-1.101,-3.260
-1.075,-3.275
-1.064,-3.296
-1.063,-3.311
-1.037,-3.344
-0.999,-3.341
-0.972,-3.356
-0.970,-3.348
-0.970,-3.344
-0.972,-3.352
-0.978,-3.351
-0.998,-3.355
-1.017,-3.337
-1.044,-3.326
-1.073,-3.322
-1.082,-3.292
-1.102,-3.296
-1.109,-3.300
-1.127,-3.296
-1.120,-3.274
-1.128,-3.263
-1.140,-3.245
-1.141,-3.227
-1.158,-3.223
-1.169,-3.238
-1.175,-3.219
-1.203,-3.208
-1.221,-3.190
-1.240,-3.171
-1.250,-3.164
-1.268,-3.146
-1.270,-3.131
-1.278,-3.120
-1.288,-3.113
-1.298,-3.106
-1.287,-3.091
-1.288,-3.113
-1.296,-3.116
-1.297,-3.120
-1.289,-3.135
-1.277,-3.117
-1.279,-3.124
-1.250,-3.128
-1.250,-3.128
-1.242,-3.125
-1.248,-3.142
-1.241,-3.157
-1.223,-3.139
-1.221,-3.117
-1.205,-3.107
-1.202,-3.078
-1.194,-3.074
-1.185,-3.067
-1.185,-3.067
-1.169,-3.056
-1.158,-3.042
-1.168,-3.034
-1.159,-3.006
-1.140,-3.006
-1.130,-2.995
-1.128,-2.988
-1.120,-2.984
-1.110,-2.991
-1.102,-2.984
-1.094,-2.981
-1.083,-2.966
-1.074,-2.977
-1.074,-2.977
-1.073,-2.992
-1.066,-3.006
-1.055,-3.010
-1.058,-3.039
-1.038,-3.035
-1.045,-3.057
-1.037,-3.086
-1.026,-3.090
-1.045,-3.094
-1.036,-3.104
-1.045,-3.094
-1.037,-3.090
-1.035,-3.083
-1.036,-3.068
-1.055,-3.050
-1.054,-3.065
-1.045,-3.057
-1.053,-3.061
-1.056,-3.068
-1.046,-3.079
-1.048,-3.064
-1.040,-3.079
-1.055,-3.104
-1.065,-3.133
-1.064,-3.148
-1.072,-3.187
-1.073,-3.209
-1.062,-3.213
-1.065,-3.242
-1.065,-3.242
-1.064,-3.260
-1.047,-3.282
-1.044,-3.289
-1.055,-3.340
-1.045,-3.347
-1.053,-3.373
-1.064,-3.406
-1.054,-3.394
-1.055,-3.380
-1.064,-3.351
-1.071,-3.354
-1.091,-3.340
-1.116,-3.339
-1.137,-3.310
-1.164,-3.299
-1.182,-3.281
-1.185,-3.252
-1.202,-3.248
-1.205,-3.219
-1.222,-3.215
-1.227,-3.211
-1.247,-3.215
-1.246,-3.193
-1.250,-3.168
-1.242,-3.146
-1.224,-3.128
-1.224,-3.128
-1.210,-3.106
-1.212,-3.128
-1.200,-3.096
-1.191,-3.103
-1.174,-3.111
-1.144,-3.114
-1.138,-3.114
-1.129,-3.122
-1.129,-3.122
-1.130,-3.144
-1.109,-3.118
-1.101,-3.151
-1.091,-3.158
-1.082,-3.166
-1.064,-3.170
-1.053,-3.173
-1.035,-3.177
-1.027,-3.170
-1.026,-3.148
-1.027,-3.134
-1.025,-3.126
-1.036,-3.105
-1.044,-3.094
-1.043,-3.090
-1.054,-3.050
-1.034,-3.046
-1.056,-3.053
-1.046,-3.043
-1.052,-3.061
-1.071,-3.079
-1.061,-3.068
-1.046,-3.079
-1.038,-3.057
-1.021,-3.061
-1.029,-3.068
-1.016,-3.083
-1.017,-3.086
-1.015,-3.098
-1.014,-3.076
-1.007,-3.094
-0.988,-3.072
-0.981,-3.091
-0.973,-3.083
-0.953,-3.080
-0.946,-3.080
-0.933,-3.076
-0.925,-3.106
-0.924,-3.120
-0.924,-3.120
-0.915,-3.113
-0.905,-3.102
-0.897,-3.117
-0.889,-3.109
-0.896,-3.095
-0.916,-3.098
-0.895,-3.110
-0.897,-3.117
-0.879,-3.098
-0.878,-3.113
-0.860,-3.117
-0.886,-3.117
-0.896,-3.095
-0.895,-3.109
-0.895,-3.092
-0.897,-3.080
-0.897,-3.080
-0.890,-3.098
-0.881,-3.106
-0.889,-3.109
-0.898,-3.102
-0.885,-3.099
-0.896,-3.095
-0.896,-3.095
-0.905,-3.102
-0.898,-3.102
-0.925,-3.087
-0.935,-3.116
-0.943,-3.123
-0.943,-3.156
-0.963,-3.181
-0.962,-3.177
-0.964,-3.185
-0.972,-3.192
-0.971,-3.203
-0.970,-3.221
-0.979,-3.210
-0.980,-3.232
-0.972,-3.225
-0.979,-3.210
-0.980,-3.214
-0.978,-3.206
-0.989,-3.203
-0.980,-3.214
-0.989,-3.203
-1.000,-3.199
-0.997,-3.173
-1.008,-3.148
-1.006,-3.145
-1.025,-3.126
-1.018,-3.126
-1.008,-3.115
-1.029,-3.104
-1.009,-3.101
-1.017,-3.086
-1.008,-3.079
-1.024,-3.072
-1.034,-3.083
-1.036,-3.050
-1.035,-3.047
-1.037,-3.017
-1.035,-2.992
-1.046,-3.006
-1.046,-3.006
-1.063,-3.003
-1.056,-2.981
-1.073,-2.977
-1.074,-2.981
-1.083,-2.970
-1.091,-2.973
-1.093,-2.962
-1.091,-2.955
-1.102,-2.951
-1.102,-2.951
-1.101,-2.930
-1.111,-2.944
-1.101,-2.930
-1.102,-2.951
-1.102,-2.951
-1.101,-2.930
-1.093,-2.926
-1.082,-2.912
-1.083,-2.933
-1.082,-2.912
-1.088,-2.913
-1.092,-2.905
-1.074,-2.905
-1.075,-2.893
-1.066,-2.901
-1.056,-2.908
-1.066,-2.901
-1.045,-2.912
-1.045,-2.912
-1.027,-2.912
-1.025,-2.909
-1.019,-2.909
-0.990,-2.898
-1.010,-2.901
-1.000,-2.890
-0.990,-2.876
-0.990,-2.880
-0.988,-2.873
-0.992,-2.883
-0.982,-2.873
-0.980,-2.869
-0.973,-2.866
-0.961,-2.848
-0.972,-2.862
-0.963,-2.855
-0.962,-2.833
-0.982,-2.837
-0.971,-2.822
-0.982,-2.836
-0.953,-2.844
-0.952,-2.841
-0.954,-2.829
-0.971,-2.822
-0.990,-2.844
-0.999,-2.833
-0.998,-2.848
-0.989,-2.859
-0.998,-2.848
-1.000,-2.854
-1.001,-2.839
-1.001,-2.839
-0.993,-2.832
-0.999,-2.833
-1.009,-2.825
-0.999,-2.833
-0.998,-2.848
-0.981,-2.851
-0.989,-2.855
-0.991,-2.862
-0.991,-2.862
-0.999,-2.869
-1.001,-2.876
-0.989,-2.858
-1.000,-2.891
-1.009,-2.898
-0.998,-2.884
-1.009,-2.898
-1.007,-2.891
-1.000,-2.891
-1.000,-2.891
-0.999,-2.869
-1.000,-2.891
-0.998,-2.884
-1.009,-2.898
-0.999,-2.887
-1.008,-2.876
-1.009,-2.862
-1.007,-2.855
-1.009,-2.862
-1.018,-2.851
-1.018,-2.851
-1.018,-2.851
-1.025,-2.837
-1.018,-2.851
-1.010,-2.847
-1.009,-2.843
-1.012,-2.853
-1.000,-2.854
-1.019,-2.872
-1.009,-2.880
-1.025,-2.873
-1.026,-2.895
-1.017,-2.866
-1.018,-2.887
-1.000,-2.891
-1.008,-2.894
-1.009,-2.898
-1.018,-2.905
-1.019,-2.909
-1.009,-2.916
-1.008,-2.931
-1.028,-2.934
-1.026,-2.927
-1.027,-2.949
-1.018,-2.941
-1.009,-2.934
-1.002,-2.930
-1.017,-2.920
-1.028,-2.934
-1.027,-2.930
-1.026,-2.909
-1.038,-2.908
-1.026,-2.891
-1.028,-2.898
-1.018,-2.869
-1.018,-2.869
-1.018,-2.869
-1.007,-2.873
-1.001,-2.873
-0.982,-2.854
-0.992,-2.865
-0.984,-2.861
-0.954,-2.844
-0.973,-2.826
-0.973,-2.826
-0.961,-2.830
-0.963,-2.815
-0.952,-2.801
-0.944,-2.797
-0.945,-2.782
-0.944,-2.779
-0.936,-2.775
-0.926,-2.761
-0.917,-2.772
-0.926,-2.764
-0.925,-2.743
-0.927,-2.749
-0.907,-2.743
-0.917,-2.736
-0.917,-2.735
-0.925,-2.740
-0.917,-2.736
-0.907,-2.743
-0.917,-2.736
-0.917,-2.736
-0.925,-2.743
-0.926,-2.764
-0.924,-2.758
-0.926,-2.761
-0.917,-2.772
-0.933,-2.783
-0.926,-2.797
-0.925,-2.815
-0.927,-2.819
-0.928,-2.840
-0.927,-2.837
-0.946,-2.858
-0.935,-2.862
-0.945,-2.873
-0.944,-2.888
-0.943,-2.866
-0.944,-2.888
-0.942,-2.881
-0.954,-2.880
-0.945,-2.873
-0.936,-2.880
-0.946,-2.894
-0.944,-2.887
-0.944,-2.888
-0.953,-2.895
-0.953,-2.895
-0.964,-2.891
-0.953,-2.877
-0.964,-2.891
-0.964,-2.891
-0.962,-2.884
-0.972,-2.898
-0.963,-2.906
-0.972,-2.898
-0.963,-2.909
-0.971,-2.913
-0.964,-2.927
-0.980,-2.920
-0.981,-2.942
-0.981,-2.942
-0.971,-2.931
-0.983,-2.949
-0.990,-2.934
-0.992,-2.938
-1.001,-2.945
-1.009,-2.952
-1.020,-2.948
-1.017,-2.956
-1.008,-2.967
-1.018,-2.978
-1.017,-2.974
-1.019,-2.981
-1.009,-3.003
-0.982,-3.018
-0.993,-3.014
-1.000,-3.032
-0.992,-3.028
-1.000,-3.014
-1.009,-3.007
-1.001,-2.999
-1.018,-2.996
-1.019,-2.999
-1.008,-2.985
-1.018,-2.996
-1.018,-2.996
-1.027,-3.003
-1.020,-2.985
-1.009,-2.970
-1.010,-2.992
-1.028,-2.988
-1.035,-3.010
-1.047,-3.006
-1.044,-2.999
-1.037,-3.014
-1.029,-3.010
-1.009,-3.007
-1.002,-3.021
-1.010,-3.025
-1.010,-3.028
-1.019,-3.017
-1.007,-3.000
-0.990,-3.003
-0.998,-2.971
-0.998,-2.974
-0.990,-2.967
-0.990,-2.967
-0.973,-2.956
-0.981,-2.942
-0.964,-2.963
-0.945,-2.964
-0.953,-2.967
-0.953,-2.989
-0.952,-3.004
-0.943,-3.014
-0.953,-3.025
-0.952,-3.040
-0.945,-3.054
-0.925,-3.051
-0.935,-3.062
-0.944,-3.069
-0.943,-3.084
-0.945,-3.127
-0.952,-3.109
-0.944,-3.142
-0.935,-3.134
-0.933,-3.163
-0.943,-3.174
-0.942,-3.188
-0.945,-3.218
-0.955,-3.192
-0.955,-3.192
-0.938,-3.218
-0.944,-3.196
-0.962,-3.214
-0.952,-3.199
-0.960,-3.206
-0.961,-3.192
-0.961,-3.170
-0.964,-3.163
-0.955,-3.156
-0.964,-3.163
-0.974,-3.174
-0.972,-3.166
-0.963,-3.178
-0.962,-3.177
-0.963,-3.141
-0.955,-3.138
-0.953,-3.130
-0.972,-3.134
-0.963,-3.105
-0.962,-3.119
-0.972,-3.098
-0.971,-3.076
-0.972,-3.061
-0.981,-3.069
-0.979,-3.062
-1.000,-3.069
-0.989,-3.072
-0.999,-3.083
-0.990,-3.076
-1.000,-3.068
-1.012,-3.086
-1.001,-3.090
-0.992,-3.119
-1.001,-3.126
-0.991,-3.134
-0.992,-3.119
-1.009,-3.094
-1.019,-3.122
-1.018,-3.101
-1.018,-3.101
-1.019,-3.086
-1.028,-3.075
-1.029,-3.064
-1.011,-3.046
-1.019,-3.050
-1.029,-3.065
-1.018,-3.065
-1.019,-3.086
-1.019,-3.086
-1.027,-3.094
-1.020,-3.072
-1.019,-3.086
-1.020,-3.072
-1.020,-3.072
-1.026,-3.072
-1.028,-3.079
-1.027,-3.057
-1.037,-3.050
-1.047,-3.024
-1.055,-3.010
-1.057,-3.017
-1.072,-3.007
-1.074,-3.013
-1.076,-3.002
-1.084,-3.006
-1.086,-3.013
-1.092,-3.013
-1.111,-3.031
-1.122,-3.027
-1.121,-3.024
-1.122,-3.027
-1.130,-3.013
-1.128,-3.028
-1.139,-3.038
-1.127,-3.042
-1.140,-3.060
-1.120,-3.056
-1.141,-3.082
-1.141,-3.081
-1.129,-3.085
-1.132,-3.093
-1.128,-3.100
-1.138,-3.111
-1.139,-3.114
-1.147,-3.082
-1.149,-3.089
-1.130,-3.049
-1.139,-3.042
-1.131,-3.034
-1.147,-3.045
-1.139,-3.042
-1.128,-3.027
-1.129,-3.031
-1.121,-3.024
-1.130,-3.013
-1.130,-3.013
-1.120,-3.002
-1.130,-3.016
-1.122,-3.009
-1.112,-3.016
-1.123,-3.031
-1.112,-3.016
-1.112,-3.017
-1.121,-3.024
-1.118,-3.017
-1.111,-2.995
-1.091,-2.992
-1.102,-3.006
-1.094,-2.999
-1.091,-2.991
-1.085,-2.991
-1.074,-2.977
-1.084,-2.970
-1.075,-2.980
-1.083,-2.984
-1.075,-2.981
-1.074,-2.995
-1.074,-2.995
-1.065,-3.006
-1.055,-3.014
-1.048,-3.028
-1.036,-3.028
-1.037,-3.032
-1.037,-3.032
-1.035,-3.046
-1.019,-3.054
-1.008,-3.057
-1.009,-3.079
-1.009,-3.079
-1.007,-3.072
-1.018,-3.068
-1.016,-3.061
-1.027,-3.076
-1.019,-3.054
-1.009,-3.043
-1.002,-3.025
-1.019,-2.999
-1.019,-2.999
-1.019,-2.999
-1.025,-3.000
-1.027,-2.985
-1.036,-2.974
-1.037,-2.959
-1.029,-2.956
-1.028,-2.934
-1.029,-2.937
-1.027,-2.949
-1.028,-2.952
-1.047,-2.970
-1.046,-2.948
-1.048,-2.959
-1.038,-2.945
-1.057,-2.948
-1.056,-2.945
-1.044,-2.945
-1.046,-2.952
-1.046,-2.948
-1.046,-2.952
-1.038,-2.945
-1.036,-2.941
-1.038,-2.945
-1.035,-2.956
-1.045,-2.967
-1.036,-2.978
-1.036,-2.974
-1.010,-2.974
-1.035,-2.956
-1.045,-2.967
-1.045,-2.967
-1.036,-2.978
-1.048,-2.995
-1.047,-2.973
-1.057,-2.984
-1.056,-2.981
-1.073,-2.977
-1.065,-2.988
-1.053,-2.992
-1.055,-2.995
-1.036,-2.996
-1.054,-3.010
-1.046,-3.006
-1.054,-3.014
-1.055,-2.999
-1.065,-3.010
-1.055,-2.995
-1.056,-3.017
-1.042,-3.014
-1.053,-3.025
-1.035,-2.992
-1.017,-2.974
-1.020,-2.966
-1.019,-2.945
-1.029,-2.956
-1.038,-2.948
-1.045,-2.948
-1.047,-2.955
-1.026,-2.930
-1.036,-2.941
-1.036,-2.941
-1.044,-2.945
-1.055,-2.959
-1.054,-2.938
-1.054,-2.938
-1.046,-2.898
-1.037,-2.890
-1.030,-2.886
-1.037,-2.890
-1.029,-2.919
-1.037,-2.927
-1.027,-2.912
-1.038,-2.945
-1.044,-2.945
-1.037,-2.959
-1.037,-2.996
-1.036,-3.032
-1.048,-3.064
-1.046,-3.075
-1.046,-3.079
-1.049,-3.050
-1.047,-3.042
-1.057,-3.057
-1.046,-3.042
-1.055,-3.068
-1.045,-3.057
-1.044,-3.035
-1.047,-3.006
-1.018,-2.977
-1.009,-2.970
-1.021,-2.966
-0.999,-2.960
-1.011,-2.956
-0.990,-2.931
-1.000,-2.942
-0.980,-2.938
-0.961,-2.935
-0.964,-2.927
-0.971,-2.909
-0.971,-2.913
-0.982,-2.909
-0.972,-2.898
-0.974,-2.905
-0.974,-2.901
-0.974,-2.938
-0.973,-2.956
-0.982,-2.981
-0.983,-3.003
-0.990,-3.003
-0.990,-3.040
-1.000,-3.050
-0.990,-3.040
-1.001,-3.036
-0.990,-3.040
-0.992,-3.047
-0.991,-3.065
-0.990,-3.076
-1.009,-3.097
-0.989,-3.094
-0.990,-3.116
-1.000,-3.109
-0.999,-3.123
-1.009,-3.137
-1.017,-3.177
-1.017,-3.195
-1.026,-3.224
-1.044,-3.202
-1.046,-3.192
-1.054,-3.159
-1.072,-3.159
-1.081,-3.148
-1.099,-3.144
-1.110,-3.122
-1.118,-3.111
-1.137,-3.093
-1.138,-3.078
-1.120,-3.060
-1.141,-3.049
-1.129,-3.053
-1.157,-3.060
-1.167,-3.052
-1.164,-3.045
-1.175,-3.023
-1.192,-2.998
-1.185,-2.998
-1.186,-2.998
-1.194,-2.987
-1.187,-2.983
-1.193,-2.965
-1.194,-2.987
-1.186,-2.980
-1.193,-2.965
-1.186,-2.962
-1.185,-2.958
-1.185,-2.958
-1.195,-2.951
-1.175,-2.947
-1.186,-2.943
-1.175,-2.947
-1.166,-2.940
-1.176,-2.933
-1.184,-2.937
-1.159,-2.936
-1.167,-2.944
-1.176,-2.933
-1.176,-2.933
-1.165,-2.955
-1.176,-2.969
-1.174,-2.962
-1.175,-2.984
-1.177,-2.991
-1.167,-2.998
-1.151,-3.023
-1.150,-3.038
-1.157,-3.060
-1.158,-3.082
-1.146,-3.100
-1.148,-3.107
-1.146,-3.100
-1.138,-3.114
-1.138,-3.115
-1.127,-3.118
-1.138,-3.151
-1.118,-3.147
-1.120,-3.169
-1.121,-3.155
-1.108,-3.173
-1.101,-3.187
-1.100,-3.202
-1.119,-3.205
-1.101,-3.224
-1.100,-3.202
-1.102,-3.209
-1.100,-3.202
-1.109,-3.195
-1.111,-3.198
-1.117,-3.198
-1.119,-3.205
-1.109,-3.194
-1.101,-3.187
-1.082,-3.169
-1.071,-3.155
-1.081,-3.148
-1.088,-3.130
-1.070,-3.133
-1.083,-3.115
-1.064,-3.097
-1.048,-3.090
-1.048,-3.086
-1.065,-3.082
-1.064,-3.097
-1.052,-3.097
-1.053,-3.119
-1.045,-3.075
-1.036,-3.068
-1.038,-3.054
-1.045,-3.039
-1.073,-3.050
-1.064,-3.039
-1.074,-3.032
-1.066,-3.028
-1.082,-3.002
-1.076,-3.020
-1.082,-3.002
-1.083,-3.024
-1.083,-3.024
-1.081,-3.017
-1.083,-3.024
-1.073,-3.013
-1.073,-3.013
-1.085,-3.009
-1.091,-3.028
-1.074,-3.035
-1.063,-3.035
-1.073,-3.050
-1.082,-3.057
-1.090,-3.060
-1.083,-3.060
-1.084,-3.046
-1.094,-3.038
-1.095,-3.024
-1.092,-2.995
-1.085,-3.009
-1.082,-2.984
-1.092,-2.995
-1.082,-2.966
-1.090,-2.952
-1.084,-2.952
-1.092,-2.923
-1.075,-2.926
-1.066,-2.919
-1.064,-2.912
-1.075,-2.926
-1.064,-2.912
-1.075,-2.926
-1.066,-2.919
-1.064,-2.912
-1.048,-2.901
-1.065,-2.897
-1.055,-2.887
-1.046,-2.879
-1.055,-2.868
-1.048,-2.865
-1.036,-2.832
-1.037,-2.851
-1.047,-2.843
-1.054,-2.829
-1.055,-2.814
-1.054,-2.793
-1.055,-2.814
-1.048,-2.792
-1.047,-2.771
-1.049,-2.777
-1.038,-2.781
-1.038,-2.800
-1.048,-2.792
-1.046,-2.785
-1.038,-2.800
-1.037,-2.796
-1.046,-2.785
-1.038,-2.781
-1.046,-2.785
-1.038,-2.781
-1.028,-2.789
-1.028,-2.789
-1.028,-2.789
-1.046,-2.785
-1.048,-2.792
-1.038,-2.781
-1.028,-2.789
-1.056,-2.799
-1.054,-2.793
-1.047,-2.807
-1.064,-2.803
-1.066,-2.810
-1.066,-2.810
-1.084,-2.807
-1.075,-2.817
-1.074,-2.814
-1.083,-2.822
-1.074,-2.832
-1.083,-2.821
-1.084,-2.843
-1.074,-2.832
-1.076,-2.839
-1.067,-2.831
-1.075,-2.835
-1.076,-2.839
-1.084,-2.843
-1.093,-2.835
-1.094,-2.835
-1.091,-2.829
-1.094,-2.835
-1.074,-2.814
-1.084,-2.807
-1.094,-2.799
-1.091,-2.792
-1.094,-2.799
-1.083,-2.788
-1.093,-2.781
-1.104,-2.773
-1.111,-2.759
-1.112,-2.745
-1.111,-2.759
-1.121,-2.752
-1.122,-2.737
-1.120,-2.730
-1.123,-2.722
-1.095,-2.712
-1.114,-2.693
-1.095,-2.693
-1.093,-2.669
-1.104,-2.683
-1.084,-2.680
-1.093,-2.672
-1.093,-2.672
-1.071,-2.660
-1.074,-2.687
-1.065,-2.662
-1.067,-2.665
-1.067,-2.668
-1.075,-2.672
-1.066,-2.683
-1.074,-2.687
-1.084,-2.680
-1.075,-2.691
-1.073,-2.702
-1.084,-2.698
-1.093,-2.705
-1.093,-2.705
-1.084,-2.716
-1.102,-2.731
-1.085,-2.737
-1.094,-2.727
-1.084,-2.734
-1.075,-2.745
-1.083,-2.749
-1.084,-2.770
-1.074,-2.760
-1.093,-2.778
-1.094,-2.763
-1.091,-2.756
-1.093,-2.781
-1.092,-2.778
-1.102,-2.770
-1.112,-2.744
-1.110,-2.738
-1.121,-2.752
-1.120,-2.731
-1.120,-2.731
-1.128,-2.738
-1.117,-2.724
-1.131,-2.726
-1.122,-2.701
-1.122,-2.701
-1.133,-2.696
-1.131,-2.708
-1.131,-2.708
-1.138,-2.712
-1.119,-2.709
-1.129,-2.723
-1.119,-2.709
-1.112,-2.708
-1.112,-2.708
-1.121,-2.734
-1.122,-2.737
-1.120,-2.730
-1.122,-2.737
-1.112,-2.744
-1.122,-2.737
-1.112,-2.744
-1.130,-2.741
-1.121,-2.752
-1.120,-2.748
-1.130,-2.741
-1.112,-2.744
-1.102,-2.731
-1.104,-2.737
-1.093,-2.741
-1.102,-2.731
-1.102,-2.734
