-0.297,-0.250
-0.297,-0.250
-0.297,-0.250
-0.297,-0.269
-0.287,-0.276
-0.288,-0.295
-0.278,-0.285
-0.259,-0.303
-0.269,-0.294
-0.268,-0.312
-0.260,-0.324
-0.261,-0.306
-0.260,-0.323
-0.251,-0.332
-0.231,-0.331
-0.223,-0.341
-0.232,-0.350
-0.241,-0.323
-0.242,-0.305
-0.222,-0.286
-0.214,-0.296
-0.213,-0.295
-0.213,-0.276
-0.204,-0.268
-0.213,-0.240
-0.214,-0.188
-0.213,-0.187
-0.213,-0.187
-0.185,-0.178
-0.194,-0.167
-0.186,-0.160
-0.176,-0.115
-0.177,-0.096
-0.167,-0.070
-0.166,-0.069
-0.167,-0.052
-0.157,-0.042
-0.157,-0.005
-0.148, 0.022
-0.138, 0.067
-0.130, 0.093
-0.130, 0.093
-0.120, 0.083
-0.121, 0.065
-0.120, 0.066
-0.111, 0.057
-0.092, 0.057
-0.092, 0.021
-0.083, 0.012
-0.082,-0.023
-0.064,-0.043
-0.064,-0.079
-0.037,-0.089
-0.027,-0.117
-0.027,-0.170
-0.036,-0.198
-0.017,-0.233
-0.008,-0.260
 0.011,-0.279
 0.011,-0.296
 0.020,-0.289
 0.020,-0.289
 0.039,-0.289
 0.048,-0.280
 0.057,-0.287
 0.039,-0.289
 0.048,-0.261
 0.048,-0.261
 0.057,-0.270
 0.048,-0.278
 0.048,-0.280
 0.048,-0.262
 0.020,-0.235
 0.020,-0.253
 0.029,-0.242
 0.030,-0.262
 0.029,-0.261
 0.029,-0.242
 0.019,-0.234
 0.019,-0.215
 0.020,-0.235
 0.029,-0.244
 0.020,-0.270
 0.010,-0.262
 0.001,-0.269
-0.018,-0.270
-0.008,-0.261
-0.018,-0.288
-0.018,-0.306
-0.008,-0.314
-0.018,-0.306
-0.027,-0.315
-0.027,-0.315
-0.027,-0.316
-0.018,-0.324
-0.008,-0.333
-0.017,-0.342
-0.008,-0.368
-0.008,-0.370
-0.008,-0.351
 0.011,-0.353
-0.017,-0.341
-0.017,-0.359
-0.008,-0.370
-0.017,-0.358
-0.017,-0.362
-0.018,-0.343
-0.036,-0.343
-0.055,-0.325
-0.064,-0.332
-0.073,-0.342
-0.073,-0.341
-0.091,-0.340
-0.110,-0.323
-0.110,-0.304
-0.102,-0.297
-0.120,-0.279
-0.130,-0.270
-0.139,-0.261
-0.148,-0.250
-0.148,-0.215
-0.147,-0.178
-0.157,-0.186
-0.147,-0.195
-0.147,-0.195
-0.138,-0.188
-0.129,-0.198
-0.147,-0.233
-0.138,-0.261
-0.156,-0.277
-0.157,-0.296
-0.147,-0.324
-0.147,-0.341
-0.147,-0.358
-0.138,-0.384
-0.128,-0.414
-0.120,-0.425
-0.110,-0.453
-0.110,-0.489
-0.119,-0.531
-0.110,-0.595
-0.110,-0.593
-0.110,-0.593
-0.100,-0.585
-0.101,-0.584
-0.091,-0.596
-0.091,-0.577
-0.091,-0.577
-0.110,-0.561
-0.101,-0.532
-0.101,-0.515
-0.110,-0.504
-0.119,-0.513
-0.119,-0.513
-0.128,-0.503
-0.138,-0.496
-0.138,-0.460
-0.147,-0.468
-0.129,-0.469
-0.138,-0.476
-0.157,-0.477
-0.147,-0.468
-0.175,-0.476
-0.176,-0.478
-0.175,-0.476
-0.157,-0.494
-0.166,-0.486
-0.148,-0.468
-0.139,-0.461
-0.138,-0.459
-0.138,-0.478
-0.120,-0.460
-0.110,-0.451
-0.120,-0.441
-0.110,-0.412
-0.082,-0.422
-0.082,-0.422
-0.063,-0.423
-0.054,-0.397
-0.045,-0.386
-0.045,-0.371
-0.027,-0.334
-0.027,-0.334
-0.036,-0.343
-0.008,-0.332
-0.017,-0.342
 0.002,-0.324
-0.008,-0.297
-0.017,-0.271
 0.011,-0.261
 0.001,-0.253
 0.001,-0.234
-0.017,-0.215
-0.008,-0.207
-0.008,-0.151
-0.017,-0.125
-0.027,-0.098
-0.027,-0.062
-0.046,-0.044
-0.046,-0.007
-0.055, 0.002
-0.083, 0.047
-0.092, 0.056
-0.102, 0.083
-0.120, 0.066
-0.148, 0.038
-0.158, 0.048
-0.167, 0.021
-0.177, 0.012
-0.176, 0.013
-0.195,-0.006
-0.186,-0.015
-0.204,-0.033
-0.186,-0.034
-0.186,-0.033
-0.177,-0.025
-0.186,-0.033
-0.176,-0.042
-0.176,-0.024
-0.176,-0.024
-0.167,-0.034
-0.167,-0.015
-0.149, 0.003
-0.130, 0.002
-0.120, 0.031
-0.121, 0.047
-0.120, 0.066
-0.139, 0.084
-0.121, 0.084
-0.120, 0.084
-0.130, 0.075
-0.130, 0.057
-0.130, 0.022
-0.148,-0.015
-0.139,-0.024
-0.139,-0.061
-0.129,-0.069
-0.139,-0.096
-0.121,-0.098
-0.111,-0.107
-0.111,-0.162
-0.101,-0.206
-0.111,-0.233
-0.101,-0.243
-0.110,-0.268
-0.102,-0.278
-0.101,-0.278
-0.101,-0.278
-0.092,-0.270
-0.092,-0.287
-0.074,-0.288
-0.074,-0.288
-0.083,-0.278
-0.073,-0.270
-0.064,-0.260
-0.055,-0.270
-0.046,-0.279
-0.036,-0.288
-0.046,-0.298
-0.027,-0.298
-0.027,-0.317
-0.036,-0.324
-0.018,-0.343
-0.027,-0.352
-0.017,-0.341
-0.027,-0.350
-0.018,-0.342
-0.008,-0.332
-0.009,-0.317
 0.001,-0.307
 0.001,-0.271
 0.001,-0.252
 0.001,-0.233
 0.010,-0.223
 0.001,-0.194
 0.001,-0.178
 0.019,-0.126
 0.001,-0.072
 0.020,-0.037
 0.010,-0.027
 0.029,-0.027
 0.010,-0.044
 0.010,-0.043
 0.020,-0.034
 0.019,-0.015
 0.029,-0.043
 0.029,-0.062
 0.029,-0.062
 0.019,-0.072
 0.010,-0.080
-0.018,-0.090
-0.009,-0.116
-0.027,-0.151
-0.027,-0.170
-0.046,-0.187
-0.046,-0.188
-0.046,-0.171
-0.046,-0.171
-0.046,-0.189
-0.046,-0.188
-0.055,-0.216
-0.055,-0.215
-0.055,-0.214
-0.046,-0.224
-0.036,-0.214
-0.046,-0.224
-0.055,-0.216
-0.064,-0.206
-0.055,-0.216
-0.064,-0.241
-0.064,-0.260
-0.055,-0.252
-0.083,-0.243
-0.083,-0.244
-0.074,-0.252
-0.074,-0.270
-0.073,-0.270
-0.073,-0.268
-0.064,-0.242
-0.073,-0.251
-0.073,-0.251
-0.064,-0.242
-0.073,-0.251
-0.064,-0.243
-0.064,-0.224
-0.074,-0.216
-0.064,-0.225
-0.073,-0.251
-0.064,-0.260
-0.064,-0.259
-0.073,-0.270
-0.064,-0.261
-0.092,-0.251
-0.101,-0.262
-0.101,-0.260
-0.101,-0.260
-0.101,-0.260
-0.120,-0.259
-0.120,-0.242
-0.138,-0.241
-0.148,-0.251
-0.148,-0.250
-0.148,-0.232
-0.130,-0.234
-0.138,-0.241
-0.139,-0.242
-0.139,-0.224
-0.148,-0.215
-0.139,-0.225
-0.139,-0.224
-0.139,-0.242
-0.129,-0.252
-0.129,-0.250
-0.148,-0.251
-0.138,-0.241
-0.148,-0.232
-0.157,-0.242
-0.157,-0.259
-0.157,-0.260
-0.148,-0.269
-0.148,-0.269
-0.139,-0.279
-0.157,-0.295
-0.138,-0.315
-0.119,-0.332
-0.119,-0.351
-0.110,-0.342
-0.101,-0.351
-0.092,-0.361
-0.092,-0.377
-0.083,-0.388
-0.083,-0.369
-0.082,-0.386
-0.073,-0.378
-0.063,-0.367
-0.063,-0.369
-0.054,-0.361
-0.045,-0.369
-0.055,-0.361
-0.046,-0.368
-0.036,-0.395
-0.055,-0.396
-0.055,-0.396
-0.046,-0.389
-0.037,-0.379
-0.045,-0.371
-0.036,-0.380
-0.045,-0.405
-0.045,-0.405
-0.045,-0.423
-0.045,-0.424
-0.045,-0.424
-0.036,-0.414
-0.036,-0.433
-0.045,-0.441
-0.045,-0.460
-0.055,-0.452
-0.055,-0.469
-0.045,-0.462
-0.055,-0.486
-0.036,-0.488
-0.045,-0.479
-0.036,-0.468
-0.027,-0.480
-0.037,-0.486
-0.027,-0.496
-0.018,-0.488
-0.027,-0.478
-0.018,-0.451
-0.018,-0.450
-0.018,-0.433
-0.036,-0.415
-0.036,-0.432
-0.036,-0.434
-0.027,-0.441
-0.017,-0.449
-0.027,-0.422
-0.036,-0.396
-0.046,-0.371
-0.055,-0.379
-0.055,-0.398
-0.074,-0.397
-0.064,-0.387
-0.055,-0.379
-0.055,-0.358
-0.055,-0.359
-0.046,-0.368
-0.046,-0.368
-0.027,-0.369
-0.027,-0.350
-0.037,-0.344
-0.027,-0.352
-0.018,-0.378
-0.008,-0.370
-0.027,-0.350
-0.018,-0.343
-0.027,-0.333
-0.008,-0.332
-0.018,-0.325
-0.008,-0.296
 0.001,-0.288
 0.020,-0.270
 0.020,-0.252
 0.010,-0.262
 0.020,-0.233
 0.019,-0.234
 0.019,-0.234
 0.010,-0.224
 0.001,-0.216
-0.008,-0.204
 0.001,-0.215
-0.018,-0.198
-0.008,-0.207
-0.018,-0.200
-0.027,-0.208
-0.037,-0.217
-0.037,-0.198
-0.037,-0.197
-0.046,-0.188
-0.055,-0.178
-0.065,-0.170
-0.074,-0.178
-0.064,-0.187
-0.074,-0.179
-0.074,-0.179
-0.065,-0.189
-0.046,-0.189
-0.055,-0.216
-0.055,-0.216
-0.036,-0.233
-0.036,-0.252
-0.018,-0.234
-0.008,-0.242
-0.018,-0.234
 0.001,-0.233
 0.001,-0.234
-0.008,-0.261
 0.001,-0.251
 0.010,-0.244
-0.008,-0.225
 0.001,-0.252
-0.009,-0.262
 0.001,-0.287
-0.008,-0.297
-0.008,-0.296
-0.009,-0.298
 0.010,-0.316
-0.009,-0.333
-0.008,-0.353
-0.008,-0.370
-0.008,-0.370
-0.008,-0.388
 0.001,-0.396
-0.008,-0.388
-0.008,-0.386
-0.017,-0.396
-0.008,-0.388
-0.008,-0.388
-0.008,-0.389
-0.008,-0.388
-0.018,-0.397
-0.027,-0.388
-0.046,-0.368
-0.046,-0.370
-0.055,-0.360
-0.055,-0.342
-0.064,-0.334
-0.074,-0.324
-0.074,-0.307
-0.065,-0.297
-0.074,-0.288
-0.074,-0.288
-0.092,-0.268
-0.073,-0.270
-0.083,-0.259
-0.074,-0.252
-0.064,-0.242
-0.074,-0.250
-0.074,-0.252
-0.083,-0.224
-0.083,-0.225
-0.074,-0.216
-0.083,-0.224
-0.074,-0.216
-0.083,-0.205
-0.102,-0.206
-0.083,-0.188
-0.083,-0.169
-0.092,-0.179
-0.083,-0.169
-0.092,-0.179
-0.083,-0.189
-0.083,-0.207
-0.074,-0.199
-0.073,-0.215
-0.064,-0.224
-0.055,-0.233
-0.046,-0.242
-0.046,-0.243
-0.036,-0.269
-0.027,-0.280
-0.036,-0.289
-0.017,-0.288
-0.027,-0.317
-0.027,-0.332
-0.027,-0.334
-0.018,-0.343
-0.017,-0.342
-0.008,-0.352
-0.008,-0.351
 0.002,-0.379
 0.020,-0.380
 0.030,-0.389
 0.039,-0.398
 0.039,-0.396
 0.057,-0.416
 0.048,-0.426
 0.058,-0.435
 0.048,-0.426
 0.039,-0.434
 0.030,-0.425
 0.039,-0.434
 0.011,-0.458
 0.011,-0.460
 0.002,-0.468
-0.008,-0.461
-0.008,-0.461
 0.002,-0.487
-0.007,-0.497
 0.002,-0.506
-0.008,-0.515
-0.007,-0.515
-0.007,-0.532
 0.011,-0.533
-0.017,-0.522
-0.035,-0.524
-0.054,-0.525
-0.063,-0.515
-0.044,-0.498
-0.035,-0.470
-0.044,-0.459
-0.016,-0.450
-0.007,-0.421
 0.030,-0.387
 0.067,-0.350
 0.086,-0.334
 0.076,-0.307
 0.058,-0.306
 0.039,-0.290
 0.030,-0.279
 0.030,-0.279
 0.011,-0.296
-0.008,-0.277
-0.017,-0.253
-0.027,-0.243
-0.045,-0.244
-0.055,-0.235
-0.064,-0.207
-0.092,-0.216
-0.092,-0.196
-0.110,-0.196
-0.129,-0.195
-0.138,-0.204
-0.166,-0.197
-0.176,-0.205
-0.203,-0.214
-0.232,-0.224
-0.232,-0.242
-0.260,-0.251
-0.259,-0.267
-0.278,-0.304
-0.268,-0.331
-0.268,-0.331
-0.269,-0.350
-0.259,-0.358
-0.269,-0.386
-0.259,-0.396
-0.258,-0.430
-0.268,-0.441
-0.258,-0.467
-0.268,-0.476
-0.259,-0.486
-0.268,-0.493
-0.258,-0.522
-0.240,-0.521
-0.230,-0.531
-0.230,-0.514
-0.230,-0.529
-0.230,-0.531
-0.221,-0.520
-0.212,-0.514
-0.212,-0.497
-0.194,-0.496
-0.184,-0.488
-0.212,-0.477
-0.212,-0.495
-0.221,-0.467
-0.212,-0.476
-0.212,-0.460
-0.221,-0.449
-0.221,-0.432
-0.231,-0.441
-0.240,-0.432
-0.241,-0.433
-0.240,-0.432
-0.231,-0.441
-0.249,-0.440
-0.258,-0.448
-0.268,-0.441
-0.258,-0.430
-0.277,-0.449
-0.268,-0.460
-0.277,-0.467
-0.287,-0.442
-0.296,-0.430
-0.315,-0.431
-0.315,-0.431
-0.323,-0.457
-0.324,-0.422
-0.333,-0.430
-0.333,-0.414
-0.334,-0.377
-0.342,-0.366
-0.352,-0.359
-0.342,-0.348
-0.361,-0.330
-0.342,-0.331
-0.333,-0.321
-0.334,-0.306
-0.334,-0.305
-0.324,-0.314
-0.343,-0.313
-0.342,-0.331
-0.333,-0.340
-0.333,-0.339
-0.334,-0.341
-0.343,-0.350
-0.361,-0.349
-0.371,-0.341
-0.370,-0.339
-0.361,-0.367
-0.362,-0.349
-0.361,-0.330
-0.371,-0.341
-0.370,-0.339
-0.371,-0.358
-0.380,-0.349
-0.389,-0.357
-0.399,-0.349
-0.389,-0.321
-0.390,-0.322
-0.381,-0.331
-0.389,-0.321
-0.390,-0.322
-0.399,-0.330
-0.389,-0.340
-0.389,-0.340
-0.417,-0.347
-0.417,-0.349
-0.426,-0.357
-0.417,-0.366
-0.427,-0.358
-0.426,-0.357
-0.426,-0.393
-0.425,-0.391
-0.435,-0.420
-0.408,-0.413
-0.427,-0.431
-0.419,-0.460
-0.408,-0.485
-0.417,-0.512
-0.417,-0.529
-0.435,-0.545
-0.436,-0.565
-0.435,-0.546
-0.427,-0.575
-0.427,-0.575
-0.426,-0.592
-0.427,-0.593
-0.426,-0.592
-0.436,-0.585
-0.418,-0.586
-0.417,-0.584
-0.408,-0.576
-0.398,-0.566
-0.408,-0.557
-0.417,-0.529
-0.416,-0.510
-0.408,-0.485
-0.408,-0.465
-0.427,-0.466
-0.418,-0.440
-0.427,-0.411
-0.427,-0.413
-0.436,-0.402
-0.436,-0.385
-0.446,-0.375
-0.454,-0.365
-0.474,-0.348
-0.464,-0.356
-0.483,-0.356
-0.465,-0.357
-0.474,-0.348
-0.494,-0.332
-0.502,-0.340
-0.502,-0.321
-0.502,-0.340
-0.529,-0.328
-0.520,-0.302
-0.510,-0.274
-0.521,-0.266
-0.521,-0.266
-0.520,-0.265
-0.503,-0.267
-0.502,-0.265
-0.493,-0.258
-0.475,-0.259
-0.493,-0.257
-0.475,-0.259
-0.474,-0.257
-0.465,-0.285
-0.465,-0.285
-0.473,-0.292
-0.447,-0.286
-0.446,-0.267
-0.437,-0.276
-0.427,-0.267
-0.445,-0.266
-0.427,-0.286
-0.427,-0.267
-0.427,-0.267
-0.428,-0.268
-0.436,-0.257
-0.427,-0.249
-0.436,-0.239
-0.446,-0.249
-0.446,-0.230
-0.454,-0.238
-0.455,-0.239
-0.446,-0.212
-0.456,-0.222
-0.447,-0.214
-0.446,-0.231
-0.428,-0.232
-0.437,-0.240
-0.427,-0.249
-0.418,-0.258
-0.417,-0.257
-0.408,-0.249
-0.389,-0.248
-0.389,-0.248
-0.390,-0.231
-0.380,-0.240
-0.381,-0.241
-0.390,-0.249
-0.399,-0.240
-0.399,-0.240
-0.408,-0.230
-0.399,-0.222
-0.417,-0.221
-0.409,-0.232
-0.390,-0.231
-0.398,-0.221
-0.418,-0.222
-0.417,-0.203
-0.408,-0.213
-0.409,-0.195
-0.418,-0.203
-0.409,-0.232
-0.390,-0.231
-0.399,-0.258
-0.390,-0.267
-0.389,-0.285
-0.390,-0.286
-0.390,-0.285
-0.400,-0.295
-0.390,-0.304
-0.389,-0.339
-0.380,-0.367
-0.380,-0.384
-0.371,-0.376
-0.372,-0.414
-0.371,-0.395
-0.373,-0.415
-0.371,-0.431
-0.371,-0.431
-0.362,-0.404
-0.361,-0.367
-0.372,-0.359
-0.361,-0.348
-0.371,-0.357
-0.352,-0.358
-0.352,-0.339
-0.353,-0.305
-0.344,-0.277
-0.344,-0.278
-0.362,-0.259
-0.361,-0.275
-0.362,-0.294
-0.361,-0.275
-0.371,-0.267
-0.372,-0.233
-0.371,-0.231
-0.372,-0.250
-0.362,-0.258
-0.371,-0.285
-0.362,-0.294
-0.351,-0.302
-0.371,-0.304
-0.361,-0.330
-0.371,-0.341
-0.371,-0.341
-0.390,-0.358
-0.372,-0.359
-0.361,-0.384
-0.389,-0.392
-0.389,-0.375
-0.407,-0.391
-0.408,-0.393
-0.399,-0.421
-0.400,-0.423
-0.401,-0.424
-0.400,-0.422
-0.410,-0.432
-0.418,-0.439
-0.408,-0.447
-0.398,-0.438
-0.407,-0.427
-0.399,-0.403
-0.399,-0.384
-0.408,-0.376
-0.409,-0.340
-0.408,-0.321
-0.418,-0.313
-0.409,-0.303
-0.399,-0.313
-0.400,-0.295
-0.408,-0.285
-0.419,-0.277
-0.417,-0.257
-0.408,-0.266
-0.427,-0.267
-0.426,-0.284
-0.428,-0.268
-0.427,-0.249
-0.437,-0.259
-0.446,-0.267
-0.435,-0.292
-0.445,-0.302
-0.436,-0.294
-0.446,-0.285
-0.465,-0.249
-0.455,-0.239
-0.465,-0.231
-0.465,-0.248
-0.473,-0.256
-0.474,-0.257
-0.483,-0.248
-0.485,-0.232
-0.475,-0.222
-0.475,-0.240
-0.475,-0.240
-0.474,-0.257
-0.474,-0.257
-0.464,-0.248
-0.465,-0.248
-0.456,-0.222
-0.455,-0.220
-0.456,-0.222
-0.446,-0.212
-0.446,-0.195
-0.447,-0.177
-0.427,-0.158
-0.428,-0.159
-0.427,-0.158
-0.427,-0.158
-0.427,-0.158
-0.437,-0.149
-0.418,-0.149
-0.399,-0.149
-0.418,-0.149
-0.419,-0.132
-0.400,-0.131
-0.400,-0.132
-0.409,-0.140
-0.408,-0.158
-0.399,-0.150
-0.408,-0.158
-0.409,-0.159
-0.409,-0.176
-0.418,-0.186
-0.428,-0.195
-0.418,-0.203
-0.409,-0.213
-0.408,-0.229
-0.427,-0.247
-0.427,-0.249
-0.409,-0.267
-0.401,-0.279
-0.400,-0.277
-0.410,-0.287
-0.410,-0.287
-0.399,-0.293
-0.409,-0.302
-0.399,-0.293
-0.390,-0.303
-0.391,-0.286
-0.381,-0.276
-0.354,-0.250
-0.363,-0.222
-0.363,-0.222
-0.344,-0.223
-0.353,-0.212
-0.325,-0.223
-0.325,-0.204
-0.325,-0.186
-0.316,-0.160
-0.316,-0.159
-0.307,-0.169
-0.307,-0.168
-0.307,-0.168
-0.297,-0.159
-0.287,-0.149
-0.297,-0.142
-0.288,-0.114
-0.316,-0.123
-0.308,-0.097
-0.288,-0.114
-0.288,-0.133
-0.307,-0.132
-0.316,-0.141
-0.317,-0.142
-0.306,-0.148
-0.297,-0.177
-0.297,-0.177
-0.307,-0.168
-0.298,-0.179
-0.288,-0.187
-0.298,-0.196
-0.288,-0.204
-0.288,-0.204
-0.279,-0.196
-0.288,-0.204
-0.279,-0.214
-0.279,-0.232
-0.287,-0.240
-0.269,-0.241
-0.278,-0.268
-0.269,-0.296
-0.269,-0.278
-0.279,-0.286
-0.288,-0.296
-0.315,-0.285
-0.306,-0.277
-0.297,-0.286
-0.316,-0.287
-0.316,-0.287
-0.325,-0.276
-0.316,-0.287
-0.315,-0.285
-0.325,-0.313
-0.325,-0.313
-0.324,-0.330
-0.344,-0.350
-0.352,-0.357
-0.362,-0.367
-0.353,-0.376
-0.343,-0.385
-0.354,-0.413
-0.362,-0.420
-0.362,-0.420
-0.372,-0.412
-0.362,-0.421
-0.373,-0.433
-0.354,-0.432
-0.363,-0.441
-0.362,-0.422
-0.352,-0.410
-0.371,-0.410
-0.371,-0.410
-0.371,-0.411
-0.372,-0.395
-0.372,-0.377
-0.363,-0.368
-0.354,-0.341
-0.344,-0.331
-0.353,-0.323
-0.371,-0.339
-0.363,-0.332
-0.362,-0.330
-0.381,-0.348
-0.381,-0.331
-0.390,-0.339
-0.381,-0.331
-0.381,-0.331
-0.390,-0.340
-0.381,-0.331
-0.390,-0.339
-0.391,-0.340
-0.381,-0.331
-0.400,-0.313
-0.381,-0.295
-0.381,-0.276
-0.381,-0.295
-0.372,-0.303
-0.381,-0.293
-0.381,-0.293
-0.371,-0.284
-0.363,-0.259
-0.354,-0.233
-0.354,-0.233
-0.354,-0.233
-0.363,-0.241
-0.363,-0.241
-0.362,-0.240
-0.362,-0.204
-0.354,-0.177
-0.353,-0.176
-0.354,-0.177
-0.353,-0.159
-0.335,-0.141
-0.335,-0.123
-0.335,-0.122
-0.335,-0.123
-0.316,-0.123
-0.316,-0.123
-0.289,-0.132
-0.297,-0.122
-0.298,-0.105
-0.298,-0.105
-0.298,-0.105
-0.298,-0.105
-0.307,-0.113
-0.307,-0.114
-0.316,-0.123
-0.316,-0.123
-0.317,-0.124
-0.316,-0.141
-0.335,-0.160
-0.335,-0.177
-0.344,-0.167
-0.316,-0.178
-0.316,-0.195
-0.335,-0.213
-0.335,-0.231
-0.353,-0.231
-0.354,-0.233
-0.344,-0.241
-0.354,-0.252
-0.354,-0.269
-0.344,-0.295
-0.344,-0.312
-0.352,-0.338
-0.344,-0.349
-0.343,-0.385
-0.343,-0.385
-0.335,-0.395
-0.353,-0.412
-0.344,-0.440
-0.353,-0.448
-0.353,-0.467
-0.344,-0.441
-0.353,-0.431
-0.345,-0.441
-0.334,-0.449
-0.343,-0.457
-0.344,-0.458
-0.343,-0.456
-0.344,-0.440
-0.354,-0.413
-0.372,-0.412
-0.372,-0.412
-0.371,-0.411
-0.362,-0.422
-0.353,-0.412
-0.381,-0.421
-0.371,-0.430
-0.371,-0.429
-0.381,-0.440
-0.372,-0.449
-0.380,-0.474
-0.371,-0.483
-0.371,-0.483
-0.391,-0.486
-0.391,-0.505
-0.400,-0.496
-0.391,-0.505
-0.390,-0.503
-0.399,-0.511
-0.408,-0.483
-0.390,-0.465
-0.390,-0.466
-0.390,-0.484
-0.381,-0.494
-0.372,-0.485
-0.362,-0.493
-0.372,-0.486
-0.380,-0.493
-0.372,-0.504
-0.363,-0.513
-0.371,-0.521
-0.372,-0.540
-0.362,-0.530
-0.362,-0.531
-0.362,-0.530
-0.362,-0.511
-0.353,-0.503
-0.353,-0.484
-0.363,-0.477
-0.344,-0.440
-0.362,-0.422
-0.363,-0.405
-0.362,-0.403
-0.372,-0.413
-0.362,-0.403
-0.371,-0.393
-0.363,-0.386
-0.390,-0.375
-0.381,-0.403
-0.381,-0.385
-0.372,-0.376
-0.373,-0.378
-0.372,-0.359
-0.363,-0.368
-0.363,-0.368
-0.363,-0.386
-0.363,-0.368
-0.372,-0.357
-0.372,-0.340
-0.363,-0.313
-0.353,-0.285
-0.363,-0.259
-0.353,-0.249
-0.363,-0.241
-0.363,-0.222
-0.362,-0.204
-0.354,-0.178
-0.363,-0.150
-0.354,-0.141
-0.363,-0.150
-0.353,-0.159
-0.354,-0.141
-0.353,-0.140
-0.363,-0.132
-0.364,-0.114
-0.363,-0.132
-0.373,-0.123
-0.362,-0.131
-0.372,-0.140
-0.362,-0.131
-0.372,-0.140
-0.391,-0.141
-0.391,-0.158
-0.391,-0.177
-0.400,-0.185
-0.409,-0.194
-0.409,-0.213
-0.418,-0.238
-0.419,-0.239
-0.410,-0.250
-0.429,-0.250
-0.430,-0.269
-0.419,-0.294
-0.429,-0.304
-0.428,-0.322
-0.418,-0.329
-0.428,-0.321
-0.437,-0.329
-0.419,-0.331
-0.419,-0.331
-0.428,-0.357
-0.420,-0.368
-0.409,-0.376
-0.419,-0.385
-0.400,-0.403
-0.409,-0.412
-0.400,-0.404
-0.390,-0.430
-0.382,-0.441
-0.400,-0.440
-0.381,-0.457
-0.372,-0.449
-0.352,-0.429
-0.353,-0.431
-0.334,-0.413
-0.334,-0.413
-0.354,-0.396
-0.353,-0.394
-0.344,-0.386
-0.344,-0.386
-0.344,-0.403
-0.344,-0.386
-0.363,-0.385
-0.363,-0.386
-0.363,-0.404
-0.354,-0.412
-0.354,-0.431
-0.353,-0.447
-0.362,-0.457
-0.363,-0.458
-0.373,-0.468
-0.355,-0.470
-0.364,-0.477
-0.344,-0.477
-0.353,-0.485
-0.353,-0.501
-0.353,-0.502
-0.353,-0.483
-0.353,-0.485
-0.372,-0.485
-0.363,-0.493
-0.373,-0.504
-0.363,-0.511
-0.373,-0.468
-0.373,-0.468
-0.372,-0.466
-0.373,-0.468
-0.372,-0.466
-0.363,-0.475
-0.363,-0.458
-0.363,-0.439
-0.354,-0.431
-0.354,-0.412
-0.363,-0.422
-0.354,-0.412
-0.344,-0.403
-0.326,-0.386
-0.335,-0.394
-0.336,-0.395
-0.336,-0.395
-0.335,-0.412
-0.308,-0.387
-0.298,-0.358
-0.307,-0.349
-0.299,-0.358
-0.307,-0.366
-0.279,-0.359
-0.269,-0.348
-0.270,-0.314
-0.280,-0.287
-0.280,-0.287
-0.280,-0.288
-0.288,-0.295
-0.298,-0.305
-0.298,-0.305
-0.298,-0.303
-0.297,-0.304
-0.297,-0.304
-0.298,-0.323
-0.288,-0.314
-0.288,-0.331
-0.289,-0.351
-0.297,-0.358
-0.288,-0.386
-0.306,-0.404
-0.324,-0.420
-0.353,-0.414
-0.362,-0.421
-0.352,-0.467
-0.362,-0.476
-0.361,-0.494
-0.353,-0.504
-0.334,-0.503
-0.333,-0.521
-0.315,-0.540
-0.295,-0.539
-0.295,-0.540
-0.286,-0.529
-0.286,-0.550
-0.305,-0.551
-0.304,-0.550
-0.305,-0.532
-0.304,-0.548
-0.314,-0.576
-0.332,-0.594
-0.332,-0.611
-0.323,-0.640
-0.313,-0.649
-0.285,-0.696
-0.257,-0.724
-0.228,-0.731
-0.219,-0.722
-0.219,-0.684
-0.219,-0.668
-0.229,-0.622
-0.256,-0.593
-0.266,-0.568
-0.303,-0.566
-0.312,-0.557
-0.369,-0.558
-0.406,-0.538
-0.463,-0.522
-0.499,-0.519
-0.528,-0.530
-0.566,-0.529
-0.612,-0.536
-0.669,-0.538
-0.705,-0.554
-0.753,-0.582
-0.790,-0.582
-0.836,-0.589
-0.875,-0.591
-0.910,-0.624
-0.958,-0.634
-1.005,-0.643
-1.059,-0.659
-1.127,-0.670
-1.154,-0.660
-1.220,-0.687
-1.239,-0.705
-1.274,-0.720
-1.294,-0.757
-1.311,-0.756
-1.323,-0.749
-1.322,-0.767
-1.328,-0.791
-1.350,-0.811
-1.341,-0.803
-1.346,-0.789
-1.337,-0.799
-1.322,-0.803
-1.305,-0.841
-1.302,-0.875
-1.283,-0.893
-1.256,-0.885
-1.238,-0.885
-1.211,-0.896
-1.181,-0.922
-1.163,-0.958
-1.127,-0.978
-1.088,-0.995
-1.072,-1.016
-1.042,-1.042
-1.023,-1.060
-1.013,-1.068
-1.003,-1.077
-0.987,-1.098
-0.947,-1.095
-0.940,-1.107
-0.931,-1.117
-0.910,-1.096
-0.894,-1.099
-0.864,-1.088
-0.845,-1.070
-0.818,-1.062
-0.807,-1.050
-0.782,-1.027
-0.762,-1.008
-0.742,-1.006
-0.705,-0.989
-0.694,-0.977
-0.669,-0.956
-0.649,-0.935
-0.620,-0.925
-0.602,-0.910
-0.592,-0.899
-0.585,-0.893
-0.538,-0.902
-0.537,-0.920
-0.528,-0.965
-0.508,-0.981
-0.499,-1.009
-0.499,-0.989
-0.480,-0.991
-0.472,-1.002
-0.462,-1.009
-0.444,-1.048
-0.443,-1.047
-0.453,-1.020
-0.444,-1.012
-0.434,-1.019
-0.425,-1.029
-0.425,-1.027
-0.425,-1.027
-0.415,-1.037
-0.424,-1.008
-0.435,-1.002
-0.425,-0.974
-0.454,-0.966
-0.445,-0.939
-0.453,-0.927
-0.463,-0.901
-0.453,-0.872
-0.453,-0.872
-0.472,-0.857
-0.463,-0.846
-0.473,-0.838
-0.482,-0.810
-0.501,-0.792
-0.500,-0.790
-0.518,-0.771
-0.520,-0.757
-0.510,-0.747
-0.529,-0.748
-0.530,-0.731
-0.538,-0.720
-0.539,-0.722
-0.556,-0.718
-0.547,-0.708
-0.538,-0.700
-0.528,-0.690
-0.529,-0.691
-0.519,-0.682
-0.520,-0.665
-0.502,-0.649
-0.482,-0.629
-0.502,-0.630
-0.492,-0.619
-0.492,-0.619
-0.483,-0.594
-0.482,-0.592
-0.474,-0.584
-0.474,-0.584
-0.464,-0.593
-0.465,-0.576
-0.473,-0.565
-0.474,-0.548
-0.483,-0.555
-0.474,-0.547
-0.484,-0.557
-0.474,-0.548
-0.494,-0.550
-0.493,-0.548
-0.483,-0.555
-0.483,-0.538
-0.482,-0.536
-0.483,-0.555
-0.492,-0.529
-0.484,-0.521
-0.475,-0.495
-0.456,-0.495
-0.466,-0.486
-0.456,-0.475
-0.465,-0.484
-0.465,-0.467
-0.455,-0.437
-0.437,-0.421
-0.399,-0.384
-0.409,-0.358
-0.400,-0.331
-0.399,-0.312
-0.400,-0.314
-0.390,-0.304
-0.400,-0.314
-0.390,-0.304
-0.399,-0.276
-0.409,-0.286
-0.409,-0.267
-0.390,-0.266
-0.390,-0.268
-0.381,-0.258
-0.382,-0.259
-0.372,-0.268
-0.371,-0.267
-0.372,-0.268
-0.371,-0.267
-0.362,-0.259
-0.362,-0.259
-0.362,-0.259
-0.354,-0.250
-0.335,-0.249
-0.354,-0.251
-0.335,-0.232
-0.344,-0.222
-0.334,-0.213
-0.324,-0.221
-0.335,-0.214
-0.317,-0.197
-0.317,-0.179
-0.317,-0.161
-0.316,-0.160
-0.316,-0.160
-0.334,-0.122
-0.352,-0.121
-0.334,-0.105
-0.334,-0.105
-0.307,-0.097
-0.316,-0.069
-0.306,-0.059
-0.288,-0.024
-0.269,-0.005
-0.260, 0.003
-0.251, 0.012
-0.261, 0.003
-0.242, 0.002
-0.251,-0.023
-0.251,-0.060
-0.260,-0.051
-0.251,-0.060
-0.241,-0.070
-0.250,-0.078
-0.241,-0.106
-0.241,-0.123
-0.241,-0.123
-0.232,-0.134
-0.241,-0.142
-0.251,-0.152
-0.260,-0.178
-0.260,-0.215
-0.260,-0.233
-0.278,-0.250
-0.297,-0.269
-0.306,-0.277
-0.305,-0.293
-0.315,-0.339
-0.315,-0.375
-0.325,-0.405
-0.326,-0.424
-0.336,-0.416
-0.336,-0.435
-0.334,-0.449
-0.335,-0.468
-0.343,-0.475
-0.333,-0.500
-0.315,-0.484
-0.324,-0.474
-0.325,-0.458
-0.316,-0.450
-0.306,-0.440
-0.325,-0.441
-0.325,-0.439
-0.325,-0.441
-0.316,-0.432
-0.297,-0.414
-0.298,-0.415
-0.278,-0.412
-0.278,-0.413
-0.287,-0.403
-0.278,-0.394
-0.269,-0.387
-0.259,-0.359
-0.260,-0.361
-0.232,-0.351
-0.241,-0.341
-0.232,-0.332
-0.222,-0.321
-0.222,-0.323
-0.222,-0.323
-0.213,-0.332
-0.194,-0.333
-0.203,-0.358
-0.203,-0.359
-0.194,-0.351
-0.204,-0.359
-0.204,-0.379
-0.194,-0.369
-0.195,-0.388
-0.194,-0.405
-0.203,-0.414
-0.222,-0.414
-0.231,-0.386
-0.222,-0.378
-0.213,-0.387
-0.222,-0.395
-0.222,-0.395
-0.222,-0.395
-0.231,-0.406
-0.231,-0.406
-0.241,-0.396
-0.241,-0.398
-0.240,-0.395
-0.250,-0.405
-0.250,-0.405
-0.240,-0.394
-0.250,-0.368
-0.259,-0.358
-0.259,-0.323
-0.250,-0.315
-0.259,-0.341
-0.259,-0.360
-0.250,-0.349
-0.278,-0.341
-0.250,-0.315
-0.250,-0.332
-0.250,-0.351
-0.259,-0.358
-0.250,-0.387
-0.250,-0.368
-0.268,-0.386
-0.249,-0.387
-0.259,-0.394
-0.268,-0.405
-0.259,-0.415
-0.259,-0.432
-0.269,-0.443
-0.277,-0.431
-0.278,-0.450
-0.287,-0.423
-0.287,-0.422
-0.288,-0.423
-0.287,-0.422
-0.296,-0.413
-0.287,-0.404
-0.287,-0.404
-0.297,-0.396
-0.306,-0.403
-0.315,-0.395
-0.306,-0.368
-0.306,-0.368
-0.325,-0.369
-0.324,-0.367
-0.334,-0.377
-0.334,-0.376
-0.352,-0.358
-0.343,-0.350
-0.361,-0.330
-0.362,-0.332
-0.362,-0.332
-0.381,-0.331
-0.381,-0.350
-0.389,-0.340
-0.380,-0.349
-0.381,-0.350
-0.380,-0.367
-0.381,-0.386
-0.389,-0.376
-0.399,-0.385
-0.399,-0.385
-0.399,-0.403
-0.381,-0.405
-0.380,-0.440
-0.409,-0.450
-0.400,-0.460
-0.390,-0.486
-0.399,-0.513
-0.389,-0.520
-0.408,-0.557
-0.408,-0.557
-0.389,-0.574
-0.399,-0.568
-0.390,-0.557
-0.390,-0.593
-0.381,-0.621
-0.371,-0.648
-0.371,-0.667
-0.361,-0.657
-0.352,-0.666
-0.352,-0.666
-0.342,-0.692
-0.324,-0.713
-0.324,-0.729
-0.324,-0.749
-0.305,-0.731
-0.305,-0.748
-0.315,-0.757
-0.296,-0.756
-0.296,-0.758
-0.306,-0.749
-0.296,-0.756
-0.296,-0.741
-0.286,-0.729
-0.287,-0.749
-0.268,-0.767
-0.276,-0.773
-0.286,-0.783
-0.277,-0.755
-0.268,-0.749
-0.278,-0.742
-0.259,-0.742
-0.260,-0.762
-0.277,-0.758
-0.277,-0.758
-0.268,-0.748
-0.277,-0.719
-0.268,-0.695
-0.268,-0.676
-0.268,-0.659
-0.287,-0.660
-0.277,-0.630
-0.278,-0.614
-0.268,-0.603
-0.268,-0.586
-0.287,-0.568
-0.278,-0.557
-0.288,-0.551
-0.278,-0.522
-0.259,-0.523
-0.269,-0.513
-0.277,-0.503
-0.259,-0.487
-0.269,-0.458
-0.268,-0.459
-0.278,-0.414
-0.287,-0.404
-0.288,-0.387
-0.287,-0.349
-0.287,-0.350
-0.296,-0.340
-0.296,-0.322
-0.315,-0.322
-0.324,-0.331
-0.325,-0.332
-0.326,-0.333
-0.335,-0.341
-0.344,-0.351
-0.352,-0.358
-0.372,-0.377
-0.363,-0.386
-0.371,-0.411
-0.372,-0.413
-0.381,-0.404
-0.372,-0.413
-0.382,-0.423
-0.381,-0.421
-0.400,-0.422
-0.381,-0.421
-0.400,-0.404
-0.391,-0.395
-0.380,-0.366
-0.391,-0.341
-0.372,-0.322
-0.362,-0.312
-0.362,-0.295
-0.362,-0.276
-0.363,-0.241
-0.344,-0.204
-0.344,-0.205
-0.325,-0.187
-0.343,-0.168
-0.325,-0.151
-0.316,-0.141
-0.325,-0.132
-0.335,-0.105
-0.343,-0.095
-0.326,-0.078
-0.343,-0.076
-0.344,-0.078
-0.344,-0.078
-0.353,-0.050
-0.354,-0.033
-0.354,-0.033
-0.363,-0.042
-0.363,-0.042
-0.391,-0.032
-0.391,-0.032
-0.381,-0.022
-0.381,-0.005
-0.372,-0.014
-0.381,-0.005
-0.382,-0.023
-0.381,-0.005
-0.363,-0.023
-0.363,-0.024
-0.372,-0.032
-0.363,-0.042
-0.372,-0.050
-0.372,-0.050
-0.373,-0.051
-0.381,-0.059
-0.363,-0.060
-0.353,-0.068
-0.363,-0.059
-0.363,-0.059
-0.353,-0.050
-0.353,-0.032
-0.353,-0.032
-0.353,-0.032
-0.353,-0.032
-0.362,-0.041
-0.363,-0.059
-0.362,-0.059
-0.372,-0.050
-0.363,-0.060
-0.381,-0.059
-0.381,-0.095
-0.380,-0.112
-0.381,-0.131
-0.382,-0.151
-0.409,-0.177
-0.410,-0.215
-0.400,-0.259
-0.409,-0.322
-0.447,-0.376
-0.474,-0.438
-0.475,-0.475
-0.446,-0.484
-0.447,-0.503
-0.456,-0.495
-0.455,-0.510
-0.447,-0.503
-0.446,-0.501
-0.427,-0.484
-0.418,-0.476
-0.418,-0.457
-0.400,-0.458
-0.399,-0.439
-0.390,-0.448
-0.390,-0.431
-0.380,-0.403
-0.372,-0.396
-0.362,-0.421
-0.380,-0.439
-0.381,-0.457
-0.371,-0.448
-0.372,-0.450
-0.352,-0.466
-0.343,-0.458
-0.335,-0.452
-0.316,-0.487
-0.325,-0.498
-0.325,-0.515
-0.316,-0.524
-0.306,-0.532
-0.296,-0.540
-0.315,-0.541
-0.287,-0.566
-0.296,-0.593
-0.287,-0.586
-0.287,-0.585
-0.279,-0.598
-0.288,-0.606
-0.297,-0.633
-0.288,-0.643
-0.287,-0.657
-0.296,-0.667
-0.296,-0.666
-0.296,-0.666
-0.268,-0.677
-0.258,-0.683
-0.258,-0.703
-0.230,-0.730
-0.230,-0.750
-0.240,-0.761
-0.239,-0.758
-0.258,-0.759
-0.258,-0.739
-0.258,-0.720
-0.267,-0.712
-0.276,-0.665
-0.286,-0.640
-0.286,-0.604
-0.286,-0.568
-0.296,-0.523
-0.276,-0.503
-0.258,-0.449
-0.220,-0.395
-0.202,-0.342
-0.165,-0.307
-0.136,-0.278
-0.136,-0.279
-0.136,-0.279
-0.154,-0.279
-0.164,-0.307
-0.191,-0.332
-0.219,-0.396
-0.257,-0.467
-0.285,-0.512
-0.304,-0.585
-0.332,-0.684
-0.343,-0.768
-0.344,-0.857
-0.363,-0.930
-0.363,-0.948
-0.372,-0.937
-0.401,-0.911
-0.428,-0.846
-0.427,-0.772
-0.437,-0.676
-0.456,-0.586
-0.494,-0.461
-0.558,-0.377
-0.641,-0.293
-0.715,-0.219
-0.761,-0.155
-0.792,-0.075
-0.840,-0.048
-0.877,-0.047
-0.924,-0.074
-0.968,-0.099
-1.025,-0.154
-1.071,-0.198
-1.146,-0.252
-1.204,-0.289
-1.250,-0.370
-1.289,-0.425
-1.326,-0.479
-1.395,-0.543
-1.412,-0.633
-1.461,-0.735
-1.499,-0.825
-1.506,-0.886
-1.527,-0.924
-1.528,-0.925
-1.537,-0.897
-1.506,-0.867
-1.480,-0.787
-1.444,-0.734
-1.407,-0.663
-1.374,-0.614
-1.337,-0.560
-1.286,-0.476
-1.249,-0.351
-1.214,-0.262
-1.194,-0.207
-1.147,-0.217
-1.078,-0.242
-1.011,-0.232
-0.940,-0.181
-0.893,-0.136
-0.849,-0.165
-0.791,-0.201
-0.772,-0.236
-0.726,-0.229
-0.689,-0.193
-0.642,-0.185
-0.623,-0.184
-0.593,-0.174
-0.566,-0.185
-0.528,-0.148
-0.501,-0.123
-0.453,-0.096
-0.444,-0.068
-0.416,-0.096
-0.387,-0.122
-0.340,-0.114
-0.303,-0.097
-0.303,-0.079
-0.266,-0.079
-0.237,-0.088
-0.237,-0.106
-0.218,-0.088
-0.208,-0.077
-0.208,-0.060
-0.161, 0.003
-0.124, 0.037
-0.078, 0.044
-0.002, 0.026
 0.054, 0.008
 0.109, 0.009
 0.156,-0.018
 0.184,-0.008
 0.212,-0.017
 0.212,-0.018
 0.221,-0.010
 0.213, 0.016
 0.203, 0.025
 0.212, 0.017
 0.240,-0.010
 0.268,-0.035
 0.287,-0.037
 0.306,-0.038
 0.297,-0.065
 0.279,-0.084
 0.279,-0.156
 0.279,-0.193
 0.270,-0.220
 0.251,-0.275
 0.251,-0.328
 0.241,-0.407
 0.214,-0.488
 0.196,-0.525
 0.205,-0.554
 0.159,-0.601
 0.122,-0.652
 0.085,-0.743
 0.039,-0.821
 0.001,-0.893
 0.029,-0.926
 0.010,-0.978
-0.008,-1.036
-0.027,-1.107
-0.055,-1.151
-0.073,-1.189
-0.130,-1.221
-0.158,-1.235
-0.205,-1.244
-0.252,-1.287
-0.298,-1.313
-0.354,-1.345
-0.392,-1.403
-0.420,-1.427
-0.438,-1.461
-0.458,-1.483
-0.466,-1.471
-0.477,-1.448
-0.476,-1.464
-0.476,-1.464
-0.477,-1.468
-0.457,-1.463
-0.439,-1.447
-0.420,-1.429
-0.420,-1.429
-0.392,-1.421
-0.391,-1.417
-0.373,-1.439
-0.345,-1.411
-0.317,-1.331
-0.280,-1.282
-0.260,-1.240
-0.242,-1.188
-0.232,-1.206
-0.223,-1.214
-0.205,-1.217
-0.215,-1.191
-0.206,-1.188
-0.215,-1.178
-0.243,-1.202
-0.225,-1.206
-0.226,-1.204
-0.217,-1.179
-0.208,-1.188
-0.235,-1.210
-0.235,-1.229
-0.272,-1.245
-0.273,-1.284
-0.282,-1.294
-0.282,-1.294
-0.301,-1.332
-0.291,-1.373
-0.300,-1.401
-0.319,-1.417
-0.310,-1.391
-0.302,-1.387
-0.301,-1.383
-0.320,-1.421
-0.301,-1.419
-0.282,-1.454
-0.282,-1.458
-0.291,-1.446
-0.283,-1.442
-0.282,-1.422
-0.282,-1.420
-0.292,-1.430
-0.300,-1.434
-0.292,-1.448
-0.301,-1.401
-0.310,-1.373
-0.339,-1.348
-0.338,-1.347
-0.339,-1.348
-0.329,-1.338
-0.349,-1.302
-0.367,-1.285
-0.385,-1.280
-0.385,-1.300
-0.386,-1.283
-0.404,-1.301
-0.406,-1.289
-0.415,-1.295
-0.424,-1.341
-0.433,-1.364
-0.441,-1.388
-0.441,-1.388
-0.451,-1.362
-0.451,-1.347
-0.452,-1.329
-0.452,-1.309
-0.452,-1.311
-0.432,-1.308
-0.424,-1.283
-0.424,-1.248
-0.434,-1.202
-0.435,-1.169
-0.424,-1.139
-0.424,-1.139
-0.405,-1.138
-0.424,-1.136
-0.434,-1.129
-0.443,-1.136
-0.425,-1.158
-0.443,-1.176
-0.462,-1.174
-0.444,-1.176
-0.443,-1.172
-0.433,-1.182
-0.434,-1.164
-0.434,-1.164
-0.425,-1.158
-0.433,-1.146
-0.434,-1.148
-0.415,-1.148
-0.396,-1.146
-0.396,-1.146
-0.368,-1.137
-0.369,-1.140
-0.350,-1.122
-0.341,-1.114
-0.322,-1.132
-0.312,-1.155
-0.303,-1.167
-0.275,-1.175
-0.274,-1.192
-0.265,-1.185
-0.228,-1.200
-0.228,-1.220
-0.200,-1.229
-0.180,-1.229
-0.162,-1.214
-0.163,-1.196
-0.153,-1.188
-0.134,-1.203
-0.105,-1.192
-0.115,-1.185
-0.124,-1.173
-0.134,-1.167
-0.153,-1.132
-0.144,-1.104
-0.162,-1.087
-0.180,-1.066
-0.227,-1.077
-0.256,-1.048
-0.293,-1.048
-0.321,-1.021
-0.367,-0.992
-0.396,-0.984
-0.415,-0.966
-0.433,-0.948
-0.462,-0.957
-0.470,-0.928
-0.490,-0.929
-0.499,-0.901
-0.508,-0.911
-0.518,-0.922
-0.518,-0.937
-0.528,-0.948
-0.537,-0.938
-0.526,-0.927
-0.536,-0.920
-0.545,-0.909
-0.544,-0.891
-0.525,-0.890
-0.525,-0.872
-0.489,-0.876
-0.479,-0.850
-0.452,-0.861
-0.451,-0.878
-0.431,-0.894
-0.422,-0.903
-0.431,-0.893
-0.422,-0.903
-0.422,-0.920
-0.412,-0.945
-0.422,-0.975
-0.422,-0.973
-0.413,-1.003
-0.413,-1.003
-0.412,-1.019
-0.423,-1.049
-0.422,-1.065
-0.432,-1.095
-0.442,-1.105
-0.450,-1.128
-0.451,-1.148
-0.478,-1.152
-0.469,-1.164
-0.480,-1.193
-0.488,-1.202
-0.471,-1.223
-0.451,-1.238
-0.442,-1.248
-0.442,-1.248
-0.440,-1.281
-0.441,-1.301
-0.431,-1.326
-0.431,-1.346
-0.422,-1.356
-0.403,-1.354
-0.385,-1.360
-0.404,-1.358
-0.414,-1.368
-0.413,-1.384
-0.403,-1.391
-0.403,-1.411
-0.402,-1.407
-0.394,-1.419
-0.385,-1.393
-0.385,-1.376
-0.385,-1.360
-0.403,-1.338
-0.394,-1.366
-0.394,-1.366
-0.384,-1.372
-0.394,-1.383
-0.384,-1.353
-0.394,-1.346
-0.376,-1.348
-0.384,-1.336
-0.376,-1.348
-0.374,-1.361
-0.384,-1.372
-0.376,-1.348
-0.376,-1.348
-0.367,-1.360
-0.367,-1.340
-0.348,-1.358
-0.339,-1.367
-0.347,-1.371
-0.329,-1.373
-0.328,-1.371
-0.329,-1.373
-0.310,-1.375
-0.310,-1.375
-0.292,-1.377
-0.301,-1.383
-0.283,-1.385
-0.283,-1.405
-0.291,-1.410
-0.282,-1.422
-0.291,-1.410
-0.282,-1.422
-0.283,-1.440
-0.292,-1.448
-0.273,-1.450
-0.273,-1.446
-0.292,-1.448
-0.273,-1.430
-0.273,-1.446
-0.273,-1.430
-0.291,-1.428
-0.282,-1.422
-0.254,-1.412
-0.273,-1.410
-0.273,-1.395
-0.272,-1.392
-0.282,-1.400
-0.292,-1.411
-0.282,-1.402
-0.292,-1.415
-0.302,-1.405
-0.301,-1.403
-0.320,-1.405
-0.328,-1.409
-0.338,-1.419
-0.347,-1.425
-0.348,-1.429
-0.348,-1.413
-0.347,-1.411
-0.358,-1.405
-0.357,-1.421
-0.376,-1.439
-0.395,-1.457
-0.394,-1.453
-0.413,-1.475
-0.422,-1.481
-0.432,-1.475
-0.442,-1.503
-0.441,-1.499
-0.441,-1.519
-0.459,-1.517
-0.450,-1.527
-0.451,-1.529
-0.478,-1.535
-0.498,-1.521
-0.506,-1.509
-0.516,-1.500
-0.525,-1.474
-0.516,-1.462
-0.526,-1.458
-0.516,-1.426
-0.535,-1.427
-0.535,-1.391
-0.534,-1.387
-0.526,-1.365
-0.516,-1.337
-0.517,-1.320
-0.508,-1.314
-0.497,-1.301
-0.508,-1.294
-0.506,-1.273
-0.497,-1.245
-0.479,-1.228
-0.460,-1.208
-0.460,-1.192
-0.450,-1.162
-0.423,-1.138
-0.442,-1.103
-0.423,-1.102
-0.433,-1.095
-0.414,-1.113
-0.404,-1.140
-0.403,-1.174
-0.422,-1.191
-0.414,-1.202
-0.413,-1.183
-0.414,-1.186
-0.423,-1.178
-0.422,-1.191
-0.442,-1.212
-0.432,-1.201
-0.451,-1.220
-0.460,-1.212
-0.450,-1.200
-0.460,-1.196
-0.469,-1.166
-0.469,-1.166
-0.469,-1.166
-0.487,-1.144
-0.478,-1.138
-0.487,-1.109
-0.506,-1.091
-0.516,-1.101
-0.534,-1.063
-0.527,-1.059
-0.526,-1.040
-0.545,-1.041
-0.536,-1.049
-0.544,-1.018
-0.554,-1.011
-0.562,-1.000
-0.562,-1.000
-0.582,-0.965
-0.581,-0.963
-0.591,-0.956
-0.591,-0.956
-0.610,-0.938
-0.601,-0.947
-0.599,-0.945
-0.609,-0.955
-0.609,-0.955
-0.601,-0.966
-0.620,-0.948
-0.609,-0.955
-0.610,-0.974
-0.619,-0.964
-0.619,-0.965
-0.619,-0.965
-0.618,-0.962
-0.629,-0.956
-0.600,-0.946
-0.629,-0.956
-0.620,-0.948
-0.609,-0.955
-0.619,-0.928
-0.609,-0.918
-0.600,-0.927
-0.610,-0.938
-0.591,-0.937
-0.592,-0.940
-0.573,-0.938
-0.590,-0.954
-0.581,-0.963
-0.571,-0.972
-0.572,-0.975
-0.564,-0.966
-0.554,-0.976
-0.555,-0.978
-0.554,-0.993
-0.553,-1.010
-0.551,-1.023
-0.543,-1.035
-0.544,-1.018
-0.534,-1.028
-0.535,-1.031
-0.534,-1.030
-0.516,-1.030
-0.516,-1.030
-0.515,-1.045
-0.516,-1.066
-0.516,-1.066
-0.526,-1.076
-0.517,-1.086
-0.506,-1.091
-0.507,-1.131
-0.497,-1.136
-0.515,-1.154
-0.516,-1.173
-0.515,-1.208
-0.507,-1.222
-0.507,-1.238
-0.517,-1.268
-0.517,-1.304
-0.525,-1.327
-0.545,-1.349
-0.534,-1.355
-0.543,-1.361
-0.562,-1.363
-0.552,-1.369
-0.562,-1.363
-0.552,-1.333
-0.552,-1.335
-0.544,-1.294
-0.516,-1.266
-0.527,-1.261
-0.517,-1.250
-0.525,-1.258
-0.534,-1.282
-0.551,-1.260
-0.543,-1.292
-0.562,-1.274
-0.562,-1.290
-0.553,-1.282
-0.552,-1.298
-0.553,-1.282
-0.553,-1.282
-0.543,-1.290
-0.544,-1.310
-0.534,-1.335
-0.535,-1.339
-0.534,-1.319
-0.544,-1.328
-0.544,-1.328
-0.534,-1.333
-0.535,-1.337
-0.507,-1.327
-0.507,-1.311
-0.498,-1.304
-0.480,-1.284
-0.470,-1.295
-0.432,-1.273
-0.422,-1.281
-0.395,-1.255
-0.403,-1.244
-0.395,-1.221
-0.376,-1.201
-0.366,-1.191
-0.349,-1.177
-0.330,-1.139
-0.312,-1.144
-0.302,-1.114
-0.301,-1.113
-0.292,-1.104
-0.273,-1.083
-0.264,-1.077
-0.255,-1.049
-0.254,-1.029
-0.255,-1.012
-0.236,-1.011
-0.236,-1.014
-0.245,-1.022
-0.236,-1.014
-0.255,-1.015
-0.255,-1.012
-0.264,-1.004
-0.274,-0.994
-0.293,-0.995
-0.302,-0.987
-0.320,-0.966
-0.330,-0.995
-0.330,-0.975
-0.357,-0.965
-0.358,-0.949
-0.357,-0.929
-0.368,-0.922
-0.358,-0.912
-0.376,-0.911
-0.377,-0.894
-0.385,-0.883
-0.395,-0.876
-0.395,-0.876
-0.404,-0.883
-0.395,-0.876
-0.414,-0.874
-0.406,-0.868
-0.396,-0.842
-0.405,-0.850
-0.415,-0.840
-0.423,-0.846
-0.432,-0.857
-0.442,-0.847
-0.461,-0.849
-0.470,-0.840
-0.488,-0.837
-0.498,-0.848
-0.517,-0.847
-0.526,-0.856
-0.536,-0.831
-0.555,-0.829
-0.564,-0.839
-0.554,-0.846
-0.563,-0.836
-0.582,-0.874
-0.572,-0.863
-0.574,-0.849
-0.564,-0.839
-0.555,-0.848
-0.564,-0.839
-0.563,-0.836
-0.564,-0.856
-0.572,-0.845
-0.564,-0.856
-0.573,-0.848
-0.553,-0.863
-0.554,-0.866
-0.564,-0.856
-0.553,-0.863
-0.563,-0.855
-0.563,-0.855
-0.555,-0.849
-0.536,-0.867
-0.555,-0.867
-0.555,-0.867
-0.554,-0.883
-0.554,-0.902
-0.536,-0.883
-0.535,-0.901
-0.536,-0.902
-0.526,-0.909
-0.517,-0.921
-0.498,-0.919
-0.498,-0.919
-0.462,-0.923
-0.451,-0.930
-0.443,-0.941
-0.433,-0.948
-0.433,-0.948
-0.433,-0.968
-0.423,-0.973
-0.423,-0.994
-0.414,-1.003
-0.414,-1.001
-0.415,-1.004
-0.414,-1.001
-0.396,-1.022
-0.405,-1.031
-0.395,-1.056
-0.405,-1.067
-0.385,-1.082
-0.385,-1.102
-0.376,-1.094
-0.385,-1.118
-0.375,-1.143
-0.384,-1.150
-0.386,-1.156
-0.377,-1.150
-0.386,-1.160
-0.369,-1.145
-0.377,-1.150
-0.395,-1.168
-0.404,-1.193
-0.403,-1.189
-0.404,-1.193
-0.431,-1.181
-0.414,-1.186
-0.414,-1.166
-0.404,-1.174
-0.414,-1.184
-0.423,-1.172
-0.433,-1.186
-0.433,-1.166
-0.442,-1.157
-0.433,-1.168
-0.422,-1.154
-0.432,-1.148
-0.442,-1.138
-0.441,-1.120
-0.442,-1.103
-0.432,-1.092
-0.424,-1.067
-0.414,-1.057
-0.404,-1.047
-0.386,-1.031
-0.376,-1.038
-0.395,-1.039
-0.377,-1.057
-0.377,-1.041
-0.377,-1.041
-0.376,-1.054
-0.376,-1.038
-0.377,-1.021
-0.367,-1.011
-0.368,-0.998
-0.377,-1.004
-0.377,-1.006
-0.377,-0.985
-0.385,-0.973
-0.404,-0.955
-0.404,-0.954
-0.395,-0.947
-0.405,-0.956
-0.414,-0.947
-0.396,-0.913
-0.377,-0.912
-0.387,-0.905
-0.387,-0.922
-0.386,-0.938
-0.368,-0.958
-0.367,-0.973
-0.368,-0.976
-0.387,-0.994
-0.386,-1.011
-0.386,-1.013
-0.367,-1.011
-0.386,-1.049
-0.377,-1.057
-0.376,-1.074
-0.358,-1.095
-0.358,-1.112
-0.349,-1.142
-0.348,-1.139
-0.348,-1.175
-0.348,-1.158
-0.348,-1.173
-0.357,-1.201
-0.357,-1.201
-0.357,-1.201
-0.349,-1.196
-0.367,-1.195
-0.368,-1.198
-0.386,-1.213
-0.395,-1.239
-0.405,-1.249
-0.404,-1.262
-0.414,-1.293
-0.414,-1.293
-0.404,-1.300
-0.413,-1.311
-0.422,-1.318
-0.423,-1.321
-0.432,-1.313
-0.432,-1.329
-0.423,-1.340
-0.422,-1.336
-0.413,-1.348
-0.422,-1.356
-0.413,-1.364
-0.422,-1.356
-0.431,-1.362
-0.442,-1.339
-0.450,-1.329
-0.460,-1.319
-0.488,-1.329
-0.487,-1.325
-0.497,-1.319
-0.498,-1.303
-0.507,-1.292
-0.508,-1.278
-0.516,-1.301
-0.516,-1.301
-0.525,-1.309
-0.525,-1.309
-0.553,-1.300
-0.553,-1.298
-0.545,-1.312
-0.545,-1.312
-0.554,-1.320
-0.564,-1.330
-0.581,-1.344
-0.582,-1.348
-0.591,-1.354
-0.600,-1.362
-0.591,-1.356
-0.590,-1.353
-0.600,-1.363
-0.600,-1.346
-0.590,-1.353
-0.601,-1.366
-0.581,-1.344
-0.582,-1.348
-0.563,-1.346
-0.572,-1.355
-0.573,-1.358
-0.572,-1.355
-0.582,-1.366
-0.563,-1.348
-0.543,-1.327
-0.553,-1.302
-0.543,-1.290
-0.525,-1.292
-0.534,-1.282
-0.544,-1.274
-0.516,-1.286
-0.524,-1.291
-0.525,-1.294
-0.516,-1.302
-0.524,-1.291
-0.534,-1.319
-0.533,-1.315
-0.553,-1.337
-0.544,-1.347
-0.534,-1.355
-0.534,-1.373
-0.524,-1.398
-0.535,-1.411
-0.525,-1.421
-0.516,-1.450
-0.517,-1.470
-0.506,-1.474
-0.516,-1.502
-0.506,-1.527
-0.514,-1.551
-0.525,-1.563
-0.514,-1.569
-0.497,-1.610
-0.488,-1.620
-0.477,-1.626
-0.478,-1.630
-0.459,-1.626
-0.469,-1.638
-0.469,-1.638
-0.468,-1.636
-0.468,-1.656
-0.459,-1.644
-0.460,-1.649
-0.459,-1.628
-0.459,-1.628
-0.450,-1.620
-0.458,-1.624
-0.459,-1.628
-0.450,-1.602
-0.459,-1.592
-0.460,-1.578
-0.469,-1.547
-0.479,-1.521
-0.469,-1.475
-0.477,-1.462
-0.478,-1.446
-0.477,-1.426
-0.496,-1.408
-0.478,-1.390
-0.478,-1.374
-0.460,-1.378
-0.432,-1.368
-0.441,-1.360
-0.441,-1.323
-0.432,-1.311
-0.451,-1.313
-0.458,-1.298
-0.478,-1.319
-0.459,-1.301
-0.459,-1.301
-0.479,-1.286
-0.497,-1.264
-0.478,-1.266
-0.488,-1.276
-0.497,-1.283
-0.507,-1.294
-0.525,-1.309
-0.525,-1.329
-0.525,-1.309
-0.525,-1.309
-0.516,-1.322
-0.506,-1.311
-0.516,-1.322
-0.516,-1.322
-0.505,-1.345
-0.506,-1.365
-0.496,-1.353
-0.497,-1.357
-0.516,-1.339
-0.506,-1.329
-0.516,-1.341
-0.496,-1.355
-0.497,-1.357
-0.496,-1.355
-0.495,-1.352
-0.505,-1.347
-0.505,-1.327
-0.515,-1.321
-0.516,-1.324
-0.534,-1.339
-0.535,-1.322
-0.533,-1.319
-0.562,-1.292
-0.561,-1.272
-0.552,-1.280
-0.543,-1.274
-0.561,-1.252
-0.562,-1.256
-0.553,-1.248
-0.552,-1.264
-0.572,-1.266
-0.561,-1.272
-0.581,-1.294
-0.590,-1.302
-0.608,-1.320
-0.600,-1.312
-0.608,-1.318
-0.608,-1.320
-0.608,-1.320
-0.608,-1.336
-0.608,-1.356
-0.607,-1.353
-0.608,-1.373
-0.608,-1.373
-0.608,-1.373
-0.600,-1.368
-0.598,-1.383
-0.618,-1.403
-0.617,-1.401
-0.626,-1.407
-0.644,-1.425
-0.644,-1.425
-0.627,-1.411
-0.638,-1.404
-0.628,-1.412
-0.638,-1.404
-0.617,-1.435
-0.617,-1.455
-0.617,-1.455
-0.607,-1.459
-0.608,-1.463
-0.598,-1.451
-0.599,-1.455
-0.580,-1.455
-0.579,-1.472
-0.571,-1.486
-0.552,-1.482
-0.552,-1.502
-0.552,-1.502
-0.561,-1.510
-0.543,-1.533
-0.533,-1.537
-0.524,-1.547
-0.505,-1.565
-0.494,-1.571
-0.467,-1.584
-0.457,-1.572
-0.457,-1.574
-0.467,-1.545
-0.466,-1.525
-0.467,-1.529
-0.475,-1.497
-0.495,-1.483
-0.495,-1.446
-0.495,-1.462
-0.504,-1.454
-0.513,-1.444
-0.515,-1.432
-0.525,-1.405
-0.544,-1.387
-0.554,-1.397
-0.561,-1.401
-0.580,-1.419
-0.598,-1.417
-0.607,-1.423
-0.608,-1.409
-0.626,-1.407
-0.635,-1.399
-0.636,-1.419
-0.654,-1.417
-0.645,-1.411
-0.636,-1.419
-0.626,-1.429
-0.626,-1.429
-0.626,-1.445
-0.598,-1.455
-0.570,-1.464
-0.541,-1.472
-0.532,-1.482
-0.512,-1.481
-0.494,-1.501
-0.475,-1.519
-0.466,-1.529
-0.456,-1.540
-0.446,-1.546
-0.438,-1.558
-0.417,-1.554
-0.427,-1.566
-0.427,-1.566
-0.426,-1.562
-0.427,-1.566
-0.437,-1.538
-0.456,-1.540
-0.456,-1.540
-0.475,-1.558
-0.465,-1.586
-0.493,-1.610
-0.511,-1.628
-0.520,-1.636
-0.511,-1.644
-0.540,-1.656
-0.530,-1.682
-0.548,-1.700
-0.557,-1.711
-0.567,-1.737
-0.567,-1.757
-0.575,-1.781
-0.595,-1.820
-0.613,-1.838
-0.621,-1.877
-0.631,-1.910
-0.640,-1.916
-0.678,-1.936
-0.679,-1.938
-0.716,-1.954
-0.744,-1.982
-0.752,-2.005
-0.790,-2.026
-0.791,-2.046
-0.809,-2.098
-0.838,-2.129
-0.855,-2.139
-0.865,-2.150
-0.875,-2.106
-0.883,-2.074
-0.903,-2.061
-0.911,-2.048
-0.922,-2.043
-0.923,-2.027
-0.931,-2.032
-0.942,-2.027
-0.950,-2.032
-0.969,-2.035
-0.979,-2.027
-0.996,-2.021
-1.007,-2.034
-1.005,-2.029
-1.024,-2.032
-1.024,-2.031
-1.023,-2.011
-1.054,-2.008
-1.053,-1.987
-1.073,-2.008
-1.073,-2.008
-1.081,-2.013
-1.091,-2.026
-1.090,-2.023
-1.109,-2.023
-1.108,-2.002
-1.097,-1.990
-1.109,-1.987
-1.090,-1.969
-1.110,-1.971
-1.100,-1.961
-1.108,-1.966
-1.100,-1.961
-1.117,-1.956
-1.118,-1.940
-1.118,-1.940
-1.117,-1.956
-1.112,-1.955
-1.090,-1.969
-1.099,-1.958
-1.119,-1.960
-1.117,-1.956
-1.111,-1.953
-1.101,-1.942
-1.112,-1.955
-1.083,-1.963
-1.090,-1.969
-1.081,-1.979
-1.059,-1.972
-1.071,-1.966
-1.082,-1.961
-1.062,-1.958
-1.064,-1.963
-1.062,-1.958
-1.053,-1.969
-1.053,-1.969
-1.061,-1.974
-1.073,-1.989
-1.082,-1.997
-1.083,-2.018
-1.091,-2.026
-1.089,-2.039
-1.091,-2.062
-1.079,-2.065
-1.090,-2.078
-1.100,-2.088
-1.091,-2.096
-1.072,-2.114
-1.061,-2.119
-1.033,-2.130
-1.016,-2.133
-1.006,-2.141
-0.981,-2.120
-0.979,-2.115
-0.960,-2.133
-0.941,-2.115
-0.913,-2.105
-0.904,-2.116
-0.911,-2.100
-0.885,-2.095
-0.877,-2.108
-0.849,-2.100
-0.832,-2.088
-0.822,-2.075
-0.822,-2.075
-0.792,-2.062
-0.800,-2.047
