 1.363,-2.706
 1.374,-2.698
 1.395,-2.658
 1.426,-2.626
 1.457,-2.598
 1.444,-2.542
 1.446,-2.526
 1.468,-2.489
 1.468,-2.469
 1.441,-2.446
 1.419,-2.443
 1.420,-2.426
 1.398,-2.422
 1.385,-2.427
 1.386,-2.448
 1.382,-2.461
 1.354,-2.456
 1.355,-2.479
 1.333,-2.476
 1.334,-2.479
 1.322,-2.504
 1.314,-2.519
 1.313,-2.540
 1.301,-2.544
 1.293,-2.560
 1.291,-2.576
 1.272,-2.620
 1.261,-2.648
 1.248,-2.673
 1.230,-2.680
 1.229,-2.656
 1.210,-2.660
 1.199,-2.668
 1.196,-2.661
 1.199,-2.668
 1.186,-2.673
 1.176,-2.681
 1.186,-2.673
 1.167,-2.676
 1.170,-2.663
 1.168,-2.659
 1.148,-2.663
 1.149,-2.703
 1.135,-2.704
 1.127,-2.720
 1.124,-2.729
 1.104,-2.733
 1.105,-2.716
 1.095,-2.724
 1.086,-2.719
 1.085,-2.736
 1.087,-2.743
 1.097,-2.772
 1.085,-2.776
 1.087,-2.824
 1.095,-2.825
 1.085,-2.837
 1.075,-2.828
 1.074,-2.845
 1.086,-2.841
 1.095,-2.825
 1.086,-2.840
 1.086,-2.840
 1.074,-2.845
 1.075,-2.828
 1.073,-2.821
 1.085,-2.817
 1.095,-2.825
 1.113,-2.838
 1.116,-2.846
 1.115,-2.845
 1.127,-2.861
 1.140,-2.857
 1.127,-2.861
 1.139,-2.873
 1.136,-2.886
 1.137,-2.910
 1.147,-2.898
 1.146,-2.914
 1.148,-2.922
 1.157,-2.926
 1.149,-2.962
 1.159,-2.954
 1.158,-2.971
 1.170,-2.987
 1.168,-2.979
 1.169,-3.003
 1.190,-3.023
 1.178,-3.028
 1.191,-3.044
 1.188,-3.056
 1.210,-3.060
 1.211,-3.044
 1.230,-3.040
 1.222,-3.016
 1.240,-3.008
 1.241,-3.032
 1.240,-3.028
 1.238,-3.024
 1.273,-3.024
 1.280,-3.025
 1.292,-3.041
 1.283,-3.032
 1.294,-3.024
 1.308,-3.044
 1.305,-3.037
 1.296,-3.069
 1.304,-3.093
 1.301,-3.085
 1.312,-3.098
 1.310,-3.093
 1.303,-3.110
 1.283,-3.113
 1.293,-3.122
 1.284,-3.117
 1.291,-3.097
 1.283,-3.113
 1.272,-3.101
 1.270,-3.077
 1.264,-3.097
 1.240,-3.089
 1.232,-3.105
 1.253,-3.085
 1.209,-3.076
 1.222,-3.096
 1.220,-3.088
 1.221,-3.092
 1.221,-3.072
 1.229,-3.056
 1.242,-3.052
 1.240,-3.028
 1.231,-3.020
 1.251,-3.000
 1.249,-2.992
 1.241,-2.972
 1.261,-2.948
 1.243,-2.895
 1.234,-2.890
 1.244,-2.878
 1.235,-2.870
 1.242,-2.850
 1.231,-2.859
 1.230,-2.835
 1.228,-2.811
 1.241,-2.770
 1.251,-2.758
 1.232,-2.761
 1.222,-2.773
 1.210,-2.757
 1.201,-2.752
 1.189,-2.777
 1.180,-2.769
 1.160,-2.772
 1.137,-2.785
 1.118,-2.772
 1.095,-2.785
 1.076,-2.788
 1.056,-2.788
 1.034,-2.784
 1.025,-2.779
 1.014,-2.787
 0.994,-2.791
 0.983,-2.779
 0.981,-2.752
 0.983,-2.759
 0.982,-2.735
 0.993,-2.727
 0.971,-2.723
 0.971,-2.723
 0.972,-2.706
 0.983,-2.678
 0.964,-2.665
 0.964,-2.665
 0.952,-2.669
 0.963,-2.681
 0.950,-2.703
 0.972,-2.703
 0.961,-2.674
 0.971,-2.663
 0.953,-2.649
 0.972,-2.646
 0.983,-2.638
 0.973,-2.629
 0.993,-2.626
 1.004,-2.618
 1.012,-2.582
 1.034,-2.586
 1.056,-2.569
 1.065,-2.574
 1.077,-2.590
 1.116,-2.583
 1.107,-2.578
 1.107,-2.578
 1.117,-2.607
 1.129,-2.622
 1.127,-2.615
 1.117,-2.647
 1.117,-2.647
 1.127,-2.656
 1.107,-2.659
 1.127,-2.656
 1.117,-2.688
 1.138,-2.688
 1.135,-2.681
 1.147,-2.696
 1.157,-2.684
 1.160,-2.692
 1.172,-2.687
 1.180,-2.672
 1.193,-2.667
 1.200,-2.668
 1.210,-2.677
 1.209,-2.677
 1.229,-2.673
 1.222,-2.672
 1.230,-2.657
 1.232,-2.660
 1.243,-2.652
 1.241,-2.669
 1.254,-2.684
 1.260,-2.685
 1.252,-2.721
 1.263,-2.733
 1.261,-2.766
 1.273,-2.762
 1.261,-2.786
 1.242,-2.810
 1.242,-2.810
 1.230,-2.798
 1.222,-2.813
 1.221,-2.830
 1.200,-2.810
 1.200,-2.810
 1.178,-2.806
 1.191,-2.801
 1.168,-2.797
 1.168,-2.797
 1.159,-2.789
 1.137,-2.785
 1.139,-2.793
 1.137,-2.785
 1.127,-2.797
 1.117,-2.789
 1.108,-2.780
 1.131,-2.767
 1.131,-2.767
 1.131,-2.788
 1.120,-2.816
 1.106,-2.813
 1.107,-2.837
 1.104,-2.830
 1.107,-2.837
 1.108,-2.841
 1.097,-2.849
 1.098,-2.873
 1.086,-2.857
 1.087,-2.881
 1.087,-2.881
 1.076,-2.889
 1.089,-2.905
 1.076,-2.909
 1.088,-2.922
 1.066,-2.918
 1.064,-2.894
 1.068,-2.925
 1.045,-2.897
 1.025,-2.901
 1.016,-2.893
 1.003,-2.893
 1.005,-2.901
 0.972,-2.885
 0.972,-2.905
 0.973,-2.888
 0.952,-2.884
 0.943,-2.900
 0.942,-2.876
 0.921,-2.876
 0.921,-2.876
 0.919,-2.868
 0.910,-2.884
 0.911,-2.867
 0.892,-2.855
 0.894,-2.862
 0.882,-2.866
 0.893,-2.879
 0.869,-2.867
 0.870,-2.908
 0.858,-2.912
 0.847,-2.900
 0.839,-2.899
 0.848,-2.904
 0.839,-2.899
 0.850,-2.911
 0.838,-2.895
 0.850,-2.911
 0.838,-2.915
 0.859,-2.919
 0.881,-2.923
 0.890,-2.948
 0.891,-2.932
 0.889,-2.924
 0.900,-2.936
 0.901,-2.920
 0.900,-2.896
 0.912,-2.912
 0.900,-2.896
 0.922,-2.900
 0.912,-2.892
 0.931,-2.864
 0.932,-2.848
 0.931,-2.824
 0.931,-2.824
 0.932,-2.791
 0.921,-2.775
 0.952,-2.747
 0.950,-2.699
 0.983,-2.678
 0.973,-2.629
 0.973,-2.589
 0.975,-2.555
 0.984,-2.520
 0.993,-2.488
 0.983,-2.459
 0.991,-2.441
 0.984,-2.439
 1.003,-2.395
 0.993,-2.407
 0.994,-2.390
 0.992,-2.384
 0.993,-2.407
 1.002,-2.392
 0.993,-2.407
 1.014,-2.387
 1.002,-2.392
 1.036,-2.391
 1.054,-2.364
 1.044,-2.376
 1.055,-2.388
 1.043,-2.393
 1.055,-2.388
 1.054,-2.364
 1.045,-2.356
 1.035,-2.347
 1.034,-2.324
 1.025,-2.318
 1.023,-2.292
 0.992,-2.283
 1.014,-2.246
 0.991,-2.219
 0.982,-2.234
 0.971,-2.222
 0.951,-2.225
 0.963,-2.199
 0.941,-2.196
 0.943,-2.202
 0.930,-2.205
 0.931,-2.228
 0.931,-2.245
 0.918,-2.247
 0.921,-2.277
 0.919,-2.271
 0.920,-2.294
 0.931,-2.285
 0.919,-2.311
 0.921,-2.317
 0.930,-2.303
 0.931,-2.326
 0.942,-2.317
 0.941,-2.314
 0.941,-2.317
 0.941,-2.314
 0.941,-2.314
 0.941,-2.314
 0.949,-2.300
 0.952,-2.326
 0.941,-2.314
 0.910,-2.346
 0.921,-2.358
 0.909,-2.363
 0.901,-2.378
 0.910,-2.383
 0.879,-2.415
 0.879,-2.415
 0.858,-2.432
 0.849,-2.467
 0.826,-2.460
 0.817,-2.475
 0.829,-2.490
 0.787,-2.486
 0.799,-2.484
 0.776,-2.498
 0.756,-2.518
 0.745,-2.526
 0.733,-2.548
 0.734,-2.555
 0.733,-2.531
 0.713,-2.534
 0.725,-2.529
 0.722,-2.519
 0.713,-2.534
 0.733,-2.531
 0.734,-2.555
 0.756,-2.558
 0.754,-2.572
 0.767,-2.590
 0.755,-2.616
 0.745,-2.627
 0.734,-2.656
 0.723,-2.661
 0.715,-2.679
 0.703,-2.684
 0.673,-2.696
 0.683,-2.728
 0.671,-2.732
 0.662,-2.748
 0.661,-2.741
 0.651,-2.773
 0.662,-2.748
 0.661,-2.741
 0.662,-2.748
 0.671,-2.749
 0.662,-2.765
 0.662,-2.748
 0.662,-2.748
 0.653,-2.743
 0.652,-2.760
 0.642,-2.768
 0.652,-2.800
 0.630,-2.813
 0.652,-2.817
 0.640,-2.821
 0.630,-2.813
 0.641,-2.829
 0.651,-2.833
 0.642,-2.829
 0.630,-2.813
 0.642,-2.829
 0.641,-2.788
 0.641,-2.805
 0.621,-2.808
 0.631,-2.796
 0.610,-2.776
 0.600,-2.788
 0.578,-2.780
 0.538,-2.787
 0.537,-2.780
 0.506,-2.795
 0.476,-2.807
 0.475,-2.799
 0.455,-2.827
 0.455,-2.823
 0.424,-2.815
 0.435,-2.827
 0.423,-2.831
 0.424,-2.839
 0.433,-2.840
 0.423,-2.868
 0.423,-2.851
 0.413,-2.843
 0.435,-2.854
 0.434,-2.830
 0.435,-2.834
 0.445,-2.842
 0.454,-2.860
 0.475,-2.864
 0.496,-2.860
 0.496,-2.844
 0.507,-2.840
 0.506,-2.832
 0.518,-2.872
 0.517,-2.864
 0.517,-2.905
 0.528,-2.917
 0.517,-2.921
 0.529,-2.941
 0.528,-2.937
 0.528,-2.957
 0.548,-2.958
 0.548,-2.974
 0.559,-2.970
 0.569,-2.954
 0.580,-2.966
 0.591,-2.962
 0.611,-2.938
 0.622,-2.950
 0.652,-2.934
 0.663,-2.926
 0.673,-2.918
 0.682,-2.882
 0.694,-2.898
 0.713,-2.870
 0.713,-2.871
 0.735,-2.858
 0.745,-2.846
 0.747,-2.817
 0.757,-2.805
 0.757,-2.805
 0.757,-2.805
 0.755,-2.814
 0.756,-2.838
 0.765,-2.822
 0.756,-2.838
 0.766,-2.830
 0.754,-2.834
 0.755,-2.858
 0.775,-2.855
 0.776,-2.838
 0.787,-2.850
 0.786,-2.826
 0.798,-2.842
 0.817,-2.815
 0.807,-2.806
 0.829,-2.810
 0.827,-2.803
 0.839,-2.802
 0.838,-2.778
 0.828,-2.790
 0.818,-2.781
 0.827,-2.806
 0.829,-2.814
 0.827,-2.806
 0.817,-2.815
 0.828,-2.830
 0.806,-2.843
 0.807,-2.850
 0.805,-2.863
 0.807,-2.867
 0.807,-2.850
 0.807,-2.850
 0.810,-2.838
 0.808,-2.834
 0.787,-2.830
 0.777,-2.822
 0.785,-2.822
 0.787,-2.830
 0.775,-2.814
 0.744,-2.806
 0.735,-2.781
 0.744,-2.765
 0.735,-2.740
 0.723,-2.745
 0.713,-2.736
 0.724,-2.728
 0.712,-2.713
 0.703,-2.728
 0.692,-2.716
 0.683,-2.708
 0.683,-2.708
 0.681,-2.701
 0.673,-2.699
 0.672,-2.675
 0.662,-2.687
 0.662,-2.687
 0.640,-2.683
 0.652,-2.679
 0.640,-2.683
 0.640,-2.684
 0.620,-2.687
 0.599,-2.683
 0.610,-2.695
 0.598,-2.700
 0.588,-2.691
 0.579,-2.707
 0.558,-2.686
 0.559,-2.693
 0.569,-2.702
 0.549,-2.722
 0.538,-2.730
 0.537,-2.740
 0.527,-2.735
 0.537,-2.743
 0.516,-2.743
 0.527,-2.759
 0.526,-2.751
 0.538,-2.771
 0.537,-2.783
 0.537,-2.804
 0.538,-2.787
 0.547,-2.772
 0.559,-2.811
 0.548,-2.796
 0.537,-2.824
 0.558,-2.828
 0.536,-2.817
 0.548,-2.820
 0.558,-2.824
 0.538,-2.828
 0.538,-2.828
 0.538,-2.844
 0.549,-2.860
 0.537,-2.864
 0.548,-2.877
 0.548,-2.877
 0.548,-2.893
 0.528,-2.920
 0.548,-2.933
 0.548,-2.933
 0.580,-2.970
 0.589,-2.954
 0.591,-2.986
 0.612,-3.006
 0.622,-3.038
 0.643,-3.075
 0.662,-3.088
 0.683,-3.149
 0.713,-3.153
 0.714,-3.177
 0.736,-3.222
 0.745,-3.226
 0.756,-3.263
 0.776,-3.259
 0.776,-3.299
 0.798,-3.304
 0.776,-3.299
 0.778,-3.308
 0.788,-3.316
 0.797,-3.324
 0.788,-3.316
 0.786,-3.348
 0.777,-3.364
 0.787,-3.372
 0.777,-3.404
 0.767,-3.416
 0.777,-3.420
 0.767,-3.457
 0.788,-3.493
 0.767,-3.513
 0.779,-3.571
 0.766,-3.590
 0.789,-3.620
 0.778,-3.627
 0.788,-3.655
 0.788,-3.676
 0.796,-3.674
 0.799,-3.709
 0.799,-3.708
 0.799,-3.693
 0.790,-3.710
 0.800,-3.733
 0.789,-3.746
 0.809,-3.777
 0.808,-3.813
 0.809,-3.838
 0.818,-3.820
 0.799,-3.834
 0.809,-3.838
 0.819,-3.830
 0.819,-3.830
 0.808,-3.813
 0.820,-3.810
 0.819,-3.789
 0.820,-3.769
 0.810,-3.761
 0.808,-3.732
 0.778,-3.729
 0.787,-3.732
 0.798,-3.724
 0.778,-3.728
 0.777,-3.703
 0.768,-3.720
 0.767,-3.696
 0.767,-3.696
 0.758,-3.692
 0.766,-3.671
 0.768,-3.680
 0.756,-3.642
 0.766,-3.630
 0.757,-3.607
 0.756,-3.582
 0.757,-3.566
 0.766,-3.529
 0.766,-3.489
 0.758,-3.449
 0.767,-3.417
 0.769,-3.385
 0.768,-3.360
 0.757,-3.328
 0.778,-3.307
 0.765,-3.287
 0.756,-3.303
 0.745,-3.291
 0.735,-3.283
 0.746,-3.275
 0.714,-3.278
 0.715,-3.287
 0.724,-3.270
 0.714,-3.282
 0.715,-3.266
 0.703,-3.250
 0.683,-3.254
 0.703,-3.209
 0.693,-3.201
 0.693,-3.161
 0.692,-3.153
 0.693,-3.120
 0.703,-3.068
 0.714,-3.040
 0.714,-3.040
 0.723,-3.004
 0.725,-3.011
 0.734,-2.996
 0.714,-2.999
 0.735,-3.003
 0.724,-2.987
 0.715,-3.007
 0.714,-2.999
 0.694,-3.003
 0.713,-3.019
 0.713,-3.032
 0.694,-3.043
 0.704,-3.035
 0.684,-3.055
 0.695,-3.071
 0.683,-3.071
 0.684,-3.096
 0.682,-3.088
 0.692,-3.096
 0.704,-3.088
 0.692,-3.056
 0.704,-3.052
 0.714,-3.040
 0.703,-3.028
 0.715,-3.023
 0.713,-3.016
 0.704,-2.995
 0.714,-2.999
 0.704,-2.991
 0.715,-2.983
 0.713,-2.975
 0.704,-2.991
 0.703,-2.987
 0.703,-2.987
 0.694,-3.003
 0.703,-2.987
 0.715,-3.007
 0.714,-2.999
 0.724,-3.007
 0.725,-3.031
 0.723,-3.024
 0.725,-3.032
 0.755,-3.020
 0.756,-3.044
 0.766,-3.032
 0.785,-3.044
 0.797,-3.040
 0.796,-3.036
 0.808,-3.032
 0.819,-3.008
 0.828,-2.992
 0.841,-3.012
 0.840,-3.028
 0.860,-3.045
 0.870,-3.073
 0.857,-3.074
 0.869,-3.090
 0.869,-3.090
 0.881,-3.106
 0.893,-3.102
 0.890,-3.110
 0.902,-3.126
 0.921,-3.122
 0.911,-3.131
 0.912,-3.114
 0.911,-3.090
 0.934,-3.098
 0.932,-3.054
 0.911,-3.033
 0.933,-3.034
 0.920,-2.997
 0.912,-3.013
 0.901,-3.001
 0.901,-3.001
 0.901,-2.985
 0.899,-2.977
 0.880,-2.981
 0.880,-2.981
 0.879,-2.997
 0.869,-3.009
 0.858,-3.017
 0.859,-3.001
 0.859,-3.001
 0.849,-3.012
 0.850,-3.016
 0.838,-2.980
 0.820,-2.992
 0.829,-2.996
 0.797,-3.004
 0.797,-3.004
 0.795,-3.012
 0.797,-3.020
 0.807,-3.008
 0.797,-3.020
 0.787,-3.016
 0.765,-3.008
 0.755,-3.020
 0.755,-3.020
 0.734,-3.040
 0.735,-3.024
 0.734,-3.040
 0.724,-3.052
 0.724,-3.052
 0.704,-3.052
 0.693,-3.060
 0.692,-3.056
 0.672,-3.039
 0.672,-3.039
 0.663,-3.031
 0.653,-3.027
 0.662,-3.007
 0.641,-3.031
 0.652,-3.019
 0.651,-3.035
 0.641,-3.031
 0.640,-3.023
 0.642,-3.051
 0.641,-3.067
 0.631,-3.079
 0.632,-3.063
 0.631,-3.079
 0.622,-3.099
 0.622,-3.095
 0.622,-3.136
 0.632,-3.144
 0.620,-3.164
 0.641,-3.169
 0.652,-3.156
 0.642,-3.152
 0.652,-3.144
 0.662,-3.148
 0.652,-3.144
 0.652,-3.160
 0.652,-3.161
 0.673,-3.165
 0.652,-3.160
 0.653,-3.165
 0.642,-3.152
 0.652,-3.160
 0.642,-3.152
 0.640,-3.144
 0.632,-3.164
 0.621,-3.172
 0.621,-3.172
 0.643,-3.177
 0.620,-3.168
 0.632,-3.201
 0.630,-3.197
 0.631,-3.217
 0.632,-3.225
 0.641,-3.225
 0.653,-3.262
 0.671,-3.253
 0.683,-3.266
 0.684,-3.234
 0.694,-3.226
 0.696,-3.234
 0.716,-3.230
 0.716,-3.230
 0.715,-3.246
 0.734,-3.258
 0.735,-3.283
 0.755,-3.279
 0.756,-3.303
 0.757,-3.287
 0.766,-3.311
 0.788,-3.299
 0.788,-3.315
 0.788,-3.315
 0.777,-3.328
 0.797,-3.323
 0.810,-3.361
 0.829,-3.336
 0.828,-3.352
 0.829,-3.356
 0.838,-3.340
 0.840,-3.349
 0.829,-3.336
 0.850,-3.336
 0.840,-3.349
 0.859,-3.320
 0.861,-3.329
 0.860,-3.304
 0.860,-3.304
 0.882,-3.309
 0.880,-3.300
 0.880,-3.284
 0.889,-3.268
 0.901,-3.264
 0.882,-3.252
 0.881,-3.227
 0.893,-3.224
 0.892,-3.219
 0.871,-3.236
 0.871,-3.235
 0.868,-3.243
 0.860,-3.243
 0.860,-3.243
 0.839,-3.243
 0.841,-3.251
 0.828,-3.251
 0.829,-3.275
 0.818,-3.263
 0.808,-3.255
 0.820,-3.271
 0.818,-3.263
 0.798,-3.267
 0.776,-3.258
 0.776,-3.263
 0.767,-3.255
 0.756,-3.222
 0.736,-3.226
 0.746,-3.194
 0.735,-3.202
 0.725,-3.193
 0.724,-3.185
 0.735,-3.182
 0.735,-3.161
 0.725,-3.153
 0.736,-3.145
 0.735,-3.157
 0.725,-3.153
 0.735,-3.161
 0.725,-3.153
 0.738,-3.133
 0.726,-3.137
 0.726,-3.121
 0.725,-3.113
 0.745,-3.109
 0.735,-3.101
 0.744,-3.084
 0.746,-3.072
 0.745,-3.052
 0.736,-3.044
 0.715,-3.064
 0.714,-3.040
 0.704,-3.035
 0.704,-3.051
 0.704,-3.052
 0.704,-3.035
 0.703,-3.027
 0.704,-3.035
 0.703,-3.027
 0.713,-3.019
 0.704,-2.995
 0.703,-2.967
 0.724,-2.951
 0.714,-2.918
 0.724,-2.910
 0.724,-2.890
 0.722,-2.862
 0.724,-2.849
 0.723,-2.826
 0.744,-2.806
 0.724,-2.809
 0.733,-2.793
 0.725,-2.793
 0.735,-2.784
 0.735,-2.784
 0.726,-2.800
 0.724,-2.809
 0.714,-2.821
 0.733,-2.834
 0.712,-2.854
 0.725,-2.833
 0.713,-2.837
 0.715,-2.845
 0.713,-2.837
 0.713,-2.838
 0.714,-2.841
 0.702,-2.825
 0.704,-2.816
 0.704,-2.812
 0.714,-2.780
 0.714,-2.780
 0.723,-2.765
 0.714,-2.760
 0.713,-2.740
 0.723,-2.748
 0.713,-2.740
 0.713,-2.716
 0.714,-2.723
 0.723,-2.708
 0.724,-2.728
 0.723,-2.708
 0.733,-2.713
 0.724,-2.712
 0.733,-2.696
 0.743,-2.705
 0.755,-2.700
 0.765,-2.708
 0.757,-2.707
 0.757,-2.707
 0.756,-2.724
 0.778,-2.727
 0.786,-2.749
 0.786,-2.769
 0.795,-2.774
 0.806,-2.766
 0.808,-2.756
 0.806,-2.749
 0.808,-2.773
 0.807,-2.790
 0.816,-2.798
 0.828,-2.813
 0.837,-2.818
 0.828,-2.814
 0.839,-2.822
 0.838,-2.842
 0.838,-2.842
 0.848,-2.847
 0.848,-2.831
 0.848,-2.830
 0.848,-2.830
 0.860,-2.826
 0.859,-2.822
 0.839,-2.826
 0.848,-2.830
 0.837,-2.818
 0.838,-2.842
 0.836,-2.835
 0.829,-2.834
 0.837,-2.838
 0.837,-2.859
 0.858,-2.879
 0.837,-2.875
 0.828,-2.891
 0.827,-2.870
 0.819,-2.886
 0.809,-2.882
 0.807,-2.874
 0.797,-2.886
 0.806,-2.887
 0.796,-2.899
 0.807,-2.891
 0.795,-2.875
 0.808,-2.895
 0.807,-2.871
 0.807,-2.891
 0.808,-2.915
 0.806,-2.907
 0.808,-2.915
 0.807,-2.931
 0.796,-2.959
 0.797,-2.983
 0.786,-3.008
 0.766,-3.012
 0.775,-3.020
 0.766,-3.052
 0.756,-3.048
 0.744,-3.052
 0.736,-3.068
 0.745,-3.072
 0.755,-3.080
 0.756,-3.105
 0.764,-3.085
 0.756,-3.105
 0.765,-3.109
 0.787,-3.113
 0.756,-3.125
 0.776,-3.137
 0.765,-3.150
 0.776,-3.162
 0.766,-3.174
 0.768,-3.182
 0.767,-3.198
 0.748,-3.226
 0.757,-3.250
 0.766,-3.275
 0.755,-3.303
 0.754,-3.315
 0.766,-3.331
 0.766,-3.331
 0.746,-3.335
 0.747,-3.360
 0.745,-3.351
 0.757,-3.348
 0.766,-3.356
 0.766,-3.356
 0.777,-3.348
 0.797,-3.344
 0.798,-3.328
 0.807,-3.331
 0.797,-3.324
 0.819,-3.328
 0.808,-3.311
 0.809,-3.320
 0.808,-3.311
 0.819,-3.328
 0.830,-3.340
 0.828,-3.332
 0.829,-3.336
 0.849,-3.352
 0.828,-3.352
 0.839,-3.364
 0.827,-3.368
 0.871,-3.377
 0.870,-3.373
 0.881,-3.365
 0.883,-3.333
 0.871,-3.337
 0.884,-3.337
 0.883,-3.313
 0.893,-3.321
 0.902,-3.329
 0.900,-3.321
 0.912,-3.337
 0.912,-3.333
 0.911,-3.353
 0.903,-3.369
 0.900,-3.381
 0.901,-3.405
 0.912,-3.434
 0.913,-3.459
 0.913,-3.463
 0.912,-3.474
 0.923,-3.491
 0.934,-3.479
 0.932,-3.474
 0.944,-3.471
 0.942,-3.462
 0.955,-3.443
 0.954,-3.418
 0.954,-3.398
 0.965,-3.411
 0.963,-3.402
 0.954,-3.419
 0.974,-3.414
 0.964,-3.447
 0.954,-3.459
 0.973,-3.470
 0.965,-3.487
 0.953,-3.475
 0.965,-3.491
 0.967,-3.496
 0.954,-3.499
 0.957,-3.508
 0.954,-3.499
 0.944,-3.507
 0.954,-3.499
 0.952,-3.490
 0.965,-3.492
 0.965,-3.487
 0.975,-3.479
 0.975,-3.479
 0.984,-3.483
 0.965,-3.492
 0.965,-3.491
 0.986,-3.512
 0.966,-3.516
 0.974,-3.515
 0.975,-3.540
 0.964,-3.548
 0.964,-3.548
 0.954,-3.560
 0.943,-3.543
 0.924,-3.532
 0.934,-3.499
 0.934,-3.479
 0.924,-3.471
 0.901,-3.442
 0.903,-3.451
 0.902,-3.426
 0.881,-3.406
 0.882,-3.410
 0.858,-3.417
 0.860,-3.426
 0.860,-3.426
 0.851,-3.418
 0.863,-3.418
 0.851,-3.401
 0.852,-3.426
 0.840,-3.425
 0.840,-3.466
 0.850,-3.474
 0.828,-3.469
 0.820,-3.470
 0.830,-3.478
 0.819,-3.466
 0.830,-3.478
 0.828,-3.469
 0.820,-3.470
 0.809,-3.453
 0.788,-3.437
 0.789,-3.421
 0.777,-3.404
 0.769,-3.421
 0.767,-3.372
 0.747,-3.376
 0.748,-3.360
 0.746,-3.351
 0.726,-3.360
 0.726,-3.355
 0.726,-3.356
 0.716,-3.347
 0.724,-3.347
 0.704,-3.351
 0.725,-3.331
 0.715,-3.323
 0.716,-3.307
 0.714,-3.298
 0.706,-3.279
 0.706,-3.278
 0.696,-3.270
 0.687,-3.287
 0.685,-3.278
 0.685,-3.299
 0.674,-3.306
 0.674,-3.323
 0.664,-3.314
 0.663,-3.310
 0.654,-3.327
 0.643,-3.294
 0.642,-3.314
 0.633,-3.306
 0.652,-3.278
 0.644,-3.278
 0.653,-3.262
 0.653,-3.286
 0.664,-3.258
 0.643,-3.253
 0.664,-3.258
 0.663,-3.233
 0.674,-3.225
 0.674,-3.225
 0.684,-3.213
 0.685,-3.197
 0.695,-3.185
 0.695,-3.165
 0.716,-3.165
 0.725,-3.149
 0.725,-3.133
 0.736,-3.121
 0.767,-3.133
 0.767,-3.133
 0.765,-3.125
 0.778,-3.125
 0.778,-3.105
 0.800,-3.113
 0.790,-3.105
 0.799,-3.129
 0.789,-3.138
 0.798,-3.146
 0.798,-3.162
 0.819,-3.186
 0.797,-3.178
 0.810,-3.198
 0.829,-3.174
 0.820,-3.207
 0.830,-3.199
 0.829,-3.215
 0.821,-3.231
 0.850,-3.235
 0.829,-3.255
 0.830,-3.239
 0.829,-3.251
 0.841,-3.267
 0.829,-3.255
 0.851,-3.259
 0.862,-3.231
 0.851,-3.215
 0.851,-3.199
 0.871,-3.195
 0.860,-3.183
 0.861,-3.166
 0.870,-3.150
 0.871,-3.155
 0.870,-3.130
 0.881,-3.122
 0.872,-3.097
 0.870,-3.049
 0.872,-3.041
 0.862,-3.008
 0.852,-3.020
 0.862,-3.008
 0.870,-2.992
 0.881,-2.964
 0.859,-2.920
 0.860,-2.903
 0.860,-2.863
 0.870,-2.830
 0.882,-2.786
 0.891,-2.750
 0.892,-2.733
 0.881,-2.704
 0.890,-2.669
 0.881,-2.644
 0.901,-2.600
 0.901,-2.600
 0.881,-2.563
 0.879,-2.556
 0.892,-2.534
 0.880,-2.519
 0.880,-2.539
 0.870,-2.531
 0.858,-2.532
 0.859,-2.519
 0.869,-2.507
 0.849,-2.510
 0.840,-2.502
 0.839,-2.519
 0.819,-2.522
 0.829,-2.530
 0.809,-2.534
 0.820,-2.545
 0.786,-2.547
 0.799,-2.566
 0.797,-2.576
 0.765,-2.584
 0.777,-2.579
 0.755,-2.575
 0.757,-2.582
 0.735,-2.578
 0.756,-2.599
 0.725,-2.590
 0.734,-2.595
 0.736,-2.602
 0.735,-2.578
 0.715,-2.582
 0.725,-2.570
 0.714,-2.558
 0.705,-2.573
 0.714,-2.558
 0.714,-2.558
 0.694,-2.561
 0.693,-2.554
 0.684,-2.553
 0.683,-2.546
 0.674,-2.561
 0.684,-2.570
 0.683,-2.546
 0.684,-2.570
 0.682,-2.563
 0.673,-2.578
 0.684,-2.553
 0.684,-2.553
 0.675,-2.568
 0.674,-2.561
 0.663,-2.590
 0.663,-2.590
 0.651,-2.611
 0.642,-2.626
 0.652,-2.618
 0.642,-2.610
 0.632,-2.621
 0.631,-2.655
 0.622,-2.670
 0.621,-2.687
 0.621,-2.690
 0.612,-2.723
 0.600,-2.727
 0.612,-2.722
 0.611,-2.739
 0.601,-2.751
 0.622,-2.771
 0.600,-2.784
 0.622,-2.812
 0.611,-2.796
 0.600,-2.808
 0.621,-2.829
 0.600,-2.825
 0.612,-2.848
 0.600,-2.849
 0.611,-2.881
 0.622,-2.893
 0.621,-2.926
 0.612,-2.945
 0.622,-2.937
 0.624,-2.982
 0.623,-3.002
 0.622,-3.035
 0.623,-3.059
 0.632,-3.100
 0.621,-3.108
 0.642,-3.132
 0.642,-3.148
 0.633,-3.148
 0.643,-3.152
 0.644,-3.177
 0.665,-3.197
 0.674,-3.221
 0.675,-3.246
 0.684,-3.254
 0.695,-3.286
 0.685,-3.278
 0.694,-3.302
 0.696,-3.311
 0.715,-3.323
 0.716,-3.347
 0.738,-3.352
 0.746,-3.351
 0.758,-3.348
 0.757,-3.364
 0.788,-3.376
 0.789,-3.401
 0.777,-3.380
 0.809,-3.397
 0.807,-3.408
 0.819,-3.405
 0.842,-3.434
 0.842,-3.414
 0.853,-3.410
 0.862,-3.414
 0.883,-3.434
 0.883,-3.450
 0.881,-3.441
 0.913,-3.438
 0.912,-3.413
 0.912,-3.414
 0.914,-3.402
 0.923,-3.385
 0.925,-3.394
 0.934,-3.378
 0.935,-3.382
 0.946,-3.374
 0.944,-3.365
 0.946,-3.374
 0.975,-3.337
 0.976,-3.362
 0.965,-3.330
 0.974,-3.313
 0.976,-3.302
 0.975,-3.277
 0.976,-3.261
 0.976,-3.261
 0.975,-3.232
 0.986,-3.208
 0.985,-3.184
 0.975,-3.196
 0.964,-3.164
 0.964,-3.163
 0.966,-3.171
 0.955,-3.139
 0.946,-3.135
 0.946,-3.135
 0.944,-3.127
 0.925,-3.155
 0.913,-3.155
 0.913,-3.175
 0.903,-3.167
 0.892,-3.175
 0.872,-3.179
 0.850,-3.174
 0.840,-3.186
 0.820,-3.190
 0.820,-3.206
 0.800,-3.210
 0.798,-3.202
 0.778,-3.206
 0.778,-3.206
 0.777,-3.182
 0.768,-3.178
 0.767,-3.153
 0.767,-3.137
 0.768,-3.117
 0.746,-3.092
 0.736,-3.084
 0.735,-3.060
 0.736,-3.044
 0.736,-3.044
 0.735,-3.020
 0.726,-2.995
 0.745,-2.971
 0.726,-2.979
 0.727,-2.962
 0.726,-2.938
 0.717,-2.954
 0.725,-2.955
 0.694,-2.942
 0.694,-2.963
 0.682,-2.946
 0.684,-2.954
 0.684,-2.954
 0.653,-2.966
 0.653,-2.966
 0.652,-2.958
 0.653,-2.966
 0.632,-2.962
 0.632,-2.966
 0.622,-2.957
 0.621,-2.949
 0.601,-2.933
 0.611,-2.901
 0.611,-2.901
 0.611,-2.901
 0.599,-2.845
 0.601,-2.856
 0.600,-2.828
 0.600,-2.812
 0.611,-2.800
 0.610,-2.776
 0.600,-2.771
 0.611,-2.760
 0.611,-2.759
 0.621,-2.751
 0.610,-2.736
 0.622,-2.735
 0.622,-2.734
 0.612,-2.726
 0.591,-2.746
 0.600,-2.768
 0.580,-2.771
 0.568,-2.776
 0.569,-2.800
 0.580,-2.791
 0.559,-2.808
 0.549,-2.803
 0.548,-2.796
 0.539,-2.811
 0.539,-2.815
 0.537,-2.807
 0.528,-2.823
 0.537,-2.807
 0.517,-2.811
 0.528,-2.823
 0.537,-2.807
 0.517,-2.811
 0.506,-2.812
 0.517,-2.828
 0.507,-2.819
 0.507,-2.819
 0.497,-2.814
 0.507,-2.819
 0.517,-2.811
 0.517,-2.811
 0.527,-2.816
 0.528,-2.840
 0.538,-2.848
 0.538,-2.848
 0.549,-2.864
 0.549,-2.864
 0.550,-2.871
 0.560,-2.876
 0.581,-2.896
 0.590,-2.905
 0.610,-2.917
 0.611,-2.942
 0.620,-2.926
 0.621,-2.933
 0.621,-2.933
 0.641,-2.930
 0.653,-2.966
 0.662,-2.950
 0.663,-2.974
 0.653,-2.986
 0.673,-2.982
 0.684,-2.999
 0.694,-2.999
 0.674,-3.003
 0.705,-3.015
 0.683,-3.027
 0.695,-3.027
 0.715,-3.023
 0.716,-3.048
 0.716,-3.048
 0.715,-3.064
 0.716,-3.048
 0.736,-3.044
 0.737,-3.068
 0.737,-3.068
 0.734,-3.076
 0.735,-3.101
 0.734,-3.076
 0.737,-3.068
 0.748,-3.064
 0.727,-3.060
 0.738,-3.076
 0.736,-3.084
 0.726,-3.117
 0.735,-3.141
 0.745,-3.149
 0.736,-3.165
 0.746,-3.174
 0.736,-3.170
 0.747,-3.198
 0.736,-3.222
 0.747,-3.238
 0.746,-3.254
 0.757,-3.247
 0.758,-3.271
 0.746,-3.254
 0.758,-3.271
 0.756,-3.262
 0.757,-3.287
 0.757,-3.287
 0.767,-3.275
 0.779,-3.291
 0.778,-3.267
 0.779,-3.251
 0.768,-3.259
 0.788,-3.255
 0.768,-3.259
 0.776,-3.259
 0.788,-3.275
 0.778,-3.267
 0.787,-3.271
 0.789,-3.284
 0.799,-3.287
 0.791,-3.288
 0.779,-3.275
 0.779,-3.271
 0.779,-3.275
 0.799,-3.287
 0.788,-3.295
 0.788,-3.295
 0.767,-3.275
 0.769,-3.284
 0.767,-3.275
 0.747,-3.279
 0.757,-3.287
 0.746,-3.295
 0.747,-3.279
 0.726,-3.274
 0.716,-3.266
 0.727,-3.279
 0.726,-3.274
 0.706,-3.262
 0.705,-3.254
 0.716,-3.266
 0.705,-3.238
 0.695,-3.246
 0.696,-3.230
 0.705,-3.214
 0.705,-3.234
 0.704,-3.214
 0.683,-3.209
 0.695,-3.206
 0.694,-3.181
 0.684,-3.193
 0.684,-3.177
 0.683,-3.153
 0.686,-3.165
 0.674,-3.169
 0.675,-3.153
 0.654,-3.169
 0.652,-3.181
 0.653,-3.205
 0.641,-3.209
 0.643,-3.237
 0.622,-3.237
 0.621,-3.253
 0.612,-3.270
 0.610,-3.241
 0.601,-3.257
 0.612,-3.249
 0.612,-3.245
 0.602,-3.241
 0.611,-3.221
 0.611,-3.205
 0.602,-3.197
 0.611,-3.180
 0.601,-3.176
 0.600,-3.148
 0.592,-3.148
 0.591,-3.127
 0.590,-3.119
 0.601,-3.132
 0.599,-3.124
 0.601,-3.132
 0.611,-3.124
 0.590,-3.119
 0.602,-3.140
 0.601,-3.132
 0.612,-3.148
 0.612,-3.132
 0.623,-3.120
 0.592,-3.136
 0.622,-3.115
 0.623,-3.120
 0.612,-3.128
 0.631,-3.120
 0.632,-3.124
 0.632,-3.100
 0.633,-3.108
 0.643,-3.100
 0.642,-3.092
 0.643,-3.100
 0.642,-3.092
 0.643,-3.116
 0.643,-3.116
 0.653,-3.104
 0.643,-3.120
 0.642,-3.112
 0.643,-3.116
 0.654,-3.128
 0.653,-3.104
 0.633,-3.112
 0.643,-3.116
 0.643,-3.116
 0.653,-3.104
 0.652,-3.120
 0.653,-3.104
 0.662,-3.088
 0.653,-3.104
 0.664,-3.096
 0.662,-3.088
 0.664,-3.080
 0.684,-3.075
 0.687,-3.108
 0.697,-3.096
 0.685,-3.100
 0.696,-3.132
 0.694,-3.120
 0.694,-3.124
 0.715,-3.104
 0.705,-3.112
 0.716,-3.108
 0.736,-3.080
 0.747,-3.097
 0.757,-3.088
 0.766,-3.073
 0.768,-3.077
 0.777,-3.061
 0.789,-3.081
 0.820,-3.069
 0.818,-3.061
 0.830,-3.057
 0.839,-3.041
 0.840,-3.065
 0.840,-3.065
 0.829,-3.073
 0.830,-3.077
 0.828,-3.089
 0.819,-3.105
 0.830,-3.118
 0.808,-3.113
 0.809,-3.138
 0.829,-3.130
 0.830,-3.117
 0.820,-3.109
 0.809,-3.097
 0.811,-3.105
 0.799,-3.088
 0.811,-3.085
 0.799,-3.089
 0.797,-3.081
 0.798,-3.105
 0.808,-3.093
 0.799,-3.089
 0.799,-3.089
 0.787,-3.093
 0.778,-3.109
 0.797,-3.081
 0.788,-3.117
 0.799,-3.129
 0.788,-3.117
 0.789,-3.142
 0.787,-3.133
 0.778,-3.166
 0.777,-3.186
 0.756,-3.202
 0.757,-3.190
 0.757,-3.186
 0.748,-3.222
 0.747,-3.238
 0.725,-3.234
 0.726,-3.218
 0.725,-3.230
 0.716,-3.226
 0.705,-3.234
 0.715,-3.242
 0.695,-3.250
 0.705,-3.254
 0.686,-3.266
 0.686,-3.266
 0.676,-3.274
 0.655,-3.295
 0.664,-3.314
 0.654,-3.327
 0.653,-3.343
 0.653,-3.343
 0.643,-3.339
 0.653,-3.347
 0.633,-3.347
 0.643,-3.379
 0.653,-3.387
 0.644,-3.404
 0.653,-3.403
 0.644,-3.420
 0.644,-3.420
 0.643,-3.436
 0.654,-3.453
 0.653,-3.444
 0.634,-3.453
 0.654,-3.452
 0.633,-3.448
 0.634,-3.457
 0.632,-3.464
 0.644,-3.460
 0.644,-3.460
 0.633,-3.468
 0.644,-3.460
 0.663,-3.472
 0.654,-3.489
 0.654,-3.489
 0.655,-3.473
 0.656,-3.482
 0.666,-3.485
 0.656,-3.498
 0.655,-3.534
 0.644,-3.558
 0.654,-3.590
 0.664,-3.593
 0.644,-3.638
 0.644,-3.638
 0.644,-3.679
 0.645,-3.704
 0.644,-3.699
 0.655,-3.737
 0.655,-3.752
 0.665,-3.760
 0.656,-3.778
 0.654,-3.768
 0.665,-3.785
 0.645,-3.785
 0.644,-3.780
 0.645,-3.805
 0.654,-3.808
 0.665,-3.801
 0.665,-3.801
 0.665,-3.801
 0.666,-3.826
 0.665,-3.796
 0.665,-3.801
 0.675,-3.808
 0.664,-3.816
 0.677,-3.838
 0.686,-3.821
 0.688,-3.856
 0.688,-3.856
 0.678,-3.864
 0.677,-3.884
 0.675,-3.889
 0.665,-3.902
 0.675,-3.890
 0.675,-3.889
 0.677,-3.884
 0.686,-3.882
 0.676,-3.874
 0.686,-3.862
 0.686,-3.862
 0.707,-3.847
 0.717,-3.834
 0.708,-3.811
 0.718,-3.818
 0.717,-3.793
 0.718,-3.778
 0.726,-3.756
 0.728,-3.765
 0.728,-3.725
 0.707,-3.745
 0.718,-3.737
 0.705,-3.715
 0.697,-3.717
 0.696,-3.692
 0.684,-3.695
 0.696,-3.692
 0.695,-3.667
 0.696,-3.636
 0.707,-3.628
 0.686,-3.628
 0.708,-3.633
 0.706,-3.603
 0.707,-3.607
 0.716,-3.591
 0.715,-3.606
 0.728,-3.608
 0.737,-3.611
 0.737,-3.616
 0.727,-3.624
 0.736,-3.627
 0.748,-3.644
 0.747,-3.619
 0.738,-3.636
 0.758,-3.632
 0.768,-3.640
 0.780,-3.636
 0.767,-3.615
 0.768,-3.624
 0.789,-3.604
 0.768,-3.599
 0.769,-3.608
 0.768,-3.599
 0.748,-3.603
 0.757,-3.611
 0.768,-3.599
 0.737,-3.611
 0.747,-3.614
 0.758,-3.632
 0.747,-3.619
 0.727,-3.619
 0.738,-3.640
 0.717,-3.615
 0.708,-3.632
 0.718,-3.640
 0.706,-3.643
 0.717,-3.656
 0.694,-3.642
 0.716,-3.631
 0.705,-3.619
 0.695,-3.611
 0.707,-3.587
 0.705,-3.574
 0.706,-3.583
 0.727,-3.583
 0.727,-3.563
 0.728,-3.547
 0.726,-3.538
 0.738,-3.535
 0.737,-3.530
 0.737,-3.510
 0.748,-3.506
 0.737,-3.510
 0.728,-3.506
 0.748,-3.502
 0.737,-3.510
 0.748,-3.502
 0.746,-3.493
 0.737,-3.514
 0.737,-3.489
 0.746,-3.497
 0.757,-3.510
 0.757,-3.485
 0.748,-3.502
 0.747,-3.481
 0.738,-3.498
 0.739,-3.482
 0.737,-3.473
 0.737,-3.474
 0.747,-3.477
 0.747,-3.477
 0.758,-3.433
 0.726,-3.416
 0.748,-3.405
 0.737,-3.388
 0.737,-3.388
 0.747,-3.380
 0.746,-3.356
 0.758,-3.352
 0.747,-3.340
 0.747,-3.340
 0.758,-3.352
 0.746,-3.351
 0.736,-3.348
 0.736,-3.348
 0.726,-3.356
 0.727,-3.344
 0.725,-3.335
 0.717,-3.356
 0.705,-3.339
 0.705,-3.355
 0.716,-3.352
 0.715,-3.343
 0.727,-3.344
 0.716,-3.327
 0.725,-3.335
 0.727,-3.340
 0.716,-3.327
 0.728,-3.328
 0.717,-3.336
 0.717,-3.336
 0.696,-3.356
 0.694,-3.363
 0.695,-3.388
 0.694,-3.404
 0.685,-3.396
 0.696,-3.412
 0.684,-3.416
 0.675,-3.432
 0.675,-3.432
 0.685,-3.440
 0.685,-3.440
 0.695,-3.428
 0.707,-3.429
 0.717,-3.433
 0.715,-3.428
 0.737,-3.433
 0.747,-3.436
 0.737,-3.433
 0.747,-3.421
 0.779,-3.433
 0.790,-3.446
 0.788,-3.437
 0.789,-3.462
 0.809,-3.457
 0.809,-3.457
 0.820,-3.450
 0.840,-3.445
 0.841,-3.454
 0.851,-3.458
 0.840,-3.446
 0.852,-3.442
 0.840,-3.430
 0.864,-3.443
 0.854,-3.435
 0.863,-3.459
 0.853,-3.467
 0.850,-3.474
 0.862,-3.491
 0.872,-3.478
 0.871,-3.499
 0.863,-3.516
 0.871,-3.498
 0.863,-3.556
 0.883,-3.551
 0.863,-3.556
 0.873,-3.548
 0.892,-3.560
 0.884,-3.577
 0.903,-3.572
 0.893,-3.584
 0.894,-3.569
 0.892,-3.559
 0.884,-3.576
 0.882,-3.572
 0.893,-3.584
 0.884,-3.576
 0.882,-3.567
 0.884,-3.576
 0.882,-3.572
 0.872,-3.600
 0.873,-3.584
 0.882,-3.567
 0.873,-3.584
 0.883,-3.551
 0.873,-3.544
 0.883,-3.536
 0.872,-3.523
 0.864,-3.524
 0.862,-3.515
 0.862,-3.515
 0.862,-3.515
 0.860,-3.522
 0.852,-3.523
 0.852,-3.523
 0.842,-3.536
 0.853,-3.548
 0.819,-3.547
 0.831,-3.563
 0.831,-3.563
 0.821,-3.596
 0.811,-3.608
 0.809,-3.599
 0.800,-3.616
 0.788,-3.619
 0.768,-3.640
 0.780,-3.636
 0.747,-3.619
 0.748,-3.628
 0.737,-3.611
 0.727,-3.603
 0.717,-3.615
 0.715,-3.606
 0.717,-3.611
 0.716,-3.586
 0.696,-3.591
 0.706,-3.582
 0.716,-3.586
 0.706,-3.583
 0.717,-3.570
 0.706,-3.583
 0.728,-3.587
 0.717,-3.575
 0.698,-3.584
 0.728,-3.587
 0.717,-3.595
 0.707,-3.623
 0.726,-3.634
 0.727,-3.644
 0.727,-3.659
 0.717,-3.656
 0.728,-3.669
 0.726,-3.680
 0.727,-3.705
 0.747,-3.700
 0.769,-3.705
 0.749,-3.709
 0.769,-3.705
 0.770,-3.730
 0.768,-3.720
 0.747,-3.741
 0.748,-3.725
 0.738,-3.733
 0.738,-3.738
 0.759,-3.717
 0.748,-3.725
 0.738,-3.737
 0.747,-3.740
 0.768,-3.725
 0.768,-3.721
 0.779,-3.713
 0.769,-3.705
 0.767,-3.696
 0.789,-3.701
 0.798,-3.683
 0.779,-3.693
 0.780,-3.682
 0.769,-3.669
 0.782,-3.691
 0.780,-3.682
 0.779,-3.697
 0.779,-3.713
 0.788,-3.736
 0.780,-3.738
 0.789,-3.741
 0.789,-3.746
 0.780,-3.778
 0.778,-3.769
 0.801,-3.783
 0.809,-3.781
 0.800,-3.779
 0.811,-3.791
 0.810,-3.782
 0.811,-3.791
 0.821,-3.794
 0.831,-3.827
 0.821,-3.835
 0.831,-3.843
 0.811,-3.848
 0.820,-3.855
 0.790,-3.868
 0.812,-3.872
 0.800,-3.875
 0.790,-3.908
 0.789,-3.923
 0.790,-3.949
 0.780,-3.961
 0.790,-3.964
 0.800,-3.997
 0.790,-4.005
 0.781,-4.022
 0.782,-4.007
 0.780,-4.002
 0.782,-4.012
 0.781,-4.022
 0.780,-4.038
 0.780,-4.058
 0.779,-4.068
 0.790,-4.086
 0.779,-4.068
 0.759,-4.098
 0.770,-4.091
 0.779,-4.093
 0.770,-4.131
 0.780,-4.139
 0.791,-4.152
 0.781,-4.164
 0.770,-4.172
 0.771,-4.197
 0.779,-4.195
 0.770,-4.233
 0.770,-4.233
 0.759,-4.215
 0.760,-4.225
 0.770,-4.232
 0.760,-4.240
 0.760,-4.240
 0.748,-4.242
 0.760,-4.240
 0.759,-4.214
 0.749,-4.212
 0.780,-4.179
 0.738,-4.153
 0.760,-4.144
 0.769,-4.126
 0.771,-4.116
 0.781,-4.108
 0.780,-4.083
 0.782,-4.088
 0.789,-4.065
 0.801,-4.058
 0.800,-4.038
 0.831,-4.025
 0.832,-4.010
 0.842,-3.997
 0.843,-3.982
 0.863,-3.978
 0.871,-3.960
 0.883,-3.957
 0.892,-3.940
 0.883,-3.917
 0.905,-3.881
 0.904,-3.856
 0.925,-3.820
 0.934,-3.783
 0.956,-3.747
 0.967,-3.720
 0.977,-3.687
 0.989,-3.684
 0.987,-3.674
 0.998,-3.687
 0.998,-3.707
 1.007,-3.710
 1.009,-3.720
 1.007,-3.710
 0.998,-3.748
 1.009,-3.761
 1.009,-3.760
 1.011,-3.770
 1.009,-3.781
 0.989,-3.826
 0.988,-3.841
 0.976,-3.865
 0.977,-3.865
 0.964,-3.867
 0.957,-3.869
 0.958,-3.854
 0.958,-3.853
 0.946,-3.841
 0.935,-3.823
 0.937,-3.833
 0.925,-3.820
 0.936,-3.808
 0.947,-3.780
 0.935,-3.763
 0.926,-3.760
 0.926,-3.760
 0.914,-3.742
 0.916,-3.752
 0.914,-3.742
 0.905,-3.739
 0.904,-3.755
 0.894,-3.747
 0.884,-3.759
 0.872,-3.762
 0.863,-3.779
 0.863,-3.779
 0.841,-3.790
 0.842,-3.799
 0.851,-3.782
 0.822,-3.804
 0.813,-3.796
 0.801,-3.783
 0.802,-3.808
 0.800,-3.814
 0.790,-3.847
 0.800,-3.855
 0.778,-3.850
 0.780,-3.860
 0.779,-3.814
 0.780,-3.819
 0.779,-3.794
 0.779,-3.794
 0.780,-3.779
 0.789,-3.761
 0.759,-3.758
 0.769,-3.750
 0.769,-3.746
 0.770,-3.730
 0.768,-3.720
 0.758,-3.733
 0.738,-3.733
 0.738,-3.737
 0.728,-3.730
 0.736,-3.728
 0.727,-3.745
 0.726,-3.741
 0.726,-3.741
 0.707,-3.750
 0.705,-3.736
 0.706,-3.745
 0.706,-3.745
 0.696,-3.753
 0.708,-3.734
 0.697,-3.721
 0.708,-3.734
 0.707,-3.709
 0.716,-3.733
 0.716,-3.733
 0.705,-3.715
 0.706,-3.725
 0.717,-3.712
 0.706,-3.700
 0.707,-3.709
 0.706,-3.700
 0.686,-3.729
 0.675,-3.717
 0.675,-3.717
 0.676,-3.742
 0.664,-3.719
 0.675,-3.757
 0.664,-3.745
 0.664,-3.745
 0.654,-3.737
 0.664,-3.740
 0.655,-3.721
 0.665,-3.729
 0.675,-3.732
 0.665,-3.729
 0.675,-3.732
 0.675,-3.717
 0.695,-3.712
 0.695,-3.728
 0.706,-3.725
 0.715,-3.708
 0.707,-3.729
 0.739,-3.722
 0.728,-3.734
 0.740,-3.731
 0.758,-3.733
 0.759,-3.758
 0.747,-3.761
 0.736,-3.769
 0.759,-3.758
 0.758,-3.733
 0.760,-3.743
 0.770,-3.730
 0.768,-3.725
 0.768,-3.725
 0.777,-3.708
 0.769,-3.710
 0.789,-3.705
 0.779,-3.697
 0.790,-3.690
 0.788,-3.680
 0.800,-3.657
 0.800,-3.637
 0.810,-3.604
 0.811,-3.568
 0.809,-3.539
 0.820,-3.535
 0.820,-3.490
 0.829,-3.458
 0.831,-3.426
 0.828,-3.393
 0.851,-3.382
 0.851,-3.341
 0.862,-3.313
 0.863,-3.280
 0.862,-3.256
 0.864,-3.224
 0.863,-3.199
 0.871,-3.179
 0.862,-3.175
 0.850,-3.175
 0.872,-3.163
 0.871,-3.138
 0.850,-3.118
 0.852,-3.126
 0.860,-3.106
 0.851,-3.102
 0.851,-3.101
 0.851,-3.102
 0.841,-3.093
 0.850,-3.077
 0.840,-3.069
 0.840,-3.069
 0.829,-3.057
 0.841,-3.053
 0.850,-3.037
 0.820,-3.032
 0.830,-3.020
 0.829,-3.016
 0.830,-3.000
 0.828,-2.992
 0.829,-2.996
 0.839,-2.964
 0.829,-2.976
 0.841,-2.972
 0.840,-2.947
 0.821,-2.975
 0.831,-2.963
 0.831,-2.963
 0.810,-2.983
 0.819,-2.964
 0.809,-2.959
 0.798,-2.943
 0.788,-2.939
 0.799,-2.931
 0.777,-2.923
 0.778,-2.931
 0.777,-2.923
 0.767,-2.918
 0.769,-2.922
 0.757,-2.926
 0.726,-2.942
 0.747,-2.938
 0.736,-2.946
 0.726,-2.958
 0.714,-2.942
 0.716,-2.950
 0.705,-2.958
 0.684,-2.958
 0.695,-2.970
 0.694,-2.962
 0.663,-2.978
 0.663,-2.994
 0.653,-2.986
 0.653,-2.986
 0.641,-2.990
 0.643,-2.998
 0.632,-3.006
 0.612,-3.010
 0.613,-3.018
 0.612,-3.010
 0.603,-3.026
 0.581,-3.038
 0.570,-3.067
 0.559,-3.075
 0.548,-3.079
 0.539,-3.099
 0.539,-3.099
 0.528,-3.107
 0.508,-3.111
 0.518,-3.115
 0.498,-3.123
 0.518,-3.119
 0.518,-3.119
 0.518,-3.119
 0.508,-3.127
 0.508,-3.111
 0.518,-3.115
 0.528,-3.107
 0.507,-3.086
 0.517,-3.094
 0.518,-3.099
 0.528,-3.066
 0.507,-3.086
 0.507,-3.086
 0.506,-3.099
 0.518,-3.119
 0.508,-3.127
 0.508,-3.127
 0.529,-3.147
 0.527,-3.143
 0.518,-3.160
 0.529,-3.151
 0.509,-3.176
 0.509,-3.179
 0.518,-3.200
 0.529,-3.192
 0.538,-3.212
 0.539,-3.237
 0.549,-3.229
 0.559,-3.233
 0.550,-3.253
 0.560,-3.257
 0.560,-3.257
 0.581,-3.261
 0.591,-3.269
 0.592,-3.294
 0.612,-3.290
 0.612,-3.290
 0.613,-3.315
 0.621,-3.314
 0.634,-3.335
 0.622,-3.339
 0.633,-3.351
 0.633,-3.355
 0.643,-3.359
 0.644,-3.368
 0.653,-3.351
 0.654,-3.372
 0.664,-3.380
 0.673,-3.404
 0.665,-3.404
 0.674,-3.388
 0.664,-3.420
 0.674,-3.412
 0.684,-3.416
 0.697,-3.442
 0.707,-3.429
 0.698,-3.426
 0.719,-3.446
 0.716,-3.453
 0.717,-3.478
 0.725,-3.473
 0.726,-3.477
 0.747,-3.461
 0.736,-3.429
 0.738,-3.417
 0.758,-3.413
 0.737,-3.413
 0.747,-3.385
 0.746,-3.376
 0.758,-3.356
 0.757,-3.332
 0.748,-3.324
 0.758,-3.332
 0.766,-3.315
 0.768,-3.304
 0.756,-3.267
 0.758,-3.275
 0.779,-3.255
 0.778,-3.230
 0.769,-3.247
 0.777,-3.247
 0.767,-3.239
 0.778,-3.231
 0.777,-3.206
 0.768,-3.222
 0.777,-3.206
 0.788,-3.219
 0.789,-3.202
 0.788,-3.198
 0.790,-3.190
 0.778,-3.174
 0.779,-3.198
 0.769,-3.206
 0.767,-3.198
 0.778,-3.190
 0.766,-3.194
 0.768,-3.202
 0.778,-3.190
 0.767,-3.198
 0.768,-3.202
 0.756,-3.186
 0.758,-3.194
 0.758,-3.194
 0.746,-3.198
 0.758,-3.194
 0.767,-3.178
 0.747,-3.202
 0.768,-3.202
 0.756,-3.186
 0.758,-3.194
 0.757,-3.170
 0.747,-3.202
 0.758,-3.194
 0.746,-3.198
 0.747,-3.202
 0.746,-3.178
 0.736,-3.190
 0.736,-3.190
 0.726,-3.198
 0.737,-3.214
 0.735,-3.206
 0.726,-3.198
 0.726,-3.182
 0.716,-3.193
 0.728,-3.190
 0.706,-3.165
 0.696,-3.197
 0.706,-3.206
 0.715,-3.226
 0.695,-3.230
 0.694,-3.246
 0.706,-3.242
 0.716,-3.234
 0.695,-3.230
 0.695,-3.255
 0.694,-3.246
 0.685,-3.262
 0.706,-3.242
 0.704,-3.238
 0.695,-3.254
 0.705,-3.218
 0.706,-3.242
 0.706,-3.242
 0.715,-3.226
 0.706,-3.242
 0.705,-3.218
 0.696,-3.234
 0.696,-3.234
 0.705,-3.218
 0.695,-3.254
 0.694,-3.246
 0.695,-3.271
 0.695,-3.270
 0.695,-3.270
 0.706,-3.283
 0.704,-3.295
 0.673,-3.307
 0.695,-3.311
 0.695,-3.311
 0.676,-3.324
 0.664,-3.327
 0.655,-3.360
 0.664,-3.364
 0.653,-3.367
 0.654,-3.392
 0.663,-3.395
 0.654,-3.392
 0.665,-3.404
 0.664,-3.420
 0.675,-3.437
 0.653,-3.448
 0.654,-3.473
 0.675,-3.477
 0.665,-3.485
 0.676,-3.502
 0.664,-3.501
 0.676,-3.518
 0.665,-3.526
 0.665,-3.542
 0.686,-3.547
 0.685,-3.542
 0.676,-3.559
 0.676,-3.559
 0.696,-3.554
 0.675,-3.575
 0.695,-3.586
 0.685,-3.623
 0.675,-3.615
 0.685,-3.623
 0.686,-3.648
 0.685,-3.659
 0.685,-3.664
 0.676,-3.681
 0.665,-3.668
 0.667,-3.702
 0.656,-3.701
 0.656,-3.701
 0.656,-3.742
 0.643,-3.760
 0.655,-3.778
 0.644,-3.801
 0.655,-3.818
 0.645,-3.810
 0.634,-3.838
 0.645,-3.871
 0.654,-3.874
 0.635,-3.904
 0.655,-3.919
 0.644,-3.927
 0.645,-3.952
 0.655,-3.955
 0.645,-3.973
 0.655,-3.980
 0.655,-3.980
 0.645,-3.993
 0.655,-3.996
 0.666,-4.014
 0.676,-4.021
 0.666,-4.029
 0.677,-4.041
 0.675,-4.051
 0.676,-4.062
 0.686,-4.070
 0.685,-4.085
 0.686,-4.110
 0.686,-4.125
 0.676,-4.123
 0.687,-4.136
 0.687,-4.136
 0.698,-4.128
 0.697,-4.123
 0.707,-4.131
 0.717,-4.118
 0.706,-4.105
 0.728,-4.111
 0.727,-4.085
 0.729,-4.096
 0.749,-4.090
 0.769,-4.070
 0.760,-4.068
 0.779,-4.037
 0.781,-4.048
 0.801,-4.043
 0.812,-4.015
 0.801,-3.987
 0.809,-3.984
 0.821,-3.982
 0.832,-3.969
 0.832,-3.969
 0.822,-3.967
 0.841,-3.937
 0.843,-3.947
 0.852,-3.929
 0.862,-3.937
 0.872,-3.909
 0.871,-3.884
 0.873,-3.894
 0.872,-3.868
 0.882,-3.876
 0.894,-3.873
 0.893,-3.848
 0.896,-3.842
 0.896,-3.842
 0.905,-3.845
 0.916,-3.838
 0.913,-3.803
 0.914,-3.828
 0.924,-3.816
 0.914,-3.828
 0.926,-3.825
 0.924,-3.816
 0.936,-3.833
 0.935,-3.808
 0.946,-3.821
 0.937,-3.818
 0.935,-3.808
 0.946,-3.825
 0.945,-3.800
 0.935,-3.808
 0.955,-3.788
 0.954,-3.763
 0.956,-3.772
 0.956,-3.772
 0.956,-3.772
 0.956,-3.773
 0.955,-3.767
 0.955,-3.788
 0.965,-3.796
 0.956,-3.813
 0.956,-3.813
 0.955,-3.828
 0.945,-3.841
 0.956,-3.869
 0.946,-3.882
 0.958,-3.879
 0.946,-3.866
 0.949,-3.876
 0.957,-3.894
 0.956,-3.915
 0.967,-3.902
 0.954,-3.900
 0.945,-3.897
 0.956,-3.869
 0.947,-3.866
 0.947,-3.866
 0.944,-3.856
 0.945,-3.841
 0.945,-3.841
 0.955,-3.828
 0.968,-3.826
 0.945,-3.795
 0.946,-3.825
 0.946,-3.820
 0.955,-3.828
 0.946,-3.820
 0.944,-3.815
 0.937,-3.818
 0.946,-3.820
 0.936,-3.833
 0.936,-3.833
 0.934,-3.823
 0.925,-3.841
 0.935,-3.848
 0.914,-3.869
 0.925,-3.881
 0.913,-3.884
 0.915,-3.894
 0.915,-3.894
 0.926,-3.907
 0.907,-3.896
 0.905,-3.886
 0.906,-3.911
 0.904,-3.902
 0.904,-3.917
 0.893,-3.929
 0.882,-3.912
 0.884,-3.922
 0.884,-3.921
 0.884,-3.921
 0.883,-3.942
 0.883,-3.937
 0.885,-3.947
 0.873,-3.934
 0.874,-3.954
 0.885,-3.947
 0.894,-3.970
 0.883,-3.983
 0.883,-3.977
 0.873,-3.990
 0.884,-4.003
 0.872,-4.005
 0.874,-4.016
 0.884,-4.023
 0.873,-4.031
 0.884,-4.044
 0.882,-4.033
 0.874,-4.056
 0.873,-4.071
 0.873,-4.071
 0.894,-4.092
 0.873,-4.066
 0.875,-4.082
 0.875,-4.081
 0.865,-4.074
 0.844,-4.094
 0.842,-4.099
 0.843,-4.125
 0.831,-4.127
 0.842,-4.140
 0.833,-4.137
 0.842,-4.160
 0.844,-4.150
 0.853,-4.173
 0.843,-4.165
 0.843,-4.165
 0.853,-4.152
 0.865,-4.170
 0.854,-4.157
 0.865,-4.170
 0.865,-4.170
 0.863,-4.160
 0.864,-4.145
 0.853,-4.132
 0.864,-4.145
 0.853,-4.117
 0.863,-4.099
 0.854,-4.097
 0.852,-4.086
 0.842,-4.099
 0.853,-4.076
 0.851,-4.066
 0.843,-4.084
 0.862,-4.053
 0.863,-4.064
 0.864,-4.048
 0.864,-4.048
 0.845,-4.038
 0.843,-4.027
 0.833,-4.041
 0.833,-4.035
 0.851,-4.066
 0.842,-4.063
 0.852,-4.051
 0.844,-4.069
 0.854,-4.061
 0.842,-4.058
 0.864,-4.089
 0.873,-4.071
 0.895,-4.077
 0.885,-4.048
 0.894,-4.051
 0.907,-4.054
 0.915,-4.031
 0.936,-4.051
 0.937,-4.036
 0.945,-4.019
 0.947,-3.988
 0.956,-3.970
 0.967,-3.963
 0.978,-3.955
 0.975,-3.920
 0.968,-3.907
 0.977,-3.889
 0.987,-3.882
 0.998,-3.894
 1.007,-3.857
 1.000,-3.879
 0.998,-3.854
 1.011,-3.851
 1.011,-3.851
 1.019,-3.874
 1.010,-3.867
 1.017,-3.865
 1.018,-3.890
 1.019,-3.875
 1.007,-3.877
 1.011,-3.892
 1.007,-3.877
 1.018,-3.890
 1.019,-3.874
 1.007,-3.877
 1.009,-3.887
 1.008,-3.862
 1.019,-3.874
 1.010,-3.867
 1.018,-3.849
 1.009,-3.846
 1.018,-3.849
 1.009,-3.842
 1.009,-3.846
 1.008,-3.842
 0.998,-3.854
 0.997,-3.869
 0.997,-3.870
 0.978,-3.874
 0.977,-3.889
 0.978,-3.915
 0.966,-3.917
 0.967,-3.943
 0.979,-3.940
 0.968,-3.947
 0.980,-3.965
 0.957,-3.975
 0.958,-4.001
 0.957,-4.016
 0.954,-4.021
 0.946,-4.044
 0.956,-4.031
 0.947,-4.024
 0.937,-4.016
 0.935,-4.026
 0.948,-4.049
 0.956,-4.031
 0.957,-4.016
 0.948,-4.009
 0.947,-4.024
 0.948,-4.008
 0.935,-4.011
 0.925,-4.018
 0.915,-4.031
 0.915,-4.031
 0.906,-4.049
 0.905,-4.023
 0.895,-4.036
 0.874,-4.056
 0.883,-4.058
 0.895,-4.076
 0.883,-4.058
 0.873,-4.071
 0.884,-4.084
 0.862,-4.094
 0.864,-4.104
 0.872,-4.086
 0.864,-4.089
 0.855,-4.086
 0.843,-4.068
 0.855,-4.086
 0.843,-4.084
 0.843,-4.084
 0.842,-4.099
 0.831,-4.066
 0.812,-4.076
 0.821,-4.058
 0.822,-4.063
 0.822,-4.104
 0.821,-4.078
 0.812,-4.116
 0.821,-4.119
 0.822,-4.104
 0.812,-4.116
 0.811,-4.131
 0.802,-4.149
 0.800,-4.154
 0.791,-4.172
 0.781,-4.185
 0.781,-4.164
 0.781,-4.170
 0.790,-4.192
 0.781,-4.210
 0.781,-4.210
 0.759,-4.220
 0.781,-4.226
 0.759,-4.220
 0.760,-4.246
 0.760,-4.245
 0.758,-4.255
 0.760,-4.266
 0.759,-4.260
 0.760,-4.251
 0.750,-4.243
 0.741,-4.235
 0.751,-4.228
 0.759,-4.220
 0.760,-4.246
 0.758,-4.235
 0.758,-4.235
 0.760,-4.245
 0.759,-4.220
 0.760,-4.246
 0.770,-4.253
 0.759,-4.260
 0.772,-4.284
 0.760,-4.286
 0.772,-4.304
 0.772,-4.304
 0.769,-4.309
 0.771,-4.319
 0.769,-4.309
 0.771,-4.320
 0.771,-4.320
 0.759,-4.301
 0.781,-4.312
 0.780,-4.281
 0.781,-4.307
 0.792,-4.299
 0.791,-4.274
 0.782,-4.292
 0.779,-4.255
 0.791,-4.274
 0.791,-4.274
 0.801,-4.261
 0.801,-4.266
 0.790,-4.248
 0.791,-4.259
 0.803,-4.256
 0.792,-4.244
 0.803,-4.257
 0.801,-4.261
 0.802,-4.287
 0.800,-4.281
 0.811,-4.268
 0.823,-4.266
 0.821,-4.261
 0.833,-4.259
 0.823,-4.266
 0.832,-4.274
 0.844,-4.272
 0.833,-4.254
 0.844,-4.252
 0.854,-4.239
 0.843,-4.246
 0.843,-4.246
 0.842,-4.221
 0.843,-4.206
 0.854,-4.198
 0.832,-4.193
 0.864,-4.191
 0.842,-4.180
 0.854,-4.198
 0.853,-4.178
 0.852,-4.188
 0.864,-4.206
 0.852,-4.188
 0.854,-4.198
 0.843,-4.185
 0.863,-4.180
