-1.244,-1.311
-1.245,-1.295
-1.245,-1.258
-1.254,-1.230
-1.275,-1.234
-1.263,-1.220
-1.274,-1.214
-1.284,-1.206
-1.273,-1.194
-1.274,-1.196
-1.283,-1.186
-1.292,-1.178
-1.292,-1.178
-1.301,-1.168
-1.311,-1.177
-1.308,-1.156
-1.328,-1.158
-1.311,-1.159
-1.309,-1.158
-1.312,-1.143
-1.329,-1.123
-1.321,-1.115
-1.321,-1.115
-1.291,-1.104
-1.302,-1.097
-1.309,-1.085
-1.311,-1.069
-1.311,-1.033
-1.320,-1.023
-1.312,-1.016
-1.320,-1.023
-1.321,-1.006
-1.321,-0.988
-1.320,-0.987
-1.322,-0.972
-1.329,-0.960
-1.339,-0.970
-1.358,-0.952
-1.356,-0.968
-1.351,-0.945
-1.358,-0.952
-1.366,-0.960
-1.368,-0.980
-1.393,-0.986
-1.386,-0.998
-1.392,-0.985
-1.412,-1.004
-1.413,-0.988
-1.422,-0.978
-1.413,-0.988
-1.430,-0.986
-1.440,-0.978
-1.432,-0.969
-1.420,-0.940
-1.425,-0.926
-1.442,-0.925
-1.452,-0.934
-1.462,-0.962
-1.457,-0.976
-1.460,-0.979
-1.457,-0.976
-1.469,-0.987
-1.469,-0.987
-1.494,-1.012
-1.506,-1.041
-1.505,-1.058
-1.487,-1.077
-1.487,-1.114
-1.467,-1.130
-1.479,-1.160
-1.459,-1.194
-1.468,-1.220
-1.469,-1.240
-1.439,-1.229
-1.449,-1.239
-1.439,-1.229
-1.432,-1.241
-1.422,-1.249
-1.421,-1.265
-1.423,-1.269
-1.412,-1.275
-1.412,-1.311
-1.413,-1.331
-1.410,-1.364
-1.405,-1.396
-1.385,-1.394
-1.393,-1.420
-1.374,-1.420
-1.364,-1.428
-1.357,-1.422
-1.347,-1.430
-1.330,-1.432
-1.331,-1.416
-1.320,-1.422
-1.311,-1.414
-1.309,-1.411
-1.319,-1.421
-1.310,-1.394
-1.299,-1.383
-1.302,-1.386
-1.290,-1.357
-1.283,-1.369
-1.283,-1.350
-1.272,-1.339
-1.256,-1.324
-1.236,-1.305
-1.245,-1.277
-1.227,-1.261
-1.218,-1.251
-1.209,-1.225
-1.217,-1.196
-1.209,-1.188
-1.200,-1.162
-1.189,-1.151
-1.201,-1.144
-1.199,-1.124
-1.218,-1.124
-1.208,-1.114
-1.225,-1.095
-1.209,-1.062
-1.228,-1.043
-1.247,-1.043
-1.256,-1.035
-1.282,-1.041
-1.294,-1.036
-1.300,-1.041
-1.327,-1.031
-1.337,-1.041
-1.364,-1.049
-1.386,-1.052
-1.394,-1.024
-1.433,-1.043
-1.453,-1.045
-1.440,-1.050
-1.460,-1.069
-1.457,-1.066
-1.485,-1.076
-1.488,-1.079
-1.485,-1.076
-1.505,-1.077
-1.514,-1.085
-1.522,-1.112
-1.543,-1.113
-1.549,-1.102
-1.563,-1.115
-1.569,-1.103
-1.569,-1.103
-1.590,-1.104
-1.607,-1.103
-1.598,-1.095
-1.617,-1.094
-1.644,-1.102
-1.633,-1.093
-1.613,-1.091
-1.635,-1.076
-1.625,-1.066
-1.625,-1.067
-1.637,-1.060
-1.615,-1.039
-1.608,-1.032
-1.588,-1.013
-1.569,-1.013
-1.561,-1.005
-1.531,-0.975
-1.524,-0.969
-1.522,-0.949
-1.495,-0.923
-1.497,-0.906
-1.466,-0.895
-1.468,-0.897
-1.450,-0.879
-1.422,-0.871
-1.424,-0.872
-1.402,-0.870
-1.394,-0.879
-1.384,-0.870
-1.393,-0.878
-1.384,-0.888
-1.383,-0.886
-1.376,-0.880
-1.365,-0.906
-1.365,-0.906
-1.356,-0.916
-1.364,-0.923
-1.366,-0.925
-1.357,-0.934
-1.365,-0.942
-1.357,-0.934
-1.337,-0.933
-1.330,-0.908
-1.320,-0.898
-1.337,-0.897
-1.321,-0.881
-1.337,-0.860
-1.321,-0.845
-1.320,-0.826
-1.318,-0.806
-1.330,-0.781
-1.346,-0.778
-1.338,-0.771
-1.357,-0.753
-1.357,-0.753
-1.367,-0.745
-1.365,-0.725
-1.377,-0.736
-1.385,-0.726
-1.394,-0.735
-1.394,-0.735
-1.410,-0.714
-1.403,-0.725
-1.411,-0.733
-1.421,-0.725
-1.426,-0.729
-1.433,-0.736
-1.443,-0.763
-1.431,-0.771
-1.450,-0.789
-1.449,-0.789
-1.447,-0.786
-1.460,-0.798
-1.450,-0.807
-1.458,-0.833
-1.460,-0.834
-1.448,-0.841
-1.459,-0.852
-1.449,-0.861
-1.448,-0.878
-1.459,-0.889
-1.438,-0.868
-1.441,-0.871
-1.431,-0.879
-1.429,-0.896
-1.432,-0.899
-1.429,-0.896
-1.422,-0.889
-1.422,-0.871
-1.421,-0.887
-1.412,-0.861
-1.419,-0.850
-1.404,-0.853
-1.413,-0.843
-1.402,-0.833
-1.395,-0.826
-1.391,-0.805
-1.402,-0.815
-1.394,-0.807
-1.403,-0.797
-1.395,-0.790
-1.393,-0.806
-1.394,-0.807
-1.402,-0.815
-1.401,-0.814
-1.394,-0.807
-1.402,-0.797
-1.415,-0.828
-1.405,-0.836
-1.414,-0.844
-1.424,-0.854
-1.429,-0.860
-1.431,-0.879
-1.448,-0.878
-1.438,-0.886
-1.451,-0.880
-1.448,-0.878
-1.449,-0.897
-1.458,-0.887
-1.466,-0.895
-1.460,-0.907
-1.466,-0.895
-1.460,-0.907
-1.458,-0.905
-1.448,-0.914
-1.451,-0.916
-1.458,-0.905
-1.451,-0.916
-1.460,-0.907
-1.458,-0.923
-1.468,-0.915
-1.456,-0.922
-1.468,-0.915
-1.468,-0.915
-1.466,-0.932
-1.469,-0.934
-1.477,-0.941
-1.478,-0.943
-1.469,-0.934
-1.468,-0.951
-1.451,-0.953
-1.466,-0.968
-1.458,-0.978
-1.468,-0.951
-1.448,-0.950
-1.449,-0.933
-1.456,-0.922
-1.476,-0.923
-1.468,-0.915
-1.458,-0.905
-1.461,-0.908
-1.469,-0.898
-1.461,-0.908
-1.451,-0.916
-1.456,-0.922
-1.449,-0.933
-1.447,-0.932
-1.458,-0.941
-1.449,-0.933
-1.468,-0.951
-1.469,-0.971
-1.475,-0.976
-1.485,-0.968
-1.478,-0.979
-1.485,-0.986
-1.505,-0.987
-1.495,-0.977
-1.496,-0.997
-1.515,-0.979
-1.503,-0.985
-1.525,-0.970
-1.532,-0.977
-1.560,-0.986
-1.559,-0.967
-1.547,-0.938
-1.552,-0.924
-1.540,-0.913
-1.533,-0.906
-1.533,-0.906
-1.522,-0.895
-1.525,-0.898
-1.511,-0.885
-1.513,-0.905
-1.515,-0.906
-1.483,-0.912
-1.477,-0.888
-1.458,-0.869
-1.459,-0.852
-1.441,-0.834
-1.446,-0.840
-1.429,-0.824
-1.411,-0.806
-1.412,-0.789
-1.404,-0.781
-1.385,-0.763
-1.378,-0.755
-1.358,-0.754
-1.348,-0.763
-1.348,-0.763
-1.356,-0.770
-1.348,-0.763
-1.328,-0.762
-1.328,-0.762
-1.338,-0.753
-1.337,-0.770
-1.339,-0.773
-1.347,-0.780
-1.348,-0.781
-1.358,-0.791
-1.356,-0.807
-1.338,-0.826
-1.355,-0.824
-1.347,-0.852
-1.338,-0.844
-1.355,-0.860
-1.367,-0.889
-1.367,-0.889
-1.366,-0.907
-1.368,-0.909
-1.365,-0.906
-1.376,-0.917
-1.375,-0.916
-1.393,-0.916
-1.376,-0.917
-1.392,-0.896
-1.385,-0.907
-1.402,-0.906
-1.404,-0.889
-1.404,-0.889
-1.411,-0.878
-1.422,-0.871
-1.421,-0.851
-1.421,-0.851
-1.414,-0.844
-1.421,-0.815
-1.441,-0.835
-1.429,-0.824
-1.439,-0.815
-1.431,-0.807
-1.448,-0.805
-1.443,-0.800
-1.434,-0.809
-1.451,-0.808
-1.451,-0.808
-1.440,-0.797
-1.441,-0.798
-1.450,-0.789
-1.448,-0.805
-1.450,-0.789
-1.448,-0.769
-1.451,-0.754
-1.450,-0.752
-1.459,-0.744
-1.441,-0.726
-1.448,-0.733
-1.460,-0.744
-1.439,-0.743
-1.458,-0.761
-1.459,-0.744
-1.448,-0.769
-1.441,-0.762
-1.449,-0.770
-1.449,-0.771
-1.441,-0.762
-1.448,-0.751
-1.449,-0.771
-1.458,-0.761
-1.449,-0.770
-1.451,-0.754
-1.456,-0.760
-1.459,-0.762
-1.468,-0.752
-1.468,-0.752
-1.451,-0.754
-1.458,-0.761
-1.459,-0.762
-1.459,-0.762
-1.468,-0.788
-1.449,-0.770
-1.456,-0.760
-1.441,-0.762
-1.451,-0.754
-1.441,-0.762
-1.441,-0.762
-1.438,-0.760
-1.431,-0.753
-1.420,-0.743
-1.421,-0.725
-1.425,-0.729
-1.432,-0.736
-1.415,-0.737
-1.412,-0.753
-1.421,-0.761
-1.421,-0.761
-1.418,-0.759
-1.412,-0.771
-1.404,-0.762
-1.431,-0.771
-1.422,-0.780
-1.421,-0.797
-1.431,-0.807
-1.439,-0.815
-1.438,-0.832
-1.441,-0.853
-1.429,-0.860
-1.451,-0.880
-1.459,-0.889
-1.458,-0.905
-1.459,-0.925
-1.476,-0.923
-1.487,-0.933
-1.478,-0.943
-1.495,-0.941
-1.488,-0.934
-1.493,-0.958
-1.488,-0.970
-1.486,-0.969
-1.495,-0.977
-1.487,-1.007
-1.475,-1.012
-1.478,-1.015
-1.476,-1.032
-1.476,-1.050
-1.478,-1.051
-1.466,-1.040
-1.478,-1.051
-1.468,-1.060
-1.468,-1.060
-1.478,-1.069
-1.465,-1.093
-1.476,-1.104
-1.466,-1.076
-1.457,-1.086
-1.469,-1.079
-1.449,-1.078
-1.461,-1.071
-1.451,-1.061
-1.439,-1.068
-1.440,-1.052
-1.428,-1.021
-1.448,-1.022
-1.429,-1.004
-1.429,-1.004
-1.432,-1.007
-1.439,-0.996
-1.441,-0.997
-1.439,-0.996
-1.438,-0.994
-1.441,-0.997
-1.438,-0.994
-1.449,-1.005
-1.451,-0.989
-1.449,-1.005
-1.452,-1.008
-1.449,-1.005
-1.441,-0.997
-1.449,-1.005
-1.449,-1.005
-1.441,-0.997
-1.448,-1.004
-1.441,-0.997
-1.440,-0.979
-1.439,-0.978
-1.441,-0.961
-1.438,-0.958
-1.449,-0.933
-1.441,-0.925
-1.439,-0.942
-1.450,-0.935
-1.449,-0.933
-1.459,-0.925
-1.459,-0.925
-1.458,-0.905
-1.469,-0.916
-1.456,-0.904
-1.466,-0.914
-1.458,-0.905
-1.466,-0.877
-1.469,-0.880
-1.468,-0.861
-1.479,-0.854
-1.469,-0.844
-1.476,-0.851
-1.488,-0.826
-1.475,-0.832
-1.476,-0.797
-1.477,-0.779
-1.495,-0.760
-1.488,-0.753
-1.486,-0.734
-1.487,-0.734
-1.486,-0.716
-1.495,-0.706
-1.496,-0.689
-1.485,-0.679
-1.496,-0.689
-1.515,-0.671
-1.524,-0.661
-1.506,-0.645
-1.513,-0.652
-1.534,-0.653
-1.534,-0.653
-1.532,-0.670
-1.544,-0.662
-1.542,-0.661
-1.543,-0.681
-1.552,-0.671
-1.569,-0.688
-1.562,-0.699
-1.550,-0.706
-1.552,-0.725
-1.571,-0.725
-1.559,-0.732
-1.560,-0.752
-1.560,-0.770
-1.570,-0.779
-1.570,-0.779
-1.559,-0.804
-1.570,-0.815
-1.567,-0.813
-1.577,-0.858
-1.568,-0.868
-1.577,-0.877
-1.570,-0.888
-1.560,-0.896
-1.572,-0.907
-1.573,-0.927
-1.589,-0.942
-1.580,-0.952
-1.577,-0.949
-1.587,-0.958
-1.597,-0.950
-1.595,-0.931
-1.599,-0.933
-1.597,-0.914
-1.597,-0.914
-1.589,-0.906
-1.595,-0.894
-1.599,-0.897
-1.605,-0.886
-1.597,-0.878
-1.599,-0.861
-1.605,-0.850
-1.609,-0.853
-1.605,-0.850
-1.578,-0.842
-1.598,-0.843
-1.605,-0.850
-1.598,-0.879
-1.615,-0.878
-1.607,-0.906
-1.617,-0.897
-1.604,-0.903
-1.607,-0.942
-1.605,-0.940
-1.616,-0.968
-1.616,-0.968
-1.614,-0.985
-1.625,-0.996
-1.605,-1.013
-1.597,-1.022
-1.615,-1.040
-1.595,-1.039
-1.617,-1.060
-1.605,-1.067
-1.614,-1.093
-1.614,-1.129
-1.602,-1.118
-1.597,-1.131
-1.597,-1.131
-1.598,-1.151
-1.600,-1.170
-1.597,-1.167
-1.608,-1.179
-1.615,-1.185
-1.624,-1.211
-1.624,-1.211
-1.649,-1.217
-1.644,-1.213
-1.632,-1.219
-1.642,-1.211
-1.644,-1.195
-1.632,-1.183
-1.635,-1.187
-1.624,-1.175
-1.624,-1.175
-1.626,-1.159
-1.612,-1.146
-1.617,-1.132
-1.605,-1.121
-1.597,-1.131
-1.615,-1.113
-1.604,-1.101
-1.598,-1.078
-1.587,-1.067
-1.587,-1.031
-1.589,-1.014
-1.586,-1.013
-1.580,-0.988
-1.578,-0.968
-1.579,-0.950
-1.589,-0.942
-1.585,-0.903
-1.589,-0.906
-1.596,-0.876
-1.578,-0.860
-1.580,-0.843
-1.587,-0.814
-1.589,-0.797
-1.587,-0.778
-1.597,-0.769
-1.589,-0.761
-1.596,-0.750
-1.591,-0.744
-1.599,-0.752
-1.599,-0.752
-1.599,-0.752
-1.596,-0.750
-1.608,-0.743
-1.606,-0.742
-1.606,-0.742
-1.608,-0.743
-1.614,-0.750
-1.618,-0.752
-1.616,-0.751
-1.636,-0.752
-1.646,-0.762
-1.634,-0.769
-1.655,-0.770
-1.634,-0.769
-1.634,-0.769
-1.644,-0.797
-1.661,-0.795
-1.663,-0.815
-1.643,-0.813
-1.653,-0.823
-1.663,-0.815
-1.641,-0.830
-1.662,-0.833
-1.653,-0.823
-1.663,-0.851
-1.665,-0.834
-1.661,-0.831
-1.673,-0.842
-1.663,-0.851
-1.651,-0.858
-1.663,-0.851
-1.651,-0.858
-1.654,-0.861
-1.654,-0.861
-1.654,-0.824
-1.654,-0.824
-1.649,-0.802
-1.671,-0.787
-1.653,-0.769
-1.671,-0.751
-1.666,-0.727
-1.683,-0.707
-1.693,-0.699
-1.702,-0.671
-1.690,-0.660
-1.710,-0.661
-1.697,-0.631
-1.719,-0.615
-1.690,-0.588
-1.727,-0.588
-1.720,-0.580
-1.726,-0.568
-1.719,-0.579
-1.709,-0.570
-1.727,-0.551
-1.721,-0.562
-1.717,-0.560
-1.729,-0.571
-1.709,-0.570
-1.727,-0.588
-1.721,-0.598
-1.717,-0.596
-1.719,-0.615
-1.738,-0.633
-1.728,-0.642
-1.738,-0.633
-1.734,-0.631
-1.738,-0.633
-1.727,-0.624
-1.736,-0.614
-1.748,-0.625
-1.744,-0.622
-1.748,-0.625
-1.756,-0.615
-1.764,-0.623
-1.766,-0.643
-1.763,-0.640
-1.766,-0.643
-1.783,-0.641
-1.781,-0.640
-1.773,-0.632
-1.781,-0.622
-1.777,-0.616
-1.787,-0.607
-1.777,-0.616
-1.797,-0.617
-1.783,-0.605
-1.793,-0.615
-1.793,-0.597
-1.773,-0.614
-1.794,-0.615
-1.773,-0.614
-1.795,-0.616
-1.794,-0.615
-1.781,-0.622
-1.783,-0.641
-1.781,-0.622
-1.785,-0.624
-1.776,-0.634
-1.783,-0.641
-1.787,-0.644
-1.781,-0.658
-1.793,-0.669
-1.785,-0.661
-1.773,-0.668
-1.784,-0.679
-1.791,-0.686
-1.785,-0.697
-1.793,-0.705
-1.802,-0.695
-1.803,-0.715
-1.799,-0.730
-1.793,-0.741
-1.793,-0.741
-1.793,-0.741
-1.795,-0.761
-1.801,-0.768
-1.803,-0.769
-1.811,-0.777
-1.810,-0.776
-1.803,-0.769
-1.789,-0.775
-1.810,-0.776
-1.800,-0.784
-1.791,-0.758
-1.795,-0.761
-1.773,-0.758
-1.776,-0.761
-1.768,-0.770
-1.764,-0.768
-1.766,-0.751
-1.744,-0.767
-1.764,-0.768
-1.746,-0.768
-1.764,-0.768
-1.766,-0.769
-1.773,-0.758
-1.775,-0.778
-1.783,-0.786
-1.772,-0.776
-1.795,-0.779
-1.800,-0.785
-1.793,-0.814
-1.795,-0.815
-1.810,-0.830
-1.822,-0.841
-1.820,-0.822
-1.822,-0.841
-1.830,-0.849
-1.828,-0.866
-1.840,-0.877
-1.847,-0.884
-1.849,-0.904
-1.840,-0.913
-1.855,-0.928
-1.867,-0.940
-1.865,-0.938
-1.875,-0.966
-1.857,-0.948
-1.855,-0.928
-1.867,-0.940
-1.865,-0.920
-1.867,-0.940
-1.857,-0.948
-1.853,-0.945
-1.857,-0.948
-1.855,-0.928
-1.857,-0.912
-1.850,-0.923
-1.859,-0.895
-1.852,-0.906
-1.857,-0.894
-1.859,-0.913
-1.867,-0.885
-1.866,-0.884
-1.877,-0.877
-1.865,-0.866
-1.878,-0.859
-1.878,-0.859
-1.884,-0.848
-1.888,-0.850
-1.884,-0.848
-1.877,-0.841
-1.869,-0.832
-1.865,-0.830
-1.888,-0.832
-1.884,-0.811
-1.886,-0.831
-1.888,-0.814
-1.884,-0.811
-1.896,-0.822
-1.892,-0.820
-1.905,-0.813
-1.896,-0.822
-1.902,-0.829
-1.904,-0.831
-1.904,-0.849
-1.886,-0.867
-1.896,-0.877
-1.900,-0.882
-1.896,-0.877
-1.892,-0.874
-1.894,-0.875
-1.886,-0.867
-1.884,-0.884
-1.880,-0.878
-1.865,-0.866
-1.865,-0.866
-1.865,-0.866
-1.845,-0.865
-1.849,-0.867
-1.838,-0.858
-1.851,-0.851
-1.832,-0.869
-1.838,-0.858
-1.832,-0.869
-1.828,-0.866
-1.828,-0.866
-1.830,-0.849
-1.837,-0.856
-1.851,-0.851
-1.830,-0.849
-1.849,-0.867
-1.841,-0.859
-1.837,-0.856
-1.832,-0.869
-1.839,-0.876
-1.849,-0.885
-1.840,-0.895
-1.855,-0.910
-1.867,-0.921
-1.876,-0.912
-1.868,-0.939
-1.878,-0.931
-1.874,-0.928
-1.867,-0.921
-1.876,-0.912
-1.886,-0.903
-1.877,-0.913
-1.886,-0.903
-1.888,-0.923
-1.886,-0.903
-1.886,-0.903
-1.888,-0.923
-1.884,-0.920
-1.888,-0.923
-1.894,-0.930
-1.894,-0.948
-1.906,-0.941
-1.894,-0.966
-1.902,-0.974
-1.892,-0.982
-1.892,-1.018
-1.886,-1.012
-1.884,-1.028
-1.888,-1.031
-1.888,-1.031
-1.870,-1.051
-1.877,-1.058
-1.882,-1.081
-1.875,-1.074
-1.873,-1.091
-1.875,-1.074
-1.867,-1.066
-1.873,-1.055
-1.888,-1.068
-1.875,-1.074
-1.894,-1.092
-1.904,-1.084
-1.902,-1.082
-1.887,-1.086
-1.894,-1.092
-1.894,-1.092
-1.885,-1.084
-1.894,-1.092
-1.904,-1.084
-1.902,-1.064
-1.894,-1.056
-1.896,-1.040
-1.902,-1.028
-1.898,-1.023
-1.883,-1.010
-1.894,-1.002
-1.886,-0.976
-1.902,-0.974
-1.896,-0.949
-1.886,-0.939
-1.894,-0.930
-1.886,-0.903
-1.892,-0.892
-1.888,-0.887
-1.886,-0.867
-1.878,-0.859
-1.904,-0.849
-1.901,-0.846
-1.894,-0.857
-1.894,-0.857
-1.884,-0.848
-1.896,-0.840
-1.886,-0.831
-1.890,-0.834
-1.888,-0.850
-1.884,-0.848
-1.894,-0.857
-1.873,-0.838
-1.876,-0.839
-1.876,-0.839
-1.866,-0.848
-1.859,-0.841
-1.855,-0.838
-1.849,-0.831
-1.839,-0.840
-1.839,-0.840
-1.841,-0.823
-1.837,-0.820
-1.830,-0.813
-1.839,-0.803
-1.828,-0.794
-1.822,-0.805
-1.829,-0.776
-1.822,-0.769
-1.812,-0.759
-1.820,-0.749
-1.822,-0.733
-1.828,-0.722
-1.841,-0.714
-1.830,-0.705
-1.849,-0.687
-1.851,-0.670
-1.847,-0.667
-1.859,-0.660
-1.868,-0.632
-1.868,-0.632
-1.860,-0.624
-1.866,-0.613
-1.869,-0.615
-1.869,-0.615
-1.876,-0.586
-1.878,-0.605
-1.864,-0.594
-1.878,-0.587
-1.886,-0.578
-1.886,-0.578
-1.900,-0.571
-1.888,-0.561
-1.899,-0.570
-1.905,-0.560
-1.913,-0.568
-1.907,-0.579
-1.920,-0.575
-1.915,-0.587
-1.907,-0.579
-1.923,-0.596
-1.923,-0.614
-1.911,-0.621
-1.934,-0.641
-1.942,-0.650
-1.950,-0.676
-1.933,-0.677
-1.939,-0.703
-1.971,-0.713
-1.951,-0.713
-1.979,-0.722
-1.981,-0.741
-1.977,-0.738
-1.979,-0.758
-1.970,-0.768
-1.987,-0.766
-1.978,-0.776
-1.986,-0.802
-1.988,-0.804
-1.997,-0.812
-2.005,-0.820
-2.007,-0.803
-2.013,-0.792
-2.015,-0.812
-1.997,-0.794
-2.013,-0.792
-2.016,-0.794
-2.005,-0.784
-1.989,-0.785
-1.989,-0.785
-1.995,-0.774
-1.997,-0.794
-2.003,-0.765
-2.005,-0.766
-2.007,-0.749
-2.015,-0.739
-2.001,-0.724
-1.999,-0.705
-1.999,-0.705
-1.997,-0.685
-1.968,-0.676
-1.970,-0.659
-1.958,-0.648
-1.941,-0.650
-1.933,-0.641
-1.923,-0.668
-1.915,-0.659
-1.902,-0.667
-1.896,-0.678
-1.877,-0.696
-1.866,-0.685
-1.869,-0.706
-1.857,-0.695
-1.841,-0.714
-1.830,-0.705
-1.822,-0.714
-1.813,-0.706
-1.810,-0.704
-1.812,-0.723
-1.793,-0.705
-1.810,-0.704
-1.814,-0.706
-1.793,-0.705
-1.803,-0.715
-1.812,-0.723
-1.810,-0.740
-1.812,-0.723
-1.801,-0.713
-1.813,-0.742
-1.822,-0.715
-1.810,-0.704
-1.822,-0.715
-1.820,-0.695
-1.839,-0.695
-1.849,-0.687
-1.847,-0.667
-1.849,-0.687
-1.855,-0.676
-1.866,-0.685
-1.878,-0.678
-1.876,-0.659
-1.901,-0.662
-1.898,-0.643
-1.890,-0.652
-1.907,-0.651
-1.911,-0.639
-1.915,-0.641
-1.911,-0.621
-1.913,-0.622
-1.905,-0.596
-1.922,-0.594
-1.915,-0.587
-1.903,-0.577
-1.913,-0.568
-1.905,-0.560
-1.922,-0.558
-1.917,-0.570
-1.913,-0.568
-1.924,-0.577
-1.915,-0.587
-1.913,-0.568
-1.917,-0.570
-1.923,-0.577
-1.923,-0.577
-1.923,-0.577
-1.930,-0.567
-1.925,-0.579
-1.913,-0.568
-1.923,-0.577
-1.944,-0.560
-1.932,-0.550
-1.944,-0.560
-1.932,-0.550
-1.942,-0.541
-1.942,-0.541
-1.930,-0.531
-1.944,-0.524
-1.923,-0.487
-1.934,-0.497
-1.934,-0.497
-1.921,-0.468
-1.923,-0.487
-1.911,-0.441
-1.915,-0.443
-1.907,-0.434
-1.915,-0.442
-1.908,-0.435
-1.907,-0.434
-1.907,-0.434
-1.905,-0.451
-1.903,-0.450
-1.896,-0.461
-1.903,-0.450
-1.896,-0.479
-1.915,-0.479
-1.894,-0.478
-1.907,-0.488
-1.913,-0.496
-1.905,-0.505
-1.925,-0.506
-1.903,-0.522
-1.907,-0.543
-1.896,-0.533
-1.925,-0.542
-1.917,-0.534
-1.913,-0.550
-1.916,-0.552
-1.913,-0.532
-1.915,-0.533
-1.917,-0.534
-1.913,-0.532
-1.925,-0.542
-1.915,-0.551
-1.915,-0.551
-1.925,-0.542
-1.921,-0.540
-1.925,-0.542
-1.923,-0.523
-1.925,-0.542
-1.906,-0.524
-1.921,-0.540
-1.917,-0.534
-1.896,-0.515
-1.915,-0.515
-1.925,-0.506
-1.901,-0.503
-1.913,-0.496
-1.913,-0.478
-1.905,-0.469
-1.898,-0.444
-1.906,-0.452
-1.900,-0.445
-1.915,-0.442
-1.896,-0.443
-1.915,-0.443
-1.940,-0.450
-1.923,-0.451
-1.913,-0.460
-1.915,-0.461
-1.925,-0.470
-1.921,-0.468
-1.925,-0.470
-1.915,-0.479
-1.923,-0.487
-1.925,-0.506
-1.921,-0.504
-1.925,-0.506
-1.933,-0.515
-1.944,-0.524
-1.944,-0.524
-1.940,-0.522
-1.954,-0.516
-1.960,-0.523
-1.952,-0.533
-1.952,-0.533
-1.950,-0.532
-1.943,-0.542
-1.960,-0.541
-1.970,-0.551
-1.952,-0.569
-1.968,-0.568
-1.981,-0.596
-1.970,-0.587
-1.960,-0.595
-1.970,-0.623
-1.977,-0.630
-1.952,-0.641
-1.968,-0.640
-1.970,-0.659
-1.953,-0.660
-1.949,-0.658
-1.952,-0.677
-1.947,-0.675
-1.948,-0.675
-1.933,-0.659
-1.931,-0.676
-1.937,-0.662
-1.937,-0.662
-1.926,-0.688
-1.933,-0.695
-1.929,-0.693
-1.923,-0.704
-1.921,-0.685
-1.922,-0.686
-1.926,-0.688
-1.933,-0.695
-1.933,-0.696
-1.929,-0.693
-1.912,-0.694
-1.914,-0.714
-1.912,-0.694
-1.906,-0.705
-1.904,-0.704
-1.904,-0.704
-1.914,-0.714
-1.920,-0.703
-1.914,-0.714
-1.922,-0.722
-1.912,-0.731
-1.923,-0.740
-1.929,-0.729
-1.941,-0.740
-1.931,-0.749
-1.933,-0.768
-1.935,-0.751
-1.933,-0.768
-1.953,-0.769
-1.941,-0.776
-1.939,-0.793
-1.941,-0.776
-1.955,-0.792
-1.960,-0.794
-1.959,-0.794
-1.959,-0.794
-1.980,-0.795
-1.976,-0.793
-1.978,-0.812
-1.986,-0.820
-1.984,-0.819
-1.986,-0.820
-1.976,-0.811
-1.999,-0.813
-1.998,-0.831
-1.988,-0.840
-1.992,-0.842
-1.988,-0.840
-1.988,-0.840
-1.996,-0.848
-1.994,-0.829
-1.996,-0.812
-1.995,-0.811
-2.009,-0.805
-2.007,-0.785
-1.996,-0.776
-1.988,-0.767
-1.976,-0.757
-1.978,-0.740
-1.978,-0.740
-1.978,-0.740
-1.988,-0.731
-1.968,-0.712
-1.980,-0.723
-1.978,-0.704
-1.978,-0.704
-1.980,-0.687
-1.976,-0.684
-1.952,-0.677
-1.941,-0.668
-1.950,-0.658
-1.943,-0.651
-1.931,-0.640
-1.952,-0.641
-1.933,-0.623
-1.941,-0.632
-1.925,-0.633
-1.920,-0.631
-1.925,-0.633
-1.933,-0.623
-1.921,-0.631
-1.906,-0.615
-1.902,-0.613
-1.914,-0.623
-1.896,-0.623
-1.904,-0.632
-1.906,-0.651
-1.890,-0.656
-1.893,-0.659
-1.904,-0.668
-1.894,-0.677
-1.908,-0.670
-1.896,-0.696
-1.898,-0.715
-1.906,-0.723
-1.912,-0.749
-1.914,-0.768
-1.910,-0.766
-1.912,-0.785
-1.912,-0.785
-1.922,-0.794
-1.924,-0.796
-1.939,-0.793
-1.933,-0.804
-1.934,-0.805
-1.930,-0.803
-1.942,-0.814
-1.929,-0.801
-1.922,-0.794
-1.924,-0.778
-1.930,-0.767
-1.943,-0.759
-1.941,-0.740
-1.943,-0.759
-1.941,-0.740
-1.930,-0.731
-1.943,-0.723
-1.931,-0.712
-1.943,-0.687
-1.943,-0.687
-1.940,-0.667
-1.943,-0.651
-1.929,-0.657
-1.933,-0.659
-1.933,-0.659
-1.940,-0.667
-1.933,-0.659
-1.941,-0.668
-1.933,-0.659
-1.952,-0.677
-1.940,-0.703
-1.935,-0.715
-1.939,-0.721
-1.942,-0.722
-1.941,-0.740
-1.931,-0.749
-1.962,-0.777
-1.947,-0.801
-1.939,-0.829
-1.941,-0.849
-1.939,-0.865
-1.961,-0.886
-1.951,-0.894
-1.945,-0.924
-1.953,-0.950
-1.949,-0.965
-1.941,-0.993
-1.949,-1.001
-1.949,-1.002
-1.940,-1.011
-1.939,-1.010
-1.943,-1.013
-1.939,-1.010
-1.949,-1.038
-1.941,-1.029
-1.949,-1.038
-1.943,-1.049
-1.957,-1.064
-1.959,-1.084
-1.959,-1.084
-1.966,-1.090
-1.961,-1.103
-1.968,-1.110
-1.969,-1.111
-1.970,-1.129
-1.976,-1.118
-1.970,-1.129
-1.986,-1.128
-1.980,-1.157
-1.980,-1.157
-1.976,-1.154
-1.979,-1.176
-1.996,-1.156
-1.998,-1.139
-1.990,-1.149
-1.986,-1.146
-1.990,-1.131
-1.976,-1.118
-1.986,-1.110
-1.977,-1.083
-1.976,-1.082
-1.970,-1.057
-1.968,-1.037
-1.978,-1.029
-1.972,-1.004
-1.978,-0.993
-1.970,-0.985
-1.966,-0.982
-1.966,-0.982
-1.949,-0.947
-1.949,-0.947
-1.935,-0.932
-1.935,-0.932
-1.945,-0.924
-1.935,-0.932
-1.920,-0.920
-1.904,-0.921
-1.910,-0.892
-1.912,-0.911
-1.904,-0.903
-1.912,-0.911
-1.906,-0.923
-1.904,-0.903
-1.923,-0.921
-1.904,-0.921
-1.912,-0.911
-1.924,-0.922
-1.933,-0.913
-1.923,-0.921
-1.931,-0.929
-1.931,-0.929
-1.933,-0.913
-1.939,-0.919
-1.933,-0.913
-1.949,-0.911
-1.939,-0.901
-1.951,-0.894
-1.949,-0.893
-1.951,-0.894
-1.961,-0.886
-1.957,-0.883
-1.970,-0.876
-1.951,-0.858
-1.951,-0.858
-1.961,-0.850
-1.957,-0.847
-1.953,-0.841
-1.968,-0.821
-1.968,-0.821
-1.968,-0.821
-1.939,-0.811
-1.951,-0.786
-1.939,-0.793
-1.941,-0.776
-1.933,-0.768
-1.929,-0.765
-1.931,-0.749
-1.929,-0.765
-1.941,-0.758
-1.941,-0.758
-1.931,-0.749
-1.926,-0.761
-1.925,-0.759
-1.933,-0.768
-1.933,-0.768
-1.929,-0.765
-1.933,-0.768
-1.939,-0.757
-1.951,-0.768
-1.953,-0.769
-1.949,-0.766
-1.953,-0.769
-1.949,-0.766
-1.951,-0.786
-1.962,-0.777
-1.958,-0.775
-1.972,-0.787
-1.960,-0.794
-1.951,-0.786
-1.962,-0.777
-1.958,-0.775
-1.970,-0.768
-1.959,-0.758
-1.951,-0.786
-1.943,-0.759
-1.939,-0.757
-1.943,-0.759
-1.952,-0.750
-1.941,-0.776
-1.943,-0.759
-1.949,-0.766
-1.962,-0.777
-1.941,-0.776
-1.960,-0.794
-1.962,-0.777
-1.958,-0.775
-1.951,-0.786
-1.941,-0.794
-1.949,-0.803
-1.951,-0.786
-1.957,-0.775
-1.961,-0.813
-1.951,-0.786
-1.970,-0.804
-1.951,-0.786
-1.966,-0.801
-1.960,-0.794
-1.949,-0.803
-1.970,-0.804
-1.963,-0.833
-1.961,-0.813
-1.963,-0.833
-1.962,-0.832
-1.959,-0.830
-1.970,-0.840
-1.956,-0.828
-1.951,-0.822
-1.949,-0.821
-1.951,-0.804
-1.943,-0.796
-1.939,-0.793
-1.922,-0.758
-1.930,-0.731
-1.941,-0.740
-1.924,-0.741
-1.923,-0.740
-1.935,-0.751
-1.933,-0.732
-1.941,-0.740
-1.924,-0.741
-1.939,-0.757
-1.962,-0.741
-1.941,-0.740
-1.941,-0.740
-1.954,-0.733
-1.949,-0.730
-1.962,-0.741
-1.941,-0.740
-1.970,-0.750
-1.972,-0.751
-1.968,-0.748
-1.980,-0.759
-1.976,-0.757
-1.978,-0.758
-1.980,-0.759
-1.978,-0.776
-1.980,-0.795
-1.988,-0.804
-1.988,-0.804
-1.999,-0.813
-1.986,-0.820
-2.017,-0.831
-1.997,-0.830
-2.003,-0.855
-2.007,-0.858
-1.994,-0.865
-2.009,-0.877
-2.015,-0.884
-2.009,-0.913
-2.011,-0.933
-1.997,-0.938
-1.998,-0.940
-2.015,-0.938
-2.005,-0.947
-1.996,-0.957
-2.003,-0.963
-1.998,-0.940
-1.996,-0.957
-1.988,-0.948
-1.988,-0.930
-1.986,-0.929
-1.999,-0.922
-1.988,-0.912
-1.996,-0.920
-1.990,-0.932
-1.986,-0.929
-1.999,-0.922
-1.988,-0.912
-1.996,-0.920
-1.988,-0.912
-1.984,-0.909
-1.978,-0.903
-1.959,-0.885
-1.968,-0.893
-1.959,-0.866
-1.949,-0.857
-1.951,-0.840
-1.932,-0.822
-1.932,-0.822
-1.914,-0.804
-1.902,-0.793
-1.914,-0.804
-1.914,-0.804
-1.893,-0.803
-1.897,-0.806
-1.875,-0.785
-1.877,-0.805
-1.865,-0.794
-1.875,-0.821
-1.866,-0.813
-1.854,-0.820
-1.858,-0.823
-1.868,-0.832
-1.858,-0.841
-1.850,-0.851
-1.856,-0.858
-1.858,-0.877
-1.856,-0.894
-1.864,-0.902
-1.869,-0.923
-1.873,-0.928
-1.895,-0.949
-1.903,-0.957
-1.922,-0.975
-1.924,-0.995
-1.930,-0.983
-1.943,-1.013
-1.951,-1.021
-1.949,-1.038
-1.961,-1.031
-1.949,-1.038
-1.953,-1.041
-1.959,-1.029
-1.949,-1.038
-1.961,-1.049
-1.957,-1.046
-1.969,-1.039
-1.970,-1.057
-1.978,-1.065
-1.969,-1.075
-1.965,-1.072
-1.951,-1.057
-1.959,-1.047
-1.949,-1.038
-1.951,-1.021
-1.957,-1.010
-1.961,-1.013
-1.950,-1.003
-1.959,-0.993
-1.951,-0.985
-1.947,-0.982
-1.959,-0.975
-1.967,-0.983
-1.969,-0.967
-1.971,-0.950
-1.959,-0.957
-1.963,-0.960
-1.961,-0.958
-1.967,-0.947
-1.961,-0.940
-1.965,-0.928
-1.969,-0.930
-1.959,-0.921
-1.959,-0.921
-1.971,-0.914
-1.976,-0.919
-1.969,-0.930
-1.969,-0.930
-1.986,-0.929
-1.980,-0.922
-1.986,-0.929
-1.998,-0.940
-1.986,-0.929
-1.986,-0.929
-1.998,-0.922
-1.986,-0.929
-1.998,-0.940
-1.986,-0.929
-1.996,-0.939
-1.998,-0.940
-1.996,-0.957
-1.998,-0.976
-1.988,-0.985
-1.996,-0.993
-1.990,-1.004
-1.985,-1.019
-1.987,-1.039
-1.977,-1.047
-1.977,-1.047
-1.988,-1.057
-1.986,-1.073
-1.998,-1.085
-1.977,-1.083
-1.977,-1.120
-1.977,-1.120
-1.967,-1.146
-1.979,-1.176
-1.971,-1.167
-1.979,-1.176
-1.984,-1.197
-1.977,-1.192
-1.988,-1.202
-1.976,-1.226
-2.002,-1.216
-1.996,-1.210
-1.994,-1.190
-1.998,-1.193
-1.996,-1.174
-1.986,-1.182
-1.986,-1.182
-1.984,-1.162
-1.979,-1.175
-1.998,-1.194
-2.006,-1.183
-2.008,-1.185
-2.012,-1.208
-2.025,-1.201
-1.996,-1.174
-2.023,-1.164
-2.025,-1.147
-2.023,-1.127
-2.025,-1.111
-2.033,-1.101
-2.031,-1.081
-2.025,-1.057
-2.023,-1.055
-2.025,-1.039
-2.025,-1.039
-2.023,-1.019
-2.027,-1.022
-2.023,-1.001
-2.033,-0.992
-2.025,-0.984
-2.005,-0.983
-2.015,-0.975
-2.003,-0.963
-1.997,-0.975
-1.986,-0.965
-1.986,-0.965
-1.998,-0.940
-1.988,-0.948
-2.001,-0.941
-2.001,-0.941
-1.999,-0.958
-1.988,-0.948
-1.984,-0.945
-1.996,-0.921
-1.986,-0.929
-1.987,-0.911
-1.988,-0.912
-1.995,-0.919
-1.988,-0.912
-1.978,-0.921
-1.967,-0.911
-1.961,-0.922
-1.957,-0.919
-1.941,-0.921
-1.941,-0.921
-1.941,-0.921
-1.922,-0.903
-1.912,-0.893
-1.934,-0.878
-1.914,-0.877
-1.902,-0.866
-1.906,-0.868
-1.902,-0.866
-1.896,-0.877
-1.906,-0.868
-1.914,-0.858
-1.906,-0.868
-1.912,-0.857
-1.914,-0.859
-1.932,-0.858
-1.922,-0.867
-1.924,-0.850
-1.939,-0.865
-1.924,-0.850
-1.943,-0.868
-1.949,-0.857
-1.959,-0.866
-1.939,-0.865
-1.951,-0.858
-1.970,-0.858
-1.969,-0.858
-1.963,-0.869
-1.980,-0.850
-1.990,-0.859
-1.988,-0.840
-1.996,-0.848
-1.998,-0.831
-1.986,-0.820
-1.988,-0.804
-1.990,-0.787
-1.986,-0.784
-1.980,-0.777
-1.976,-0.775
-1.980,-0.777
-1.972,-0.769
-1.978,-0.758
-1.980,-0.777
-1.986,-0.748
-1.970,-0.750
-1.970,-0.749
-1.968,-0.730
-1.972,-0.733
-1.978,-0.722
-1.970,-0.713
-1.980,-0.705
-1.967,-0.712
-1.972,-0.696
-1.976,-0.684
-1.972,-0.696
-1.980,-0.669
-1.986,-0.676
-2.001,-0.670
-1.986,-0.676
-1.990,-0.678
-1.996,-0.667
-1.997,-0.685
-2.009,-0.696
-1.997,-0.685
-1.999,-0.687
-1.988,-0.695
-2.007,-0.677
-2.009,-0.696
-2.005,-0.694
-2.015,-0.685
-2.005,-0.694
-2.015,-0.685
-1.998,-0.687
-2.007,-0.677
-2.011,-0.679
-2.000,-0.670
-2.017,-0.668
-2.009,-0.678
-2.005,-0.658
-2.017,-0.668
-1.988,-0.659
-2.005,-0.640
-1.999,-0.650
-1.997,-0.649
-1.999,-0.650
-1.999,-0.650
-2.015,-0.649
-2.009,-0.660
-1.996,-0.667
-2.009,-0.660
-1.999,-0.687
-2.007,-0.695
-1.999,-0.687
-2.015,-0.685
-2.009,-0.696
-1.996,-0.703
-1.996,-0.703
-2.006,-0.695
-1.994,-0.684
-1.999,-0.687
-1.998,-0.687
-1.996,-0.703
-2.009,-0.714
-2.005,-0.712
-2.017,-0.723
-2.007,-0.731
-2.004,-0.748
-2.009,-0.750
-2.004,-0.748
-2.017,-0.759
-2.017,-0.741
-2.015,-0.758
-2.009,-0.750
-2.023,-0.766
-2.027,-0.768
-2.023,-0.766
-2.033,-0.757
-2.037,-0.760
-2.033,-0.757
-2.044,-0.767
-2.052,-0.775
-2.050,-0.792
-2.052,-0.775
-2.041,-0.766
-2.045,-0.768
-2.045,-0.768
-2.061,-0.785
-2.064,-0.786
-2.060,-0.784
-2.080,-0.785
-2.072,-0.758
-2.080,-0.749
-2.085,-0.715
-2.080,-0.712
-2.081,-0.712
-2.070,-0.685
-2.068,-0.684
-2.091,-0.686
-2.089,-0.667
-2.073,-0.668
-2.056,-0.669
-2.065,-0.659
-2.046,-0.678
-2.050,-0.684
-2.044,-0.695
-2.033,-0.685
-2.034,-0.703
-2.036,-0.686
-2.044,-0.695
-2.046,-0.714
-2.035,-0.704
-2.051,-0.721
-2.054,-0.722
-2.042,-0.711
-2.043,-0.713
-2.054,-0.722
-2.043,-0.713
-2.054,-0.722
-2.043,-0.713
-2.054,-0.722
-2.044,-0.731
-2.041,-0.730
-2.035,-0.723
-2.033,-0.721
-2.035,-0.741
-2.033,-0.721
-2.042,-0.748
-2.035,-0.741
-2.031,-0.738
-2.033,-0.757
-2.033,-0.757
-2.033,-0.757
-2.027,-0.768
-2.025,-0.785
-2.029,-0.788
-2.029,-0.806
-2.027,-0.823
-2.017,-0.831
-2.022,-0.856
-2.025,-0.876
-2.041,-0.910
-2.060,-0.928
-2.062,-0.948
-2.060,-0.964
-2.062,-0.984
-2.072,-1.012
-2.078,-1.018
-2.074,-1.050
-2.078,-1.055
-2.101,-1.076
-2.090,-1.102
-2.088,-1.119
-2.092,-1.122
-2.097,-1.109
-2.098,-1.110
-2.109,-1.120
-2.107,-1.101
-2.109,-1.120
-2.097,-1.109
-2.117,-1.110
-2.107,-1.100
-2.107,-1.100
-2.099,-1.092
-2.096,-1.091
-2.098,-1.074
-2.090,-1.066
-2.098,-1.074
-2.090,-1.066
-2.089,-1.064
-2.090,-1.066
-2.080,-1.074
-2.078,-1.055
-2.082,-1.058
-2.078,-1.055
-2.080,-1.074
-2.070,-1.065
-2.070,-1.065
-2.072,-1.066
-2.049,-1.063
-2.062,-1.056
-2.041,-1.055
-2.030,-1.045
-2.035,-1.030
-2.033,-1.011
-2.029,-1.005
-2.018,-0.996
-2.018,-0.996
-2.018,-0.996
-2.012,-0.973
-2.014,-0.993
-2.004,-0.965
-1.994,-0.955
-1.998,-0.940
-2.004,-0.929
-2.008,-0.932
-1.998,-0.940
-2.004,-0.929
-1.988,-0.930
-1.996,-0.920
-1.998,-0.904
-2.008,-0.895
-2.006,-0.912
-2.017,-0.904
-2.004,-0.893
-2.008,-0.895
-2.008,-0.895
-2.015,-0.902
-2.008,-0.895
-2.004,-0.893
-2.006,-0.876
-2.015,-0.866
-2.015,-0.866
-2.027,-0.877
-2.015,-0.866
-2.008,-0.859
-2.016,-0.867
-2.025,-0.858
-2.016,-0.867
-2.022,-0.856
-2.044,-0.839
-2.025,-0.858
-2.033,-0.848
-2.038,-0.850
-2.033,-0.848
-2.035,-0.849
-2.035,-0.849
-2.042,-0.856
-2.043,-0.857
-2.041,-0.856
-2.046,-0.859
-2.046,-0.859
-2.033,-0.884
-2.035,-0.885
-2.029,-0.899
-2.041,-0.910
-2.052,-0.920
-2.044,-0.912
-2.058,-0.924
-2.055,-0.941
-2.056,-0.959
-2.070,-0.974
-2.058,-0.981
-2.078,-0.982
-2.066,-0.989
-2.080,-1.002
-2.109,-1.011
-2.107,-1.028
-2.120,-1.057
-2.105,-1.081
-2.126,-1.100
-2.125,-1.118
-2.126,-1.136
-2.149,-1.158
-2.144,-1.154
-2.155,-1.182
-2.155,-1.164
-2.153,-1.181
-2.155,-1.182
-2.140,-1.187
-2.144,-1.191
-2.134,-1.181
-2.134,-1.181
-2.128,-1.192
-2.115,-1.199
-2.109,-1.211
-2.109,-1.211
-2.107,-1.227
-2.089,-1.227
-2.095,-1.216
-2.080,-1.201
-2.072,-1.193
-2.070,-1.191
-2.056,-1.195
-2.052,-1.191
-2.035,-1.193
-2.033,-1.210
-2.012,-1.208
-2.006,-1.220
-1.983,-1.216
-1.977,-1.228
-1.988,-1.202
-1.967,-1.200
-1.961,-1.176
-1.955,-1.171
-1.939,-1.155
-1.930,-1.128
-1.922,-1.120
-1.915,-1.114
-1.913,-1.094
-1.926,-1.087
-1.915,-1.077
-1.931,-1.074
-1.924,-1.067
-1.920,-1.064
-1.922,-1.048
-1.941,-1.029
-1.930,-1.020
-1.934,-1.023
-1.941,-1.029
-1.951,-1.021
-1.959,-1.011
-1.959,-1.011
-1.972,-1.004
-1.968,-1.001
-1.980,-1.013
-1.988,-1.003
-2.005,-1.019
-2.017,-1.012
-2.034,-1.010
-2.026,-1.002
-2.036,-0.994
-2.042,-0.983
-2.035,-0.976
-2.050,-0.955
-2.054,-0.958
-2.063,-0.948
-2.060,-0.928
-2.064,-0.913
-2.071,-0.920
-2.063,-0.912
-2.062,-0.893
-2.071,-0.884
-2.075,-0.886
-2.079,-0.874
-2.073,-0.867
-2.091,-0.849
-2.089,-0.829
-2.075,-0.814
-2.089,-0.793
-2.073,-0.794
-2.083,-0.786
-2.081,-0.767
-2.081,-0.767
-2.069,-0.756
-2.070,-0.757
-2.081,-0.749
-2.081,-0.731
-2.065,-0.732
-2.073,-0.722
-2.075,-0.741
-2.075,-0.741
-2.079,-0.747
-2.073,-0.758
-2.069,-0.756
-2.062,-0.749
-2.062,-0.749
-2.060,-0.766
-2.054,-0.777
-2.060,-0.766
-2.044,-0.767
-2.036,-0.759
-2.052,-0.757
-2.046,-0.750
-2.042,-0.748
-2.036,-0.759
-2.034,-0.739
-2.042,-0.748
-2.028,-0.750
-2.034,-0.739
-2.054,-0.740
-2.044,-0.731
-2.052,-0.757
-2.044,-0.767
-2.042,-0.748
-2.054,-0.759
-2.054,-0.759
-2.062,-0.785
-2.083,-0.786
-2.079,-0.802
-2.081,-0.803
-2.073,-0.794
-2.079,-0.802
-2.094,-0.832
-2.089,-0.829
-2.092,-0.849
-2.091,-0.849
-2.087,-0.846
-2.091,-0.849
-2.087,-0.846
-2.081,-0.839
-2.073,-0.831
-2.087,-0.846
-2.071,-0.848
-2.068,-0.846
-2.072,-0.849
-2.072,-0.849
-2.071,-0.847
-2.067,-0.824
-2.083,-0.822
-2.075,-0.832
-2.081,-0.839
-2.079,-0.820
-2.071,-0.811
-2.059,-0.800
-2.054,-0.777
-2.054,-0.777
-2.052,-0.757
-2.046,-0.750
-2.042,-0.730
-2.036,-0.722
-2.028,-0.714
-2.034,-0.703
-2.038,-0.706
-2.034,-0.703
-2.036,-0.686
-2.054,-0.668
-2.044,-0.676
-2.046,-0.678
-2.024,-0.676
-2.055,-0.650
-2.036,-0.632
-2.042,-0.621
-2.028,-0.605
-2.053,-0.595
-2.046,-0.587
-2.047,-0.569
-2.053,-0.558
-2.057,-0.560
-2.053,-0.558
-2.063,-0.550
-2.055,-0.541
-2.071,-0.540
-2.065,-0.533
-2.072,-0.540
-2.064,-0.532
-2.063,-0.514
-2.061,-0.513
-2.084,-0.514
-2.072,-0.504
-2.076,-0.506
-2.074,-0.487
-2.072,-0.504
-2.072,-0.504
-2.069,-0.485
-2.074,-0.487
-2.084,-0.478
-2.074,-0.487
-2.080,-0.472
-2.076,-0.470
-2.076,-0.470
-2.074,-0.487
-2.090,-0.486
-2.074,-0.487
-2.072,-0.468
-2.073,-0.469
-2.065,-0.460
-2.082,-0.459
-2.086,-0.461
-2.071,-0.450
-2.076,-0.470
-2.082,-0.459
-2.082,-0.459
-2.094,-0.470
-2.090,-0.468
-2.092,-0.487
-2.103,-0.496
-2.109,-0.504
-2.102,-0.514
-2.116,-0.494
-2.121,-0.514
-2.121,-0.514
-2.137,-0.531
-2.148,-0.541
-2.143,-0.539
-2.148,-0.541
-2.148,-0.541
-2.156,-0.549
-2.168,-0.560
-2.174,-0.567
-2.177,-0.550
-2.176,-0.586
-2.175,-0.585
-2.176,-0.586
-2.180,-0.574
-2.185,-0.576
-2.185,-0.576
-2.183,-0.593
-2.187,-0.596
-2.174,-0.603
-2.174,-0.603
-2.193,-0.621
-2.199,-0.628
-2.203,-0.631
-2.193,-0.639
-2.214,-0.622
-2.206,-0.614
-2.214,-0.586
-2.208,-0.596
-2.201,-0.575
-2.212,-0.585
-2.193,-0.549
-2.183,-0.521
-2.177,-0.514
-2.164,-0.503
-2.177,-0.514
-2.166,-0.486
-2.165,-0.485
-2.158,-0.478
-2.156,-0.459
-2.148,-0.450
-2.148,-0.450
-2.148,-0.450
-2.132,-0.451
-2.138,-0.441
-2.130,-0.468
-2.130,-0.468
-2.117,-0.458
-2.121,-0.442
-2.109,-0.468
-2.111,-0.450
-2.092,-0.469
-2.119,-0.459
-2.113,-0.469
-2.109,-0.468
-2.111,-0.487
-2.111,-0.487
-2.109,-0.504
-2.103,-0.496
-2.119,-0.495
-2.111,-0.487
-2.111,-0.487
-2.109,-0.468
-2.113,-0.469
-2.127,-0.449
-2.140,-0.460
-2.111,-0.450
-2.127,-0.449
-2.121,-0.442
-2.127,-0.449
-2.121,-0.442
-2.130,-0.432
-2.146,-0.431
-2.148,-0.450
-2.146,-0.431
-2.151,-0.433
-2.161,-0.424
-2.151,-0.433
-2.155,-0.435
-2.167,-0.432
-2.169,-0.451
-2.178,-0.441
-2.165,-0.449
-2.186,-0.450
-2.173,-0.458
-2.196,-0.477
-2.196,-0.477
-2.183,-0.485
-2.188,-0.505
-2.183,-0.521
-2.206,-0.541
-2.196,-0.550
-2.201,-0.575
-2.206,-0.577
-2.203,-0.594
-2.214,-0.622
-2.204,-0.631
-2.211,-0.639
-2.232,-0.676
-2.230,-0.675
-2.222,-0.703
-2.222,-0.703
-2.228,-0.710
-2.232,-0.712
-2.219,-0.720
-2.230,-0.729
-2.215,-0.732
-2.211,-0.747
-2.216,-0.750
-2.211,-0.747
-2.203,-0.757
-2.193,-0.730
-2.180,-0.737
-2.176,-0.731
-2.182,-0.720
-2.176,-0.731
-2.187,-0.704
-2.183,-0.702
-2.168,-0.686
-2.156,-0.676
-2.164,-0.684
-2.156,-0.676
-2.154,-0.692
-2.158,-0.659
-2.148,-0.667
-2.150,-0.650
-2.134,-0.651
-2.129,-0.649
-2.134,-0.652
-2.127,-0.666
-2.127,-0.666
-2.109,-0.648
-2.109,-0.648
-2.111,-0.631
-2.111,-0.631
-2.103,-0.641
-2.102,-0.641
-2.090,-0.630
-2.101,-0.640
-2.098,-0.639
-2.111,-0.649
-2.111,-0.631
-2.109,-0.648
-2.113,-0.651
-2.109,-0.648
-2.111,-0.668
-2.119,-0.676
-2.127,-0.666
-2.130,-0.685
-2.146,-0.684
-2.158,-0.695
-2.167,-0.685
-2.167,-0.685
-2.150,-0.668
-2.164,-0.666
-2.158,-0.659
-2.156,-0.639
-2.156,-0.639
-2.177,-0.640
-2.172,-0.638
-2.166,-0.631
-2.158,-0.622
-2.145,-0.630
-2.158,-0.622
-2.156,-0.603
-2.158,-0.622
-2.156,-0.603
-2.164,-0.612
-2.166,-0.595
-2.154,-0.584
-2.158,-0.586
-2.158,-0.550
-2.169,-0.541
-2.171,-0.561
-2.158,-0.532
-2.177,-0.550
-2.177,-0.532
-2.173,-0.530
-2.177,-0.532
-2.164,-0.503
-2.177,-0.496
-2.167,-0.504
-2.164,-0.503
-2.169,-0.505
-2.164,-0.503
-2.169,-0.505
-2.177,-0.496
-2.164,-0.503
-2.167,-0.486
-2.146,-0.485
-2.159,-0.478
-2.158,-0.478
-2.156,-0.477
-2.169,-0.469
-2.175,-0.477
-2.177,-0.478
-2.167,-0.486
-2.164,-0.503
-2.169,-0.505
-2.175,-0.513
-2.187,-0.523
-2.177,-0.514
-2.174,-0.531
-2.187,-0.541
-2.183,-0.557
-2.204,-0.558
-2.195,-0.568
-2.201,-0.575
-2.206,-0.577
-2.193,-0.585
-2.212,-0.603
-2.214,-0.604
-2.211,-0.603
-2.222,-0.612
-2.217,-0.592
-2.220,-0.611
-2.212,-0.603
-2.211,-0.603
-2.216,-0.605
-2.195,-0.604
-2.226,-0.596
-2.235,-0.623
-2.211,-0.639
-2.222,-0.649
-2.209,-0.620
-2.212,-0.639
-2.203,-0.649
-2.211,-0.639
-2.216,-0.641
-2.211,-0.639
-2.212,-0.639
-2.204,-0.631
-2.191,-0.638
-2.195,-0.640
-2.193,-0.621
-2.205,-0.632
-2.205,-0.632
-2.193,-0.639
-2.197,-0.623
-2.201,-0.611
-2.203,-0.613
-2.174,-0.603
-2.183,-0.593
-2.196,-0.586
-2.193,-0.567
-2.196,-0.550
-2.185,-0.540
-2.183,-0.539
-2.177,-0.532
-2.173,-0.530
-2.166,-0.522
-2.166,-0.522
-2.166,-0.522
-2.171,-0.524
-2.175,-0.513
-2.166,-0.522
-2.166,-0.522
-2.164,-0.521
-2.177,-0.532
-2.164,-0.521
-2.177,-0.532
-2.158,-0.550
-2.162,-0.574
-2.175,-0.585
-2.172,-0.602
-2.177,-0.604
-2.180,-0.605
-2.168,-0.614
-2.171,-0.633
-2.185,-0.649
-2.175,-0.657
-2.185,-0.649
-2.180,-0.647
-2.195,-0.658
-2.193,-0.639
-2.204,-0.667
-2.203,-0.667
-2.191,-0.674
-2.204,-0.667
-2.191,-0.674
-2.214,-0.676
-2.224,-0.704
-2.214,-0.694
-2.224,-0.704
-2.211,-0.711
-2.241,-0.739
-2.241,-0.739
-2.238,-0.738
-2.259,-0.757
-2.249,-0.747
-2.270,-0.748
-2.251,-0.766
-2.257,-0.756
-2.259,-0.775
-2.267,-0.765
-2.259,-0.775
-2.259,-0.775
-2.265,-0.782
-2.269,-0.766
-2.265,-0.782
-2.259,-0.775
-2.259,-0.775
-2.248,-0.765
-2.250,-0.748
-2.246,-0.764
-2.240,-0.757
-2.229,-0.747
-2.217,-0.737
-2.230,-0.711
-2.217,-0.700
-2.211,-0.711
-2.214,-0.694
-2.201,-0.684
-2.208,-0.687
-2.195,-0.676
-2.195,-0.676
-2.185,-0.685
-2.183,-0.666
-2.166,-0.649
-2.172,-0.638
-2.166,-0.631
-2.166,-0.595
-2.156,-0.603
-2.158,-0.604
-2.137,-0.603
-2.140,-0.605
-2.140,-0.604
-2.127,-0.612
-2.131,-0.614
-2.127,-0.612
-2.121,-0.623
-2.113,-0.632
-2.119,-0.640
-2.131,-0.650
-2.118,-0.658
-2.121,-0.659
-2.121,-0.659
-2.118,-0.658
-2.139,-0.659
-2.137,-0.676
-2.148,-0.685
-2.148,-0.685
-2.166,-0.703
-2.166,-0.703
-2.164,-0.720
-2.166,-0.739
-2.158,-0.731
-2.174,-0.748
-2.187,-0.759
-2.183,-0.774
-2.203,-0.775
-2.203,-0.775
-2.201,-0.792
-2.214,-0.803
-2.209,-0.800
-2.203,-0.812
-2.211,-0.820
-2.209,-0.800
-2.224,-0.813
-2.232,-0.821
-2.216,-0.822
-2.216,-0.822
-2.211,-0.820
-2.232,-0.821
-2.220,-0.810
-2.230,-0.802
-2.230,-0.802
-2.228,-0.782
-2.243,-0.758
-2.220,-0.738
-2.211,-0.748
-2.230,-0.729
-2.220,-0.738
-2.224,-0.740
-2.212,-0.729
-2.224,-0.740
-2.214,-0.731
-2.220,-0.738
-2.224,-0.740
-2.211,-0.711
-2.233,-0.730
-2.222,-0.721
-2.220,-0.702
-2.224,-0.704
-2.212,-0.693
-2.214,-0.694
-2.222,-0.685
-2.220,-0.665
-2.206,-0.650
-2.193,-0.639
-2.195,-0.640
-2.195,-0.640
-2.202,-0.629
-2.196,-0.622
-2.193,-0.603
-2.187,-0.596
-2.185,-0.594
-2.183,-0.575
-2.177,-0.568
-2.164,-0.557
-2.169,-0.559
-2.169,-0.523
-2.157,-0.513
-2.159,-0.496
-2.155,-0.476
-2.138,-0.459
-2.151,-0.451
-2.124,-0.425
-2.102,-0.436
-2.114,-0.433
-2.106,-0.443
-2.101,-0.441
-2.099,-0.458
-2.112,-0.450
-2.099,-0.458
-2.120,-0.459
-2.133,-0.451
-2.120,-0.459
-2.141,-0.460
-2.136,-0.458
-2.165,-0.467
-2.167,-0.450
-2.165,-0.467
-2.190,-0.470
-2.186,-0.468
-2.217,-0.478
-2.205,-0.486
-2.231,-0.512
-2.233,-0.531
-2.239,-0.521
-2.239,-0.557
-2.260,-0.558
-2.268,-0.566
-2.280,-0.577
-2.278,-0.594
-2.289,-0.603
-2.299,-0.631
-2.313,-0.647
-2.315,-0.630
-2.313,-0.610
-2.315,-0.630
-2.326,-0.621
-2.326,-0.621
-2.328,-0.604
-2.323,-0.602
-2.334,-0.593
-2.334,-0.575
-2.332,-0.556
-2.326,-0.549
-2.332,-0.556
-2.334,-0.539
-2.323,-0.530
-2.329,-0.537
-2.326,-0.531
-2.323,-0.530
-2.328,-0.532
-2.328,-0.532
-2.307,-0.531
-2.318,-0.540
-2.313,-0.538
-2.313,-0.538
-2.315,-0.539
-2.302,-0.529
-2.307,-0.531
-2.305,-0.548
-2.289,-0.549
-2.299,-0.558
-2.294,-0.574
-2.309,-0.586
-2.305,-0.584
-2.299,-0.613
-2.309,-0.622
-2.313,-0.647
-2.307,-0.657
-2.305,-0.656
-2.296,-0.666
-2.296,-0.666
-2.294,-0.665
-2.288,-0.658
-2.275,-0.665
-2.297,-0.684
-2.288,-0.658
-2.294,-0.665
-2.288,-0.658
-2.286,-0.656
-2.288,-0.658
-2.288,-0.658
-2.286,-0.638
-2.280,-0.649
-2.275,-0.665
-2.288,-0.658
-2.280,-0.649
-2.276,-0.647
-2.280,-0.649
-2.265,-0.637
-2.278,-0.630
-2.262,-0.631
-2.259,-0.612
-2.262,-0.631
-2.249,-0.621
-2.268,-0.602
-2.259,-0.612
-2.257,-0.593
-2.273,-0.605
-2.262,-0.595
-2.275,-0.624
-2.283,-0.632
-2.276,-0.647
-2.278,-0.666
-2.273,-0.664
-2.276,-0.647
-2.286,-0.675
-2.276,-0.683
-2.280,-0.685
-2.286,-0.693
-2.297,-0.720
-2.278,-0.738
-2.294,-0.737
-2.297,-0.756
-2.305,-0.783
-2.297,-0.793
-2.315,-0.811
-2.315,-0.811
-2.318,-0.830
-2.313,-0.827
-2.304,-0.837
-2.307,-0.820
-2.302,-0.818
-2.299,-0.812
-2.284,-0.800
-2.297,-0.793
-2.289,-0.784
-2.286,-0.765
-2.299,-0.776
-2.284,-0.746
-2.297,-0.756
-2.278,-0.738
-2.276,-0.755
-2.270,-0.730
-2.268,-0.711
-2.280,-0.722
-2.289,-0.712
-2.268,-0.711
-2.270,-0.694
-2.266,-0.692
-2.270,-0.694
-2.270,-0.694
-2.268,-0.675
-2.270,-0.694
-2.265,-0.692
-2.278,-0.702
-2.262,-0.686
-2.259,-0.684
-2.285,-0.688
-2.280,-0.685
-2.272,-0.713
-2.289,-0.712
-2.276,-0.755
-2.278,-0.738
-2.284,-0.746
-2.276,-0.755
-2.297,-0.756
-2.276,-0.755
-2.299,-0.776
-2.294,-0.791
-2.288,-0.802
-2.299,-0.812
-2.294,-0.846
-2.307,-0.857
-2.313,-0.864
-2.315,-0.883
-2.323,-0.891
-2.312,-0.882
-2.317,-0.884
-2.302,-0.890
-2.315,-0.883
-2.307,-0.893
-2.294,-0.882
-2.307,-0.875
-2.304,-0.873
-2.307,-0.893
-2.296,-0.883
-2.294,-0.900
-2.307,-0.893
-2.296,-0.901
-2.288,-0.911
-2.286,-0.910
-2.273,-0.917
-2.278,-0.920
-2.246,-0.909
-2.259,-0.920
-2.251,-0.911
-2.238,-0.900
-2.232,-0.893
-2.230,-0.874
-2.241,-0.884
-2.220,-0.882
-2.209,-0.873
-2.214,-0.876
-2.212,-0.874
-2.224,-0.885
-2.208,-0.887
-2.203,-0.884
-2.208,-0.887
-2.193,-0.892
-2.203,-0.884
-2.203,-0.884
-2.209,-0.891
-2.222,-0.902
-2.220,-0.882
-2.214,-0.875
-2.214,-0.857
-2.220,-0.846
-2.216,-0.822
-2.203,-0.811
-2.214,-0.803
-2.214,-0.803
-2.219,-0.792
-2.224,-0.776
-2.222,-0.775
-2.214,-0.767
-2.222,-0.739
-2.238,-0.738
-2.243,-0.740
-2.238,-0.738
-2.259,-0.739
-2.261,-0.722
-2.275,-0.737
-2.280,-0.740
-2.286,-0.747
-2.288,-0.748
-2.306,-0.766
-2.312,-0.773
-2.336,-0.757
-2.331,-0.737
-2.344,-0.766
-2.362,-0.784
-2.378,-0.782
-2.362,-0.784
-2.360,-0.801
-2.370,-0.792
-2.381,-0.802
-2.378,-0.800
-2.389,-0.810
-2.376,-0.817
-2.397,-0.818
-2.397,-0.818
-2.394,-0.835
-2.391,-0.829
-2.388,-0.828
-2.391,-0.829
-2.372,-0.830
-2.378,-0.837
-2.373,-0.811
-2.368,-0.809
-2.368,-0.809
-2.370,-0.792
-2.349,-0.791
-2.354,-0.794
-2.349,-0.791
-2.352,-0.774
-2.333,-0.756
-2.331,-0.737
-2.335,-0.739
-2.314,-0.738
-2.314,-0.738
-2.317,-0.721
-2.323,-0.728
-2.306,-0.730
-2.312,-0.719
-2.306,-0.730
-2.304,-0.711
-2.293,-0.701
-2.306,-0.694
-2.294,-0.683
-2.288,-0.676
-2.296,-0.666
-2.286,-0.675
-2.299,-0.667
-2.286,-0.674
-2.280,-0.667
-2.288,-0.658
-2.277,-0.648
-2.280,-0.667
-2.267,-0.657
-2.288,-0.658
-2.272,-0.659
-2.257,-0.683
-2.262,-0.667
-2.267,-0.657
-2.251,-0.658
-2.261,-0.649
-2.249,-0.675
-2.259,-0.684
-2.238,-0.683
-2.246,-0.692
-2.249,-0.693
-2.257,-0.701
-2.245,-0.705
-2.253,-0.713
-2.255,-0.733
-2.253,-0.750
-2.267,-0.765
-2.259,-0.775
-2.262,-0.781
-2.257,-0.792
-2.267,-0.801
-2.264,-0.800
-2.270,-0.821
-2.277,-0.829
-2.296,-0.847
-2.285,-0.837
-2.296,-0.847
-2.290,-0.858
-2.294,-0.864
-2.296,-0.883
-2.306,-0.875
-2.312,-0.882
-2.317,-0.884
-2.323,-0.873
-2.325,-0.893
-2.325,-0.856
-2.323,-0.873
-2.325,-0.856
-2.312,-0.845
-2.325,-0.856
-2.317,-0.830
-2.312,-0.809
-2.325,-0.820
-2.304,-0.801
-2.306,-0.802
-2.306,-0.802
-2.286,-0.819
-2.288,-0.821
-2.275,-0.810
-2.298,-0.830
-2.298,-0.830
-2.286,-0.819
-2.307,-0.820
-2.275,-0.810
-2.285,-0.801
