 1.199,-2.724
 1.251,-2.682
 1.261,-2.626
 1.288,-2.594
 1.307,-2.521
 1.274,-2.468
 1.273,-2.381
 1.263,-2.328
 1.231,-2.279
 1.220,-2.266
 1.151,-2.259
 1.057,-2.267
 1.012,-2.266
 0.994,-2.211
 0.961,-2.158
 0.919,-2.098
 0.885,-1.999
 0.861,-1.911
 0.873,-1.837
 0.872,-1.791
 0.851,-1.793
 0.861,-1.757
 0.848,-1.720
 0.827,-1.660
 0.814,-1.623
 0.783,-1.597
 0.761,-1.599
 0.726,-1.582
 0.715,-1.594
 0.680,-1.579
 0.659,-1.605
 0.637,-1.605
 0.614,-1.602
 0.582,-1.595
 0.548,-1.561
 0.538,-1.556
 0.516,-1.531
 0.470,-1.526
 0.459,-1.517
 0.413,-1.468
 0.381,-1.461
 0.347,-1.429
 0.325,-1.407
 0.314,-1.377
 0.303,-1.363
 0.292,-1.356
 0.270,-1.331
 0.269,-1.329
 0.292,-1.334
 0.314,-1.351
 0.336,-1.376
 0.370,-1.388
 0.403,-1.417
 0.415,-1.429
 0.414,-1.470
 0.415,-1.495
 0.426,-1.526
 0.404,-1.548
 0.415,-1.562
 0.425,-1.586
 0.414,-1.620
 0.415,-1.625
 0.416,-1.606
 0.451,-1.601
 0.471,-1.572
 0.494,-1.575
 0.483,-1.585
 0.492,-1.589
 0.481,-1.601
 0.481,-1.577
 0.482,-1.582
 0.482,-1.606
 0.471,-1.616
 0.471,-1.662
 0.459,-1.685
 0.437,-1.688
 0.415,-1.690
 0.415,-1.690
 0.394,-1.717
 0.369,-1.687
 0.348,-1.711
 0.325,-1.709
 0.314,-1.718
 0.304,-1.735
 0.303,-1.730
 0.269,-1.764
 0.269,-1.764
 0.258,-1.773
 0.259,-1.779
 0.258,-1.792
 0.247,-1.804
 0.247,-1.785
 0.259,-1.797
 0.270,-1.794
 0.270,-1.813
 0.270,-1.856
 0.270,-1.875
 0.247,-1.891
 0.247,-1.894
 0.225,-1.888
 0.191,-1.884
 0.181,-1.874
 0.181,-1.871
 0.159,-1.855
 0.158,-1.849
 0.169,-1.862
 0.158,-1.871
 0.158,-1.890
 0.180,-1.893
 0.169,-1.881
 0.181,-1.918
 0.192,-1.927
 0.181,-1.937
 0.203,-1.940
 0.191,-1.946
 0.181,-1.961
 0.203,-1.980
 0.214,-1.968
 0.236,-1.928
 0.236,-1.922
 0.225,-1.915
 0.225,-1.897
 0.224,-1.894
 0.248,-1.900
 0.236,-1.887
 0.225,-1.878
 0.214,-1.887
 0.202,-1.912
 0.191,-1.903
 0.169,-1.900
 0.147,-1.884
 0.147,-1.864
 0.147,-1.883
 0.135,-1.852
 0.124,-1.837
 0.113,-1.852
 0.102,-1.839
 0.090,-1.803
 0.079,-1.799
 0.102,-1.796
 0.102,-1.796
 0.091,-1.762
 0.090,-1.694
 0.101,-1.647
 0.101,-1.622
 0.112,-1.613
 0.123,-1.601
 0.123,-1.576
 0.134,-1.591
 0.146,-1.598
 0.157,-1.613
 0.168,-1.623
 0.168,-1.620
 0.191,-1.604
 0.191,-1.604
 0.179,-1.597
 0.202,-1.594
 0.179,-1.567
 0.190,-1.560
 0.179,-1.521
 0.168,-1.514
 0.179,-1.505
 0.168,-1.471
 0.168,-1.451
 0.157,-1.417
 0.134,-1.463
 0.145,-1.473
 0.145,-1.468
 0.123,-1.470
 0.134,-1.458
 0.123,-1.449
 0.134,-1.439
 0.134,-1.439
 0.123,-1.429
 0.101,-1.427
 0.101,-1.451
 0.079,-1.448
 0.056,-1.446
 0.056,-1.450
 0.012,-1.445
 0.000,-1.416
-0.011,-1.406
-0.022,-1.414
-0.033,-1.406
-0.022,-1.394
-0.000,-1.375
-0.011,-1.345
-0.023,-1.353
-0.034,-1.323
-0.022,-1.351
-0.045,-1.350
-0.056,-1.360
-0.089,-1.367
-0.112,-1.393
-0.144,-1.401
-0.167,-1.446
-0.178,-1.458
-0.178,-1.477
-0.201,-1.504
-0.200,-1.499
-0.211,-1.489
-0.189,-1.468
-0.200,-1.455
-0.190,-1.472
-0.167,-1.465
-0.178,-1.456
-0.144,-1.468
-0.155,-1.454
-0.144,-1.427
-0.133,-1.369
-0.133,-1.369
-0.122,-1.338
-0.099,-1.334
-0.099,-1.356
-0.110,-1.346
-0.077,-1.319
-0.078,-1.280
-0.077,-1.297
-0.077,-1.321
-0.066,-1.346
-0.066,-1.392
-0.077,-1.425
-0.077,-1.445
-0.077,-1.449
-0.088,-1.478
-0.099,-1.514
-0.099,-1.514
-0.109,-1.521
-0.121,-1.558
-0.121,-1.577
-0.121,-1.620
-0.121,-1.645
-0.131,-1.654
-0.143,-1.666
-0.154,-1.632
-0.154,-1.657
-0.143,-1.666
-0.154,-1.673
-0.165,-1.688
-0.165,-1.663
-0.165,-1.666
-0.176,-1.654
-0.153,-1.671
-0.165,-1.666
-0.155,-1.678
-0.154,-1.681
-0.144,-1.696
-0.131,-1.722
-0.120,-1.756
-0.120,-1.751
-0.131,-1.738
-0.120,-1.751
-0.120,-1.751
-0.109,-1.744
-0.120,-1.751
-0.120,-1.775
-0.109,-1.788
-0.098,-1.797
-0.109,-1.812
-0.086,-1.810
-0.086,-1.829
-0.087,-1.850
-0.108,-1.845
-0.086,-1.848
-0.086,-1.848
-0.086,-1.829
-0.109,-1.856
-0.097,-1.860
-0.086,-1.853
-0.097,-1.860
-0.097,-1.854
-0.097,-1.854
-0.097,-1.811
-0.098,-1.797
-0.098,-1.759
-0.098,-1.759
-0.076,-1.737
-0.076,-1.708
-0.087,-1.698
-0.087,-1.671
-0.087,-1.652
-0.077,-1.604
-0.065,-1.606
-0.076,-1.623
-0.054,-1.621
-0.077,-1.601
-0.066,-1.614
-0.043,-1.611
-0.043,-1.616
-0.021,-1.590
-0.010,-1.580
 0.001,-1.573
-0.010,-1.600
 0.024,-1.615
 0.046,-1.588
 0.057,-1.622
 0.080,-1.625
 0.102,-1.622
 0.114,-1.659
 0.124,-1.663
 0.158,-1.676
 0.203,-1.657
 0.236,-1.645
 0.237,-1.631
 0.248,-1.638
 0.248,-1.638
 0.248,-1.663
 0.247,-1.652
 0.214,-1.667
 0.214,-1.645
 0.169,-1.625
 0.158,-1.638
 0.125,-1.644
 0.125,-1.668
 0.102,-1.666
 0.069,-1.678
 0.080,-1.692
 0.047,-1.699
 0.036,-1.714
 0.024,-1.721
 0.013,-1.752
 0.013,-1.733
 0.014,-1.749
 0.002,-1.767
 0.013,-1.752
 0.025,-1.764
 0.014,-1.755
 0.036,-1.771
 0.025,-1.764
 0.025,-1.783
 0.036,-1.777
 0.036,-1.782
 0.047,-1.764
 0.058,-1.761
 0.036,-1.736
 0.036,-1.736
 0.036,-1.733
 0.025,-1.737
 0.036,-1.752
 0.014,-1.730
 0.003,-1.721
 0.002,-1.702
 0.003,-1.675
-0.009,-1.668
-0.020,-1.655
-0.031,-1.646
-0.031,-1.670
-0.042,-1.674
-0.042,-1.679
-0.064,-1.677
-0.075,-1.686
-0.076,-1.689
-0.075,-1.686
-0.087,-1.679
-0.098,-1.688
-0.097,-1.708
-0.120,-1.729
-0.142,-1.726
-0.142,-1.751
-0.141,-1.705
-0.153,-1.673
-0.142,-1.688
-0.131,-1.698
-0.154,-1.703
-0.131,-1.700
-0.131,-1.722
-0.154,-1.744
-0.142,-1.770
-0.131,-1.782
-0.142,-1.772
-0.142,-1.775
-0.120,-1.775
-0.109,-1.785
-0.098,-1.797
-0.087,-1.782
-0.087,-1.807
-0.075,-1.800
-0.076,-1.817
-0.065,-1.832
-0.042,-1.807
-0.042,-1.807
-0.031,-1.822
-0.031,-1.817
-0.009,-1.820
-0.019,-1.829
-0.019,-1.829
-0.020,-1.810
-0.019,-1.827
-0.031,-1.817
-0.019,-1.805
-0.042,-1.783
-0.020,-1.786
-0.019,-1.780
-0.031,-1.801
-0.020,-1.810
-0.020,-1.810
-0.042,-1.813
-0.042,-1.807
-0.042,-1.832
-0.064,-1.829
-0.087,-1.848
-0.064,-1.829
-0.098,-1.795
-0.098,-1.800
-0.098,-1.776
-0.110,-1.807
-0.109,-1.810
-0.120,-1.816
-0.120,-1.819
-0.131,-1.807
-0.120,-1.816
-0.121,-1.797
-0.131,-1.782
-0.154,-1.766
-0.132,-1.744
-0.143,-1.729
-0.154,-1.722
-0.154,-1.717
-0.176,-1.698
-0.176,-1.678
-0.165,-1.688
-0.165,-1.688
-0.187,-1.661
-0.199,-1.656
-0.199,-1.634
-0.221,-1.629
-0.210,-1.603
-0.199,-1.588
-0.210,-1.584
-0.210,-1.584
-0.210,-1.603
-0.210,-1.627
-0.187,-1.642
-0.176,-1.632
-0.176,-1.608
-0.176,-1.611
-0.177,-1.615
-0.187,-1.576
-0.210,-1.579
-0.199,-1.569
-0.221,-1.567
-0.233,-1.559
-0.243,-1.520
-0.267,-1.503
-0.277,-1.469
-0.278,-1.426
-0.277,-1.404
-0.277,-1.380
-0.300,-1.363
-0.300,-1.363
-0.300,-1.360
-0.300,-1.363
-0.299,-1.358
-0.311,-1.372
-0.300,-1.382
-0.310,-1.411
-0.311,-1.416
-0.320,-1.421
-0.355,-1.435
-0.355,-1.435
-0.366,-1.445
-0.378,-1.461
-0.399,-1.480
-0.423,-1.485
-0.422,-1.526
-0.455,-1.555
-0.478,-1.577
-0.476,-1.572
-0.500,-1.555
-0.489,-1.545
-0.500,-1.511
-0.523,-1.513
-0.534,-1.520
-0.546,-1.513
-0.545,-1.511
-0.545,-1.511
-0.546,-1.491
-0.545,-1.467
-0.557,-1.479
-0.534,-1.477
-0.522,-1.465
-0.523,-1.470
-0.533,-1.453
-0.534,-1.458
-0.523,-1.446
-0.522,-1.465
-0.523,-1.426
-0.511,-1.434
-0.534,-1.436
-0.523,-1.446
-0.522,-1.422
-0.512,-1.438
-0.522,-1.463
-0.521,-1.485
-0.511,-1.499
-0.534,-1.501
-0.514,-1.508
-0.513,-1.482
-0.502,-1.494
-0.513,-1.504
-0.500,-1.487
-0.501,-1.489
-0.499,-1.485
-0.500,-1.468
-0.490,-1.458
-0.511,-1.455
-0.491,-1.460
-0.501,-1.443
-0.501,-1.470
-0.479,-1.448
-0.468,-1.458
-0.468,-1.439
-0.456,-1.422
-0.468,-1.439
-0.457,-1.448
-0.445,-1.456
-0.457,-1.449
-0.445,-1.456
-0.435,-1.471
-0.434,-1.446
-0.434,-1.446
-0.423,-1.458
-0.422,-1.478
-0.412,-1.468
-0.412,-1.468
-0.400,-1.456
-0.389,-1.447
-0.378,-1.432
-0.368,-1.406
-0.356,-1.415
-0.334,-1.437
-0.323,-1.430
-0.312,-1.416
-0.311,-1.438
-0.311,-1.435
-0.310,-1.433
-0.311,-1.438
-0.300,-1.423
-0.278,-1.450
-0.278,-1.450
-0.277,-1.469
-0.267,-1.462
-0.255,-1.467
-0.255,-1.491
-0.233,-1.470
-0.232,-1.489
-0.233,-1.494
-0.243,-1.479
-0.233,-1.494
-0.255,-1.516
-0.244,-1.501
-0.233,-1.516
-0.232,-1.489
-0.244,-1.482
-0.244,-1.482
-0.222,-1.480
-0.211,-1.472
-0.221,-1.456
-0.221,-1.458
-0.210,-1.448
-0.210,-1.448
-0.200,-1.463
-0.211,-1.472
-0.200,-1.465
-0.188,-1.475
-0.210,-1.492
-0.210,-1.516
-0.221,-1.518
-0.221,-1.523
-0.222,-1.504
-0.221,-1.523
-0.233,-1.518
-0.221,-1.523
-0.221,-1.526
-0.221,-1.526
-0.221,-1.545
-0.221,-1.550
-0.232,-1.557
-0.221,-1.550
-0.232,-1.516
-0.243,-1.523
-0.244,-1.504
-0.243,-1.499
-0.266,-1.482
-0.277,-1.472
-0.266,-1.458
-0.289,-1.440
-0.288,-1.412
-0.288,-1.412
-0.300,-1.337
-0.334,-1.283
-0.324,-1.280
-0.324,-1.234
-0.325,-1.258
-0.324,-1.277
-0.323,-1.293
-0.334,-1.327
-0.344,-1.356
-0.345,-1.360
-0.357,-1.372
-0.356,-1.391
-0.357,-1.420
-0.345,-1.447
-0.356,-1.503
-0.345,-1.512
-0.344,-1.553
-0.345,-1.558
-0.334,-1.568
-0.311,-1.614
-0.334,-1.636
-0.288,-1.650
-0.288,-1.655
-0.276,-1.663
-0.289,-1.656
-0.277,-1.643
-0.254,-1.641
-0.255,-1.646
-0.243,-1.653
-0.243,-1.675
-0.232,-1.687
-0.220,-1.675
-0.188,-1.669
-0.187,-1.669
-0.188,-1.671
-0.177,-1.683
-0.187,-1.688
-0.176,-1.678
-0.153,-1.671
-0.154,-1.676
-0.165,-1.666
-0.154,-1.676
-0.154,-1.681
-0.120,-1.667
-0.132,-1.679
-0.132,-1.679
-0.131,-1.698
-0.098,-1.691
-0.109,-1.676
-0.121,-1.669
-0.109,-1.682
-0.109,-1.676
-0.121,-1.669
-0.120,-1.664
-0.121,-1.645
-0.110,-1.635
-0.132,-1.611
-0.143,-1.625
-0.143,-1.601
-0.143,-1.601
-0.143,-1.601
-0.153,-1.586
-0.143,-1.582
-0.131,-1.570
-0.131,-1.597
-0.132,-1.575
-0.142,-1.560
-0.142,-1.560
-0.142,-1.555
-0.142,-1.555
-0.142,-1.514
-0.153,-1.478
-0.142,-1.451
-0.154,-1.439
-0.142,-1.451
-0.142,-1.451
-0.142,-1.447
-0.154,-1.463
-0.154,-1.483
-0.142,-1.495
-0.165,-1.516
-0.153,-1.502
-0.176,-1.504
-0.176,-1.523
-0.176,-1.524
-0.187,-1.516
-0.198,-1.502
-0.198,-1.528
-0.220,-1.523
-0.231,-1.513
-0.243,-1.504
-0.231,-1.511
-0.243,-1.504
-0.242,-1.479
-0.265,-1.482
-0.277,-1.474
-0.265,-1.462
-0.289,-1.467
-0.277,-1.450
-0.288,-1.460
-0.288,-1.460
-0.287,-1.455
-0.277,-1.426
-0.276,-1.426
-0.288,-1.416
-0.277,-1.387
-0.254,-1.380
-0.255,-1.385
-0.255,-1.383
-0.277,-1.382
-0.244,-1.375
-0.265,-1.392
-0.255,-1.409
-0.243,-1.414
-0.255,-1.426
-0.266,-1.460
-0.254,-1.446
-0.266,-1.440
-0.254,-1.448
-0.255,-1.450
-0.255,-1.453
-0.243,-1.458
-0.255,-1.470
-0.254,-1.467
-0.243,-1.482
-0.243,-1.482
-0.209,-1.489
-0.221,-1.484
-0.232,-1.492
-0.233,-1.496
-0.232,-1.499
-0.232,-1.516
-0.221,-1.550
-0.209,-1.557
-0.209,-1.576
-0.232,-1.579
-0.209,-1.576
-0.210,-1.606
-0.199,-1.591
-0.188,-1.625
-0.177,-1.635
-0.198,-1.629
-0.198,-1.635
-0.165,-1.623
-0.188,-1.625
-0.177,-1.615
-0.165,-1.623
-0.165,-1.647
-0.154,-1.632
-0.154,-1.657
-0.143,-1.647
-0.165,-1.644
-0.143,-1.647
-0.143,-1.645
-0.132,-1.657
-0.132,-1.657
-0.120,-1.664
-0.110,-1.679
-0.110,-1.654
-0.110,-1.679
-0.110,-1.679
-0.121,-1.661
-0.110,-1.660
-0.098,-1.647
-0.110,-1.660
-0.110,-1.665
-0.121,-1.691
-0.133,-1.684
-0.120,-1.688
-0.132,-1.676
-0.143,-1.666
-0.132,-1.652
-0.132,-1.638
-0.121,-1.647
-0.132,-1.657
-0.110,-1.660
-0.109,-1.674
-0.121,-1.691
-0.110,-1.679
-0.121,-1.669
-0.110,-1.660
-0.110,-1.654
-0.110,-1.660
-0.110,-1.654
-0.098,-1.667
-0.110,-1.635
-0.098,-1.623
-0.109,-1.638
-0.098,-1.623
-0.110,-1.635
-0.110,-1.635
-0.121,-1.642
-0.121,-1.647
-0.110,-1.635
-0.110,-1.635
-0.087,-1.635
-0.109,-1.630
-0.099,-1.626
-0.087,-1.616
-0.099,-1.628
-0.088,-1.599
-0.099,-1.604
-0.099,-1.604
-0.098,-1.623
-0.087,-1.609
-0.098,-1.623
-0.087,-1.611
-0.088,-1.638
-0.076,-1.626
-0.076,-1.626
-0.099,-1.628
-0.087,-1.633
-0.098,-1.648
-0.098,-1.667
-0.087,-1.679
-0.088,-1.662
-0.098,-1.647
-0.088,-1.662
-0.087,-1.657
-0.087,-1.657
-0.076,-1.669
-0.076,-1.664
-0.065,-1.660
-0.043,-1.657
-0.064,-1.657
-0.076,-1.669
-0.076,-1.664
-0.076,-1.669
-0.076,-1.689
-0.087,-1.698
-0.087,-1.701
-0.076,-1.689
-0.076,-1.697
-0.076,-1.699
-0.053,-1.718
-0.053,-1.738
-0.064,-1.783
-0.075,-1.773
-0.041,-1.761
-0.064,-1.744
-0.064,-1.725
-0.064,-1.720
-0.064,-1.725
-0.064,-1.723
-0.064,-1.720
-0.076,-1.713
-0.087,-1.695
-0.064,-1.682
-0.087,-1.660
-0.087,-1.660
-0.099,-1.628
-0.087,-1.611
-0.099,-1.604
-0.076,-1.582
-0.076,-1.582
-0.088,-1.551
-0.087,-1.524
-0.099,-1.517
-0.099,-1.493
-0.087,-1.481
-0.076,-1.471
-0.076,-1.447
-0.077,-1.432
-0.065,-1.444
-0.065,-1.420
-0.066,-1.403
-0.065,-1.420
-0.054,-1.432
-0.054,-1.430
-0.065,-1.440
-0.054,-1.430
-0.031,-1.406
-0.043,-1.423
-0.032,-1.408
-0.032,-1.408
-0.032,-1.411
-0.020,-1.416
-0.032,-1.408
-0.009,-1.406
-0.021,-1.418
-0.032,-1.411
-0.020,-1.396
-0.032,-1.389
-0.010,-1.387
-0.009,-1.406
-0.021,-1.399
-0.020,-1.373
-0.021,-1.399
-0.020,-1.397
-0.020,-1.397
-0.021,-1.399
-0.021,-1.394
-0.020,-1.421
-0.020,-1.420
 0.002,-1.399
 0.013,-1.416
 0.002,-1.423
 0.013,-1.435
 0.013,-1.452
 0.013,-1.472
 0.013,-1.472
 0.014,-1.469
 0.014,-1.498
 0.036,-1.498
 0.024,-1.530
 0.035,-1.564
 0.047,-1.590
 0.036,-1.605
 0.047,-1.615
 0.047,-1.658
 0.080,-1.651
 0.103,-1.644
 0.103,-1.649
 0.114,-1.637
 0.114,-1.637
 0.148,-1.630
 0.147,-1.625
 0.170,-1.628
 0.148,-1.650
 0.148,-1.647
 0.159,-1.662
 0.137,-1.678
 0.137,-1.703
 0.125,-1.734
 0.115,-1.768
 0.103,-1.785
 0.103,-1.804
 0.070,-1.841
 0.059,-1.848
 0.036,-1.864
 0.036,-1.888
 0.014,-1.880
 0.003,-1.876
 0.002,-1.878
 0.003,-1.897
 0.003,-1.922
 0.003,-1.916
 0.014,-1.929
 0.003,-1.897
 0.014,-1.910
 0.014,-1.916
 0.036,-1.907
 0.048,-1.920
 0.059,-1.910
 0.048,-1.895
 0.081,-1.913
 0.070,-1.920
 0.081,-1.913
 0.070,-1.920
 0.070,-1.895
 0.059,-1.910
 0.070,-1.895
 0.070,-1.901
 0.070,-1.876
 0.059,-1.861
 0.059,-1.870
 0.070,-1.854
 0.070,-1.860
 0.082,-1.873
 0.070,-1.904
 0.060,-1.938
 0.059,-1.907
 0.037,-1.929
 0.026,-1.895
 0.004,-1.873
-0.008,-1.869
-0.007,-1.863
-0.019,-1.857
-0.030,-1.866
-0.052,-1.863
-0.075,-1.887
-0.086,-1.872
-0.098,-1.890
-0.098,-1.890
-0.109,-1.878
-0.120,-1.868
-0.120,-1.862
-0.120,-1.843
-0.131,-1.853
-0.131,-1.828
-0.143,-1.802
-0.131,-1.809
-0.143,-1.821
-0.154,-1.834
-0.153,-1.831
-0.143,-1.821
-0.153,-1.806
-0.143,-1.821
-0.142,-1.824
-0.142,-1.824
-0.143,-1.830
-0.142,-1.824
-0.142,-1.824
-0.153,-1.831
-0.153,-1.825
-0.142,-1.800
-0.131,-1.744
-0.154,-1.727
-0.154,-1.705
-0.154,-1.700
-0.143,-1.712
-0.131,-1.719
-0.131,-1.701
-0.120,-1.691
-0.131,-1.657
-0.132,-1.662
-0.120,-1.647
-0.109,-1.638
-0.109,-1.613
-0.098,-1.601
-0.110,-1.594
-0.109,-1.589
-0.098,-1.582
-0.099,-1.560
-0.109,-1.546
-0.087,-1.529
-0.087,-1.524
-0.076,-1.512
-0.054,-1.493
-0.043,-1.486
-0.032,-1.483
-0.031,-1.478
-0.043,-1.490
-0.043,-1.486
-0.054,-1.469
-0.065,-1.440
-0.054,-1.406
-0.054,-1.389
-0.043,-1.355
-0.043,-1.353
-0.066,-1.357
-0.032,-1.365
-0.032,-1.345
-0.032,-1.345
-0.043,-1.331
-0.021,-1.336
-0.021,-1.331
-0.032,-1.341
-0.032,-1.321
-0.032,-1.297
-0.022,-1.292
-0.022,-1.290
-0.022,-1.314
-0.010,-1.302
 0.012,-1.300
 0.023,-1.292
 0.034,-1.298
 0.046,-1.310
 0.068,-1.312
 0.079,-1.303
 0.068,-1.275
 0.090,-1.293
 0.090,-1.293
 0.124,-1.303
 0.135,-1.309
 0.124,-1.299
 0.135,-1.309
 0.135,-1.313
 0.180,-1.294
 0.168,-1.301
 0.180,-1.318
 0.191,-1.304
 0.180,-1.339
 0.169,-1.349
 0.179,-1.335
 0.180,-1.359
 0.179,-1.335
 0.180,-1.359
 0.180,-1.359
 0.190,-1.364
 0.201,-1.335
 0.201,-1.311
 0.190,-1.301
 0.190,-1.282
 0.190,-1.277
 0.190,-1.258
 0.190,-1.232
 0.213,-1.191
 0.213,-1.175
 0.213,-1.111
 0.203,-1.105
 0.202,-1.121
 0.213,-1.129
 0.190,-1.106
 0.190,-1.123
 0.168,-1.105
 0.168,-1.062
 0.158,-1.054
 0.157,-1.032
 0.135,-1.008
 0.146,-1.022
 0.124,-1.040
 0.124,-1.040
 0.124,-1.042
 0.124,-1.062
 0.113,-1.077
 0.091,-1.095
 0.079,-1.107
 0.080,-1.128
 0.079,-1.126
 0.046,-1.142
 0.023,-1.160
 0.001,-1.181
 0.001,-1.225
-0.021,-1.218
-0.054,-1.254
-0.054,-1.254
-0.077,-1.280
-0.077,-1.284
-0.099,-1.281
-0.088,-1.318
-0.099,-1.323
-0.110,-1.335
-0.122,-1.323
-0.121,-1.340
-0.132,-1.332
-0.132,-1.330
-0.132,-1.330
-0.143,-1.323
-0.154,-1.308
-0.166,-1.301
-0.166,-1.320
-0.165,-1.342
-0.166,-1.344
-0.199,-1.328
-0.199,-1.332
-0.188,-1.344
-0.188,-1.342
-0.177,-1.354
-0.176,-1.330
-0.188,-1.366
-0.176,-1.373
-0.199,-1.375
-0.211,-1.387
-0.221,-1.414
-0.233,-1.409
-0.221,-1.397
-0.222,-1.421
-0.222,-1.423
-0.210,-1.431
-0.222,-1.443
-0.222,-1.462
-0.222,-1.484
-0.211,-1.496
-0.232,-1.513
-0.222,-1.530
-0.199,-1.550
-0.210,-1.583
-0.222,-1.615
-0.199,-1.632
-0.199,-1.637
-0.188,-1.647
-0.177,-1.659
-0.143,-1.671
-0.143,-1.666
-0.155,-1.684
-0.132,-1.725
-0.132,-1.725
-0.109,-1.725
-0.098,-1.735
-0.098,-1.759
-0.076,-1.756
-0.053,-1.759
-0.042,-1.769
-0.043,-1.742
-0.031,-1.735
-0.020,-1.742
-0.031,-1.735
-0.032,-1.738
-0.021,-1.726
-0.010,-1.741
-0.009,-1.760
 0.002,-1.748
 0.013,-1.763
 0.014,-1.754
 0.002,-1.767
 0.024,-1.745
 0.024,-1.726
 0.024,-1.726
 0.002,-1.723
 0.024,-1.729
 0.024,-1.748
 0.012,-1.735
 0.035,-1.717
 0.046,-1.702
 0.035,-1.695
 0.058,-1.670
 0.058,-1.670
 0.091,-1.644
 0.091,-1.639
 0.113,-1.642
 0.136,-1.640
 0.136,-1.640
 0.136,-1.640
 0.135,-1.635
 0.136,-1.640
 0.147,-1.649
 0.124,-1.671
 0.125,-1.674
 0.136,-1.678
 0.136,-1.683
 0.135,-1.681
 0.135,-1.662
 0.136,-1.647
 0.136,-1.620
 0.135,-1.623
 0.135,-1.618
 0.124,-1.627
 0.124,-1.628
 0.102,-1.625
 0.113,-1.620
 0.101,-1.608
 0.090,-1.617
 0.090,-1.642
 0.057,-1.624
 0.079,-1.651
 0.035,-1.670
 0.023,-1.701
 0.012,-1.697
 0.001,-1.660
-0.010,-1.675
-0.033,-1.672
-0.010,-1.670
-0.021,-1.685
-0.033,-1.691
-0.044,-1.706
-0.021,-1.704
-0.032,-1.713
-0.033,-1.716
-0.032,-1.732
-0.043,-1.769
-0.043,-1.769
-0.032,-1.801
-0.043,-1.813
-0.021,-1.829
-0.043,-1.856
-0.032,-1.871
-0.055,-1.893
-0.055,-1.918
-0.043,-1.962
-0.054,-1.999
-0.054,-2.043
-0.054,-2.081
-0.054,-2.105
-0.042,-2.133
-0.009,-2.175
-0.020,-2.205
-0.008,-2.193
-0.020,-2.187
 0.003,-2.181
-0.020,-2.206
-0.008,-2.193
-0.020,-2.180
 0.003,-2.227
 0.014,-2.237
 0.003,-2.227
 0.037,-2.237
 0.025,-2.246
 0.037,-2.262
 0.059,-2.259
 0.070,-2.294
 0.059,-2.306
 0.070,-2.312
 0.092,-2.337
 0.092,-2.349
 0.081,-2.365
 0.093,-2.378
 0.104,-2.405
 0.104,-2.412
 0.126,-2.434
 0.104,-2.463
 0.126,-2.463
 0.115,-2.472
 0.115,-2.472
 0.126,-2.453
 0.127,-2.478
 0.138,-2.487
 0.149,-2.475
 0.172,-2.460
 0.182,-2.419
 0.194,-2.439
 0.194,-2.439
 0.205,-2.444
 0.194,-2.438
 0.205,-2.422
 0.194,-2.439
 0.194,-2.438
 0.171,-2.435
 0.183,-2.429
 0.182,-2.444
 0.160,-2.447
 0.160,-2.447
 0.149,-2.431
 0.149,-2.438
 0.126,-2.434
 0.116,-2.425
 0.104,-2.412
 0.104,-2.387
 0.081,-2.372
 0.070,-2.356
 0.070,-2.381
 0.059,-2.350
 0.059,-2.325
 0.059,-2.353
 0.059,-2.353
 0.071,-2.388
 0.059,-2.393
 0.049,-2.399
 0.048,-2.403
 0.048,-2.396
 0.037,-2.412
 0.015,-2.415
 0.026,-2.399
 0.015,-2.371
 0.015,-2.324
 0.003,-2.337
 0.003,-2.293
-0.019,-2.289
 0.003,-2.293
-0.019,-2.246
-0.008,-2.218
-0.009,-2.174
-0.019,-2.159
 0.003,-2.144
 0.003,-2.118
-0.008,-2.109
 0.014,-2.109
-0.008,-2.128
 0.003,-2.119
 0.003,-2.119
 0.003,-2.119
 0.014,-2.128
 0.025,-2.091
 0.036,-2.088
 0.014,-2.106
 0.025,-2.144
 0.014,-2.134
 0.025,-2.140
 0.048,-2.144
 0.037,-2.128
 0.025,-2.116
 0.014,-2.084
 0.025,-2.072
 0.014,-2.066
 0.003,-2.050
-0.009,-2.044
-0.020,-2.034
-0.020,-2.028
-0.031,-2.043
-0.031,-2.040
-0.031,-2.043
-0.031,-2.043
-0.064,-2.049
-0.053,-2.065
-0.053,-2.040
-0.053,-2.040
-0.065,-2.052
-0.053,-2.040
-0.064,-2.056
-0.065,-2.071
-0.053,-2.084
-0.065,-2.096
-0.064,-2.090
-0.076,-2.106
-0.065,-2.071
-0.065,-2.096
-0.065,-2.102
-0.065,-2.121
-0.054,-2.156
-0.065,-2.162
-0.054,-2.196
-0.053,-2.237
-0.064,-2.261
-0.054,-2.284
-0.053,-2.302
-0.065,-2.339
-0.065,-2.339
-0.076,-2.364
-0.087,-2.380
-0.098,-2.389
-0.087,-2.423
-0.110,-2.427
-0.120,-2.454
-0.110,-2.470
-0.109,-2.489
-0.109,-2.489
-0.098,-2.502
-0.120,-2.516
-0.109,-2.532
-0.120,-2.559
-0.131,-2.550
-0.131,-2.576
-0.131,-2.576
-0.108,-2.598
-0.131,-2.594
-0.142,-2.585
-0.142,-2.610
-0.142,-2.606
-0.154,-2.649
-0.142,-2.654
-0.176,-2.663
-0.176,-2.663
-0.186,-2.664
-0.186,-2.672
-0.198,-2.659
-0.198,-2.663
-0.198,-2.666
-0.209,-2.668
-0.208,-2.672
-0.220,-2.684
-0.231,-2.693
-0.231,-2.719
-0.231,-2.693
-0.242,-2.706
-0.231,-2.693
-0.242,-2.684
-0.253,-2.697
-0.242,-2.680
-0.242,-2.684
-0.264,-2.662
-0.264,-2.680
-0.264,-2.680
-0.275,-2.667
-0.265,-2.688
-0.264,-2.680
-0.264,-2.680
-0.265,-2.688
-0.253,-2.715
-0.254,-2.723
-0.254,-2.723
-0.265,-2.732
-0.265,-2.753
-0.263,-2.742
-0.275,-2.758
-0.264,-2.767
-0.275,-2.737
-0.275,-2.741
-0.264,-2.724
-0.265,-2.732
-0.264,-2.724
-0.286,-2.746
-0.298,-2.762
-0.320,-2.758
-0.331,-2.775
-0.331,-2.793
-0.331,-2.793
-0.320,-2.806
-0.319,-2.798
-0.298,-2.806
-0.297,-2.780
-0.308,-2.764
-0.308,-2.771
-0.307,-2.767
-0.320,-2.762
-0.330,-2.771
-0.318,-2.776
-0.330,-2.789
-0.352,-2.785
-0.331,-2.797
-0.342,-2.788
-0.354,-2.801
-0.364,-2.810
-0.363,-2.801
-0.397,-2.814
-0.441,-2.810
-0.463,-2.806
-0.487,-2.773
-0.497,-2.757
-0.520,-2.760
-0.542,-2.756
-0.564,-2.752
-0.565,-2.760
-0.586,-2.752
-0.599,-2.751
-0.632,-2.759
-0.654,-2.755
-0.655,-2.763
-0.664,-2.764
-0.677,-2.759
-0.687,-2.742
-0.729,-2.756
-0.755,-2.749
-0.765,-2.754
-0.778,-2.771
-0.799,-2.767
-0.831,-2.772
-0.855,-2.780
-0.874,-2.767
-0.887,-2.784
-0.911,-2.744
-0.911,-2.744
-0.913,-2.752
-0.934,-2.744
-0.924,-2.739
-0.912,-2.748
-0.920,-2.749
-0.921,-2.753
-0.930,-2.732
-0.932,-2.740
-0.912,-2.726
-0.934,-2.704
-0.947,-2.721
-0.954,-2.696
-1.001,-2.704
-0.989,-2.691
-1.010,-2.687
-1.035,-2.672
-1.021,-2.652
-1.012,-2.625
-0.991,-2.629
-0.977,-2.631
-0.990,-2.625
-0.954,-2.609
-0.967,-2.625
-0.945,-2.626
-0.954,-2.653
-0.934,-2.682
-0.908,-2.671
-0.934,-2.682
-0.910,-2.679
-0.909,-2.693
-0.866,-2.701
-0.865,-2.675
-0.855,-2.692
-0.846,-2.687
-0.822,-2.683
-0.834,-2.696
-0.796,-2.716
-0.808,-2.728
-0.775,-2.720
-0.775,-2.716
-0.745,-2.719
-0.732,-2.680
-0.721,-2.671
-0.699,-2.693
-0.697,-2.686
-0.687,-2.681
-0.698,-2.668
-0.688,-2.685
-0.676,-2.672
-0.676,-2.672
-0.677,-2.654
-0.653,-2.624
-0.665,-2.593
-0.643,-2.572
-0.609,-2.559
-0.621,-2.532
-0.608,-2.490
-0.609,-2.472
-0.611,-2.432
-0.599,-2.419
-0.588,-2.432
-0.576,-2.416
-0.588,-2.410
-0.555,-2.401
-0.566,-2.388
-0.579,-2.386
-0.565,-2.363
-0.588,-2.366
-0.589,-2.345
-0.599,-2.372
-0.611,-2.366
-0.633,-2.341
-0.633,-2.322
-0.657,-2.326
-0.666,-2.306
-0.701,-2.300
-0.711,-2.262
-0.723,-2.278
-0.747,-2.281
-0.756,-2.265
-0.781,-2.250
-0.779,-2.221
-0.780,-2.224
-0.790,-2.190
-0.800,-2.152
-0.813,-2.124
-0.824,-2.068
-0.836,-2.058
-0.825,-2.006
-0.823,-1.978
-0.825,-1.940
-0.790,-1.903
-0.779,-1.872
-0.757,-1.810
-0.757,-1.742
-0.760,-1.728
-0.793,-1.693
-0.805,-1.683
-0.804,-1.659
-0.823,-1.651
-0.825,-1.656
-0.835,-1.663
-0.836,-1.688
-0.837,-1.668
-0.814,-1.666
-0.816,-1.715
-0.802,-1.719
-0.780,-1.741
-0.792,-1.756
-0.779,-1.760
-0.770,-1.800
-0.758,-1.788
-0.735,-1.810
-0.735,-1.810
-0.723,-1.839
-0.713,-1.876
-0.722,-1.860
-0.724,-1.907
-0.735,-1.897
-0.756,-1.913
-0.758,-1.919
-0.767,-1.904
-0.780,-1.919
-0.791,-1.906
-0.799,-1.910
-0.803,-1.921
-0.824,-1.918
-0.803,-1.943
-0.804,-1.968
-0.823,-1.981
-0.847,-1.984
-0.846,-2.002
-0.879,-2.012
-0.891,-2.002
-0.922,-1.965
-0.938,-1.964
-0.937,-1.983
-0.982,-1.982
-1.003,-1.982
-1.034,-1.985
-1.059,-1.969
-1.070,-1.957
-1.106,-1.950
-1.117,-1.940
-1.149,-1.925
-1.151,-1.950
-1.159,-1.934
-1.170,-1.922
-1.161,-1.915
-1.182,-1.912
-1.173,-1.906
-1.159,-1.891
-1.159,-1.891
-1.161,-1.915
-1.170,-1.900
-1.149,-1.903
-1.147,-1.879
-1.160,-1.847
-1.140,-1.831
-1.149,-1.816
-1.130,-1.778
-1.141,-1.765
-1.173,-1.753
-1.163,-1.743
-1.183,-1.716
-1.174,-1.731
-1.183,-1.716
-1.184,-1.697
-1.164,-1.678
-1.152,-1.687
-1.131,-1.712
-1.117,-1.719
-1.116,-1.738
-1.116,-1.739
-1.114,-1.758
-1.096,-1.766
-1.117,-1.763
-1.105,-1.795
-1.094,-1.785
-1.126,-1.792
-1.094,-1.807
-1.093,-1.804
-1.114,-1.801
-1.139,-1.785
-1.148,-1.770
-1.172,-1.772
-1.217,-1.772
-1.217,-1.772
-1.262,-1.771
-1.259,-1.766
-1.319,-1.761
-1.341,-1.739
-1.365,-1.742
-1.379,-1.735
-1.410,-1.741
-1.433,-1.763
-1.441,-1.748
-1.460,-1.764
-1.474,-1.757
-1.482,-1.742
-1.487,-1.728
-1.508,-1.725
-1.542,-1.737
-1.554,-1.728
-1.583,-1.710
-1.601,-1.708
-1.599,-1.684
-1.601,-1.708
-1.591,-1.721
-1.575,-1.725
-1.589,-1.740
-1.587,-1.737
-1.575,-1.725
-1.587,-1.737
-1.583,-1.710
-1.577,-1.706
-1.575,-1.681
-1.585,-1.669
-1.577,-1.662
-1.551,-1.679
-1.542,-1.694
-1.518,-1.691
-1.518,-1.691
-1.489,-1.709
-1.477,-1.697
-1.458,-1.724
-1.446,-1.756
-1.430,-1.804
-1.440,-1.813
-1.402,-1.839
-1.406,-1.845
-1.383,-1.823
-1.363,-1.826
-1.342,-1.829
-1.340,-1.848
-1.318,-1.870
-1.306,-1.880
-1.292,-1.887
-1.273,-1.871
-1.249,-1.868
-1.240,-1.883
-1.218,-1.905
-1.194,-1.903
-1.171,-1.925
-1.147,-1.922
-1.138,-1.938
-1.116,-1.916
-1.115,-1.935
-1.106,-1.950
-1.091,-1.932
-1.082,-1.947
-1.059,-1.969
-1.057,-1.964
-1.036,-1.967
-1.014,-1.967
-1.016,-1.973
-0.995,-1.976
-0.983,-1.964
-0.984,-1.989
-0.946,-1.989
-0.948,-1.970
-0.936,-1.980
-0.936,-1.980
-0.926,-1.974
-0.914,-1.958
-0.938,-1.964
-0.926,-1.974
-0.936,-1.980
-0.937,-1.983
-0.935,-1.955
-0.937,-1.961
-0.960,-1.939
-0.948,-1.927
-0.983,-1.942
-0.959,-1.914
-0.982,-1.917
-0.994,-1.907
-0.991,-1.902
-1.004,-1.917
-1.005,-1.895
-1.027,-1.916
-1.049,-1.916
-1.058,-1.945
-1.062,-1.931
-1.058,-1.945
-1.059,-1.969
-1.059,-1.969
-1.070,-1.979
-1.062,-1.975
-1.062,-1.975
-1.041,-1.978
-1.050,-1.985
-1.059,-2.013
-1.059,-2.013
-1.056,-1.985
-1.070,-1.979
-1.071,-1.960
-1.082,-1.947
-1.095,-1.963
-1.082,-1.947
-1.082,-1.947
-1.104,-1.925
-1.125,-1.922
-1.140,-1.919
-1.149,-1.881
-1.152,-1.887
-1.152,-1.887
-1.172,-1.903
-1.175,-1.909
-1.159,-1.891
-1.161,-1.872
-1.173,-1.884
-1.173,-1.884
-1.185,-1.896
-1.172,-1.903
-1.194,-1.925
-1.184,-1.915
-1.182,-1.912
-1.183,-1.937
-1.192,-1.943
-1.196,-1.949
-1.174,-1.952
-1.173,-1.971
-1.174,-1.996
-1.171,-1.990
-1.173,-2.015
-1.161,-2.024
-1.181,-2.040
-1.184,-2.046
-1.148,-2.009
-1.150,-1.990
-1.129,-1.994
-1.126,-1.988
-1.118,-1.984
-1.128,-1.991
-1.115,-2.022
-1.094,-2.025
-1.071,-2.022
-1.051,-2.051
-1.025,-2.066
-1.027,-2.091
-1.004,-2.113
-0.991,-2.141
-0.994,-2.148
-0.946,-2.142
-0.924,-2.164
-0.936,-2.154
-0.924,-2.164
-0.893,-2.183
-0.880,-2.189
-0.880,-2.233
-0.858,-2.255
-0.869,-2.242
-0.860,-2.262
-0.859,-2.236
-0.872,-2.230
-0.881,-2.214
-0.868,-2.217
-0.880,-2.233
-0.879,-2.251
-0.879,-2.252
-0.892,-2.245
-0.900,-2.248
-0.903,-2.255
-0.903,-2.255
-0.903,-2.255
-0.903,-2.258
-0.913,-2.242
-0.914,-2.245
-0.903,-2.211
-0.925,-2.232
-0.938,-2.226
-0.936,-2.220
-0.926,-2.214
-0.937,-2.201
-0.926,-2.214
-0.937,-2.201
-0.935,-2.195
-0.949,-2.214
-0.958,-2.198
-0.969,-2.207
-0.958,-2.242
-0.969,-2.229
-0.961,-2.248
-0.961,-2.251
-0.951,-2.264
-0.939,-2.273
-0.946,-2.273
-0.937,-2.289
-0.924,-2.294
-0.924,-2.295
-0.927,-2.279
-0.914,-2.267
-0.938,-2.270
-0.925,-2.276
-0.913,-2.286
-0.914,-2.289
-0.902,-2.298
-0.893,-2.314
-0.881,-2.302
-0.892,-2.333
-0.847,-2.333
-0.845,-2.326
-0.847,-2.333
-0.823,-2.330
-0.823,-2.330
-0.835,-2.342
-0.812,-2.339
-0.803,-2.359
-0.778,-2.374
-0.767,-2.383
-0.756,-2.396
-0.721,-2.402
-0.724,-2.391
-0.713,-2.381
-0.702,-2.394
-0.702,-2.394
-0.700,-2.431
-0.700,-2.431
-0.700,-2.406
-0.711,-2.393
-0.701,-2.391
-0.701,-2.387
-0.713,-2.403
-0.689,-2.400
-0.712,-2.422
-0.689,-2.444
-0.688,-2.437
-0.689,-2.444
-0.666,-2.444
-0.689,-2.444
-0.701,-2.435
-0.699,-2.428
-0.722,-2.431
-0.722,-2.431
-0.733,-2.440
-0.746,-2.434
-0.766,-2.449
-0.768,-2.456
-0.778,-2.461
-0.789,-2.470
-0.812,-2.474
-0.811,-2.492
-0.836,-2.524
-0.848,-2.515
-0.857,-2.521
-0.848,-2.537
-0.856,-2.539
-0.856,-2.539
-0.834,-2.517
-0.834,-2.517
-0.825,-2.534
-0.811,-2.514
-0.835,-2.539
-0.811,-2.539
-0.833,-2.539
-0.824,-2.556
-0.856,-2.539
-0.847,-2.534
-0.846,-2.508
-0.855,-2.514
-0.856,-2.495
-0.867,-2.504
-0.880,-2.499
-0.868,-2.486
-0.901,-2.495
-0.891,-2.508
-0.912,-2.504
-0.914,-2.511
-0.912,-2.504
-0.923,-2.491
-0.936,-2.485
-0.912,-2.460
-0.926,-2.480
-0.916,-2.471
-0.924,-2.473
-0.937,-2.467
-0.933,-2.456
-0.924,-2.473
-0.935,-2.460
-0.935,-2.460
-0.925,-2.454
-0.934,-2.438
-0.925,-2.455
-0.936,-2.464
-0.946,-2.472
-0.937,-2.489
-0.934,-2.482
-0.958,-2.485
-0.935,-2.464
-0.946,-2.473
-0.957,-2.464
-0.956,-2.482
-0.946,-2.473
-0.946,-2.473
-0.935,-2.485
-0.948,-2.502
-0.934,-2.504
-0.946,-2.520
-0.924,-2.542
-0.911,-2.548
-0.945,-2.538
-0.932,-2.522
-0.924,-2.498
-0.937,-2.492
-0.925,-2.480
-0.937,-2.493
-0.945,-2.491
-0.945,-2.495
-0.946,-2.473
-0.955,-2.456
-0.959,-2.445
-0.958,-2.420
-0.959,-2.401
-0.970,-2.389
-0.967,-2.382
-0.980,-2.398
-0.980,-2.397
-0.981,-2.423
-0.981,-2.423
-1.002,-2.419
-1.004,-2.401
-1.001,-2.394
-1.014,-2.410
-1.002,-2.397
-1.013,-2.385
-1.026,-2.379
-1.024,-2.372
-1.037,-2.388
-1.037,-2.388
-1.046,-2.372
-1.048,-2.379
-1.045,-2.368
-1.048,-2.375
-1.038,-2.369
-1.047,-2.375
-1.039,-2.395
-1.037,-2.388
-1.026,-2.401
-1.014,-2.410
-0.989,-2.425
-0.992,-2.432
-0.989,-2.425
-0.969,-2.410
-0.969,-2.410
-0.945,-2.407
-0.947,-2.433
-0.934,-2.416
-0.935,-2.398
-0.937,-2.402
-0.924,-2.407
-0.937,-2.405
-0.913,-2.398
-0.902,-2.411
-0.902,-2.411
-0.900,-2.404
-0.892,-2.402
-0.890,-2.395
-0.880,-2.433
-0.880,-2.433
-0.877,-2.448
-0.880,-2.477
-0.854,-2.470
-0.878,-2.495
-0.868,-2.508
-0.856,-2.517
-0.837,-2.528
-0.847,-2.537
-0.846,-2.556
-0.846,-2.577
-0.832,-2.601
-0.822,-2.592
-0.809,-2.598
-0.800,-2.596
-0.789,-2.609
-0.789,-2.605
-0.779,-2.644
-0.721,-2.671
-0.733,-2.684
-0.722,-2.697
-0.698,-2.711
-0.722,-2.697
-0.710,-2.681
-0.722,-2.697
-0.722,-2.697
-0.710,-2.680
-0.733,-2.684
-0.720,-2.689
-0.744,-2.693
-0.745,-2.719
-0.766,-2.715
-0.768,-2.722
-0.777,-2.723
-0.787,-2.733
-0.777,-2.749
-0.799,-2.745
-0.790,-2.744
-0.779,-2.735
-0.767,-2.744
-0.779,-2.757
-0.776,-2.767
-0.789,-2.784
-0.765,-2.776
-0.787,-2.798
-0.777,-2.793
-0.754,-2.789
-0.756,-2.797
-0.732,-2.793
-0.721,-2.802
-0.711,-2.798
-0.687,-2.790
-0.711,-2.776
-0.700,-2.785
-0.699,-2.759
-0.722,-2.763
-0.698,-2.755
-0.723,-2.763
-0.711,-2.750
-0.711,-2.750
-0.711,-2.750
-0.710,-2.768
-0.733,-2.772
-0.721,-2.759
-0.733,-2.772
-0.721,-2.759
-0.743,-2.755
-0.744,-2.763
-0.732,-2.750
-0.745,-2.744
-0.757,-2.735
-0.755,-2.724
-0.768,-2.722
-0.754,-2.702
-0.765,-2.689
-0.767,-2.697
-0.755,-2.680
-0.779,-2.644
-0.777,-2.636
-0.777,-2.658
-0.767,-2.653
-0.765,-2.645
-0.779,-2.644
-0.778,-2.618
-0.767,-2.653
-0.768,-2.635
-0.777,-2.636
-0.790,-2.631
-0.744,-2.605
-0.778,-2.596
-0.756,-2.578
-0.765,-2.558
-0.767,-2.565
-0.767,-2.540
-0.756,-2.531
-0.746,-2.525
-0.721,-2.515
-0.734,-2.509
-0.723,-2.500
-0.701,-2.478
-0.681,-2.489
-0.656,-2.479
-0.657,-2.486
-0.634,-2.479
-0.611,-2.476
-0.577,-2.489
-0.544,-2.476
-0.500,-2.484
-0.465,-2.468
-0.443,-2.468
-0.456,-2.462
-0.465,-2.464
-0.466,-2.471
-0.477,-2.480
-0.487,-2.489
-0.544,-2.505
-0.577,-2.507
-0.610,-2.519
-0.622,-2.506
-0.644,-2.532
-0.657,-2.526
-0.666,-2.528
-0.679,-2.522
-0.700,-2.518
-0.723,-2.540
-0.712,-2.535
-0.721,-2.536
-0.733,-2.549
-0.723,-2.544
-0.746,-2.522
-0.747,-2.529
-0.769,-2.525
-0.746,-2.547
-0.757,-2.556
-0.732,-2.571
-0.734,-2.575
-0.720,-2.555
-0.712,-2.579
-0.690,-2.557
-0.667,-2.553
-0.657,-2.570
-0.643,-2.550
-0.645,-2.554
-0.633,-2.541
-0.622,-2.532
-0.635,-2.526
-0.655,-2.519
-0.656,-2.544
-0.656,-2.544
-0.666,-2.550
-0.668,-2.557
-0.654,-2.537
-0.689,-2.531
-0.679,-2.566
-0.690,-2.553
-0.690,-2.557
-0.665,-2.568
-0.689,-2.575
-0.689,-2.575
-0.689,-2.575
-0.703,-2.551
-0.702,-2.569
-0.701,-2.591
-0.723,-2.587
-0.721,-2.624
-0.722,-2.606
-0.733,-2.592
-0.723,-2.587
-0.723,-2.587
-0.711,-2.571
-0.712,-2.578
-0.699,-2.602
-0.678,-2.632
-0.667,-2.623
-0.654,-2.628
-0.634,-2.658
-0.632,-2.650
-0.621,-2.685
-0.621,-2.685
-0.609,-2.668
-0.600,-2.667
-0.587,-2.672
-0.588,-2.676
-0.589,-2.680
-0.553,-2.682
-0.576,-2.686
-0.586,-2.669
-0.566,-2.676
-0.566,-2.680
-0.577,-2.667
-0.567,-2.684
-0.566,-2.676
-0.600,-2.689
-0.588,-2.676
-0.563,-2.665
-0.565,-2.651
-0.554,-2.620
-0.577,-2.623
-0.544,-2.615
-0.531,-2.616
-0.532,-2.624
-0.531,-2.616
-0.532,-2.598
-0.521,-2.589
-0.498,-2.586
-0.487,-2.580
-0.475,-2.564
-0.476,-2.586
-0.465,-2.581
-0.464,-2.573
-0.476,-2.590
-0.452,-2.561
-0.454,-2.568
-0.454,-2.568
-0.452,-2.561
-0.454,-2.568
-0.453,-2.542
-0.454,-2.524
-0.466,-2.519
-0.465,-2.511
-0.466,-2.519
-0.465,-2.511
-0.453,-2.499
-0.487,-2.489
-0.498,-2.454
-0.500,-2.462
-0.499,-2.436
-0.499,-2.436
-0.500,-2.418
-0.498,-2.411
-0.511,-2.405
-0.510,-2.398
-0.499,-2.392
-0.510,-2.383
-0.498,-2.367
-0.500,-2.374
-0.522,-2.370
-0.522,-2.370
-0.533,-2.358
-0.555,-2.354
-0.556,-2.361
-0.545,-2.326
-0.545,-2.330
-0.533,-2.314
-0.555,-2.288
-0.557,-2.277
-0.522,-2.261
-0.524,-2.268
-0.535,-2.255
-0.534,-2.248
-0.545,-2.261
-0.521,-2.254
-0.544,-2.214
-0.546,-2.198
-0.533,-2.139
-0.535,-2.123
-0.534,-2.077
-0.534,-2.033
-0.535,-2.014
-0.546,-1.976
-0.558,-1.948
-0.569,-1.914
-0.592,-1.870
-0.581,-1.838
-0.569,-1.823
-0.580,-1.814
-0.557,-1.792
-0.546,-1.802
-0.546,-1.805
-0.534,-1.833
-0.536,-1.839
-0.535,-1.858
-0.534,-1.877
-0.512,-1.877
-0.523,-1.886
-0.502,-1.871
-0.480,-1.874
-0.480,-1.874
-0.469,-1.864
-0.467,-1.856
-0.479,-1.849
-0.467,-1.834
-0.501,-1.821
-0.491,-1.793
-0.490,-1.768
-0.491,-1.774
-0.502,-1.783
-0.491,-1.793
-0.514,-1.795
-0.478,-1.799
-0.457,-1.827
-0.467,-1.834
-0.456,-1.803
-0.457,-1.805
-0.445,-1.812
-0.469,-1.839
-0.457,-1.824
-0.445,-1.834
-0.435,-1.827
-0.434,-1.822
-0.424,-1.840
-0.411,-1.847
-0.399,-1.875
-0.378,-1.859
-0.389,-1.847
-0.368,-1.856
-0.368,-1.855
-0.356,-1.884
-0.356,-1.903
-0.366,-1.907
-0.367,-1.913
-0.367,-1.913
-0.378,-1.900
-0.390,-1.871
-0.389,-1.866
-0.401,-1.884
-0.389,-1.891
-0.411,-1.887
-0.423,-1.903
-0.445,-1.897
-0.468,-1.880
-0.480,-1.871
-0.502,-1.892
-0.525,-1.870
-0.523,-1.865
-0.535,-1.880
-0.557,-1.877
-0.591,-1.886
-0.603,-1.857
-0.614,-1.845
-0.637,-1.847
-0.636,-1.845
-0.670,-1.835
-0.660,-1.828
-0.672,-1.837
-0.672,-1.840
-0.695,-1.862
-0.714,-1.875
-0.737,-1.878
-0.735,-1.872
-0.726,-1.888
-0.726,-1.887
-0.726,-1.888
-0.716,-1.881
-0.726,-1.887
-0.727,-1.869
-0.727,-1.868
-0.726,-1.888
-0.704,-1.891
-0.703,-1.866
-0.704,-1.891
-0.671,-1.903
-0.658,-1.910
-0.626,-1.947
-0.635,-1.951
-0.613,-1.954
-0.602,-1.964
-0.602,-1.964
-0.558,-1.970
-0.557,-1.964
-0.546,-1.974
-0.523,-1.955
-0.513,-1.946
-0.480,-1.939
-0.480,-1.914
-0.458,-1.939
-0.446,-1.927
-0.446,-1.943
-0.458,-1.912
-0.457,-1.887
-0.470,-1.839
-0.458,-1.805
-0.458,-1.805
-0.448,-1.796
-0.436,-1.781
-0.436,-1.784
-0.425,-1.793
-0.402,-1.815
-0.403,-1.840
-0.368,-1.847
-0.346,-1.872
-0.312,-1.884
-0.289,-1.901
-0.256,-1.916
-0.244,-1.901
-0.244,-1.926
-0.244,-1.926
-0.244,-1.945
-0.245,-1.951
-0.255,-1.979
-0.255,-2.023
-0.232,-2.045
-0.232,-2.045
-0.244,-2.085
-0.244,-2.104
-0.255,-2.138
-0.266,-2.170
-0.265,-2.207
-0.265,-2.232
-0.275,-2.235
-0.288,-2.229
-0.299,-2.244
-0.287,-2.250
-0.276,-2.266
-0.287,-2.294
-0.298,-2.307
-0.320,-2.307
-0.332,-2.294
-0.366,-2.287
-0.343,-2.284
-0.377,-2.297
-0.389,-2.265
-0.409,-2.259
-0.445,-2.256
-0.455,-2.240
-0.489,-2.230
-0.500,-2.239
-0.521,-2.211
-0.534,-2.208
-0.545,-2.195
-0.533,-2.227
-0.544,-2.236
-0.565,-2.232
-0.557,-2.255
-0.558,-2.236
-0.581,-2.239
-0.591,-2.223
-0.600,-2.248
-0.624,-2.251
-0.633,-2.253
-0.634,-2.235
-0.635,-2.241
-0.634,-2.216
-0.636,-2.223
-0.646,-2.185
-0.657,-2.194
-0.668,-2.181
-0.657,-2.191
-0.658,-2.197
-0.668,-2.182
-0.669,-2.163
-0.670,-2.188
-0.668,-2.181
-0.670,-2.188
-0.668,-2.181
-0.691,-2.185
-0.692,-2.166
-0.701,-2.169
-0.715,-2.144
-0.736,-2.140
-0.748,-2.128
-0.770,-2.106
-0.759,-2.071
-0.784,-2.037
-0.774,-2.027
-0.774,-2.027
-0.751,-2.027
-0.748,-2.040
-0.715,-2.053
-0.725,-2.059
-0.702,-2.081
-0.682,-2.066
-0.680,-2.060
-0.659,-2.044
-0.658,-2.019
-0.637,-2.019
-0.604,-2.013
-0.580,-2.007
-0.559,-1.992
-0.525,-1.980
-0.514,-1.970
-0.492,-1.948
-0.490,-1.918
-0.458,-1.912
-0.480,-1.865
-0.481,-1.824
-0.471,-1.795
-0.459,-1.737
-0.449,-1.711
-0.437,-1.715
-0.425,-1.703
-0.414,-1.696
-0.391,-1.694
-0.381,-1.711
-0.381,-1.711
-0.358,-1.733
-0.347,-1.746
-0.346,-1.760
-0.323,-1.782
-0.323,-1.782
-0.278,-1.782
-0.279,-1.788
-0.267,-1.795
-0.245,-1.819
-0.222,-1.817
-0.211,-1.829
-0.189,-1.854
-0.166,-1.849
-0.155,-1.864
-0.144,-1.874
-0.155,-1.883
-0.144,-1.874
-0.155,-1.880
-0.144,-1.898
-0.132,-1.905
-0.143,-1.936
-0.144,-1.917
-0.132,-1.927
-0.132,-1.927
-0.132,-1.927
-0.121,-1.915
-0.110,-1.908
-0.087,-1.905
-0.076,-1.902
-0.042,-1.912
-0.076,-1.940
-0.042,-1.949
-0.042,-1.944
-0.042,-1.931
-0.054,-1.918
-0.065,-1.881
-0.054,-1.877
-0.054,-1.847
-0.054,-1.852
-0.054,-1.850
-0.077,-1.849
-0.065,-1.843
-0.065,-1.837
-0.054,-1.833
-0.065,-1.843
-0.065,-1.862
-0.065,-1.887
-0.077,-1.893
-0.076,-1.896
-0.087,-1.902
-0.076,-1.915
-0.076,-1.921
-0.087,-1.924
-0.087,-1.930
-0.099,-1.918
-0.087,-1.927
-0.065,-1.933
-0.087,-1.930
-0.087,-1.955
-0.075,-1.962
-0.087,-1.946
-0.076,-1.940
-0.087,-1.924
-0.087,-1.930
-0.099,-1.918
-0.109,-1.927
-0.110,-1.930
-0.110,-1.924
-0.109,-1.927
-0.121,-1.917
-0.144,-1.917
-0.132,-1.930
-0.143,-1.936
-0.155,-1.951
-0.165,-1.961
-0.132,-1.967
-0.154,-1.973
-0.154,-1.967
-0.176,-1.970
-0.187,-1.980
-0.199,-1.992
-0.198,-1.995
-0.198,-1.986
-0.232,-2.004
-0.244,-2.016
-0.255,-2.004
-0.267,-2.000
-0.289,-1.991
-0.322,-2.003
-0.345,-1.981
-0.366,-1.953
-0.390,-1.937
-0.401,-1.900
-0.413,-1.896
-0.402,-1.862
-0.413,-1.871
-0.424,-1.861
-0.423,-1.834
-0.436,-1.827
-0.413,-1.827
-0.424,-1.815
-0.391,-1.811
-0.368,-1.828
-0.368,-1.828
-0.368,-1.828
-0.356,-1.835
-0.335,-1.840
-0.334,-1.835
-0.334,-1.860
-0.312,-1.863
-0.311,-1.901
-0.301,-1.916
-0.288,-1.942
-0.289,-1.972
-0.267,-1.994
-0.256,-2.029
-0.256,-2.079
-0.255,-2.091
-0.232,-2.113
-0.221,-2.145
-0.209,-2.148
-0.199,-2.145
-0.187,-2.158
-0.198,-2.167
-0.165,-2.155
-0.153,-2.164
-0.165,-2.180
-0.153,-2.164
-0.131,-2.192
-0.131,-2.192
-0.142,-2.177
-0.120,-2.180
-0.097,-2.199
-0.109,-2.189
-0.097,-2.158
-0.098,-2.155
-0.109,-2.149
-0.098,-2.130
-0.086,-2.124
-0.086,-2.124
-0.075,-2.108
-0.086,-2.080
-0.075,-2.046
-0.064,-2.040
-0.076,-1.989
-0.088,-1.977
-0.076,-1.989
-0.087,-1.949
-0.110,-1.949
-0.099,-1.915
-0.121,-1.914
-0.110,-1.911
-0.099,-1.896
-0.099,-1.899
-0.088,-1.908
-0.076,-1.934
-0.076,-1.965
-0.053,-1.962
-0.053,-2.006
-0.031,-2.031
-0.019,-2.056
-0.008,-2.094
-0.019,-2.143
 0.003,-2.165
-0.008,-2.181
 0.004,-2.209
-0.019,-2.193
-0.008,-2.181
 0.003,-2.190
-0.019,-2.187
-0.030,-2.196
-0.019,-2.194
-0.019,-2.168
-0.042,-2.196
-0.042,-2.152
-0.042,-2.171
-0.064,-2.193
-0.064,-2.187
-0.064,-2.187
-0.064,-2.212
-0.064,-2.186
-0.076,-2.180
-0.064,-2.168
-0.064,-2.168
-0.064,-2.168
-0.064,-2.143
-0.075,-2.158
-0.064,-2.149
-0.076,-2.137
-0.075,-2.140
-0.064,-2.121
-0.064,-2.127
-0.041,-2.124
-0.053,-2.137
-0.064,-2.105
-0.053,-2.130
-0.042,-2.128
-0.042,-2.127
-0.042,-2.121
-0.041,-2.149
-0.030,-2.134
-0.019,-2.150
-0.019,-2.128
-0.030,-2.140
-0.008,-2.140
-0.008,-2.131
-0.019,-2.125
 0.003,-2.122
 0.003,-2.103
 0.014,-2.075
 0.014,-2.069
 0.014,-2.053
 0.014,-2.028
 0.014,-2.006
 0.025,-2.019
 0.036,-2.003
 0.036,-1.990
 0.048,-1.997
 0.048,-1.997
 0.048,-1.997
 0.059,-2.000
 0.059,-2.006
 0.070,-1.994
 0.081,-2.004
 0.081,-2.010
 0.115,-2.013
 0.093,-2.022
 0.104,-2.007
 0.104,-2.001
 0.104,-2.007
 0.104,-1.982
 0.104,-1.988
 0.104,-1.969
 0.104,-1.969
 0.092,-1.956
 0.081,-1.960
 0.070,-1.972
 0.059,-1.957
 0.048,-1.947
 0.058,-1.919
 0.047,-1.903
 0.047,-1.909
 0.058,-1.919
 0.058,-1.919
 0.058,-1.900
 0.047,-1.862
 0.058,-1.878
 0.070,-1.863
 0.081,-1.853
 0.070,-1.844
 0.070,-1.838
 0.058,-1.831
 0.047,-1.800
 0.058,-1.788
 0.047,-1.778
 0.047,-1.773
 0.024,-1.778
 0.024,-1.775
 0.036,-1.782
 0.047,-1.753
 0.024,-1.731
 0.024,-1.717
 0.024,-1.717
 0.036,-1.724
 0.047,-1.734
 0.013,-1.716
 0.024,-1.731
 0.013,-1.719
 0.013,-1.700
 0.013,-1.702
 0.013,-1.697
 0.024,-1.712
 0.024,-1.712
 0.013,-1.722
 0.024,-1.737
 0.024,-1.731
 0.013,-1.743
 0.002,-1.734
-0.010,-1.765
-0.010,-1.746
 0.001,-1.706
-0.021,-1.712
-0.021,-1.665
-0.044,-1.662
-0.044,-1.624
-0.044,-1.643
-0.044,-1.624
-0.044,-1.624
-0.043,-1.621
-0.044,-1.624
-0.033,-1.633
-0.044,-1.629
-0.011,-1.617
-0.011,-1.612
-0.010,-1.615
-0.011,-1.607
 0.001,-1.600
 0.012,-1.568
 0.012,-1.568
 0.046,-1.562
 0.057,-1.545
 0.057,-1.550
 0.068,-1.540
 0.057,-1.547
 0.057,-1.528
 0.079,-1.501
 0.102,-1.504
 0.090,-1.472
 0.112,-1.446
 0.101,-1.397
 0.100,-1.351
 0.112,-1.343
 0.112,-1.319
 0.112,-1.295
 0.134,-1.278
 0.123,-1.263
 0.123,-1.287
 0.123,-1.287
 0.112,-1.275
 0.135,-1.280
 0.146,-1.290
 0.157,-1.304
 0.146,-1.312
 0.168,-1.329
 0.179,-1.342
 0.179,-1.337
 0.225,-1.342
 0.259,-1.332
 0.269,-1.318
 0.304,-1.313
 0.314,-1.319
 0.326,-1.311
 0.337,-1.299
 0.337,-1.319
 0.349,-1.289
 0.371,-1.287
 0.360,-1.278
 0.349,-1.268
 0.371,-1.242
 0.394,-1.224
 0.393,-1.200
 0.371,-1.202
 0.383,-1.214
 0.382,-1.212
 0.406,-1.217
 0.382,-1.210
 0.405,-1.232
 0.394,-1.244
 0.405,-1.256
 0.406,-1.238
 0.417,-1.226
 0.429,-1.239
 0.428,-1.258
 0.427,-1.276
 0.438,-1.264
 0.426,-1.252
 0.427,-1.232
 0.439,-1.225
 0.428,-1.191
 0.429,-1.195
 0.450,-1.169
 0.428,-1.171
 0.439,-1.159
 0.416,-1.177
 0.417,-1.179
 0.427,-1.167
 0.428,-1.169
 0.439,-1.179
 0.450,-1.187
 0.462,-1.203
 0.462,-1.223
 0.451,-1.213
 0.463,-1.247
 0.462,-1.223
 0.463,-1.247
 0.472,-1.253
 0.473,-1.276
 0.485,-1.291
 0.474,-1.302
 0.464,-1.297
 0.440,-1.314
 0.440,-1.334
 0.428,-1.366
 0.394,-1.349
 0.394,-1.353
 0.394,-1.329
 0.406,-1.322
 0.417,-1.312
 0.406,-1.298
 0.406,-1.302
 0.406,-1.298
 0.417,-1.332
 0.417,-1.332
 0.416,-1.351
 0.429,-1.368
 0.418,-1.378
 0.407,-1.414
 0.407,-1.414
 0.383,-1.409
 0.385,-1.435
 0.372,-1.438
 0.361,-1.448
 0.361,-1.472
 0.338,-1.469
 0.350,-1.484
 0.372,-1.462
 0.372,-1.508
 0.384,-1.521
 0.395,-1.509
 0.407,-1.499
 0.407,-1.499
 0.428,-1.516
 0.406,-1.518
 0.417,-1.482
 0.407,-1.479
 0.406,-1.455
 0.406,-1.455
 0.406,-1.455
 0.405,-1.426
 0.395,-1.441
 0.395,-1.441
 0.384,-1.433
 0.384,-1.411
 0.383,-1.407
 0.384,-1.411
 0.383,-1.383
 0.383,-1.407
 0.395,-1.375
 0.405,-1.361
 0.395,-1.356
 0.406,-1.320
 0.430,-1.302
 0.430,-1.282
 0.440,-1.286
 0.452,-1.300
 0.451,-1.276
 0.464,-1.293
 0.475,-1.263
 0.475,-1.281
 0.453,-1.305
 0.441,-1.334
 0.429,-1.342
 0.441,-1.354
 0.428,-1.361
 0.429,-1.366
 0.451,-1.364
 0.418,-1.375
 0.452,-1.388
 0.429,-1.385
 0.430,-1.390
 0.429,-1.366
 0.429,-1.366
 0.407,-1.368
 0.417,-1.329
 0.407,-1.324
 0.395,-1.310
 0.384,-1.298
 0.396,-1.290
 0.373,-1.288
 0.385,-1.280
 0.373,-1.288
 0.373,-1.288
 0.384,-1.302
 0.384,-1.295
 0.362,-1.300
 0.385,-1.300
 0.374,-1.290
 0.375,-1.294
 0.362,-1.301
 0.340,-1.304
 0.339,-1.299
 0.339,-1.319
 0.328,-1.311
 0.316,-1.317
 0.329,-1.333
 0.340,-1.343
