-0.541,-4.541
-0.549,-4.554
-0.549,-4.564
-0.549,-4.564
-0.549,-4.583
-0.534,-4.561
-0.534,-4.579
-0.526,-4.566
-0.526,-4.570
-0.528,-4.560
-0.519,-4.561
-0.506,-4.555
-0.498,-4.527
-0.505,-4.522
-0.505,-4.512
-0.512,-4.484
-0.505,-4.479
-0.497,-4.452
-0.498,-4.442
-0.491,-4.412
-0.490,-4.390
-0.490,-4.408
-0.504,-4.386
-0.527,-4.384
-0.534,-4.379
-0.563,-4.361
-0.579,-4.347
-0.586,-4.338
-0.593,-4.329
-0.593,-4.315
-0.599,-4.294
-0.606,-4.289
-0.606,-4.271
-0.592,-4.264
-0.607,-4.268
-0.614,-4.227
-0.616,-4.209
-0.607,-4.179
-0.599,-4.159
-0.607,-4.154
-0.620,-4.146
-0.621,-4.154
-0.621,-4.153
-0.613,-4.145
-0.614,-4.134
-0.620,-4.121
-0.621,-4.111
-0.627,-4.098
-0.620,-4.079
-0.628,-4.063
-0.627,-4.027
-0.614,-3.991
-0.605,-3.936
-0.605,-3.883
-0.598,-3.835
-0.604,-3.776
-0.613,-3.749
-0.619,-3.737
-0.620,-3.754
-0.627,-3.766
-0.634,-3.797
-0.649,-3.843
-0.670,-3.873
-0.693,-3.925
-0.700,-3.944
-0.714,-3.969
-0.736,-3.996
-0.743,-4.011
-0.766,-4.024
-0.759,-4.033
-0.758,-4.043
-0.774,-4.075
-0.780,-4.063
-0.788,-4.061
-0.774,-4.075
-0.765,-4.074
-0.759,-4.104
-0.737,-4.077
-0.736,-4.074
-0.722,-4.049
-0.685,-4.026
-0.671,-4.034
-0.656,-4.044
-0.642,-4.048
-0.629,-4.041
-0.620,-4.043
-0.591,-4.061
-0.568,-4.074
-0.546,-4.090
-0.539,-4.099
-0.525,-4.071
-0.518,-4.040
-0.511,-4.035
-0.489,-4.041
-0.481,-4.046
-0.473,-4.048
-0.474,-4.044
-0.460,-4.030
-0.452,-4.011
-0.445,-4.002
-0.444,-3.977
-0.422,-3.990
-0.421,-3.986
-0.436,-3.986
-0.430,-4.002
-0.437,-4.004
-0.437,-4.011
-0.436,-4.015
-0.444,-4.052
-0.444,-4.070
-0.451,-4.071
-0.460,-4.091
-0.452,-4.107
-0.452,-4.132
-0.467,-4.164
-0.466,-4.185
-0.481,-4.221
-0.466,-4.217
-0.474,-4.226
-0.459,-4.255
-0.451,-4.271
-0.437,-4.289
-0.451,-4.314
-0.444,-4.337
-0.452,-4.364
-0.459,-4.351
-0.453,-4.382
-0.459,-4.380
-0.452,-4.385
-0.467,-4.407
-0.466,-4.399
-0.445,-4.427
-0.452,-4.432
-0.452,-4.446
-0.444,-4.465
-0.465,-4.473
-0.481,-4.503
-0.488,-4.508
-0.489,-4.526
-0.497,-4.539
-0.504,-4.540
-0.504,-4.558
-0.474,-4.565
-0.481,-4.584
-0.481,-4.584
-0.473,-4.571
-0.445,-4.569
-0.438,-4.575
-0.423,-4.575
-0.423,-4.565
-0.415,-4.562
-0.438,-4.561
-0.416,-4.551
-0.401,-4.556
-0.409,-4.550
-0.415,-4.547
-0.408,-4.561
-0.415,-4.562
-0.430,-4.576
-0.415,-4.584
-0.415,-4.590
-0.423,-4.618
-0.423,-4.617
-0.430,-4.623
-0.423,-4.618
-0.415,-4.619
-0.423,-4.618
-0.416,-4.623
-0.408,-4.632
-0.394,-4.650
-0.386,-4.648
-0.394,-4.661
-0.379,-4.628
-0.379,-4.618
-0.379,-4.618
-0.371,-4.619
-0.387,-4.627
-0.386,-4.623
-0.401,-4.627
-0.416,-4.613
-0.423,-4.599
-0.423,-4.604
-0.430,-4.609
-0.445,-4.608
-0.452,-4.621
-0.452,-4.613
-0.467,-4.607
-0.445,-4.608
-0.452,-4.613
-0.452,-4.646
-0.473,-4.647
-0.489,-4.665
-0.496,-4.666
-0.503,-4.679
-0.504,-4.683
-0.503,-4.675
-0.512,-4.682
-0.504,-4.687
-0.526,-4.707
-0.533,-4.726
-0.539,-4.751
-0.540,-4.774
-0.546,-4.771
-0.569,-4.784
-0.577,-4.797
-0.598,-4.793
-0.599,-4.806
-0.613,-4.802
-0.627,-4.812
-0.649,-4.811
-0.664,-4.778
-0.665,-4.786
-0.678,-4.778
-0.685,-4.797
-0.700,-4.801
-0.707,-4.816
-0.730,-4.829
-0.751,-4.848
-0.759,-4.857
-0.773,-4.872
-0.787,-4.891
-0.795,-4.948
-0.802,-4.952
-0.817,-4.966
-0.810,-4.966
-0.795,-4.948
-0.781,-4.952
-0.765,-4.930
-0.751,-4.934
-0.730,-4.915
-0.693,-4.902
-0.671,-4.887
-0.635,-4.864
-0.620,-4.850
-0.584,-4.831
-0.561,-4.803
-0.533,-4.812
-0.518,-4.779
-0.517,-4.765
-0.504,-4.759
-0.488,-4.737
-0.474,-4.741
-0.474,-4.737
-0.466,-4.728
-0.467,-4.746
-0.466,-4.727
-0.453,-4.736
-0.452,-4.732
-0.445,-4.727
-0.437,-4.718
-0.436,-4.691
-0.430,-4.709
-0.422,-4.714
-0.415,-4.709
-0.409,-4.712
-0.408,-4.708
-0.402,-4.721
-0.416,-4.727
-0.408,-4.728
-0.401,-4.723
-0.400,-4.715
-0.394,-4.689
-0.387,-4.670
-0.372,-4.681
-0.365,-4.694
-0.357,-4.695
-0.358,-4.717
-0.350,-4.718
-0.365,-4.718
-0.343,-4.713
-0.328,-4.681
-0.321,-4.680
-0.321,-4.672
-0.314,-4.695
-0.321,-4.690
-0.321,-4.686
-0.307,-4.709
-0.292,-4.705
-0.300,-4.714
-0.307,-4.733
-0.321,-4.725
-0.343,-4.756
-0.350,-4.757
-0.351,-4.776
-0.373,-4.789
-0.387,-4.780
-0.395,-4.765
-0.394,-4.757
-0.416,-4.751
-0.438,-4.746
-0.445,-4.733
-0.467,-4.746
-0.496,-4.727
-0.511,-4.717
-0.512,-4.711
-0.525,-4.688
-0.533,-4.716
-0.525,-4.713
-0.525,-4.727
-0.518,-4.726
-0.525,-4.727
-0.525,-4.745
-0.533,-4.736
-0.525,-4.717
-0.518,-4.716
-0.503,-4.708
-0.489,-4.716
-0.481,-4.723
-0.495,-4.733
-0.503,-4.746
-0.517,-4.732
-0.518,-4.744
-0.511,-4.759
-0.511,-4.768
-0.511,-4.768
-0.510,-4.745
-0.496,-4.739
-0.481,-4.731
-0.488,-4.718
-0.473,-4.708
-0.466,-4.699
-0.473,-4.680
-0.474,-4.665
-0.460,-4.659
-0.460,-4.645
-0.467,-4.646
-0.446,-4.635
-0.459,-4.626
-0.459,-4.623
-0.481,-4.617
-0.481,-4.599
-0.489,-4.598
-0.488,-4.579
-0.496,-4.574
-0.504,-4.587
-0.488,-4.565
-0.489,-4.555
-0.503,-4.522
-0.510,-4.517
-0.510,-4.488
-0.517,-4.465
-0.526,-4.453
-0.539,-4.417
-0.547,-4.397
-0.532,-4.369
-0.525,-4.360
-0.525,-4.349
-0.532,-4.322
-0.532,-4.326
-0.518,-4.330
-0.517,-4.308
-0.503,-4.301
-0.503,-4.283
-0.503,-4.283
-0.503,-4.273
-0.495,-4.246
-0.495,-4.235
-0.488,-4.212
-0.496,-4.207
-0.503,-4.201
-0.494,-4.185
-0.488,-4.159
-0.487,-4.137
-0.502,-4.123
-0.488,-4.126
-0.480,-4.089
-0.459,-4.073
-0.451,-4.025
-0.452,-4.000
-0.444,-3.963
-0.443,-3.927
-0.429,-3.888
-0.428,-3.867
-0.435,-3.847
-0.428,-3.831
-0.456,-3.810
-0.465,-3.814
-0.472,-3.802
-0.494,-3.810
-0.523,-3.821
-0.530,-3.812
-0.546,-3.822
-0.574,-3.829
-0.582,-3.856
-0.604,-3.875
-0.610,-3.888
-0.632,-3.943
-0.646,-3.964
-0.676,-3.982
-0.691,-4.014
-0.690,-4.021
-0.706,-4.042
-0.720,-4.042
-0.735,-4.056
-0.751,-4.074
-0.742,-4.086
-0.743,-4.108
-0.742,-4.101
-0.750,-4.113
-0.742,-4.147
-0.749,-4.149
-0.750,-4.156
-0.742,-4.147
-0.750,-4.156
-0.736,-4.142
-0.735,-4.138
-0.728,-4.133
-0.705,-4.110
-0.699,-4.105
-0.685,-4.109
-0.683,-4.102
-0.691,-4.114
-0.699,-4.105
-0.691,-4.100
-0.691,-4.114
-0.676,-4.111
-0.684,-4.120
-0.683,-4.130
-0.698,-4.159
-0.684,-4.177
-0.691,-4.196
-0.685,-4.209
-0.676,-4.211
-0.670,-4.223
-0.656,-4.241
-0.655,-4.248
-0.641,-4.270
-0.640,-4.291
-0.632,-4.307
-0.617,-4.293
-0.617,-4.264
-0.611,-4.267
-0.588,-4.283
-0.596,-4.292
-0.597,-4.281
-0.581,-4.259
-0.567,-4.253
-0.574,-4.229
-0.567,-4.221
-0.560,-4.219
-0.545,-4.240
-0.545,-4.244
-0.544,-4.265
-0.552,-4.288
-0.538,-4.310
-0.530,-4.340
-0.531,-4.387
-0.545,-4.411
-0.560,-4.440
-0.553,-4.453
-0.552,-4.474
-0.545,-4.473
-0.523,-4.474
-0.516,-4.498
-0.494,-4.507
-0.494,-4.517
-0.495,-4.529
-0.487,-4.530
-0.480,-4.535
-0.479,-4.532
-0.478,-4.534
-0.472,-4.537
-0.457,-4.527
-0.458,-4.531
-0.458,-4.535
-0.450,-4.532
-0.421,-4.540
-0.413,-4.552
-0.420,-4.561
-0.428,-4.570
-0.421,-4.575
-0.414,-4.603
-0.399,-4.595
-0.398,-4.591
-0.398,-4.595
-0.391,-4.600
-0.392,-4.630
-0.384,-4.642
-0.392,-4.669
-0.385,-4.697
-0.392,-4.712
-0.406,-4.737
-0.421,-4.746
-0.420,-4.771
-0.420,-4.800
-0.427,-4.819
-0.428,-4.846
-0.413,-4.866
-0.428,-4.913
-0.428,-4.942
-0.435,-4.928
-0.443,-4.927
-0.428,-4.899
-0.451,-4.883
-0.451,-4.869
-0.450,-4.861
-0.457,-4.851
-0.449,-4.824
-0.457,-4.851
-0.465,-4.875
-0.457,-4.894
-0.472,-4.931
-0.472,-4.955
-0.487,-4.969
-0.502,-4.974
-0.508,-4.966
-0.523,-4.956
-0.530,-4.918
-0.531,-4.883
-0.509,-4.836
-0.501,-4.794
-0.487,-4.774
-0.486,-4.765
-0.501,-4.751
-0.494,-4.750
-0.508,-4.745
-0.501,-4.774
-0.523,-4.788
-0.523,-4.817
-0.531,-4.816
-0.538,-4.792
-0.553,-4.797
-0.567,-4.792
-0.560,-4.797
-0.574,-4.783
-0.581,-4.769
-0.582,-4.768
-0.581,-4.759
-0.575,-4.754
-0.567,-4.788
-0.574,-4.789
-0.582,-4.816
-0.582,-4.816
-0.590,-4.844
-0.583,-4.839
-0.576,-4.848
-0.555,-4.876
-0.568,-4.863
-0.545,-4.865
-0.546,-4.879
-0.523,-4.861
-0.517,-4.865
-0.510,-4.845
-0.503,-4.841
-0.496,-4.840
-0.488,-4.826
-0.489,-4.817
-0.473,-4.812
-0.466,-4.793
-0.444,-4.788
-0.437,-4.775
-0.430,-4.793
-0.444,-4.794
-0.444,-4.794
-0.430,-4.799
-0.429,-4.780
-0.444,-4.788
-0.429,-4.766
-0.430,-4.770
-0.422,-4.751
-0.414,-4.752
-0.430,-4.746
-0.408,-4.737
-0.430,-4.745
-0.430,-4.764
-0.443,-4.766
-0.444,-4.788
-0.444,-4.780
-0.451,-4.775
-0.458,-4.798
-0.480,-4.803
-0.496,-4.826
-0.502,-4.812
-0.502,-4.831
-0.510,-4.821
-0.509,-4.841
-0.509,-4.860
-0.509,-4.856
-0.525,-4.850
-0.518,-4.863
-0.525,-4.849
-0.518,-4.859
-0.516,-4.846
-0.517,-4.836
-0.502,-4.822
-0.495,-4.799
-0.489,-4.806
-0.489,-4.787
-0.488,-4.808
-0.487,-4.818
-0.479,-4.790
-0.481,-4.807
-0.466,-4.793
-0.452,-4.779
-0.452,-4.744
-0.445,-4.706
-0.437,-4.716
-0.421,-4.703
-0.436,-4.704
-0.436,-4.675
-0.435,-4.657
-0.451,-4.679
-0.451,-4.668
-0.466,-4.654
-0.473,-4.631
-0.487,-4.612
-0.487,-4.602
-0.479,-4.589
-0.487,-4.602
-0.502,-4.602
-0.494,-4.603
-0.509,-4.597
-0.494,-4.593
-0.494,-4.603
-0.501,-4.612
-0.494,-4.603
-0.510,-4.586
-0.523,-4.564
-0.523,-4.564
-0.516,-4.555
-0.522,-4.552
-0.530,-4.540
-0.523,-4.521
-0.538,-4.496
-0.524,-4.482
-0.530,-4.469
-0.531,-4.477
-0.530,-4.469
-0.530,-4.469
-0.516,-4.473
-0.530,-4.469
-0.524,-4.453
-0.516,-4.455
-0.516,-4.455
-0.523,-4.468
-0.501,-4.483
-0.509,-4.496
-0.524,-4.510
-0.524,-4.525
-0.524,-4.553
-0.538,-4.574
-0.546,-4.601
-0.538,-4.602
-0.553,-4.606
-0.554,-4.610
-0.553,-4.588
-0.560,-4.601
-0.561,-4.591
-0.561,-4.572
-0.575,-4.568
-0.581,-4.537
-0.582,-4.535
-0.575,-4.497
-0.560,-4.501
-0.554,-4.489
-0.561,-4.491
-0.561,-4.480
-0.567,-4.478
-0.567,-4.478
-0.567,-4.488
-0.588,-4.489
-0.604,-4.497
-0.589,-4.482
-0.598,-4.499
-0.605,-4.505
-0.597,-4.491
-0.613,-4.514
-0.597,-4.491
-0.597,-4.492
-0.590,-4.462
-0.582,-4.434
-0.583,-4.442
-0.575,-4.444
-0.567,-4.449
-0.568,-4.439
-0.567,-4.449
-0.561,-4.448
-0.553,-4.435
-0.567,-4.435
-0.560,-4.430
-0.559,-4.426
-0.560,-4.444
-0.567,-4.445
-0.574,-4.487
-0.582,-4.496
-0.574,-4.511
-0.582,-4.539
-0.590,-4.558
-0.597,-4.567
-0.612,-4.581
-0.604,-4.568
-0.605,-4.576
-0.604,-4.568
-0.590,-4.558
-0.590,-4.562
-0.574,-4.564
-0.576,-4.576
-0.575,-4.587
-0.575,-4.587
-0.568,-4.610
-0.553,-4.617
-0.553,-4.625
-0.560,-4.626
-0.560,-4.654
-0.568,-4.663
-0.568,-4.688
-0.576,-4.715
-0.590,-4.740
-0.605,-4.754
-0.612,-4.777
-0.604,-4.793
-0.627,-4.824
-0.619,-4.840
-0.641,-4.854
-0.649,-4.868
-0.641,-4.883
-0.642,-4.920
-0.635,-4.944
-0.635,-4.958
-0.650,-4.991
-0.657,-4.991
-0.657,-5.010
-0.649,-5.025
-0.663,-5.031
-0.656,-5.059
-0.655,-5.068
-0.664,-5.115
-0.679,-5.129
-0.679,-5.129
-0.679,-5.143
-0.656,-5.130
-0.650,-5.129
-0.641,-5.144
-0.634,-5.154
-0.621,-5.163
-0.605,-5.168
-0.598,-5.178
-0.583,-5.159
-0.575,-5.150
-0.547,-5.140
-0.538,-5.112
-0.510,-5.093
-0.481,-5.065
-0.459,-5.056
-0.459,-5.046
-0.429,-5.013
-0.408,-4.994
-0.377,-4.971
-0.363,-4.976
-0.363,-4.966
-0.356,-4.942
-0.342,-4.955
-0.349,-4.923
-0.356,-4.928
-0.356,-4.900
-0.341,-4.867
-0.341,-4.890
-0.356,-4.889
-0.356,-4.889
-0.349,-4.913
-0.364,-4.908
-0.379,-4.927
-0.408,-4.923
-0.415,-4.942
-0.423,-4.941
-0.415,-4.956
-0.423,-4.937
-0.422,-4.904
-0.430,-4.899
-0.437,-4.898
-0.451,-4.889
-0.452,-4.916
-0.452,-4.897
-0.481,-4.907
-0.488,-4.884
-0.495,-4.888
-0.495,-4.907
-0.509,-4.903
-0.524,-4.898
-0.525,-4.897
-0.531,-4.893
-0.539,-4.907
-0.554,-4.921
-0.562,-4.920
-0.555,-4.934
-0.569,-4.920
-0.591,-4.930
-0.583,-4.920
-0.589,-4.907
-0.582,-4.912
-0.589,-4.917
-0.613,-4.910
-0.621,-4.895
-0.627,-4.896
-0.634,-4.901
-0.633,-4.902
-0.662,-4.906
-0.671,-4.905
-0.693,-4.886
-0.686,-4.871
-0.686,-4.866
-0.693,-4.876
-0.692,-4.867
-0.692,-4.882
-0.700,-4.862
-0.707,-4.838
-0.715,-4.842
-0.708,-4.818
-0.715,-4.823
-0.729,-4.823
-0.728,-4.786
-0.729,-4.794
-0.721,-4.767
-0.728,-4.772
-0.713,-4.758
-0.734,-4.730
-0.736,-4.714
-0.722,-4.661
-0.722,-4.636
-0.722,-4.612
-0.728,-4.580
-0.721,-4.561
-0.720,-4.553
-0.697,-4.558
-0.698,-4.576
-0.697,-4.558
-0.691,-4.561
-0.669,-4.566
-0.669,-4.581
-0.662,-4.576
-0.654,-4.558
-0.647,-4.529
-0.640,-4.524
-0.625,-4.520
-0.611,-4.524
-0.603,-4.511
-0.596,-4.520
-0.588,-4.507
-0.580,-4.516
-0.567,-4.510
-0.559,-4.487
-0.560,-4.495
-0.545,-4.491
-0.546,-4.480
-0.531,-4.495
-0.530,-4.469
-0.522,-4.478
-0.506,-4.473
-0.498,-4.475
-0.507,-4.470
-0.515,-4.455
-0.516,-4.452
-0.524,-4.461
-0.539,-4.450
-0.546,-4.481
-0.544,-4.454
-0.553,-4.453
-0.560,-4.430
-0.560,-4.433
-0.560,-4.448
-0.566,-4.445
-0.573,-4.450
-0.580,-4.452
-0.572,-4.432
-0.582,-4.439
-0.603,-4.429
-0.597,-4.446
-0.596,-4.428
-0.618,-4.429
-0.610,-4.438
-0.624,-4.445
-0.625,-4.452
-0.618,-4.433
-0.625,-4.428
-0.618,-4.423
-0.610,-4.424
-0.640,-4.442
-0.639,-4.452
-0.639,-4.452
-0.647,-4.465
-0.646,-4.482
-0.639,-4.506
-0.646,-4.529
-0.647,-4.533
-0.640,-4.532
-0.632,-4.519
-0.611,-4.546
-0.603,-4.572
-0.610,-4.620
-0.596,-4.624
-0.581,-4.610
-0.575,-4.623
-0.574,-4.615
-0.573,-4.626
-0.551,-4.621
-0.543,-4.607
-0.545,-4.605
-0.537,-4.596
-0.515,-4.591
-0.515,-4.591
-0.506,-4.585
-0.498,-4.576
-0.498,-4.557
-0.505,-4.552
-0.521,-4.546
-0.521,-4.546
-0.544,-4.552
-0.537,-4.543
-0.552,-4.547
-0.560,-4.546
-0.566,-4.553
-0.580,-4.567
-0.602,-4.576
-0.617,-4.591
-0.640,-4.603
-0.624,-4.620
-0.624,-4.639
-0.623,-4.649
-0.638,-4.663
-0.639,-4.696
-0.661,-4.700
-0.676,-4.733
-0.676,-4.733
-0.690,-4.729
-0.691,-4.737
-0.697,-4.723
-0.698,-4.742
-0.698,-4.723
-0.705,-4.718
-0.706,-4.737
-0.703,-4.720
-0.712,-4.748
-0.719,-4.738
-0.718,-4.753
-0.734,-4.775
-0.749,-4.757
-0.750,-4.765
-0.757,-4.770
-0.756,-4.780
-0.756,-4.795
-0.763,-4.810
-0.764,-4.814
-0.749,-4.785
-0.742,-4.741
-0.721,-4.708
-0.712,-4.691
-0.705,-4.675
-0.697,-4.658
-0.689,-4.621
-0.675,-4.596
-0.667,-4.558
-0.669,-4.513
-0.639,-4.442
-0.617,-4.394
-0.603,-4.355
-0.601,-4.315
-0.594,-4.314
-0.578,-4.292
-0.570,-4.308
-0.563,-4.331
-0.563,-4.327
-0.558,-4.334
-0.543,-4.305
-0.543,-4.305
-0.544,-4.313
-0.536,-4.314
-0.529,-4.327
-0.529,-4.362
-0.529,-4.377
-0.530,-4.409
-0.521,-4.421
-0.508,-4.429
-0.515,-4.423
-0.493,-4.425
-0.478,-4.458
-0.478,-4.493
-0.493,-4.525
-0.493,-4.554
-0.485,-4.559
-0.501,-4.548
-0.485,-4.526
-0.486,-4.520
-0.485,-4.502
-0.493,-4.507
-0.493,-4.500
-0.515,-4.473
-0.508,-4.472
-0.515,-4.448
-0.530,-4.434
-0.523,-4.422
-0.544,-4.419
-0.551,-4.425
-0.573,-4.415
-0.580,-4.392
-0.581,-4.399
-0.580,-4.392
-0.588,-4.390
-0.603,-4.405
-0.624,-4.424
-0.633,-4.451
-0.631,-4.454
-0.632,-4.490
-0.638,-4.506
-0.645,-4.539
-0.660,-4.586
-0.674,-4.610
-0.684,-4.660
-0.691,-4.661
-0.698,-4.680
-0.698,-4.681
-0.698,-4.676
-0.713,-4.709
-0.714,-4.742
-0.742,-4.776
-0.729,-4.813
-0.720,-4.810
-0.722,-4.790
-0.699,-4.766
-0.692,-4.747
-0.692,-4.747
-0.677,-4.743
-0.670,-4.757
-0.664,-4.751
-0.655,-4.752
-0.656,-4.742
-0.647,-4.725
-0.641,-4.738
-0.625,-4.734
-0.625,-4.734
-0.627,-4.732
-0.626,-4.714
-0.619,-4.723
-0.603,-4.697
-0.596,-4.688
-0.596,-4.692
-0.596,-4.659
-0.597,-4.643
-0.583,-4.618
-0.559,-4.616
-0.546,-4.610
-0.530,-4.601
-0.545,-4.602
-0.538,-4.582
-0.538,-4.568
-0.538,-4.572
-0.522,-4.578
-0.531,-4.595
-0.539,-4.604
-0.552,-4.610
-0.553,-4.615
-0.588,-4.626
-0.611,-4.624
-0.625,-4.620
-0.647,-4.600
-0.641,-4.603
-0.655,-4.599
-0.641,-4.632
-0.626,-4.628
-0.625,-4.649
-0.640,-4.634
-0.632,-4.639
-0.625,-4.638
-0.611,-4.638
-0.617,-4.625
-0.611,-4.638
-0.596,-4.638
-0.598,-4.651
-0.590,-4.637
-0.589,-4.629
-0.581,-4.625
-0.580,-4.598
-0.559,-4.626
-0.537,-4.606
-0.538,-4.625
-0.539,-4.633
-0.546,-4.605
-0.531,-4.613
-0.516,-4.606
-0.507,-4.603
-0.501,-4.602
-0.486,-4.598
-0.465,-4.615
-0.451,-4.619
-0.436,-4.611
-0.436,-4.605
-0.421,-4.608
-0.414,-4.607
-0.391,-4.612
-0.384,-4.628
-0.377,-4.631
-0.377,-4.630
-0.370,-4.654
-0.363,-4.688
-0.362,-4.669
-0.377,-4.655
-0.362,-4.633
-0.370,-4.646
-0.406,-4.622
-0.421,-4.608
-0.436,-4.587
-0.443,-4.559
-0.451,-4.572
-0.443,-4.563
-0.457,-4.573
-0.458,-4.567
-0.472,-4.573
-0.501,-4.573
-0.530,-4.559
-0.537,-4.564
-0.553,-4.557
-0.545,-4.530
-0.552,-4.543
-0.582,-4.543
-0.589,-4.533
-0.575,-4.537
-0.574,-4.529
-0.566,-4.549
-0.567,-4.582
-0.567,-4.582
-0.575,-4.609
-0.559,-4.601
-0.568,-4.643
-0.545,-4.662
-0.567,-4.678
-0.590,-4.719
-0.604,-4.744
-0.618,-4.758
-0.604,-4.743
-0.603,-4.758
-0.611,-4.796
-0.610,-4.787
-0.596,-4.796
-0.590,-4.795
-0.560,-4.762
-0.545,-4.753
-0.530,-4.734
-0.523,-4.754
-0.523,-4.749
-0.530,-4.726
-0.525,-4.709
-0.523,-4.686
-0.531,-4.706
-0.523,-4.711
-0.544,-4.711
-0.545,-4.720
-0.559,-4.715
-0.560,-4.724
-0.574,-4.705
-0.574,-4.705
-0.560,-4.709
-0.544,-4.716
-0.567,-4.729
-0.574,-4.748
-0.574,-4.744
-0.575,-4.748
-0.566,-4.749
-0.574,-4.758
-0.560,-4.758
-0.552,-4.749
-0.546,-4.738
-0.531,-4.706
-0.524,-4.701
-0.531,-4.706
-0.508,-4.707
-0.501,-4.720
-0.493,-4.721
-0.479,-4.740
-0.457,-4.735
-0.464,-4.711
-0.458,-4.725
-0.450,-4.722
-0.428,-4.735
-0.421,-4.741
-0.435,-4.726
-0.421,-4.706
-0.406,-4.698
-0.399,-4.703
-0.377,-4.712
-0.377,-4.723
-0.384,-4.736
-0.384,-4.736
-0.377,-4.759
-0.377,-4.759
-0.377,-4.751
-0.370,-4.750
-0.363,-4.745
-0.363,-4.745
-0.355,-4.736
-0.340,-4.728
-0.341,-4.708
-0.347,-4.709
-0.362,-4.713
-0.362,-4.702
-0.377,-4.698
-0.377,-4.720
-0.376,-4.741
-0.369,-4.765
-0.362,-4.788
-0.354,-4.785
-0.369,-4.779
-0.362,-4.770
-0.377,-4.770
-0.385,-4.779
-0.384,-4.775
-0.392,-4.788
-0.406,-4.769
-0.436,-4.759
-0.436,-4.759
-0.443,-4.774
-0.443,-4.807
-0.449,-4.832
-0.472,-4.831
-0.479,-4.840
-0.494,-4.836
-0.495,-4.844
-0.509,-4.840
-0.538,-4.840
-0.538,-4.840
-0.552,-4.845
-0.567,-4.854
-0.574,-4.840
-0.582,-4.858
-0.597,-4.872
-0.603,-4.868
-0.612,-4.886
-0.610,-4.863
-0.633,-4.877
-0.633,-4.877
-0.640,-4.892
-0.648,-4.891
-0.670,-4.895
-0.685,-4.885
-0.678,-4.866
-0.684,-4.848
-0.684,-4.867
-0.676,-4.867
-0.669,-4.867
-0.677,-4.847
-0.691,-4.847
-0.692,-4.852
-0.677,-4.847
-0.684,-4.867
-0.684,-4.867
-0.683,-4.858
-0.684,-4.867
-0.676,-4.857
-0.677,-4.872
-0.699,-4.881
-0.684,-4.862
-0.686,-4.861
-0.663,-4.837
-0.656,-4.843
-0.649,-4.852
-0.639,-4.830
-0.618,-4.815
-0.597,-4.796
-0.582,-4.782
-0.561,-4.781
-0.553,-4.768
-0.524,-4.772
-0.509,-4.739
-0.495,-4.725
-0.503,-4.710
-0.487,-4.688
-0.473,-4.682
-0.436,-4.669
-0.437,-4.658
-0.415,-4.639
-0.414,-4.613
-0.414,-4.635
-0.414,-4.617
-0.407,-4.612
-0.400,-4.592
-0.407,-4.583
-0.430,-4.571
-0.422,-4.544
-0.422,-4.515
-0.415,-4.492
-0.414,-4.474
-0.415,-4.482
-0.415,-4.449
-0.430,-4.420
-0.423,-4.405
-0.437,-4.382
-0.445,-4.356
-0.467,-4.314
-0.475,-4.266
-0.490,-4.223
-0.504,-4.162
-0.512,-4.117
-0.526,-4.085
-0.542,-4.088
-0.549,-4.083
-0.563,-4.090
-0.570,-4.113
-0.569,-4.124
-0.577,-4.136
-0.585,-4.145
-0.577,-4.147
-0.570,-4.174
-0.562,-4.190
-0.577,-4.233
-0.569,-4.242
-0.584,-4.260
-0.585,-4.296
-0.577,-4.297
-0.568,-4.328
-0.568,-4.356
-0.553,-4.392
-0.553,-4.443
-0.531,-4.433
-0.531,-4.434
-0.539,-4.436
-0.524,-4.443
-0.516,-4.481
-0.516,-4.477
-0.524,-4.486
-0.525,-4.493
-0.509,-4.486
-0.509,-4.504
-0.516,-4.516
-0.516,-4.516
-0.516,-4.505
-0.516,-4.516
-0.509,-4.533
-0.501,-4.548
-0.523,-4.539
-0.539,-4.532
-0.523,-4.521
-0.523,-4.529
-0.531,-4.519
-0.531,-4.519
-0.539,-4.504
-0.538,-4.485
-0.539,-4.475
-0.553,-4.457
-0.530,-4.434
-0.531,-4.423
-0.530,-4.405
-0.538,-4.404
-0.545,-4.376
-0.545,-4.376
-0.538,-4.357
-0.544,-4.344
-0.545,-4.352
-0.552,-4.328
-0.552,-4.314
-0.545,-4.309
-0.551,-4.306
-0.545,-4.309
-0.537,-4.285
-0.559,-4.276
-0.567,-4.285
-0.573,-4.272
-0.567,-4.289
-0.566,-4.271
-0.582,-4.246
-0.582,-4.268
-0.581,-4.256
-0.574,-4.284
-0.581,-4.271
-0.581,-4.271
-0.603,-4.265
-0.588,-4.261
-0.597,-4.264
-0.610,-4.252
-0.596,-4.270
-0.604,-4.254
-0.603,-4.247
-0.611,-4.249
-0.611,-4.231
-0.618,-4.236
-0.618,-4.236
-0.617,-4.218
-0.625,-4.231
-0.625,-4.213
-0.632,-4.208
-0.632,-4.208
-0.631,-4.200
-0.632,-4.236
-0.639,-4.238
-0.639,-4.242
-0.647,-4.240
-0.624,-4.227
-0.633,-4.226
-0.625,-4.245
-0.646,-4.261
-0.624,-4.285
-0.631,-4.286
-0.625,-4.288
-0.617,-4.279
-0.632,-4.265
-0.632,-4.269
-0.624,-4.266
-0.624,-4.284
-0.624,-4.285
-0.624,-4.284
-0.617,-4.312
-0.602,-4.319
-0.610,-4.346
-0.617,-4.351
-0.630,-4.361
-0.624,-4.356
-0.630,-4.361
-0.632,-4.369
-0.630,-4.390
-0.622,-4.406
-0.609,-4.428
-0.609,-4.424
-0.617,-4.441
-0.610,-4.446
-0.610,-4.464
-0.611,-4.479
-0.610,-4.499
-0.602,-4.509
-0.602,-4.515
-0.594,-4.506
-0.588,-4.509
-0.573,-4.505
-0.565,-4.514
-0.565,-4.514
-0.580,-4.514
-0.581,-4.532
-0.573,-4.533
-0.566,-4.547
-0.544,-4.552
-0.544,-4.577
-0.522,-4.604
-0.521,-4.621
-0.515,-4.663
-0.515,-4.677
-0.501,-4.710
-0.501,-4.724
-0.493,-4.740
-0.501,-4.767
-0.471,-4.774
-0.456,-4.817
-0.443,-4.854
-0.442,-4.888
-0.457,-4.935
-0.465,-4.954
-0.472,-4.992
-0.472,-4.993
-0.465,-4.997
-0.466,-5.006
-0.443,-4.983
-0.436,-4.988
-0.421,-5.013
-0.435,-5.036
-0.436,-5.041
-0.436,-5.041
-0.436,-5.045
-0.429,-5.026
-0.407,-4.988
-0.392,-4.950
-0.391,-4.898
-0.398,-4.856
-0.398,-4.822
-0.391,-4.784
-0.413,-4.750
-0.398,-4.707
-0.405,-4.683
-0.398,-4.640
-0.405,-4.616
-0.413,-4.597
-0.413,-4.572
-0.427,-4.582
-0.442,-4.557
-0.448,-4.526
-0.449,-4.519
-0.449,-4.515
-0.456,-4.520
-0.470,-4.510
-0.492,-4.493
-0.493,-4.476
-0.493,-4.465
-0.508,-4.461
-0.508,-4.451
-0.514,-4.423
-0.508,-4.437
-0.514,-4.434
-0.529,-4.419
-0.529,-4.427
-0.529,-4.419
-0.536,-4.433
-0.551,-4.428
-0.565,-4.414
-0.566,-4.418
-0.579,-4.396
-0.580,-4.414
-0.594,-4.399
-0.609,-4.414
-0.617,-4.408
-0.631,-4.404
-0.617,-4.408
-0.616,-4.437
-0.616,-4.448
-0.631,-4.451
-0.645,-4.447
-0.639,-4.450
-0.631,-4.451
-0.638,-4.452
-0.639,-4.460
-0.653,-4.470
-0.668,-4.489
-0.668,-4.484
-0.660,-4.504
-0.669,-4.503
-0.667,-4.524
-0.675,-4.533
-0.675,-4.533
-0.698,-4.527
-0.699,-4.535
-0.690,-4.532
-0.682,-4.552
-0.682,-4.552
-0.697,-4.566
-0.691,-4.569
-0.676,-4.565
-0.669,-4.564
-0.655,-4.564
-0.654,-4.546
-0.639,-4.546
-0.630,-4.525
-0.638,-4.538
-0.631,-4.533
-0.624,-4.528
-0.618,-4.498
-0.603,-4.465
-0.589,-4.470
-0.588,-4.452
-0.595,-4.438
-0.581,-4.446
-0.566,-4.428
-0.559,-4.423
-0.559,-4.413
-0.536,-4.400
-0.529,-4.409
-0.528,-4.401
-0.529,-4.405
-0.529,-4.395
-0.522,-4.386
-0.501,-4.385
-0.500,-4.377
-0.500,-4.395
-0.493,-4.390
-0.500,-4.395
-0.494,-4.408
-0.485,-4.391
-0.485,-4.410
-0.478,-4.404
-0.485,-4.409
-0.479,-4.423
-0.485,-4.406
-0.493,-4.419
-0.478,-4.433
-0.470,-4.449
-0.464,-4.462
-0.478,-4.468
-0.464,-4.490
-0.449,-4.505
-0.456,-4.535
-0.464,-4.562
-0.456,-4.577
-0.449,-4.576
-0.435,-4.576
-0.427,-4.607
-0.427,-4.621
-0.427,-4.631
-0.442,-4.639
-0.442,-4.653
-0.449,-4.673
-0.435,-4.695
-0.434,-4.691
-0.464,-4.710
-0.464,-4.720
-0.463,-4.701
-0.457,-4.696
-0.456,-4.688
-0.463,-4.701
-0.470,-4.702
-0.492,-4.693
-0.501,-4.686
-0.508,-4.686
-0.522,-4.705
-0.530,-4.714
-0.523,-4.719
-0.538,-4.752
-0.544,-4.734
-0.544,-4.738
-0.544,-4.720
-0.551,-4.711
-0.552,-4.729
-0.544,-4.720
-0.552,-4.719
-0.537,-4.705
-0.544,-4.716
-0.552,-4.715
-0.551,-4.710
-0.559,-4.706
-0.544,-4.720
-0.558,-4.716
-0.567,-4.723
-0.566,-4.686
-0.582,-4.690
-0.588,-4.676
-0.587,-4.668
-0.581,-4.671
-0.588,-4.648
-0.581,-4.628
-0.581,-4.618
-0.565,-4.610
-0.552,-4.604
-0.558,-4.573
-0.551,-4.557
-0.558,-4.538
-0.551,-4.525
-0.551,-4.518
-0.543,-4.505
-0.529,-4.485
-0.522,-4.461
-0.522,-4.443
-0.516,-4.446
-0.514,-4.434
-0.516,-4.446
-0.501,-4.431
-0.493,-4.418
-0.486,-4.399
-0.478,-4.368
-0.485,-4.363
-0.478,-4.343
-0.470,-4.330
-0.470,-4.320
-0.464,-4.290
-0.442,-4.270
-0.449,-4.247
-0.434,-4.229
-0.420,-4.169
-0.397,-4.099
-0.390,-4.065
-0.367,-4.025
-0.366,-3.978
-0.374,-3.962
-0.366,-3.939
-0.366,-3.928
-0.374,-3.937
-0.381,-3.953
-0.396,-3.956
-0.410,-3.952
-0.425,-3.956
-0.425,-3.984
-0.447,-4.000
-0.462,-4.032
-0.476,-4.029
-0.484,-4.070
-0.513,-4.112
-0.550,-4.160
-0.573,-4.216
-0.602,-4.269
-0.632,-4.369
-0.691,-4.493
-0.727,-4.608
-0.736,-4.679
-0.728,-4.665
-0.706,-4.679
-0.722,-4.683
-0.728,-4.684
-0.737,-4.687
-0.721,-4.664
-0.714,-4.631
-0.691,-4.604
-0.683,-4.576
-0.677,-4.555
-0.655,-4.527
-0.640,-4.503
-0.619,-4.487
-0.604,-4.441
-0.582,-4.407
-0.558,-4.376
-0.529,-4.323
-0.500,-4.252
-0.463,-4.172
-0.441,-4.113
-0.418,-4.043
-0.397,-4.017
-0.382,-3.960
-0.374,-3.933
-0.367,-3.903
-0.344,-3.858
-0.352,-3.831
-0.344,-3.823
-0.359,-3.801
-0.344,-3.794
-0.359,-3.790
-0.366,-3.813
-0.381,-3.827
-0.402,-3.847
-0.432,-3.865
-0.453,-3.895
-0.462,-3.936
-0.483,-3.984
-0.512,-4.009
-0.528,-4.059
-0.557,-4.083
-0.602,-4.158
-0.639,-4.249
-0.683,-4.331
-0.705,-4.425
-0.741,-4.494
-0.771,-4.555
-0.772,-4.616
-0.779,-4.635
-0.773,-4.663
-0.779,-4.678
-0.788,-4.692
-0.788,-4.677
-0.779,-4.689
-0.780,-4.721
-0.764,-4.703
-0.757,-4.698
-0.757,-4.698
-0.727,-4.666
-0.699,-4.664
-0.684,-4.642
-0.654,-4.642
-0.632,-4.637
-0.625,-4.614
-0.596,-4.608
-0.588,-4.580
-0.573,-4.566
-0.551,-4.543
-0.528,-4.530
-0.515,-4.510
-0.515,-4.466
-0.508,-4.437
-0.508,-4.408
-0.500,-4.399
-0.478,-4.390
-0.477,-4.358
-0.471,-4.356
-0.471,-4.331
-0.456,-4.289
-0.449,-4.298
-0.448,-4.286
-0.462,-4.286
-0.455,-4.285
-0.455,-4.267
-0.463,-4.280
-0.455,-4.295
-0.477,-4.322
-0.484,-4.328
-0.484,-4.324
-0.492,-4.365
-0.498,-4.381
-0.514,-4.424
-0.514,-4.442
-0.528,-4.466
-0.529,-4.517
-0.558,-4.552
-0.587,-4.609
-0.602,-4.638
-0.609,-4.667
-0.602,-4.709
-0.602,-4.719
-0.625,-4.761
-0.604,-4.789
-0.610,-4.829
-0.618,-4.885
-0.617,-4.948
-0.632,-4.991
-0.647,-5.038
-0.683,-5.067
-0.677,-5.081
-0.662,-5.052
-0.647,-5.038
-0.654,-5.029
-0.654,-5.010
-0.640,-5.033
-0.632,-5.030
-0.625,-5.053
-0.618,-5.053
-0.603,-5.067
-0.596,-5.096
-0.596,-5.105
-0.588,-5.125
-0.596,-5.130
-0.580,-5.092
-0.559,-5.054
-0.536,-5.016
-0.522,-4.987
-0.515,-4.968
-0.522,-4.930
-0.523,-4.895
-0.508,-4.848
-0.485,-4.825
-0.478,-4.806
-0.477,-4.797
-0.463,-4.820
-0.456,-4.782
-0.456,-4.782
-0.434,-4.792
-0.433,-4.812
-0.434,-4.835
-0.419,-4.845
-0.412,-4.864
-0.398,-4.883
-0.382,-4.908
-0.398,-4.955
-0.404,-4.998
-0.419,-5.070
-0.427,-5.112
-0.420,-5.131
-0.420,-5.150
-0.405,-5.170
-0.412,-5.175
-0.427,-5.218
-0.412,-5.261
-0.412,-5.294
-0.419,-5.260
-0.412,-5.241
-0.419,-5.218
-0.419,-5.194
-0.434,-5.203
-0.441,-5.175
-0.471,-5.140
-0.479,-5.097
-0.471,-5.050
-0.501,-5.030
-0.508,-5.006
-0.530,-4.996
-0.545,-4.982
-0.536,-4.954
-0.529,-4.964
-0.537,-4.944
-0.551,-4.944
-0.545,-4.957
-0.544,-4.943
-0.538,-4.947
-0.530,-4.929
-0.515,-4.925
-0.500,-4.925
-0.491,-4.917
-0.500,-4.935
-0.508,-4.915
-0.523,-4.920
-0.523,-4.938
-0.537,-4.934
-0.523,-4.948
-0.537,-4.925
-0.522,-4.916
-0.508,-4.891
-0.500,-4.888
-0.500,-4.907
-0.500,-4.902
-0.515,-4.906
-0.509,-4.895
-0.501,-4.872
-0.501,-4.843
-0.500,-4.806
-0.486,-4.782
-0.471,-4.753
-0.462,-4.708
-0.455,-4.674
-0.448,-4.655
-0.448,-4.655
-0.440,-4.664
-0.447,-4.683
-0.463,-4.705
-0.463,-4.724
-0.464,-4.728
-0.471,-4.733
-0.485,-4.710
-0.485,-4.714
-0.485,-4.710
-0.485,-4.696
-0.492,-4.662
-0.477,-4.644
-0.478,-4.638
-0.485,-4.614
-0.493,-4.595
-0.500,-4.571
-0.507,-4.519
-0.522,-4.483
-0.537,-4.436
-0.536,-4.390
-0.536,-4.365
-0.543,-4.327
-0.559,-4.310
-0.574,-4.270
-0.589,-4.266
-0.602,-4.259
-0.615,-4.247
-0.638,-4.246
-0.630,-4.236
-0.645,-4.222
-0.661,-4.215
-0.682,-4.206
-0.690,-4.229
-0.703,-4.221
-0.719,-4.229
-0.741,-4.238
-0.747,-4.225
-0.763,-4.228
-0.761,-4.221
-0.769,-4.212
-0.784,-4.201
-0.798,-4.168
-0.799,-4.147
-0.791,-4.138
-0.807,-4.142
-0.814,-4.136
-0.814,-4.147
-0.807,-4.171
-0.813,-4.172
-0.813,-4.176
-0.814,-4.176
-0.820,-4.177
-0.814,-4.176
-0.813,-4.186
-0.813,-4.215
-0.806,-4.238
-0.798,-4.244
-0.793,-4.246
-0.806,-4.253
-0.791,-4.278
-0.791,-4.296
-0.783,-4.312
-0.792,-4.339
-0.784,-4.373
-0.763,-4.400
-0.771,-4.424
-0.777,-4.464
-0.771,-4.520
-0.778,-4.564
-0.777,-4.617
-0.787,-4.649
-0.771,-4.641
-0.749,-4.665
-0.720,-4.650
-0.676,-4.665
-0.647,-4.651
-0.624,-4.624
-0.597,-4.622
-0.560,-4.628
-0.530,-4.642
-0.508,-4.623
-0.500,-4.592
-0.501,-4.557
-0.493,-4.533
-0.479,-4.519
-0.465,-4.513
-0.435,-4.505
-0.435,-4.520
-0.435,-4.530
-0.428,-4.514
-0.429,-4.483
-0.436,-4.455
-0.429,-4.446
-0.428,-4.420
-0.428,-4.420
-0.428,-4.424
-0.420,-4.401
-0.406,-4.366
-0.414,-4.360
-0.414,-4.332
-0.428,-4.303
-0.435,-4.268
-0.443,-4.238
-0.436,-4.190
-0.451,-4.168
-0.451,-4.154
-0.450,-4.118
-0.443,-4.117
-0.450,-4.107
-0.472,-4.127
-0.472,-4.127
-0.486,-4.123
-0.502,-4.116
-0.516,-4.098
-0.508,-4.078
-0.523,-4.050
-0.537,-4.003
-0.545,-3.987
-0.544,-3.955
-0.566,-3.917
-0.558,-3.865
-0.550,-3.799
-0.558,-3.758
-0.566,-3.695
-0.580,-3.677
-0.595,-3.691
-0.631,-3.696
-0.654,-3.722
-0.682,-3.730
-0.711,-3.773
-0.727,-3.840
-0.770,-3.890
-0.793,-3.945
-0.807,-3.984
-0.830,-4.007
-0.845,-4.050
-0.888,-4.075
-0.903,-4.089
-0.931,-4.071
-0.961,-4.113
-0.970,-4.169
-0.998,-4.222
-1.030,-4.272
-1.051,-4.331
-1.065,-4.345
-1.073,-4.354
-1.065,-4.341
-1.072,-4.350
-1.071,-4.346
-1.072,-4.379
-1.058,-4.383
-1.057,-4.389
-1.043,-4.379
-1.027,-4.347
-1.013,-4.365
-0.992,-4.374
-0.990,-4.352
-0.962,-4.342
-0.954,-4.305
-0.941,-4.284
-0.911,-4.284
-0.895,-4.262
-0.881,-4.266
-0.859,-4.257
-0.837,-4.224
-0.823,-4.199
-0.793,-4.167
-0.771,-4.176
-0.756,-4.173
-0.734,-4.186
-0.728,-4.180
-0.705,-4.182
-0.705,-4.200
-0.683,-4.220
-0.668,-4.245
-0.661,-4.268
-0.661,-4.293
-0.684,-4.335
-0.683,-4.359
-0.668,-4.384
-0.669,-4.392
-0.668,-4.384
-0.669,-4.406
-0.676,-4.407
-0.677,-4.397
-0.662,-4.401
-0.654,-4.384
-0.633,-4.355
-0.617,-4.322
-0.611,-4.321
-0.611,-4.335
-0.610,-4.331
-0.604,-4.344
-0.595,-4.346
-0.588,-4.369
-0.575,-4.391
-0.573,-4.408
-0.567,-4.450
-0.566,-4.489
-0.567,-4.547
-0.582,-4.593
-0.582,-4.618
-0.568,-4.651
-0.546,-4.660
-0.539,-4.694
-0.531,-4.753
-0.530,-4.773
-0.538,-4.815
-0.524,-4.829
-0.524,-4.872
-0.510,-4.895
-0.509,-4.901
-0.503,-4.919
-0.495,-4.891
-0.480,-4.877
-0.465,-4.863
-0.464,-4.840
-0.465,-4.859
-0.443,-4.868
-0.435,-4.888
-0.436,-4.910
-0.436,-4.891
-0.437,-4.871
-0.429,-4.844
-0.443,-4.825
-0.428,-4.793
-0.428,-4.750
-0.414,-4.715
-0.406,-4.652
-0.406,-4.628
-0.406,-4.610
-0.398,-4.592
-0.420,-4.591
-0.427,-4.567
-0.442,-4.582
-0.450,-4.591
-0.448,-4.597
-0.457,-4.643
-0.471,-4.657
-0.486,-4.685
-0.494,-4.695
-0.501,-4.728
-0.516,-4.751
-0.523,-4.780
-0.531,-4.800
-0.531,-4.814
-0.552,-4.829
-0.561,-4.832
-0.553,-4.838
-0.552,-4.858
-0.575,-4.871
-0.567,-4.886
-0.590,-4.885
-0.598,-4.866
-0.589,-4.871
-0.590,-4.871
-0.581,-4.872
-0.604,-4.885
-0.596,-4.876
-0.596,-4.847
-0.574,-4.853
-0.588,-4.848
-0.574,-4.871
-0.582,-4.886
-0.581,-4.901
-0.604,-4.914
-0.603,-4.934
-0.604,-4.986
-0.604,-5.010
-0.612,-5.048
-0.620,-5.076
-0.619,-5.067
-0.604,-5.067
-0.582,-5.048
-0.582,-5.034
-0.560,-5.044
-0.545,-5.049
-0.524,-5.063
-0.531,-5.068
-0.531,-5.097
-0.509,-5.106
-0.523,-5.102
-0.532,-5.091
-0.531,-5.068
-0.516,-5.064
-0.501,-5.069
-0.500,-5.060
-0.509,-5.078
-0.531,-5.054
-0.539,-5.053
-0.524,-5.058
-0.523,-5.044
-0.524,-5.053
-0.524,-5.020
-0.524,-5.020
-0.524,-5.029
-0.523,-5.001
-0.516,-4.982
-0.516,-4.954
-0.531,-4.915
-0.508,-4.920
-0.522,-4.897
-0.523,-4.906
-0.523,-4.916
-0.530,-4.925
-0.531,-4.933
-0.531,-4.929
-0.546,-4.962
-0.538,-4.977
-0.538,-5.002
-0.538,-5.016
-0.545,-4.988
-0.538,-4.977
-0.538,-4.981
-0.524,-4.991
-0.516,-5.001
-0.530,-4.992
-0.538,-5.006
-0.546,-4.996
-0.546,-4.996
-0.539,-4.996
-0.546,-4.996
-0.546,-4.986
-0.531,-4.958
-0.509,-4.924
-0.494,-4.896
-0.493,-4.869
-0.494,-4.877
-0.486,-4.868
-0.479,-4.863
-0.480,-4.853
-0.479,-4.834
-0.487,-4.848
-0.478,-4.830
-0.493,-4.816
-0.501,-4.810
-0.500,-4.792
-0.509,-4.795
-0.508,-4.805
-0.515,-4.810
-0.516,-4.833
-0.523,-4.834
-0.539,-4.856
-0.561,-4.861
-0.568,-4.880
-0.575,-4.875
-0.574,-4.867
-0.575,-4.857
-0.574,-4.867
-0.590,-4.842
-0.590,-4.842
-0.582,-4.847
-0.583,-4.856
-0.576,-4.861
-0.583,-4.827
-0.553,-4.809
-0.545,-4.781
-0.538,-4.791
-0.530,-4.781
-0.509,-4.776
-0.502,-4.747
-0.501,-4.724
-0.494,-4.720
-0.479,-4.715
-0.486,-4.706
-0.479,-4.715
-0.486,-4.692
-0.487,-4.690
-0.480,-4.656
-0.488,-4.669
-0.488,-4.680
-0.486,-4.682
-0.494,-4.680
-0.494,-4.691
-0.494,-4.701
-0.486,-4.711
-0.501,-4.685
-0.503,-4.673
-0.502,-4.636
-0.508,-4.662
-0.508,-4.658
-0.530,-4.659
-0.531,-4.661
-0.531,-4.650
-0.554,-4.655
-0.545,-4.656
-0.544,-4.648
-0.545,-4.657
-0.553,-4.647
-0.567,-4.661
-0.575,-4.646
-0.590,-4.656
-0.590,-4.650
-0.613,-4.659
-0.612,-4.640
-0.605,-4.645
-0.611,-4.628
-0.611,-4.643
-0.611,-4.628
-0.634,-4.598
-0.642,-4.597
-0.648,-4.555
-0.650,-4.534
-0.641,-4.517
-0.648,-4.484
-0.642,-4.482
-0.633,-4.465
-0.641,-4.464
-0.626,-4.478
-0.633,-4.494
-0.655,-4.499
-0.661,-4.486
-0.670,-4.478
-0.685,-4.467
-0.700,-4.453
-0.708,-4.452
-0.706,-4.450
-0.713,-4.470
-0.720,-4.461
-0.728,-4.445
-0.723,-4.437
-0.707,-4.415
-0.723,-4.437
-0.714,-4.449
-0.720,-4.461
-0.721,-4.468
-0.714,-4.445
-0.708,-4.437
-0.701,-4.432
-0.714,-4.435
-0.706,-4.465
-0.706,-4.461
-0.700,-4.464
-0.708,-4.448
-0.701,-4.442
-0.694,-4.423
-0.708,-4.400
-0.699,-4.402
-0.721,-4.393
-0.714,-4.359
-0.716,-4.342
-0.707,-4.340
-0.700,-4.363
-0.698,-4.370
-0.692,-4.382
-0.678,-4.405
-0.699,-4.402
-0.715,-4.424
-0.700,-4.439
-0.693,-4.444
-0.693,-4.462
-0.685,-4.474
-0.671,-4.492
-0.669,-4.513
-0.655,-4.527
-0.657,-4.554
-0.657,-4.578
-0.679,-4.602
-0.656,-4.589
-0.649,-4.583
-0.642,-4.564
-0.627,-4.560
-0.612,-4.550
-0.598,-4.550
-0.567,-4.543
-0.554,-4.536
-0.561,-4.498
-0.547,-4.496
-0.540,-4.472
-0.531,-4.456
-0.524,-4.447
-0.516,-4.434
-0.517,-4.417
-0.503,-4.392
-0.495,-4.383
-0.480,-4.365
-0.479,-4.354
-0.465,-4.376
-0.465,-4.376
-0.473,-4.385
-0.473,-4.368
-0.473,-4.364
-0.466,-4.373
-0.458,-4.389
-0.465,-4.405
-0.457,-4.414
-0.479,-4.400
-0.473,-4.403
-0.466,-4.412
-0.458,-4.428
-0.474,-4.468
-0.495,-4.494
-0.502,-4.532
-0.524,-4.551
-0.547,-4.589
-0.569,-4.598
-0.590,-4.613
-0.598,-4.626
-0.590,-4.641
-0.605,-4.656
-0.605,-4.674
-0.618,-4.690
-0.642,-4.722
-0.642,-4.707
-0.649,-4.684
-0.642,-4.668
-0.634,-4.655
-0.650,-4.663
-0.664,-4.659
-0.649,-4.655
-0.656,-4.650
-0.655,-4.670
-0.663,-4.698
-0.663,-4.698
-0.663,-4.698
-0.678,-4.702
-0.663,-4.698
-0.671,-4.693
-0.670,-4.689
-0.677,-4.680
-0.670,-4.689
-0.676,-4.690
-0.693,-4.702
-0.700,-4.678
-0.693,-4.673
-0.693,-4.677
-0.685,-4.664
-0.678,-4.663
-0.677,-4.626
-0.692,-4.612
-0.686,-4.582
-0.677,-4.565
-0.678,-4.559
-0.669,-4.542
-0.670,-4.531
-0.656,-4.529
-0.640,-4.489
-0.641,-4.497
-0.657,-4.472
-0.640,-4.464
-0.648,-4.473
-0.640,-4.470
-0.648,-4.484
-0.648,-4.483
-0.662,-4.479
-0.655,-4.478
-0.655,-4.478
-0.641,-4.500
-0.640,-4.493
-0.640,-4.493
-0.655,-4.521
-0.647,-4.522
-0.648,-4.512
-0.633,-4.531
-0.633,-4.545
-0.626,-4.525
-0.618,-4.512
-0.611,-4.511
-0.604,-4.516
-0.604,-4.516
-0.597,-4.526
-0.588,-4.523
-0.582,-4.536
-0.567,-4.526
-0.575,-4.517
-0.568,-4.512
-0.573,-4.491
-0.567,-4.497
-0.559,-4.484
-0.553,-4.469
-0.546,-4.467
-0.538,-4.450
-0.523,-4.455
-0.523,-4.436
-0.515,-4.438
-0.523,-4.436
-0.500,-4.413
-0.515,-4.428
-0.508,-4.422
-0.501,-4.403
-0.501,-4.421
-0.515,-4.399
-0.502,-4.382
-0.508,-4.369
-0.501,-4.384
-0.493,-4.394
-0.493,-4.375
-0.479,-4.369
-0.486,-4.360
-0.486,-4.360
-0.479,-4.369
-0.471,-4.367
-0.471,-4.385
-0.463,-4.376
-0.456,-4.371
-0.464,-4.384
-0.464,-4.351
-0.472,-4.364
-0.472,-4.374
-0.471,-4.385
-0.472,-4.403
-0.464,-4.419
-0.464,-4.437
-0.479,-4.412
-0.471,-4.417
-0.464,-4.430
-0.471,-4.424
-0.471,-4.428
-0.485,-4.420
-0.477,-4.444
-0.478,-4.466
-0.478,-4.466
-0.494,-4.488
-0.530,-4.464
-0.546,-4.439
-0.538,-4.448
-0.558,-4.441
-0.581,-4.465
-0.603,-4.445
-0.610,-4.417
-0.610,-4.417
-0.646,-4.394
-0.669,-4.407
-0.684,-4.406
-0.713,-4.381
-0.723,-4.369
-0.735,-4.343
-0.765,-4.343
-0.779,-4.343
-0.808,-4.324
-0.801,-4.323
-0.807,-4.292
-0.823,-4.285
-0.823,-4.256
-0.822,-4.238
-0.823,-4.232
-0.807,-4.210
-0.800,-4.194
-0.808,-4.174
-0.800,-4.147
-0.787,-4.140
-0.771,-4.119
-0.771,-4.108
-0.764,-4.085
-0.750,-4.049
-0.757,-4.026
-0.747,-4.017
-0.750,-3.974
-0.728,-3.940
-0.719,-3.924
-0.712,-3.905
-0.712,-3.858
-0.713,-3.854
-0.713,-3.837
-0.706,-3.860
-0.699,-3.858
-0.683,-3.848
-0.677,-3.863
-0.699,-3.869
-0.698,-3.908
-0.706,-3.917
-0.705,-3.928
-0.712,-3.951
-0.698,-3.955
-0.706,-3.964
-0.714,-3.987
-0.734,-3.985
-0.757,-3.983
-0.750,-3.988
-0.749,-3.999
-0.757,-4.008
-0.763,-3.995
-0.764,-4.003
-0.757,-4.037
-0.763,-4.038
-0.764,-4.060
-0.763,-4.053
-0.771,-4.080
-0.756,-4.080
-0.771,-4.094
-0.779,-4.103
-0.771,-4.119
-0.757,-4.141
-0.756,-4.151
-0.756,-4.151
-0.749,-4.189
-0.741,-4.176
-0.735,-4.189
-0.727,-4.209
-0.720,-4.233
-0.712,-4.238
-0.711,-4.259
-0.712,-4.267
-0.704,-4.282
-0.696,-4.302
-0.690,-4.315
-0.697,-4.320
-0.683,-4.324
-0.676,-4.348
-0.669,-4.371
-0.661,-4.377
-0.675,-4.383
-0.683,-4.396
-0.697,-4.417
-0.711,-4.442
-0.712,-4.478
-0.733,-4.479
-0.742,-4.471
-0.750,-4.451
-0.757,-4.453
-0.757,-4.471
-0.741,-4.459
-0.749,-4.487
-0.757,-4.481
-0.748,-4.483
-0.757,-4.481
-0.741,-4.477
-0.749,-4.491
-0.749,-4.501
-0.763,-4.497
-0.757,-4.510
-0.755,-4.513
-0.763,-4.526
-0.771,-4.549
-0.764,-4.573
-0.786,-4.581
-0.793,-4.582
-0.793,-4.601
-0.801,-4.596
-0.800,-4.578
-0.801,-4.596
-0.807,-4.607
-0.808,-4.615
-0.814,-4.602
-0.808,-4.615
-0.808,-4.615
-0.807,-4.607
-0.808,-4.615
-0.815,-4.591
-0.807,-4.578
-0.800,-4.577
-0.799,-4.569
-0.793,-4.583
-0.808,-4.572
-0.786,-4.553
-0.780,-4.541
-0.779,-4.548
-0.786,-4.567
-0.770,-4.570
-0.770,-4.570
-0.771,-4.592
-0.779,-4.601
-0.787,-4.610
-0.787,-4.596
-0.793,-4.583
-0.771,-4.596
-0.771,-4.592
-0.773,-4.614
-0.772,-4.625
-0.750,-4.644
-0.766,-4.638
-0.742,-4.635
-0.743,-4.654
-0.734,-4.655
-0.734,-4.640
-0.728,-4.611
-0.720,-4.598
-0.720,-4.602
-0.698,-4.607
-0.690,-4.569
-0.676,-4.574
-0.674,-4.576
-0.660,-4.609
-0.660,-4.627
-0.668,-4.607
-0.647,-4.592
-0.624,-4.579
-0.609,-4.590
-0.601,-4.609
-0.601,-4.623
-0.587,-4.628
-0.594,-4.629
-0.617,-4.646
-0.609,-4.637
-0.595,-4.637
-0.595,-4.637
-0.608,-4.653
-0.617,-4.670
-0.624,-4.665
-0.616,-4.685
-0.625,-4.712
-0.624,-4.722
-0.632,-4.750
-0.640,-4.759
-0.669,-4.769
-0.663,-4.782
-0.668,-4.789
-0.684,-4.812
-0.684,-4.812
-0.682,-4.804
-0.684,-4.826
-0.682,-4.842
-0.690,-4.870
-0.698,-4.880
-0.691,-4.889
-0.691,-4.893
-0.676,-4.889
-0.676,-4.889
-0.670,-4.859
-0.669,-4.855
-0.655,-4.845
-0.668,-4.832
-0.661,-4.846
-0.647,-4.846
-0.661,-4.832
-0.655,-4.802
-0.646,-4.770
-0.640,-4.770
-0.625,-4.755
-0.631,-4.746
-0.617,-4.722
-0.609,-4.665
-0.610,-4.655
-0.601,-4.656
-0.609,-4.676
-0.617,-4.693
-0.624,-4.669
-0.625,-4.648
-0.624,-4.641
-0.616,-4.642
-0.609,-4.670
-0.616,-4.670
-0.638,-4.679
-0.638,-4.675
-0.645,-4.709
-0.653,-4.708
-0.653,-4.722
-0.669,-4.716
-0.677,-4.710
-0.677,-4.711
-0.676,-4.692
-0.674,-4.680
-0.683,-4.654
-0.682,-4.646
-0.697,-4.632
-0.691,-4.620
-0.681,-4.585
-0.690,-4.578
-0.690,-4.549
-0.683,-4.525
-0.706,-4.495
-0.697,-4.467
-0.705,-4.466
-0.704,-4.458
-0.696,-4.449
-0.704,-4.434
-0.703,-4.408
-0.712,-4.385
-0.711,-4.353
-0.725,-4.306
-0.718,-4.286
-0.724,-4.273
-0.718,-4.272
-0.718,-4.261
-0.712,-4.256
-0.734,-4.265
-0.733,-4.257
-0.740,-4.295
-0.747,-4.300
-0.747,-4.304
-0.734,-4.322
-0.740,-4.352
-0.755,-4.367
-0.754,-4.377
-0.762,-4.386
-0.763,-4.419
-0.763,-4.443
-0.785,-4.471
-0.793,-4.475
-0.792,-4.500
-0.807,-4.529
-0.798,-4.541
-0.806,-4.564
-0.806,-4.554
-0.799,-4.577
-0.801,-4.571
-0.800,-4.538
-0.779,-4.523
-0.756,-4.496
-0.748,-4.487
-0.741,-4.438
-0.726,-4.388
-0.712,-4.367
-0.698,-4.314
-0.674,-4.283
-0.676,-4.280
-0.675,-4.247
-0.676,-4.237
-0.675,-4.219
-0.668,-4.228
-0.668,-4.224
-0.659,-4.226
-0.668,-4.224
-0.668,-4.195
-0.661,-4.176
-0.661,-4.165
-0.659,-4.168
-0.674,-4.186
-0.682,-4.166
-0.697,-4.152
-0.690,-4.133
-0.689,-4.114
-0.705,-4.136
-0.690,-4.132
-0.704,-4.128
-0.704,-4.118
-0.689,-4.086
-0.712,-4.084
-0.711,-4.066
-0.712,-4.037
-0.697,-4.052
-0.710,-4.059
-0.712,-4.041
-0.705,-4.007
-0.698,-3.984
-0.705,-3.978
-0.696,-3.933
-0.697,-3.941
-0.696,-3.908
-0.697,-3.880
-0.661,-3.867
-0.652,-3.823
-0.659,-3.828
-0.651,-3.820
-0.666,-3.809
-0.652,-3.783
-0.681,-3.765
-0.675,-3.752
-0.675,-3.735
-0.688,-3.717
-0.704,-3.695
-0.725,-3.650
-0.718,-3.634
-0.724,-3.604
-0.747,-3.599
-0.762,-3.605
-0.783,-3.604
-0.808,-3.625
-0.822,-3.636
-0.844,-3.641
-0.851,-3.665
-0.857,-3.721
-0.856,-3.764
-0.871,-3.778
-0.893,-3.801
-0.908,-3.829
-0.908,-3.840
-0.924,-3.861
-0.931,-3.881
-0.946,-3.895
-0.975,-3.924
-0.973,-3.917
-0.975,-3.895
-0.989,-3.863
-0.996,-3.825
-0.990,-3.794
-1.004,-3.762
-0.998,-3.703
-0.991,-3.654
-0.969,-3.588
-0.976,-3.554
-0.967,-3.496
-0.962,-3.483
-0.939,-3.474
-0.946,-3.480
-0.939,-3.489
-0.937,-3.514
-0.916,-3.540
-0.915,-3.563
-0.915,-3.606
-0.908,-3.629
-0.907,-3.654
-0.916,-3.698
-0.909,-3.733
-0.923,-3.775
-0.931,-3.813
-0.936,-3.851
-0.937,-3.912
-0.923,-3.958
-0.937,-3.998
-0.930,-4.021
-0.938,-4.030
-0.947,-4.057
-0.946,-4.067
-0.953,-4.119
-0.960,-4.164
-0.966,-4.194
-0.991,-4.243
-0.983,-4.273
-0.983,-4.302
-0.983,-4.374
-1.004,-4.414
-1.007,-4.458
-0.992,-4.468
-1.006,-4.526
-1.007,-4.569
-0.990,-4.629
-0.963,-4.694
-0.947,-4.733
-0.910,-4.710
-0.889,-4.666
-0.858,-4.616
-0.839,-4.609
-0.816,-4.585
-0.800,-4.563
-0.778,-4.486
-0.740,-4.406
-0.720,-4.348
-0.690,-4.258
-0.660,-4.187
-0.638,-4.139
-0.637,-4.078
-0.624,-4.042
-0.594,-3.999
-0.587,-3.965
-0.588,-3.926
-0.579,-3.899
-0.587,-3.922
-0.586,-3.919
-0.579,-3.956
-0.587,-3.965
-0.586,-3.958
-0.595,-3.978
-0.609,-3.985
-0.638,-4.010
-0.638,-4.027
-0.652,-4.024
-0.661,-4.050
-0.660,-4.104
-0.674,-4.140
-0.682,-4.192
-0.696,-4.216
-0.712,-4.227
-0.690,-4.222
-0.691,-4.237
-0.698,-4.260
-0.704,-4.272
-0.712,-4.295
-0.734,-4.300
-0.727,-4.295
-0.727,-4.299
-0.741,-4.291
-0.742,-4.285
-0.734,-4.290
-0.742,-4.256
-0.757,-4.260
-0.755,-4.234
-0.757,-4.213
-0.756,-4.198
-0.748,-4.189
-0.756,-4.198
-0.755,-4.195
-0.779,-4.196
-0.778,-4.189
-0.770,-4.209
-0.777,-4.229
-0.783,-4.216
-0.785,-4.213
-0.800,-4.212
-0.807,-4.218
-0.807,-4.257
-0.813,-4.273
-0.814,-4.280
-0.814,-4.266
-0.808,-4.264
-0.808,-4.283
-0.828,-4.290
-0.829,-4.294
-0.836,-4.285
-0.851,-4.300
-0.852,-4.307
-0.858,-4.308
-0.874,-4.312
-0.852,-4.307
-0.866,-4.317
-0.866,-4.317
-0.858,-4.337
-0.859,-4.341
-0.859,-4.341
-0.845,-4.345
-0.847,-4.352
-0.851,-4.342
-0.849,-4.364
-0.849,-4.363
-0.836,-4.386
-0.836,-4.414
-0.842,-4.434
-0.838,-4.440
-0.845,-4.435
-0.854,-4.458
-0.853,-4.498
-0.858,-4.491
-0.874,-4.484
-0.881,-4.446
-0.881,-4.428
-0.866,-4.414
-0.867,-4.403
-0.876,-4.391
-0.867,-4.375
-0.874,-4.351
-0.867,-4.321
-0.875,-4.283
-0.883,-4.281
-0.874,-4.280
-0.871,-4.293
-0.872,-4.301
-0.873,-4.290
-0.875,-4.287
-0.868,-4.282
-0.869,-4.300
-0.873,-4.308
-0.878,-4.284
-0.886,-4.268
-0.880,-4.256
-0.880,-4.256
-0.888,-4.280
-0.887,-4.290
-0.897,-4.296
-0.897,-4.278
-0.904,-4.272
-0.911,-4.263
-0.908,-4.248
-0.910,-4.256
-0.911,-4.263
-0.933,-4.254
