 0.234,-2.258
 0.235,-2.245
 0.255,-2.242
 0.255,-2.226
 0.285,-2.202
 0.275,-2.152
 0.285,-2.133
 0.315,-2.103
 0.314,-2.081
 0.333,-2.057
 0.362,-2.016
 0.351,-1.984
 0.350,-1.919
 0.359,-1.871
 0.369,-1.786
 0.359,-1.721
 0.359,-1.633
 0.330,-1.550
 0.340,-1.524
 0.350,-1.497
 0.388,-1.491
 0.408,-1.455
 0.428,-1.436
 0.467,-1.419
 0.486,-1.381
 0.546,-1.344
 0.566,-1.309
 0.594,-1.259
 0.605,-1.231
 0.614,-1.183
 0.633,-1.143
 0.644,-1.117
 0.651,-1.084
 0.661,-1.076
 0.651,-1.067
 0.640,-1.055
 0.662,-1.022
 0.641,-1.001
 0.632,-1.013
 0.642,-0.966
 0.642,-0.964
 0.632,-0.974
 0.621,-0.961
 0.612,-0.990
 0.612,-0.992
 0.601,-1.018
 0.592,-1.049
 0.572,-1.084
 0.582,-1.151
 0.563,-1.189
 0.523,-1.206
 0.495,-1.220
 0.484,-1.208
 0.455,-1.220
 0.466,-1.230
 0.436,-1.238
 0.436,-1.221
 0.426,-1.211
 0.415,-1.238
 0.406,-1.249
 0.415,-1.294
 0.406,-1.323
 0.405,-1.338
 0.387,-1.380
 0.387,-1.419
 0.386,-1.415
 0.377,-1.427
 0.386,-1.436
 0.367,-1.476
 0.368,-1.497
 0.357,-1.503
 0.338,-1.524
 0.338,-1.541
 0.328,-1.552
 0.329,-1.554
 0.319,-1.598
 0.309,-1.609
 0.309,-1.626
 0.309,-1.647
 0.299,-1.639
 0.289,-1.683
 0.280,-1.696
 0.280,-1.712
 0.270,-1.742
 0.270,-1.742
 0.260,-1.765
 0.280,-1.789
 0.270,-1.797
 0.261,-1.810
 0.251,-1.821
 0.251,-1.838
 0.242,-1.851
 0.251,-1.821
 0.232,-1.821
 0.232,-1.821
 0.212,-1.816
 0.202,-1.807
 0.202,-1.786
 0.192,-1.778
 0.192,-1.780
 0.192,-1.777
 0.192,-1.763
 0.202,-1.731
 0.182,-1.733
 0.182,-1.733
 0.172,-1.720
 0.183,-1.714
 0.192,-1.701
 0.172,-1.703
 0.182,-1.676
 0.172,-1.682
 0.182,-1.638
 0.182,-1.616
 0.182,-1.616
 0.182,-1.578
 0.162,-1.559
 0.172,-1.553
 0.172,-1.548
 0.182,-1.540
 0.162,-1.521
 0.162,-1.538
 0.162,-1.542
 0.152,-1.531
 0.162,-1.542
 0.162,-1.525
 0.153,-1.512
 0.162,-1.525
 0.162,-1.521
 0.153,-1.550
 0.152,-1.531
 0.142,-1.518
 0.153,-1.533
 0.153,-1.512
 0.153,-1.533
 0.153,-1.533
 0.153,-1.550
 0.163,-1.563
 0.153,-1.569
 0.153,-1.571
 0.143,-1.580
 0.143,-1.614
 0.153,-1.627
 0.163,-1.595
 0.163,-1.599
 0.183,-1.619
 0.183,-1.635
 0.183,-1.640
 0.202,-1.655
 0.212,-1.682
 0.232,-1.682
 0.252,-1.683
 0.252,-1.704
 0.271,-1.702
 0.262,-1.693
 0.282,-1.698
 0.291,-1.704
 0.301,-1.718
 0.311,-1.724
 0.311,-1.745
 0.321,-1.737
 0.331,-1.743
 0.341,-1.754
 0.351,-1.760
 0.361,-1.790
 0.370,-1.779
 0.370,-1.777
 0.361,-1.773
 0.361,-1.790
 0.381,-1.792
 0.371,-1.803
 0.380,-1.809
 0.391,-1.822
 0.380,-1.845
 0.380,-1.866
 0.390,-1.894
 0.380,-1.921
 0.391,-1.954
 0.390,-1.970
 0.381,-2.003
 0.381,-2.041
 0.371,-2.066
 0.372,-2.071
 0.391,-2.085
 0.381,-2.115
 0.361,-2.115
 0.371,-2.158
 0.361,-2.169
 0.371,-2.177
 0.382,-2.194
 0.382,-2.194
 0.382,-2.194
 0.373,-2.208
 0.382,-2.194
 0.372,-2.186
 0.382,-2.194
 0.381,-2.188
 0.392,-2.183
 0.391,-2.178
 0.392,-2.181
 0.391,-2.161
 0.391,-2.139
 0.382,-2.137
 0.381,-2.115
 0.372,-2.126
 0.372,-2.109
 0.352,-2.087
 0.342,-2.062
 0.322,-2.038
 0.322,-2.019
 0.302,-1.980
 0.291,-1.948
 0.272,-1.895
 0.262,-1.865
 0.262,-1.810
 0.261,-1.753
 0.231,-1.685
 0.222,-1.638
 0.201,-1.578
 0.211,-1.551
 0.201,-1.502
 0.201,-1.481
 0.191,-1.438
 0.191,-1.379
 0.191,-1.362
 0.191,-1.306
 0.171,-1.266
 0.151,-1.229
 0.150,-1.168
 0.131,-1.113
 0.131,-1.093
 0.111,-1.053
 0.121,-1.008
 0.101,-0.986
 0.120,-0.968
 0.100,-0.949
 0.100,-0.949
 0.120,-0.951
 0.120,-0.968
 0.130,-1.000
 0.150,-1.019
 0.170,-1.056
 0.180,-1.085
 0.199,-1.120
 0.219,-1.160
 0.230,-1.209
 0.239,-1.256
 0.251,-1.307
 0.270,-1.360
 0.280,-1.409
 0.310,-1.456
 0.320,-1.501
 0.321,-1.543
 0.320,-1.556
 0.320,-1.577
 0.301,-1.579
 0.291,-1.569
 0.291,-1.573
 0.281,-1.562
 0.282,-1.564
 0.271,-1.553
 0.271,-1.532
 0.272,-1.537
 0.270,-1.530
 0.271,-1.532
 0.271,-1.511
 0.271,-1.511
 0.281,-1.484
 0.271,-1.473
 0.271,-1.439
 0.271,-1.439
 0.281,-1.428
 0.272,-1.441
 0.271,-1.418
 0.271,-1.439
 0.281,-1.428
 0.271,-1.418
 0.261,-1.409
 0.260,-1.407
 0.271,-1.401
 0.271,-1.401
 0.260,-1.407
 0.251,-1.420
 0.270,-1.397
 0.271,-1.401
 0.261,-1.409
 0.281,-1.407
 0.281,-1.411
 0.280,-1.424
 0.300,-1.427
 0.301,-1.448
 0.301,-1.467
 0.292,-1.481
 0.301,-1.505
 0.282,-1.507
 0.272,-1.534
 0.272,-1.551
 0.272,-1.551
 0.252,-1.566
 0.232,-1.551
 0.242,-1.521
 0.222,-1.502
 0.202,-1.504
 0.202,-1.483
 0.192,-1.476
 0.212,-1.457
 0.183,-1.447
 0.183,-1.429
 0.163,-1.406
 0.173,-1.400
 0.163,-1.389
 0.153,-1.398
 0.153,-1.380
 0.133,-1.378
 0.163,-1.372
 0.153,-1.361
 0.133,-1.378
 0.143,-1.391
 0.133,-1.378
 0.124,-1.370
 0.124,-1.370
 0.104,-1.368
 0.094,-1.361
 0.084,-1.348
 0.074,-1.359
 0.064,-1.369
 0.055,-1.357
 0.074,-1.361
 0.074,-1.340
 0.055,-1.343
 0.054,-1.305
 0.064,-1.314
 0.054,-1.305
 0.064,-1.293
 0.064,-1.293
 0.054,-1.284
 0.044,-1.291
 0.054,-1.284
 0.044,-1.270
 0.054,-1.246
 0.044,-1.235
 0.035,-1.226
 0.015,-1.211
 0.015,-1.190
 0.024,-1.181
 0.005,-1.179
-0.005,-1.167
-0.015,-1.158
-0.015,-1.136
-0.015,-1.101
-0.025,-1.072
-0.016,-1.004
-0.016,-0.969
-0.016,-0.928
-0.006,-0.881
 0.003,-0.815
-0.027,-0.768
-0.017,-0.722
-0.017,-0.719
-0.027,-0.712
-0.027,-0.712
-0.017,-0.700
-0.017,-0.682
-0.027,-0.688
-0.037,-0.699
-0.027,-0.670
-0.047,-0.671
-0.048,-0.656
-0.047,-0.637
-0.048,-0.640
-0.047,-0.619
-0.057,-0.645
-0.057,-0.663
-0.056,-0.680
-0.066,-0.690
-0.057,-0.699
-0.037,-0.718
-0.047,-0.711
-0.037,-0.720
-0.047,-0.752
-0.037,-0.779
-0.057,-0.816
-0.037,-0.835
-0.027,-0.863
-0.027,-0.884
-0.016,-0.912
-0.016,-0.950
-0.016,-0.970
-0.026,-0.995
-0.007,-1.018
 0.004,-1.007
 0.004,-1.044
 0.024,-1.044
 0.044,-1.062
 0.034,-1.093
 0.044,-1.103
 0.054,-1.114
 0.063,-1.122
 0.063,-1.140
 0.074,-1.150
 0.064,-1.157
 0.074,-1.147
 0.093,-1.152
 0.103,-1.159
 0.103,-1.142
 0.113,-1.133
 0.094,-1.133
 0.103,-1.125
 0.113,-1.111
 0.113,-1.094
 0.133,-1.075
 0.113,-1.073
 0.133,-1.075
 0.123,-1.045
 0.143,-1.047
 0.133,-1.017
 0.123,-1.007
 0.133,-1.019
 0.152,-0.997
 0.133,-1.019
 0.123,-0.989
 0.133,-0.998
 0.143,-0.991
 0.133,-0.979
 0.113,-0.980
 0.113,-0.979
 0.113,-0.979
 0.103,-0.970
 0.113,-0.958
 0.103,-0.970
 0.093,-0.941
 0.093,-0.939
 0.083,-0.932
 0.083,-0.910
 0.074,-0.921
 0.083,-0.930
 0.083,-0.930
 0.083,-0.933
 0.083,-0.913
 0.083,-0.915
 0.073,-0.905
 0.073,-0.923
 0.083,-0.914
 0.093,-0.939
 0.083,-0.949
 0.073,-0.958
 0.073,-0.959
 0.064,-0.970
 0.073,-0.979
 0.053,-0.999
 0.044,-1.008
 0.044,-1.025
 0.043,-1.027
 0.044,-1.025
 0.064,-1.027
 0.063,-1.006
 0.053,-1.016
 0.063,-0.989
 0.073,-0.977
 0.073,-0.961
 0.083,-0.932
 0.093,-0.940
 0.103,-0.913
 0.113,-0.902
 0.132,-0.904
 0.132,-0.922
 0.132,-0.922
 0.132,-0.904
 0.132,-0.920
 0.152,-0.941
 0.142,-0.931
 0.152,-0.941
 0.152,-0.923
 0.152,-0.923
 0.152,-0.926
 0.172,-0.943
 0.172,-0.943
 0.162,-0.951
 0.181,-0.949
 0.172,-0.960
 0.182,-0.950
 0.192,-0.961
 0.202,-0.952
 0.221,-0.950
 0.212,-0.962
 0.221,-0.971
 0.221,-0.971
 0.241,-0.990
 0.231,-0.980
 0.231,-0.982
 0.221,-0.989
 0.212,-0.980
 0.221,-0.989
 0.231,-0.959
 0.221,-0.971
 0.241,-0.952
 0.241,-0.952
 0.221,-0.953
 0.211,-0.942
 0.211,-0.943
 0.201,-0.931
 0.201,-0.931
 0.201,-0.931
 0.201,-0.928
 0.182,-0.932
 0.172,-0.903
 0.191,-0.924
 0.152,-0.906
 0.172,-0.904
 0.143,-0.897
 0.152,-0.885
 0.152,-0.903
 0.132,-0.904
 0.132,-0.901
 0.123,-0.913
 0.123,-0.892
 0.123,-0.892
 0.113,-0.885
 0.123,-0.892
 0.122,-0.876
 0.112,-0.864
 0.123,-0.857
 0.103,-0.876
 0.103,-0.873
 0.113,-0.885
 0.103,-0.873
 0.112,-0.864
 0.102,-0.857
 0.112,-0.864
 0.093,-0.848
 0.093,-0.845
 0.103,-0.838
 0.102,-0.857
 0.112,-0.844
 0.103,-0.855
 0.093,-0.845
 0.093,-0.845
 0.113,-0.845
 0.112,-0.844
 0.103,-0.838
 0.103,-0.817
 0.112,-0.829
 0.113,-0.830
 0.122,-0.836
 0.123,-0.839
 0.122,-0.836
 0.122,-0.854
 0.123,-0.875
 0.112,-0.882
 0.113,-0.903
 0.123,-0.892
 0.123,-0.913
 0.123,-0.913
 0.113,-0.922
 0.113,-0.944
 0.123,-0.951
 0.113,-0.961
 0.113,-0.980
 0.093,-0.977
 0.103,-1.008
 0.113,-0.996
 0.113,-1.017
 0.113,-1.017
 0.103,-1.026
 0.114,-1.057
 0.113,-1.055
 0.123,-1.066
 0.104,-1.085
 0.123,-1.083
 0.104,-1.085
 0.113,-1.093
 0.104,-1.102
 0.123,-1.121
 0.114,-1.109
 0.113,-1.114
 0.123,-1.104
 0.123,-1.088
 0.124,-1.107
 0.133,-1.095
 0.124,-1.125
 0.123,-1.121
 0.123,-1.139
 0.114,-1.130
 0.143,-1.156
 0.123,-1.142
 0.143,-1.141
 0.144,-1.142
 0.144,-1.142
 0.133,-1.132
 0.134,-1.114
 0.143,-1.123
 0.114,-1.133
 0.123,-1.104
 0.123,-1.121
 0.104,-1.105
 0.104,-1.102
 0.104,-1.123
 0.094,-1.114
 0.103,-1.121
 0.104,-1.105
 0.104,-1.102
 0.084,-1.104
 0.104,-1.085
 0.074,-1.091
 0.074,-1.095
 0.084,-1.083
 0.074,-1.053
 0.084,-1.045
 0.064,-1.025
 0.064,-1.029
 0.074,-0.999
 0.084,-0.992
 0.084,-0.992
 0.074,-0.998
 0.084,-0.991
 0.083,-0.986
 0.083,-0.986
 0.073,-0.961
 0.074,-0.939
 0.064,-0.914
 0.054,-0.902
 0.064,-0.893
 0.054,-0.884
 0.063,-0.873
 0.053,-0.865
 0.063,-0.855
 0.073,-0.846
 0.053,-0.827
 0.054,-0.826
 0.053,-0.827
 0.054,-0.805
 0.044,-0.798
 0.044,-0.780
 0.044,-0.798
 0.054,-0.790
 0.044,-0.798
 0.044,-0.798
 0.054,-0.808
 0.044,-0.796
 0.063,-0.799
 0.054,-0.787
 0.054,-0.788
 0.054,-0.787
 0.054,-0.770
 0.054,-0.753
 0.044,-0.761
 0.054,-0.772
 0.034,-0.771
 0.044,-0.778
 0.054,-0.770
 0.034,-0.748
 0.044,-0.740
 0.034,-0.750
 0.024,-0.739
 0.014,-0.731
 0.034,-0.711
 0.034,-0.712
 0.024,-0.703
 0.014,-0.673
 0.014,-0.693
 0.004,-0.683
 0.014,-0.675
-0.006,-0.656
 0.004,-0.664
 0.004,-0.646
 0.014,-0.634
 0.004,-0.644
 0.004,-0.644
-0.006,-0.633
-0.006,-0.635
-0.006,-0.615
-0.026,-0.616
-0.026,-0.616
-0.016,-0.606
-0.035,-0.607
-0.035,-0.587
-0.035,-0.607
-0.026,-0.596
-0.035,-0.605
-0.036,-0.569
-0.036,-0.549
-0.046,-0.523
-0.056,-0.493
-0.066,-0.483
-0.066,-0.465
-0.066,-0.443
-0.056,-0.434
-0.056,-0.415
-0.066,-0.405
-0.066,-0.387
-0.076,-0.357
-0.076,-0.339
-0.066,-0.330
-0.056,-0.339
-0.046,-0.350
-0.066,-0.348
-0.046,-0.350
-0.056,-0.378
-0.056,-0.396
-0.046,-0.406
-0.046,-0.424
-0.046,-0.425
-0.046,-0.425
-0.046,-0.444
-0.046,-0.445
-0.036,-0.453
-0.036,-0.454
-0.045,-0.463
-0.036,-0.472
-0.036,-0.492
-0.045,-0.481
-0.045,-0.463
-0.036,-0.472
-0.046,-0.462
-0.036,-0.454
-0.046,-0.444
-0.046,-0.426
-0.036,-0.436
-0.046,-0.426
-0.026,-0.427
-0.046,-0.426
-0.046,-0.444
-0.026,-0.443
-0.036,-0.432
-0.036,-0.434
-0.026,-0.423
-0.026,-0.425
-0.026,-0.425
-0.016,-0.415
-0.016,-0.417
-0.017,-0.396
-0.007,-0.426
 0.013,-0.426
 0.003,-0.435
 0.014,-0.445
 0.003,-0.435
 0.023,-0.436
 0.033,-0.464
 0.023,-0.474
 0.033,-0.465
 0.033,-0.482
 0.043,-0.493
 0.043,-0.493
 0.043,-0.511
 0.043,-0.531
 0.053,-0.539
 0.053,-0.560
 0.053,-0.560
 0.043,-0.567
 0.063,-0.569
 0.063,-0.587
 0.073,-0.599
 0.083,-0.608
 0.063,-0.627
 0.073,-0.618
 0.063,-0.627
 0.063,-0.647
 0.063,-0.647
 0.053,-0.673
 0.063,-0.665
 0.063,-0.681
 0.083,-0.664
 0.073,-0.654
 0.073,-0.672
 0.082,-0.665
 0.082,-0.645
 0.082,-0.647
 0.082,-0.648
 0.082,-0.627
 0.092,-0.637
 0.082,-0.625
 0.092,-0.617
 0.102,-0.588
 0.102,-0.568
 0.131,-0.542
 0.141,-0.531
 0.160,-0.514
 0.150,-0.484
 0.170,-0.465
 0.170,-0.447
 0.169,-0.407
 0.159,-0.399
 0.159,-0.360
 0.149,-0.349
 0.179,-0.321
 0.198,-0.321
 0.199,-0.304
 0.218,-0.303
 0.228,-0.294
 0.238,-0.286
 0.237,-0.304
 0.228,-0.314
 0.228,-0.313
 0.228,-0.331
 0.208,-0.332
 0.218,-0.340
 0.208,-0.352
 0.208,-0.370
 0.218,-0.380
 0.238,-0.419
 0.238,-0.417
 0.228,-0.447
 0.219,-0.456
 0.238,-0.476
 0.219,-0.476
 0.219,-0.474
 0.209,-0.485
 0.199,-0.512
 0.179,-0.512
 0.170,-0.503
 0.150,-0.502
 0.151,-0.523
 0.131,-0.523
 0.131,-0.541
 0.111,-0.560
 0.091,-0.559
 0.082,-0.570
 0.072,-0.598
 0.062,-0.607
 0.053,-0.616
 0.052,-0.614
 0.042,-0.608
 0.042,-0.608
 0.052,-0.599
 0.042,-0.610
 0.042,-0.608
 0.052,-0.619
 0.042,-0.608
 0.043,-0.626
 0.032,-0.636
 0.043,-0.644
 0.043,-0.646
 0.043,-0.664
 0.043,-0.664
 0.043,-0.646
 0.043,-0.644
 0.052,-0.637
 0.043,-0.628
 0.023,-0.627
 0.032,-0.618
 0.043,-0.626
 0.042,-0.608
 0.042,-0.608
 0.033,-0.617
 0.033,-0.599
 0.023,-0.606
 0.023,-0.588
 0.023,-0.588
 0.023,-0.588
 0.023,-0.588
 0.013,-0.577
 0.023,-0.588
 0.033,-0.578
 0.013,-0.597
 0.023,-0.606
 0.042,-0.605
 0.033,-0.617
 0.042,-0.608
 0.053,-0.618
 0.043,-0.629
 0.053,-0.656
 0.072,-0.658
 0.092,-0.657
 0.092,-0.674
 0.092,-0.674
 0.102,-0.682
 0.112,-0.695
 0.112,-0.694
 0.132,-0.713
 0.132,-0.733
 0.152,-0.731
 0.142,-0.762
 0.142,-0.762
 0.132,-0.789
 0.143,-0.801
 0.142,-0.817
 0.122,-0.819
 0.142,-0.818
 0.122,-0.836
 0.123,-0.838
 0.113,-0.845
 0.103,-0.838
 0.113,-0.828
 0.103,-0.838
 0.093,-0.829
 0.083,-0.836
 0.063,-0.837
 0.083,-0.836
 0.063,-0.855
 0.073,-0.846
 0.053,-0.845
 0.063,-0.855
 0.054,-0.846
 0.044,-0.856
 0.044,-0.877
 0.044,-0.856
 0.034,-0.887
 0.024,-0.913
 0.044,-0.933
 0.024,-0.952
 0.024,-0.949
 0.025,-0.990
 0.025,-1.008
 0.025,-1.027
 0.025,-1.047
 0.016,-1.053
 0.005,-1.065
-0.005,-1.056
-0.005,-1.056
-0.005,-1.058
-0.005,-1.056
-0.024,-1.057
-0.044,-1.036
-0.044,-1.056
-0.044,-1.056
-0.054,-1.063
-0.074,-1.085
-0.064,-1.074
-0.074,-1.085
-0.084,-1.095
-0.093,-1.121
-0.094,-1.123
-0.103,-1.170
-0.103,-1.189
-0.113,-1.197
-0.122,-1.223
-0.143,-1.246
-0.142,-1.261
-0.133,-1.274
-0.153,-1.275
-0.162,-1.284
-0.153,-1.296
-0.172,-1.294
-0.162,-1.305
-0.163,-1.324
-0.172,-1.329
-0.162,-1.322
-0.172,-1.329
-0.181,-1.337
-0.162,-1.339
-0.162,-1.357
-0.153,-1.352
-0.172,-1.371
-0.152,-1.390
-0.163,-1.401
-0.142,-1.416
-0.132,-1.429
-0.142,-1.435
-0.112,-1.465
-0.102,-1.495
-0.102,-1.491
-0.092,-1.506
-0.083,-1.493
-0.073,-1.504
-0.063,-1.515
-0.072,-1.521
-0.073,-1.525
-0.053,-1.523
-0.043,-1.515
-0.033,-1.504
-0.023,-1.511
-0.024,-1.513
-0.033,-1.538
-0.043,-1.515
-0.033,-1.525
-0.014,-1.506
-0.033,-1.491
-0.014,-1.489
-0.014,-1.506
-0.014,-1.506
-0.023,-1.511
-0.004,-1.494
-0.013,-1.502
 0.006,-1.505
 0.006,-1.487
 0.006,-1.483
 0.016,-1.479
 0.016,-1.458
 0.016,-1.458
 0.016,-1.439
 0.036,-1.437
 0.026,-1.430
 0.026,-1.409
 0.035,-1.401
 0.035,-1.383
 0.025,-1.369
 0.036,-1.381
 0.025,-1.352
 0.025,-1.352
 0.035,-1.324
 0.035,-1.303
 0.054,-1.288
 0.035,-1.265
 0.025,-1.256
 0.045,-1.237
 0.035,-1.226
 0.034,-1.209
 0.054,-1.187
 0.044,-1.180
 0.054,-1.154
 0.044,-1.143
 0.054,-1.138
 0.054,-1.135
 0.054,-1.154
 0.064,-1.163
 0.074,-1.170
 0.084,-1.182
 0.074,-1.170
 0.074,-1.191
 0.064,-1.201
 0.084,-1.237
 0.094,-1.250
 0.084,-1.276
 0.084,-1.318
 0.104,-1.375
 0.114,-1.439
 0.134,-1.516
 0.124,-1.561
 0.135,-1.593
 0.135,-1.593
 0.135,-1.610
 0.135,-1.612
 0.135,-1.588
 0.125,-1.601
 0.135,-1.554
 0.125,-1.525
 0.115,-1.501
 0.134,-1.457
 0.125,-1.448
 0.114,-1.437
 0.105,-1.408
 0.095,-1.401
 0.084,-1.369
 0.075,-1.344
 0.095,-1.346
 0.075,-1.343
 0.095,-1.328
 0.085,-1.337
 0.085,-1.356
 0.075,-1.365
 0.075,-1.378
 0.075,-1.401
 0.075,-1.416
 0.075,-1.437
 0.065,-1.429
 0.065,-1.429
 0.055,-1.422
 0.055,-1.401
 0.045,-1.411
 0.036,-1.420
 0.026,-1.430
 0.016,-1.422
 0.026,-1.409
 0.016,-1.400
 0.016,-1.400
 0.006,-1.390
 0.016,-1.383
 0.006,-1.390
-0.004,-1.402
 0.006,-1.373
 0.006,-1.390
 0.006,-1.392
-0.004,-1.398
-0.014,-1.409
-0.014,-1.392
-0.024,-1.379
-0.014,-1.392
-0.014,-1.388
-0.004,-1.400
-0.024,-1.402
-0.014,-1.409
-0.024,-1.423
-0.024,-1.440
-0.024,-1.462
-0.014,-1.468
-0.024,-1.475
-0.024,-1.496
-0.013,-1.502
-0.013,-1.523
-0.013,-1.523
-0.004,-1.532
 0.006,-1.526
 0.016,-1.534
 0.006,-1.526
 0.016,-1.553
 0.026,-1.562
 0.016,-1.594
 0.026,-1.617
 0.036,-1.630
 0.046,-1.641
 0.036,-1.647
 0.026,-1.660
 0.036,-1.666
 0.046,-1.679
 0.046,-1.679
 0.056,-1.686
 0.066,-1.699
 0.066,-1.694
 0.056,-1.726
 0.076,-1.726
 0.076,-1.743
 0.096,-1.746
 0.096,-1.758
 0.096,-1.779
 0.096,-1.782
 0.096,-1.801
 0.106,-1.817
 0.106,-1.833
 0.116,-1.847
 0.116,-1.863
 0.106,-1.888
 0.107,-1.927
 0.106,-1.921
 0.097,-1.954
 0.097,-1.935
 0.097,-1.970
 0.097,-1.956
 0.107,-1.981
 0.087,-1.967
 0.057,-1.975
 0.067,-1.965
 0.057,-1.959
 0.037,-1.934
 0.037,-1.937
 0.027,-1.945
 0.027,-1.923
 0.018,-1.898
 0.007,-1.887
 0.007,-1.871
 0.007,-1.871
-0.002,-1.857
 0.007,-1.871
-0.022,-1.857
-0.032,-1.832
-0.022,-1.821
-0.032,-1.810
-0.032,-1.810
-0.042,-1.795
-0.062,-1.780
-0.043,-1.744
-0.052,-1.714
-0.063,-1.691
-0.052,-1.659
-0.063,-1.653
-0.063,-1.632
-0.082,-1.629
-0.093,-1.602
-0.082,-1.570
-0.083,-1.553
-0.093,-1.525
-0.093,-1.504
-0.073,-1.506
-0.083,-1.493
-0.093,-1.487
-0.073,-1.468
-0.083,-1.476
-0.063,-1.478
-0.063,-1.457
-0.063,-1.478
-0.043,-1.476
-0.043,-1.496
-0.043,-1.496
-0.053,-1.485
-0.033,-1.487
-0.043,-1.476
-0.033,-1.466
-0.024,-1.479
-0.024,-1.474
-0.024,-1.496
-0.023,-1.515
-0.033,-1.542
-0.024,-1.555
-0.033,-1.559
-0.043,-1.591
-0.053,-1.600
-0.033,-1.600
-0.053,-1.602
-0.043,-1.574
-0.053,-1.568
-0.053,-1.566
-0.063,-1.572
-0.053,-1.580
-0.063,-1.568
-0.063,-1.572
-0.073,-1.561
-0.053,-1.542
-0.043,-1.553
-0.043,-1.553
-0.043,-1.536
-0.034,-1.544
-0.043,-1.553
-0.024,-1.536
-0.014,-1.542
-0.024,-1.555
-0.004,-1.553
-0.004,-1.553
-0.004,-1.536
 0.016,-1.534
 0.006,-1.545
 0.016,-1.573
 0.016,-1.573
 0.036,-1.575
 0.036,-1.592
 0.026,-1.583
 0.036,-1.592
 0.036,-1.592
 0.036,-1.630
 0.036,-1.626
 0.046,-1.641
 0.046,-1.641
 0.056,-1.650
 0.056,-1.654
 0.066,-1.660
 0.076,-1.654
 0.065,-1.641
 0.056,-1.650
 0.075,-1.669
 0.085,-1.675
 0.066,-1.677
 0.075,-1.686
 0.056,-1.707
 0.066,-1.699
 0.046,-1.696
 0.056,-1.709
 0.056,-1.726
 0.046,-1.718
 0.046,-1.720
 0.056,-1.705
 0.036,-1.690
 0.046,-1.698
 0.046,-1.696
 0.046,-1.679
 0.046,-1.675
 0.046,-1.679
 0.036,-1.668
 0.026,-1.679
 0.016,-1.690
 0.016,-1.688
 0.026,-1.701
 0.026,-1.718
 0.007,-1.753
 0.007,-1.775
-0.003,-1.797
-0.013,-1.827
-0.013,-1.827
 0.007,-1.851
 0.007,-1.856
 0.007,-1.851
 0.017,-1.884
 0.017,-1.881
 0.017,-1.896
 0.017,-1.877
 0.017,-1.874
-0.003,-1.862
 0.007,-1.868
-0.003,-1.840
-0.003,-1.841
-0.003,-1.838
-0.013,-1.832
-0.013,-1.849
-0.022,-1.879
-0.003,-1.900
-0.013,-1.887
-0.013,-1.909
-0.013,-1.925
-0.023,-1.953
-0.013,-1.983
-0.022,-2.007
-0.022,-2.013
-0.012,-2.024
-0.032,-2.043
-0.032,-2.062
-0.032,-2.095
-0.052,-2.116
-0.062,-2.124
-0.072,-2.097
-0.063,-2.073
-0.053,-2.059
-0.072,-2.059
-0.052,-2.056
-0.052,-2.056
-0.043,-2.032
-0.043,-2.010
-0.024,-1.980
-0.023,-1.960
-0.013,-1.969
-0.013,-1.985
 0.007,-1.999
-0.003,-2.013
 0.016,-1.991
 0.016,-1.972
 0.036,-1.975
 0.056,-1.934
 0.056,-1.939
 0.075,-1.899
 0.075,-1.899
 0.085,-1.910
 0.105,-1.924
 0.115,-1.940
 0.115,-1.918
 0.125,-1.929
 0.145,-1.910
 0.145,-1.905
 0.135,-1.918
 0.125,-1.907
 0.125,-1.908
 0.115,-1.902
 0.095,-1.915
 0.085,-1.910
 0.105,-1.907
 0.095,-1.896
 0.095,-1.880
 0.085,-1.866
 0.066,-1.869
 0.065,-1.888
 0.065,-1.888
 0.056,-1.901
 0.065,-1.888
 0.056,-1.884
 0.056,-1.901
 0.065,-1.909
 0.065,-1.948
 0.065,-1.943
 0.076,-1.918
 0.076,-1.896
 0.066,-1.907
 0.066,-1.907
 0.076,-1.913
 0.066,-1.907
 0.065,-1.888
 0.056,-1.879
 0.055,-1.863
 0.055,-1.841
 0.036,-1.843
 0.046,-1.832
 0.036,-1.822
 0.026,-1.813
 0.026,-1.792
 0.016,-1.764
 0.016,-1.742
 0.006,-1.734
 0.016,-1.726
-0.004,-1.704
-0.004,-1.690
-0.004,-1.668
-0.004,-1.668
 0.005,-1.660
 0.006,-1.636
 0.006,-1.679
 0.016,-1.668
 0.006,-1.698
 0.006,-1.720
 0.016,-1.687
 0.026,-1.684
 0.026,-1.662
 0.006,-1.660
 0.006,-1.660
-0.003,-1.625
-0.014,-1.619
-0.024,-1.570
-0.034,-1.542
-0.034,-1.487
-0.054,-1.446
-0.064,-1.421
-0.094,-1.370
-0.094,-1.333
-0.114,-1.297
-0.124,-1.265
-0.135,-1.258
-0.124,-1.227
-0.154,-1.218
-0.135,-1.237
-0.134,-1.216
-0.125,-1.209
-0.115,-1.218
-0.115,-1.218
-0.125,-1.210
-0.105,-1.208
-0.095,-1.201
-0.085,-1.189
-0.095,-1.180
-0.075,-1.161
-0.085,-1.149
-0.095,-1.142
-0.066,-1.132
-0.065,-1.133
-0.046,-1.116
-0.036,-1.106
-0.036,-1.109
-0.016,-1.125
-0.016,-1.146
-0.016,-1.163
 0.004,-1.179
 0.023,-1.181
 0.034,-1.209
 0.034,-1.230
 0.044,-1.241
 0.074,-1.250
 0.083,-1.241
 0.074,-1.250
 0.083,-1.258
 0.083,-1.258
 0.093,-1.267
 0.103,-1.260
 0.103,-1.239
 0.093,-1.250
 0.102,-1.241
 0.103,-1.257
 0.113,-1.269
 0.112,-1.248
 0.122,-1.240
 0.122,-1.239
 0.142,-1.238
 0.142,-1.241
 0.152,-1.248
 0.142,-1.240
 0.172,-1.231
 0.171,-1.247
 0.172,-1.250
 0.191,-1.249
 0.191,-1.270
 0.202,-1.280
 0.191,-1.270
 0.212,-1.293
 0.211,-1.310
 0.231,-1.347
 0.241,-1.375
 0.260,-1.409
 0.261,-1.432
 0.271,-1.460
 0.272,-1.481
 0.282,-1.509
 0.291,-1.513
 0.272,-1.537
 0.261,-1.526
 0.242,-1.528
 0.222,-1.530
 0.212,-1.536
 0.233,-1.540
 0.232,-1.555
 0.212,-1.574
 0.222,-1.585
 0.222,-1.602
 0.203,-1.604
 0.213,-1.593
 0.203,-1.604
 0.213,-1.615
 0.202,-1.599
 0.203,-1.625
 0.203,-1.621
 0.203,-1.642
 0.213,-1.649
 0.203,-1.676
 0.193,-1.689
 0.193,-1.689
 0.203,-1.681
 0.213,-1.675
 0.213,-1.675
 0.204,-1.666
 0.193,-1.689
 0.203,-1.697
 0.213,-1.687
 0.213,-1.704
 0.213,-1.708
 0.203,-1.717
 0.203,-1.719
 0.213,-1.730
 0.213,-1.725
 0.213,-1.730
 0.233,-1.749
 0.223,-1.777
 0.224,-1.796
 0.213,-1.840
 0.213,-1.823
 0.194,-1.821
 0.184,-1.815
 0.184,-1.815
 0.184,-1.812
 0.184,-1.815
 0.164,-1.812
 0.164,-1.795
 0.134,-1.803
 0.144,-1.812
 0.134,-1.825
 0.134,-1.839
 0.124,-1.869
 0.114,-1.880
 0.114,-1.918
 0.114,-1.959
 0.114,-2.014
 0.104,-2.063
 0.094,-2.112
 0.104,-2.118
 0.124,-2.104
 0.134,-2.107
 0.144,-2.134
 0.164,-2.135
 0.173,-2.121
 0.194,-2.110
 0.204,-2.099
 0.194,-2.110
 0.204,-2.124
 0.214,-2.130
 0.204,-2.143
 0.214,-2.130
 0.224,-2.141
 0.224,-2.141
 0.214,-2.146
 0.224,-2.157
 0.233,-2.143
 0.224,-2.138
 0.244,-2.122
 0.243,-2.100
 0.234,-2.114
 0.243,-2.100
 0.234,-2.108
 0.244,-2.119
 0.253,-2.105
 0.253,-2.089
 0.243,-2.059
 0.243,-2.045
 0.243,-2.029
 0.223,-2.004
 0.224,-1.993
 0.223,-1.971
 0.223,-1.971
 0.223,-1.987
 0.223,-1.982
 0.223,-1.987
 0.243,-1.947
 0.223,-1.949
 0.223,-1.949
 0.232,-1.936
 0.243,-1.949
 0.243,-1.944
 0.243,-1.949
 0.224,-1.930
 0.234,-1.919
 0.243,-1.913
 0.223,-1.908
 0.233,-1.900
 0.223,-1.892
 0.213,-1.878
 0.204,-1.856
 0.194,-1.842
 0.184,-1.815
 0.174,-1.823
 0.164,-1.812
 0.154,-1.806
 0.144,-1.793
 0.144,-1.793
 0.134,-1.782
 0.134,-1.782
 0.125,-1.778
 0.144,-1.776
 0.125,-1.800
 0.144,-1.797
 0.134,-1.803
 0.134,-1.825
 0.134,-1.820
 0.135,-1.861
 0.134,-1.863
 0.144,-1.869
 0.125,-1.893
 0.125,-1.888
 0.135,-1.918
 0.145,-1.929
 0.144,-1.927
 0.165,-1.932
 0.164,-1.927
 0.155,-1.943
 0.135,-1.940
 0.144,-1.927
 0.144,-1.948
 0.134,-1.913
 0.124,-1.907
 0.124,-1.891
 0.134,-1.880
 0.135,-1.885
 0.105,-1.888
 0.095,-1.901
 0.114,-1.901
 0.105,-1.910
 0.105,-1.931
 0.095,-1.934
 0.086,-1.964
 0.085,-1.967
 0.076,-1.975
 0.076,-1.980
 0.085,-1.967
 0.076,-1.980
 0.085,-1.989
 0.095,-1.994
 0.085,-2.005
 0.105,-1.981
 0.095,-1.994
 0.095,-1.995
 0.095,-2.011
 0.115,-1.997
 0.115,-1.992
 0.125,-1.986
 0.105,-1.967
 0.105,-1.967
 0.115,-1.981
 0.115,-1.956
 0.115,-1.959
 0.115,-1.940
 0.115,-1.935
 0.115,-1.940
 0.125,-1.946
 0.135,-1.959
 0.125,-1.948
 0.115,-1.956
 0.115,-1.940
 0.125,-1.965
 0.115,-1.959
 0.115,-1.956
 0.105,-1.967
 0.105,-1.967
 0.105,-1.962
 0.115,-1.954
 0.125,-1.965
 0.115,-1.956
 0.105,-1.934
 0.135,-1.921
 0.126,-1.934
 0.125,-1.931
 0.125,-1.926
 0.135,-1.938
 0.125,-1.943
 0.145,-1.929
 0.145,-1.907
 0.135,-1.916
 0.135,-1.899
 0.135,-1.894
 0.135,-1.902
 0.135,-1.902
 0.145,-1.891
 0.145,-1.913
 0.145,-1.907
 0.145,-1.929
 0.154,-1.938
 0.145,-1.946
 0.145,-1.951
 0.135,-1.937
 0.154,-1.959
 0.175,-1.960
 0.175,-1.976
 0.194,-1.979
 0.204,-1.966
 0.204,-1.968
 0.214,-1.976
 0.204,-2.001
 0.205,-2.023
 0.194,-2.029
 0.185,-2.042
 0.195,-2.034
 0.175,-2.053
 0.165,-2.047
 0.164,-2.044
 0.165,-2.050
 0.164,-2.028
 0.155,-2.014
 0.174,-2.017
 0.164,-2.001
 0.144,-2.003
 0.135,-2.011
 0.135,-1.995
 0.135,-2.017
 0.125,-1.984
 0.115,-2.019
 0.095,-2.016
 0.106,-2.044
 0.096,-2.055
 0.105,-2.041
 0.096,-2.093
 0.086,-2.082
 0.076,-2.090
 0.066,-2.101
 0.075,-2.087
 0.066,-2.085
 0.056,-2.093
 0.056,-2.093
 0.046,-2.120
 0.046,-2.136
 0.027,-2.139
 0.027,-2.117
 0.027,-2.117
 0.027,-2.120
 0.007,-2.114
 0.027,-2.117
 0.027,-2.117
 0.027,-2.117
 0.027,-2.103
 0.046,-2.082
 0.047,-2.106
 0.037,-2.095
 0.037,-2.128
 0.037,-2.128
 0.046,-2.153
 0.017,-2.147
 0.047,-2.139
 0.047,-2.139
 0.047,-2.139
 0.056,-2.145
 0.027,-2.178
 0.046,-2.175
 0.046,-2.175
 0.066,-2.161
 0.076,-2.128
 0.056,-2.131
 0.067,-2.137
 0.076,-2.145
 0.066,-2.139
 0.066,-2.134
 0.056,-2.131
 0.066,-2.120
 0.066,-2.120
 0.076,-2.112
 0.096,-2.110
 0.076,-2.112
 0.076,-2.129
 0.076,-2.129
 0.076,-2.129
 0.096,-2.104
 0.096,-2.110
 0.086,-2.101
 0.096,-2.132
 0.096,-2.115
 0.086,-2.120
 0.106,-2.123
 0.096,-2.132
 0.116,-2.129
 0.116,-2.151
 0.116,-2.145
 0.116,-2.151
 0.125,-2.137
 0.125,-2.159
 0.136,-2.170
 0.145,-2.176
 0.155,-2.190
 0.155,-2.190
 0.145,-2.217
 0.165,-2.220
 0.174,-2.222
 0.185,-2.239
 0.195,-2.245
 0.185,-2.253
 0.195,-2.245
 0.195,-2.261
 0.195,-2.267
 0.195,-2.264
 0.185,-2.275
 0.186,-2.297
 0.185,-2.291
 0.176,-2.324
 0.175,-2.340
 0.156,-2.343
 0.156,-2.343
 0.136,-2.356
 0.146,-2.387
 0.136,-2.394
 0.126,-2.405
 0.107,-2.431
 0.106,-2.427
 0.097,-2.442
 0.097,-2.442
 0.097,-2.458
 0.097,-2.474
 0.086,-2.456
 0.086,-2.463
 0.086,-2.440
 0.096,-2.413
 0.096,-2.397
 0.096,-2.375
 0.096,-2.381
 0.106,-2.370
 0.106,-2.351
 0.126,-2.373
 0.126,-2.329
 0.126,-2.335
 0.116,-2.321
 0.135,-2.321
 0.126,-2.313
 0.136,-2.302
 0.136,-2.285
 0.146,-2.294
 0.136,-2.285
 0.136,-2.285
 0.155,-2.280
 0.175,-2.286
 0.165,-2.329
 0.165,-2.329
 0.175,-2.340
 0.175,-2.334
 0.175,-2.340
 0.175,-2.340
 0.176,-2.363
 0.176,-2.385
 0.186,-2.390
 0.186,-2.415
 0.176,-2.401
 0.166,-2.428
 0.186,-2.447
 0.175,-2.452
 0.175,-2.475
 0.186,-2.444
 0.186,-2.448
 0.186,-2.448
 0.195,-2.452
 0.205,-2.467
 0.235,-2.491
 0.235,-2.514
 0.226,-2.547
 0.245,-2.560
 0.226,-2.547
 0.225,-2.525
 0.246,-2.525
 0.235,-2.514
 0.245,-2.519
 0.235,-2.552
 0.225,-2.557
 0.216,-2.571
 0.206,-2.601
 0.216,-2.587
 0.226,-2.602
 0.206,-2.617
 0.186,-2.656
 0.177,-2.686
 0.157,-2.682
 0.177,-2.670
 0.176,-2.650
 0.166,-2.620
 0.166,-2.620
 0.166,-2.613
 0.157,-2.612
 0.156,-2.583
 0.147,-2.617
 0.147,-2.598
 0.137,-2.602
 0.147,-2.620
 0.147,-2.598
 0.137,-2.593
 0.127,-2.604
 0.127,-2.597
 0.107,-2.616
 0.117,-2.602
 0.107,-2.632
 0.117,-2.631
 0.087,-2.639
 0.087,-2.645
 0.087,-2.638
 0.107,-2.658
 0.107,-2.658
 0.106,-2.670
 0.097,-2.685
 0.097,-2.701
 0.077,-2.723
 0.067,-2.734
 0.066,-2.769
 0.067,-2.808
 0.066,-2.820
 0.066,-2.842
 0.056,-2.815
 0.056,-2.800
 0.076,-2.772
 0.076,-2.768
 0.066,-2.760
 0.076,-2.768
 0.066,-2.750
 0.056,-2.742
 0.076,-2.716
 0.066,-2.728
 0.086,-2.747
 0.056,-2.754
 0.065,-2.769
 0.055,-2.780
 0.045,-2.792
 0.045,-2.792
 0.055,-2.799
 0.085,-2.776
 0.085,-2.731
 0.095,-2.727
 0.094,-2.723
 0.104,-2.712
 0.085,-2.715
 0.104,-2.689
 0.104,-2.696
 0.114,-2.682
 0.123,-2.689
 0.114,-2.682
 0.113,-2.678
 0.124,-2.639
 0.143,-2.584
 0.143,-2.559
 0.153,-2.538
 0.153,-2.532
 0.153,-2.516
 0.163,-2.492
 0.183,-2.473
 0.173,-2.449
 0.183,-2.431
 0.163,-2.450
 0.173,-2.471
 0.163,-2.476
 0.143,-2.463
 0.143,-2.457
 0.153,-2.436
 0.134,-2.400
 0.143,-2.408
 0.143,-2.392
 0.153,-2.378
 0.153,-2.378
 0.133,-2.359
 0.113,-2.356
 0.103,-2.332
 0.103,-2.309
 0.093,-2.288
 0.083,-2.274
 0.064,-2.254
 0.044,-2.257
 0.034,-2.262
 0.024,-2.276
 0.024,-2.273
 0.004,-2.270
 0.004,-2.276
-0.025,-2.297
-0.035,-2.308
-0.015,-2.289
-0.045,-2.261
-0.025,-2.248
-0.045,-2.245
-0.065,-2.248
-0.065,-2.248
-0.065,-2.242
-0.075,-2.237
-0.065,-2.220
-0.085,-2.207
-0.065,-2.204
-0.085,-2.162
-0.075,-2.157
-0.085,-2.124
-0.085,-2.111
-0.085,-2.091
-0.075,-2.080
-0.085,-2.056
-0.085,-2.050
-0.085,-2.034
-0.095,-2.023
-0.085,-2.012
-0.075,-2.007
-0.085,-1.990
-0.085,-1.995
-0.085,-1.976
-0.095,-1.965
-0.075,-1.968
-0.095,-1.944
-0.095,-1.965
-0.105,-1.954
-0.095,-1.963
-0.095,-1.927
-0.085,-1.935
-0.095,-1.910
-0.085,-1.900
-0.085,-1.900
-0.085,-1.883
-0.075,-1.870
-0.066,-1.861
-0.066,-1.861
-0.065,-1.859
-0.065,-1.842
-0.065,-1.837
-0.065,-1.842
-0.055,-1.832
-0.056,-1.812
-0.056,-1.817
-0.055,-1.793
-0.056,-1.796
-0.046,-1.785
-0.046,-1.785
-0.076,-1.776
-0.056,-1.774
-0.055,-1.776
-0.036,-1.777
-0.036,-1.774
-0.055,-1.776
-0.026,-1.783
-0.036,-1.777
-0.036,-1.793
-0.036,-1.810
-0.036,-1.810
-0.026,-1.799
-0.016,-1.796
-0.036,-1.777
-0.036,-1.760
-0.036,-1.781
-0.036,-1.755
-0.036,-1.777
-0.036,-1.772
-0.046,-1.744
-0.036,-1.738
-0.036,-1.733
-0.046,-1.708
-0.047,-1.689
-0.036,-1.678
-0.037,-1.683
-0.036,-1.678
-0.056,-1.680
-0.046,-1.670
-0.056,-1.659
-0.056,-1.642
-0.056,-1.621
-0.056,-1.604
-0.066,-1.574
-0.066,-1.574
-0.067,-1.538
-0.057,-1.523
-0.067,-1.499
-0.057,-1.489
-0.076,-1.486
-0.067,-1.478
-0.067,-1.457
-0.077,-1.450
-0.058,-1.431
-0.068,-1.442
-0.058,-1.435
-0.038,-1.450
-0.028,-1.483
-0.008,-1.498
-0.017,-1.506
 0.002,-1.526
-0.007,-1.532
 0.003,-1.547
 0.012,-1.555
 0.013,-1.575
 0.032,-1.596
 0.033,-1.611
 0.042,-1.624
 0.033,-1.632
 0.023,-1.643
 0.013,-1.634
 0.013,-1.630
 0.002,-1.643
-0.007,-1.651
-0.027,-1.632
-0.007,-1.634
-0.017,-1.621
-0.007,-1.634
-0.017,-1.642
-0.007,-1.651
-0.007,-1.651
 0.003,-1.655
 0.003,-1.662
-0.007,-1.668
-0.007,-1.670
 0.012,-1.636
 0.012,-1.632
 0.003,-1.645
 0.003,-1.623
 0.003,-1.623
-0.007,-1.615
 0.003,-1.602
-0.007,-1.596
-0.007,-1.593
 0.003,-1.585
 0.022,-1.566
 0.032,-1.553
 0.032,-1.575
 0.042,-1.547
 0.052,-1.577
 0.062,-1.588
 0.072,-1.596
 0.091,-1.616
 0.091,-1.633
 0.112,-1.650
 0.102,-1.660
 0.112,-1.667
 0.141,-1.682
 0.151,-1.674
 0.151,-1.693
 0.181,-1.704
 0.171,-1.708
 0.171,-1.729
 0.191,-1.727
 0.191,-1.727
 0.191,-1.727
 0.200,-1.733
 0.201,-1.721
 0.211,-1.713
 0.220,-1.704
 0.211,-1.696
 0.220,-1.683
 0.231,-1.715
 0.240,-1.702
 0.240,-1.700
 0.240,-1.700
 0.249,-1.687
 0.240,-1.681
 0.250,-1.670
 0.250,-1.653
 0.250,-1.653
 0.259,-1.645
 0.240,-1.647
 0.240,-1.625
 0.250,-1.636
 0.250,-1.636
 0.239,-1.642
 0.250,-1.636
 0.250,-1.615
 0.250,-1.615
 0.259,-1.606
 0.279,-1.604
 0.289,-1.598
 0.289,-1.577
 0.299,-1.607
 0.299,-1.607
 0.308,-1.613
 0.329,-1.599
 0.328,-1.616
 0.328,-1.615
 0.348,-1.635
 0.358,-1.641
 0.378,-1.665
 0.378,-1.665
 0.409,-1.695
 0.409,-1.717
 0.418,-1.704
 0.409,-1.717
 0.408,-1.712
 0.408,-1.712
 0.408,-1.712
 0.408,-1.691
 0.389,-1.676
 0.398,-1.663
 0.378,-1.665
 0.378,-1.665
 0.378,-1.644
 0.368,-1.637
 0.378,-1.627
 0.368,-1.637
 0.378,-1.629
 0.378,-1.605
 0.358,-1.609
 0.358,-1.605
 0.348,-1.597
 0.358,-1.607
 0.358,-1.586
 0.368,-1.582
 0.358,-1.569
 0.368,-1.560
 0.359,-1.552
 0.348,-1.558
 0.358,-1.569
 0.348,-1.575
 0.358,-1.569
 0.358,-1.569
 0.338,-1.584
 0.348,-1.596
 0.348,-1.577
 0.369,-1.580
 0.349,-1.582
 0.339,-1.588
 0.329,-1.601
 0.329,-1.579
 0.329,-1.579
 0.319,-1.569
 0.309,-1.556
 0.299,-1.549
 0.289,-1.536
 0.299,-1.511
 0.289,-1.502
 0.289,-1.481
 0.289,-1.466
 0.269,-1.442
 0.278,-1.434
 0.269,-1.425
 0.268,-1.423
 0.258,-1.417
 0.248,-1.404
 0.239,-1.395
 0.219,-1.376
 0.209,-1.365
 0.209,-1.369
 0.209,-1.346
 0.209,-1.348
 0.199,-1.339
 0.209,-1.327
 0.209,-1.331
 0.209,-1.327
 0.199,-1.318
 0.209,-1.310
 0.208,-1.306
 0.219,-1.299
 0.208,-1.268
 0.199,-1.263
 0.219,-1.244
 0.228,-1.252
 0.229,-1.237
 0.239,-1.244
 0.229,-1.254
 0.248,-1.253
 0.239,-1.261
 0.258,-1.282
 0.248,-1.287
 0.249,-1.291
 0.268,-1.310
 0.259,-1.319
 0.279,-1.359
 0.278,-1.355
 0.269,-1.368
 0.259,-1.378
 0.259,-1.396
 0.259,-1.400
 0.259,-1.395
 0.249,-1.406
 0.239,-1.434
 0.239,-1.432
 0.259,-1.455
 0.249,-1.461
 0.259,-1.472
 0.249,-1.483
 0.249,-1.500
 0.249,-1.521
 0.239,-1.508
 0.239,-1.527
 0.250,-1.540
 0.249,-1.538
 0.260,-1.549
 0.269,-1.555
 0.279,-1.568
 0.279,-1.568
 0.279,-1.568
 0.280,-1.573
 0.290,-1.579
 0.280,-1.590
 0.280,-1.590
 0.269,-1.596
 0.279,-1.607
 0.279,-1.602
 0.279,-1.624
 0.269,-1.634
 0.269,-1.634
 0.280,-1.645
 0.270,-1.653
 0.280,-1.666
 0.280,-1.683
 0.280,-1.700
 0.280,-1.705
 0.280,-1.739
 0.290,-1.752
 0.280,-1.760
 0.280,-1.777
 0.280,-1.782
 0.270,-1.788
 0.270,-1.809
 0.260,-1.820
 0.260,-1.853
 0.260,-1.875
 0.260,-1.872
 0.260,-1.892
 0.260,-1.913
 0.271,-1.941
 0.280,-1.971
 0.280,-1.985
 0.281,-2.007
 0.301,-2.010
 0.301,-2.026
 0.301,-2.054
 0.311,-2.078
 0.322,-2.109
 0.351,-2.114
 0.341,-2.139
 0.351,-2.153
 0.330,-2.166
 0.341,-2.199
 0.331,-2.210
 0.331,-2.227
 0.321,-2.260
 0.311,-2.265
 0.312,-2.290
 0.302,-2.295
 0.292,-2.306
 0.292,-2.309
 0.292,-2.303
 0.292,-2.325
 0.292,-2.325
 0.291,-2.322
 0.282,-2.314
 0.292,-2.303
 0.292,-2.325
 0.293,-2.306
 0.302,-2.314
 0.292,-2.309
 0.272,-2.322
 0.253,-2.325
 0.262,-2.333
 0.243,-2.349
 0.263,-2.352
 0.272,-2.338
 0.253,-2.347
 0.253,-2.347
 0.233,-2.344
 0.233,-2.350
 0.253,-2.363
 0.244,-2.377
 0.233,-2.382
 0.233,-2.398
 0.213,-2.420
 0.203,-2.444
 0.194,-2.478
 0.194,-2.516
 0.174,-2.551
 0.184,-2.588
 0.174,-2.593
 0.164,-2.585
 0.154,-2.589
 0.163,-2.597
 0.174,-2.593
 0.174,-2.567
 0.174,-2.574
 0.165,-2.565
 0.175,-2.554
 0.165,-2.550
 0.174,-2.532
 0.154,-2.554
 0.164,-2.543
 0.155,-2.551
 0.155,-2.551
 0.145,-2.537
 0.155,-2.532
 0.145,-2.521
 0.115,-2.490
 0.105,-2.466
 0.095,-2.455
 0.085,-2.450
 0.065,-2.430
 0.055,-2.403
 0.035,-2.406
 0.045,-2.372
 0.026,-2.375
 0.035,-2.361
 0.026,-2.369
 0.006,-2.372
 0.016,-2.374
-0.004,-2.377
-0.014,-2.372
-0.004,-2.399
-0.024,-2.418
-0.034,-2.423
-0.033,-2.449
-0.033,-2.448
-0.024,-2.440
-0.014,-2.432
-0.023,-2.399
-0.024,-2.402
-0.023,-2.399
-0.014,-2.407
 0.006,-2.410
 0.016,-2.396
 0.016,-2.400
 0.016,-2.399
 0.026,-2.388
 0.016,-2.402
 0.036,-2.396
 0.026,-2.411
 0.036,-2.377
 0.036,-2.400
 0.046,-2.392
 0.036,-2.400
 0.036,-2.406
 0.046,-2.395
 0.046,-2.395
 0.046,-2.395
 0.036,-2.400
 0.036,-2.400
 0.036,-2.400
 0.046,-2.405
 0.046,-2.408
 0.046,-2.386
 0.056,-2.403
 0.066,-2.392
 0.066,-2.392
 0.076,-2.384
 0.076,-2.400
 0.076,-2.422
 0.096,-2.403
 0.096,-2.419
 0.095,-2.381
 0.095,-2.397
 0.105,-2.373
 0.115,-2.362
 0.115,-2.362
 0.106,-2.376
 0.115,-2.378
 0.106,-2.392
 0.105,-2.389
 0.105,-2.428
 0.105,-2.428
 0.115,-2.433
 0.125,-2.447
 0.125,-2.447
 0.135,-2.442
 0.125,-2.453
 0.135,-2.458
 0.135,-2.480
 0.135,-2.480
 0.145,-2.485
 0.136,-2.477
 0.135,-2.471
 0.125,-2.485
 0.125,-2.501
 0.125,-2.524
 0.126,-2.543
 0.135,-2.551
 0.126,-2.549
 0.126,-2.565
 0.106,-2.603
 0.096,-2.611
 0.086,-2.616
 0.106,-2.620
 0.096,-2.627
 0.087,-2.619
 0.087,-2.619
 0.076,-2.624
 0.077,-2.653
 0.057,-2.627
 0.047,-2.619
 0.047,-2.642
 0.037,-2.627
 0.027,-2.638
 0.018,-2.623
 0.018,-2.608
 0.008,-2.603
-0.002,-2.572
-0.012,-2.567
-0.022,-2.553
-0.032,-2.564
-0.032,-2.564
-0.032,-2.557
-0.042,-2.553
-0.052,-2.541
-0.052,-2.541
-0.062,-2.533
-0.082,-2.530
-0.082,-2.498
-0.082,-2.491
-0.092,-2.483
-0.082,-2.475
-0.082,-2.453
-0.112,-2.470
-0.122,-2.437
-0.122,-2.440
-0.112,-2.448
-0.121,-2.453
-0.112,-2.448
-0.102,-2.434
-0.102,-2.437
-0.103,-2.421
-0.102,-2.415
-0.113,-2.410
-0.122,-2.395
-0.112,-2.406
-0.122,-2.379
-0.112,-2.381
-0.122,-2.379
-0.122,-2.357
-0.132,-2.371
-0.132,-2.355
-0.122,-2.360
-0.132,-2.355
-0.142,-2.340
-0.142,-2.359
-0.132,-2.349
-0.142,-2.337
-0.152,-2.351
-0.152,-2.329
-0.142,-2.343
-0.142,-2.360
-0.132,-2.329
-0.123,-2.324
-0.103,-2.322
-0.103,-2.325
-0.103,-2.305
-0.103,-2.322
-0.103,-2.344
-0.102,-2.338
-0.093,-2.330
-0.103,-2.324
-0.093,-2.330
-0.093,-2.336
-0.093,-2.330
-0.093,-2.352
-0.093,-2.352
-0.093,-2.368
-0.093,-2.390
-0.103,-2.411
-0.092,-2.423
-0.083,-2.437
-0.083,-2.415
-0.103,-2.424
-0.093,-2.413
-0.113,-2.412
-0.103,-2.424
-0.103,-2.434
-0.083,-2.437
-0.093,-2.442
-0.093,-2.426
-0.073,-2.407
-0.083,-2.415
-0.073,-2.410
-0.083,-2.398
-0.093,-2.409
-0.103,-2.417
-0.093,-2.425
-0.093,-2.432
-0.103,-2.417
-0.083,-2.421
-0.083,-2.421
-0.063,-2.396
-0.064,-2.399
-0.063,-2.396
-0.054,-2.410
-0.044,-2.421
-0.024,-2.418
-0.034,-2.429
 0.006,-2.427
 0.006,-2.449
 0.006,-2.465
-0.003,-2.473
 0.016,-2.460
 0.026,-2.446
 0.035,-2.460
 0.036,-2.480
 0.016,-2.476
 0.016,-2.499
 0.016,-2.515
 0.016,-2.515
 0.006,-2.526
-0.003,-2.531
 0.007,-2.507
-0.003,-2.511
-0.003,-2.499
-0.004,-2.479
-0.014,-2.484
-0.013,-2.487
-0.023,-2.492
-0.023,-2.514
-0.023,-2.514
-0.023,-2.514
-0.023,-2.537
-0.023,-2.530
-0.033,-2.542
-0.023,-2.533
-0.023,-2.533
-0.033,-2.548
-0.043,-2.533
-0.043,-2.556
-0.033,-2.580
-0.062,-2.584
-0.062,-2.607
-0.072,-2.611
-0.072,-2.618
-0.072,-2.618
-0.063,-2.610
-0.072,-2.625
-0.062,-2.629
-0.082,-2.632
-0.072,-2.640
-0.082,-2.664
-0.092,-2.659
-0.082,-2.664
-0.091,-2.679
-0.091,-2.679
-0.092,-2.675
-0.102,-2.667
-0.101,-2.661
-0.092,-2.653
-0.101,-2.645
-0.101,-2.645
-0.092,-2.644
-0.082,-2.648
-0.102,-2.651
-0.102,-2.651
-0.092,-2.675
-0.102,-2.667
-0.101,-2.645
-0.092,-2.640
-0.092,-2.602
-0.092,-2.602
-0.102,-2.574
-0.092,-2.557
-0.082,-2.549
-0.082,-2.530
-0.092,-2.519
-0.072,-2.484
-0.053,-2.464
-0.062,-2.440
-0.063,-2.421
-0.053,-2.394
-0.063,-2.386
-0.053,-2.371
-0.072,-2.371
-0.052,-2.369
-0.073,-2.346
-0.063,-2.341
-0.073,-2.308
-0.063,-2.287
-0.063,-2.248
-0.053,-2.234
-0.063,-2.210
-0.053,-2.196
-0.063,-2.171
-0.074,-2.144
-0.074,-2.122
-0.094,-2.086
-0.084,-2.050
-0.104,-2.036
-0.104,-2.015
-0.124,-1.976
-0.104,-1.960
-0.104,-1.938
-0.114,-1.932
-0.095,-1.913
-0.124,-1.899
-0.114,-1.894
-0.124,-1.897
-0.124,-1.880
-0.114,-1.872
-0.124,-1.861
-0.115,-1.858
-0.125,-1.844
-0.125,-1.847
-0.115,-1.836
-0.115,-1.814
-0.095,-1.817
-0.115,-1.793
-0.105,-1.787
-0.115,-1.776
-0.095,-1.774
-0.086,-1.749
-0.095,-1.735
-0.096,-1.740
-0.086,-1.729
-0.096,-1.718
-0.076,-1.702
-0.066,-1.708
-0.076,-1.721
-0.066,-1.710
-0.056,-1.719
-0.056,-1.702
-0.066,-1.706
-0.046,-1.691
-0.036,-1.700
-0.026,-1.711
-0.007,-1.713
-0.016,-1.700
-0.007,-1.713
-0.017,-1.719
-0.006,-1.725
-0.006,-1.747
 0.004,-1.753
 0.013,-1.749
 0.013,-1.733
 0.023,-1.741
 0.013,-1.732
 0.013,-1.728
 0.033,-1.714
 0.043,-1.703
 0.033,-1.671
 0.053,-1.673
 0.033,-1.649
 0.043,-1.643
 0.072,-1.594
 0.062,-1.586
 0.062,-1.549
 0.062,-1.528
 0.072,-1.483
 0.082,-1.434
 0.091,-1.405
 0.092,-1.407
 0.082,-1.356
 0.092,-1.349
 0.112,-1.347
 0.112,-1.347
 0.102,-1.358
 0.092,-1.345
 0.102,-1.341
 0.102,-1.358
 0.092,-1.366
 0.082,-1.377
 0.082,-1.394
 0.102,-1.396
 0.082,-1.394
 0.081,-1.413
 0.062,-1.415
 0.072,-1.422
 0.062,-1.417
 0.062,-1.415
 0.042,-1.417
 0.052,-1.428
 0.062,-1.432
 0.042,-1.434
 0.052,-1.443
 0.042,-1.451
 0.032,-1.462
 0.032,-1.458
 0.042,-1.451
 0.022,-1.451
 0.032,-1.462
 0.042,-1.492
 0.042,-1.470
 0.042,-1.494
 0.051,-1.483
 0.052,-1.502
 0.062,-1.494
 0.081,-1.509
 0.092,-1.524
 0.111,-1.501
 0.131,-1.520
 0.151,-1.542
 0.161,-1.565
 0.152,-1.578
 0.162,-1.584
 0.152,-1.595
 0.142,-1.625
 0.142,-1.623
 0.132,-1.633
 0.152,-1.633
 0.142,-1.644
 0.122,-1.651
 0.132,-1.659
 0.132,-1.681
 0.122,-1.725
 0.092,-1.772
 0.063,-1.818
 0.043,-1.890
 0.003,-1.949
-0.017,-1.982
 0.003,-1.980
-0.006,-1.952
-0.016,-1.903
-0.027,-1.842
-0.017,-1.760
-0.007,-1.694
-0.018,-1.632
-0.028,-1.600
-0.017,-1.591
-0.027,-1.576
-0.037,-1.582
-0.027,-1.593
-0.027,-1.589
-0.027,-1.596
-0.018,-1.585
-0.027,-1.615
-0.007,-1.617
-0.007,-1.613
-0.007,-1.617
-0.007,-1.613
-0.007,-1.651
 0.003,-1.679
 0.003,-1.696
 0.013,-1.713
 0.013,-1.711
 0.023,-1.722
 0.033,-1.735
 0.033,-1.730
 0.043,-1.763
 0.033,-1.786
 0.063,-1.794
 0.043,-1.796
 0.063,-1.811
 0.073,-1.805
 0.073,-1.822
 0.064,-1.835
 0.083,-1.818
 0.073,-1.827
 0.093,-1.829
 0.073,-1.827
 0.083,-1.835
 0.093,-1.846
 0.103,-1.833
 0.103,-1.819
 0.113,-1.805
 0.113,-1.789
 0.122,-1.819
 0.122,-1.797
 0.113,-1.810
 0.123,-1.816
 0.122,-1.836
 0.122,-1.836
 0.093,-1.841
 0.113,-1.866
 0.113,-1.860
 0.093,-1.846
 0.093,-1.849
 0.103,-1.838
 0.083,-1.840
 0.103,-1.816
 0.073,-1.827
 0.083,-1.818
 0.073,-1.805
 0.073,-1.788
 0.063,-1.777
 0.063,-1.777
 0.073,-1.769
 0.063,-1.756
 0.053,-1.750
 0.043,-1.720
 0.043,-1.722
 0.033,-1.714
 0.033,-1.709
 0.023,-1.724
 0.023,-1.720
 0.033,-1.730
 0.033,-1.730
 0.023,-1.736
 0.043,-1.760
 0.052,-1.747
 0.053,-1.750
 0.052,-1.752
 0.043,-1.756
 0.063,-1.780
 0.043,-1.777
 0.063,-1.797
 0.053,-1.805
 0.063,-1.813
 0.073,-1.829
 0.073,-1.824
 0.073,-1.868
 0.083,-1.859
 0.063,-1.876
 0.073,-1.889
 0.053,-1.903
 0.064,-1.931
 0.053,-1.942
 0.054,-1.958
 0.044,-1.991
 0.034,-1.977
 0.034,-2.018
 0.034,-2.018
 0.024,-2.046
 0.004,-2.070
-0.016,-2.122
-0.016,-2.141
-0.006,-2.152
-0.005,-2.150
-0.016,-2.160
-0.005,-2.171
-0.025,-2.191
-0.025,-2.229
-0.015,-2.254
-0.015,-2.259
 0.005,-2.273
-0.015,-2.314
-0.005,-2.325
-0.015,-2.352
-0.015,-2.375
-0.005,-2.377
-0.005,-2.399
 0.005,-2.410
-0.025,-2.418
-0.035,-2.451
-0.035,-2.467
-0.045,-2.501
-0.065,-2.498
-0.064,-2.514
-0.064,-2.536
-0.064,-2.530
-0.074,-2.544
-0.074,-2.560
-0.074,-2.560
-0.064,-2.556
-0.074,-2.560
-0.064,-2.575
-0.074,-2.566
-0.054,-2.583
-0.054,-2.586
-0.064,-2.610
-0.054,-2.602
-0.054,-2.602
-0.044,-2.607
-0.034,-2.621
-0.024,-2.604
-0.024,-2.633
-0.044,-2.613
-0.014,-2.622
-0.024,-2.633
-0.004,-2.646
-0.004,-2.668
 0.005,-2.676
-0.004,-2.700
-0.004,-2.703
 0.005,-2.711
-0.004,-2.729
-0.004,-2.729
 0.006,-2.737
 0.025,-2.763
 0.015,-2.768
 0.015,-2.790
 0.025,-2.814
 0.025,-2.830
 0.035,-2.861
 0.045,-2.865
 0.025,-2.868
 0.015,-2.879
 0.025,-2.888
 0.025,-2.910
 0.025,-2.903
 0.016,-2.957
 0.006,-2.968
 0.006,-2.983
 0.015,-2.998
 0.025,-2.980
 0.025,-2.987
 0.025,-2.964
 0.025,-2.964
 0.045,-2.968
 0.045,-2.964
 0.045,-2.968
 0.045,-2.968
 0.055,-2.972
 0.055,-2.995
 0.055,-2.969
 0.045,-2.984
 0.055,-2.992
 0.045,-3.003
 0.045,-3.010
 0.045,-3.003
 0.054,-3.018
 0.054,-3.018
 0.034,-3.033
 0.025,-3.064
 0.024,-3.076
 0.024,-3.099
 0.024,-3.118
 0.043,-3.156
 0.053,-3.172
 0.063,-3.156
 0.063,-3.180
 0.102,-3.180
 0.162,-3.200
 0.181,-3.223
 0.220,-3.216
 0.240,-3.224
 0.269,-3.213
 0.319,-3.217
 0.339,-3.236
 0.358,-3.248
 0.388,-3.279
 0.408,-3.298
 0.417,-3.291
 0.418,-3.299
 0.437,-3.275
 0.428,-3.291
 0.438,-3.295
 0.457,-3.314
 0.467,-3.341
 0.457,-3.345
 0.448,-3.360
 0.418,-3.352
 0.408,-3.364
 0.399,-3.341
 0.399,-3.352
 0.360,-3.360
 0.321,-3.379
 0.281,-3.355
 0.241,-3.355
 0.211,-3.335
 0.202,-3.350
 0.163,-3.350
 0.123,-3.349
 0.104,-3.349
 0.074,-3.337
 0.034,-3.326
 0.014,-3.306
-0.016,-3.275
-0.045,-3.248
-0.065,-3.221
-0.065,-3.206
-0.085,-3.205
-0.094,-3.194
-0.105,-3.186
-0.114,-3.170
-0.124,-3.147
-0.135,-3.120
-0.154,-3.101
-0.155,-3.085
-0.164,-3.070
-0.174,-3.062
-0.164,-3.031
-0.164,-3.031
-0.194,-3.020
-0.193,-2.997
-0.174,-2.985
-0.154,-2.966
-0.164,-2.958
-0.165,-2.943
-0.184,-2.939
-0.165,-2.943
-0.154,-2.908
-0.164,-2.935
