 0.574, 1.510
 0.574, 1.492
 0.564, 1.521
 0.574, 1.529
 0.575, 1.550
 0.564, 1.558
 0.565, 1.539
 0.565, 1.539
 0.544, 1.556
 0.565, 1.577
 0.565, 1.596
 0.537, 1.607
 0.537, 1.628
 0.536, 1.662
 0.528, 1.693
 0.566, 1.711
 0.567, 1.730
 0.596, 1.738
 0.605, 1.727
 0.606, 1.748
 0.625, 1.747
 0.636, 1.737
 0.645, 1.747
 0.645, 1.764
 0.637, 1.758
 0.645, 1.764
 0.645, 1.763
 0.645, 1.763
 0.635, 1.773
 0.627, 1.786
 0.636, 1.813
 0.637, 1.834
 0.628, 1.844
 0.607, 1.823
 0.608, 1.825
 0.607, 1.823
 0.607, 1.785
 0.607, 1.764
 0.625, 1.743
 0.617, 1.737
 0.636, 1.718
 0.636, 1.680
 0.617, 1.662
 0.588, 1.634
 0.531, 1.620
 0.490, 1.597
 0.470, 1.555
 0.451, 1.576
 0.412, 1.577
 0.393, 1.580
 0.373, 1.559
 0.374, 1.540
 0.364, 1.532
 0.345, 1.512
 0.345, 1.494
 0.345, 1.455
 0.346, 1.398
 0.346, 1.398
 0.336, 1.388
 0.337, 1.390
 0.327, 1.380
 0.308, 1.361
 0.298, 1.371
 0.278, 1.369
 0.278, 1.389
 0.258, 1.408
 0.229, 1.418
 0.209, 1.457
 0.180, 1.485
 0.141, 1.507
 0.140, 1.543
 0.130, 1.552
 0.111, 1.571
 0.091, 1.570
 0.062, 1.582
 0.042, 1.598
 0.032, 1.610
 0.032, 1.630
 0.023, 1.618
 0.003, 1.619
-0.036, 1.637
-0.036, 1.638
-0.046, 1.650
-0.065, 1.648
-0.055, 1.660
-0.075, 1.659
-0.094, 1.658
-0.075, 1.659
-0.075, 1.656
-0.074, 1.640
-0.083, 1.627
-0.083, 1.627
-0.093, 1.620
-0.103, 1.647
-0.113, 1.641
-0.122, 1.629
-0.132, 1.639
-0.152, 1.658
-0.151, 1.655
-0.181, 1.668
-0.200, 1.686
-0.230, 1.695
-0.230, 1.714
-0.230, 1.733
-0.250, 1.755
-0.270, 1.774
-0.280, 1.803
-0.291, 1.815
-0.280, 1.839
-0.281, 1.860
-0.271, 1.905
-0.271, 1.925
-0.271, 1.963
-0.261, 1.989
-0.272, 2.020
-0.252, 2.056
-0.234, 2.077
-0.204, 2.104
-0.194, 2.131
-0.185, 2.143
-0.155, 2.169
-0.137, 2.190
-0.117, 2.208
-0.087, 2.215
-0.059, 2.248
-0.039, 2.244
-0.029, 2.254
-0.010, 2.254
 0.010, 2.252
 0.029, 2.258
 0.058, 2.245
 0.078, 2.228
 0.118, 2.227
 0.137, 2.205
 0.177, 2.170
 0.196, 2.147
 0.235, 2.130
 0.265, 2.102
 0.285, 2.062
 0.305, 2.025
 0.314, 2.011
 0.314, 1.934
 0.314, 1.916
 0.315, 1.899
 0.306, 1.895
 0.326, 1.876
 0.326, 1.857
 0.326, 1.838
 0.335, 1.787
 0.345, 1.778
 0.354, 1.765
 0.345, 1.758
 0.355, 1.750
 0.345, 1.740
 0.356, 1.733
 0.365, 1.701
 0.365, 1.701
 0.365, 1.701
 0.355, 1.671
 0.356, 1.655
 0.365, 1.644
 0.366, 1.627
 0.356, 1.617
 0.375, 1.596
 0.366, 1.607
 0.366, 1.606
 0.356, 1.580
 0.366, 1.569
 0.356, 1.559
 0.356, 1.559
 0.355, 1.558
 0.346, 1.551
 0.346, 1.551
 0.356, 1.539
 0.347, 1.533
 0.366, 1.530
 0.376, 1.502
 0.366, 1.492
 0.365, 1.471
 0.366, 1.455
 0.366, 1.455
 0.367, 1.457
 0.367, 1.457
 0.367, 1.437
 0.377, 1.448
 0.366, 1.455
 0.348, 1.437
 0.347, 1.437
 0.337, 1.426
 0.338, 1.428
 0.346, 1.454
 0.327, 1.455
 0.327, 1.475
 0.317, 1.483
 0.318, 1.503
 0.288, 1.531
 0.278, 1.542
 0.278, 1.562
 0.258, 1.579
 0.259, 1.581
 0.228, 1.607
 0.238, 1.598
 0.228, 1.607
 0.218, 1.615
 0.209, 1.627
 0.199, 1.654
 0.199, 1.636
 0.199, 1.674
 0.199, 1.693
 0.199, 1.694
 0.208, 1.702
 0.209, 1.722
 0.179, 1.731
 0.208, 1.740
 0.228, 1.759
 0.217, 1.765
 0.218, 1.788
 0.228, 1.817
 0.218, 1.846
 0.238, 1.868
 0.247, 1.875
 0.266, 1.894
 0.286, 1.911
 0.324, 1.945
 0.345, 1.986
 0.364, 2.022
 0.365, 2.044
 0.365, 2.044
 0.375, 2.015
 0.375, 1.996
 0.394, 1.974
 0.414, 1.958
 0.403, 1.946
 0.423, 1.907
 0.423, 1.890
 0.423, 1.869
 0.424, 1.817
 0.415, 1.789
 0.405, 1.760
 0.405, 1.723
 0.395, 1.673
 0.395, 1.655
 0.415, 1.635
 0.394, 1.596
 0.386, 1.589
 0.395, 1.559
 0.386, 1.551
 0.396, 1.541
 0.395, 1.521
 0.386, 1.531
 0.395, 1.520
 0.395, 1.521
 0.405, 1.510
 0.405, 1.510
 0.425, 1.531
 0.405, 1.550
 0.407, 1.534
 0.406, 1.552
 0.406, 1.532
 0.415, 1.522
 0.424, 1.529
 0.425, 1.511
 0.434, 1.521
 0.425, 1.511
 0.445, 1.512
 0.435, 1.502
 0.455, 1.503
 0.455, 1.484
 0.435, 1.464
 0.416, 1.465
 0.415, 1.463
 0.406, 1.456
 0.406, 1.456
 0.396, 1.446
 0.377, 1.428
 0.366, 1.435
 0.357, 1.427
 0.347, 1.417
 0.347, 1.417
 0.338, 1.410
 0.318, 1.389
 0.328, 1.380
 0.318, 1.389
 0.308, 1.379
 0.299, 1.371
 0.298, 1.370
 0.289, 1.362
 0.289, 1.362
 0.289, 1.360
 0.289, 1.341
 0.289, 1.341
 0.290, 1.361
 0.290, 1.361
 0.299, 1.370
 0.310, 1.382
 0.319, 1.351
 0.300, 1.352
 0.309, 1.341
 0.290, 1.322
 0.290, 1.323
 0.280, 1.313
 0.300, 1.313
 0.290, 1.304
 0.280, 1.275
 0.300, 1.275
 0.261, 1.274
 0.262, 1.277
 0.251, 1.267
 0.251, 1.267
 0.261, 1.258
 0.251, 1.246
 0.242, 1.239
 0.222, 1.238
 0.212, 1.229
 0.203, 1.239
 0.183, 1.219
 0.203, 1.219
 0.183, 1.219
 0.183, 1.219
 0.173, 1.248
 0.144, 1.258
 0.105, 1.241
 0.076, 1.250
 0.066, 1.240
 0.046, 1.259
 0.037, 1.266
 0.047, 1.277
 0.046, 1.315
 0.056, 1.325
 0.076, 1.345
 0.095, 1.363
 0.105, 1.374
 0.114, 1.382
 0.124, 1.391
 0.134, 1.400
 0.143, 1.407
 0.154, 1.438
 0.173, 1.476
 0.192, 1.457
 0.192, 1.477
 0.192, 1.475
 0.231, 1.495
 0.221, 1.503
 0.241, 1.522
 0.251, 1.513
 0.270, 1.531
 0.280, 1.542
 0.290, 1.551
 0.300, 1.560
 0.310, 1.552
 0.328, 1.548
 0.339, 1.561
 0.319, 1.559
 0.339, 1.559
 0.348, 1.569
 0.357, 1.557
 0.368, 1.568
 0.368, 1.568
 0.368, 1.588
 0.368, 1.570
 0.377, 1.558
 0.378, 1.560
 0.377, 1.558
 0.357, 1.557
 0.367, 1.569
 0.377, 1.578
 0.378, 1.580
 0.368, 1.589
 0.358, 1.599
 0.368, 1.609
 0.367, 1.607
 0.367, 1.607
 0.377, 1.616
 0.377, 1.616
 0.377, 1.636
 0.376, 1.652
 0.377, 1.655
 0.367, 1.663
 0.367, 1.683
 0.357, 1.674
 0.367, 1.700
 0.367, 1.703
 0.357, 1.712
 0.367, 1.702
 0.357, 1.712
 0.366, 1.682
 0.367, 1.683
 0.367, 1.700
 0.347, 1.702
 0.357, 1.694
 0.367, 1.700
 0.357, 1.674
 0.357, 1.692
 0.357, 1.692
 0.358, 1.693
 0.347, 1.682
 0.357, 1.674
 0.337, 1.673
 0.348, 1.664
 0.338, 1.655
 0.337, 1.653
 0.348, 1.646
 0.347, 1.625
 0.337, 1.635
 0.338, 1.638
 0.328, 1.645
 0.348, 1.646
 0.348, 1.645
 0.358, 1.655
 0.358, 1.637
 0.348, 1.626
 0.358, 1.617
 0.347, 1.606
 0.358, 1.597
 0.358, 1.617
 0.338, 1.616
 0.329, 1.609
 0.328, 1.606
 0.338, 1.598
 0.329, 1.588
 0.318, 1.577
 0.319, 1.580
 0.319, 1.559
 0.309, 1.551
 0.329, 1.552
 0.318, 1.539
 0.329, 1.552
 0.319, 1.522
 0.329, 1.494
 0.329, 1.494
 0.328, 1.474
 0.339, 1.485
 0.319, 1.484
 0.338, 1.466
 0.329, 1.456
 0.329, 1.436
 0.339, 1.428
 0.339, 1.427
 0.329, 1.418
 0.339, 1.409
 0.348, 1.417
 0.349, 1.399
 0.358, 1.406
 0.328, 1.396
 0.338, 1.388
 0.339, 1.389
 0.340, 1.391
 0.329, 1.400
 0.340, 1.391
 0.349, 1.381
 0.348, 1.379
 0.319, 1.371
 0.329, 1.360
 0.329, 1.380
 0.339, 1.390
 0.349, 1.399
 0.339, 1.410
 0.338, 1.408
 0.338, 1.408
 0.339, 1.428
 0.348, 1.436
 0.358, 1.447
 0.358, 1.464
 0.349, 1.457
 0.349, 1.457
 0.348, 1.454
 0.348, 1.456
 0.348, 1.472
 0.358, 1.465
 0.358, 1.484
 0.367, 1.492
 0.377, 1.503
 0.397, 1.502
 0.377, 1.521
 0.358, 1.522
 0.387, 1.530
 0.377, 1.541
 0.377, 1.559
 0.397, 1.560
 0.377, 1.579
 0.396, 1.578
 0.386, 1.607
 0.395, 1.613
 0.396, 1.633
 0.397, 1.636
 0.396, 1.674
 0.407, 1.705
 0.416, 1.713
 0.407, 1.703
 0.426, 1.721
 0.424, 1.718
 0.445, 1.758
 0.444, 1.794
 0.436, 1.806
 0.446, 1.835
 0.454, 1.842
 0.455, 1.863
 0.455, 1.861
 0.465, 1.871
 0.474, 1.881
 0.465, 1.871
 0.455, 1.883
 0.454, 1.880
 0.445, 1.872
 0.445, 1.892
 0.435, 1.882
 0.445, 1.892
 0.435, 1.899
 0.425, 1.891
 0.435, 1.920
 0.424, 1.908
 0.415, 1.939
 0.405, 1.948
 0.415, 1.939
 0.396, 1.958
 0.405, 1.946
 0.396, 1.958
 0.405, 1.965
 0.395, 1.977
 0.405, 2.004
 0.385, 2.004
 0.406, 2.025
 0.386, 2.023
 0.386, 2.044
 0.386, 2.023
 0.375, 2.012
 0.376, 2.015
 0.376, 2.013
 0.376, 1.998
 0.357, 1.999
 0.357, 1.979
 0.358, 1.982
 0.337, 1.939
 0.347, 1.912
 0.327, 1.910
 0.297, 1.880
 0.288, 1.874
 0.287, 1.871
 0.268, 1.873
 0.268, 1.873
 0.258, 1.882
 0.268, 1.893
 0.268, 1.890
 0.268, 1.911
 0.278, 1.922
 0.258, 1.921
 0.278, 1.923
 0.287, 1.930
 0.298, 1.921
 0.307, 1.911
 0.307, 1.890
 0.337, 1.883
 0.346, 1.872
 0.337, 1.845
 0.346, 1.835
 0.317, 1.825
 0.327, 1.816
 0.307, 1.814
 0.317, 1.807
 0.308, 1.817
 0.317, 1.787
 0.308, 1.779
 0.297, 1.768
 0.288, 1.759
 0.288, 1.759
 0.298, 1.730
 0.298, 1.712
 0.297, 1.709
 0.298, 1.692
 0.298, 1.694
 0.308, 1.685
 0.328, 1.706
 0.327, 1.703
 0.337, 1.694
 0.346, 1.702
 0.327, 1.701
 0.337, 1.712
 0.356, 1.728
 0.357, 1.731
 0.356, 1.769
 0.367, 1.760
 0.376, 1.770
 0.385, 1.776
 0.405, 1.777
 0.415, 1.767
 0.405, 1.758
 0.406, 1.760
 0.415, 1.767
 0.416, 1.751
 0.415, 1.751
 0.405, 1.720
 0.416, 1.732
 0.405, 1.700
 0.416, 1.694
 0.405, 1.683
 0.424, 1.681
 0.425, 1.663
 0.405, 1.662
 0.415, 1.655
 0.435, 1.673
 0.434, 1.653
 0.445, 1.665
 0.424, 1.662
 0.435, 1.674
 0.434, 1.672
 0.443, 1.661
 0.444, 1.681
 0.463, 1.700
 0.474, 1.693
 0.465, 1.704
 0.474, 1.693
 0.494, 1.695
 0.493, 1.672
 0.513, 1.673
 0.513, 1.653
 0.512, 1.670
 0.513, 1.673
 0.512, 1.670
 0.504, 1.683
 0.513, 1.673
 0.523, 1.644
 0.523, 1.644
 0.532, 1.634
 0.533, 1.636
 0.533, 1.636
 0.533, 1.597
 0.533, 1.598
 0.532, 1.576
 0.523, 1.568
 0.504, 1.549
 0.503, 1.529
 0.494, 1.540
 0.484, 1.510
 0.475, 1.503
 0.465, 1.511
 0.455, 1.483
 0.436, 1.485
 0.435, 1.483
 0.416, 1.484
 0.406, 1.493
 0.387, 1.474
 0.377, 1.466
 0.377, 1.464
 0.367, 1.475
 0.347, 1.475
 0.338, 1.465
 0.318, 1.466
 0.338, 1.464
 0.338, 1.447
 0.319, 1.447
 0.299, 1.447
 0.290, 1.440
 0.280, 1.448
 0.280, 1.430
 0.290, 1.419
 0.260, 1.408
 0.260, 1.408
 0.230, 1.417
 0.240, 1.428
 0.241, 1.447
 0.230, 1.457
 0.230, 1.458
 0.230, 1.474
 0.240, 1.465
 0.230, 1.475
 0.221, 1.505
 0.201, 1.506
 0.201, 1.505
 0.201, 1.506
 0.201, 1.504
 0.192, 1.476
 0.201, 1.486
 0.181, 1.503
 0.182, 1.505
 0.172, 1.515
 0.172, 1.476
 0.162, 1.486
 0.181, 1.465
 0.182, 1.467
 0.182, 1.467
 0.152, 1.457
 0.162, 1.448
 0.152, 1.437
 0.152, 1.439
 0.152, 1.457
 0.143, 1.447
 0.152, 1.457
 0.152, 1.435
 0.152, 1.455
 0.181, 1.466
 0.172, 1.476
 0.182, 1.488
 0.191, 1.497
 0.211, 1.516
 0.221, 1.504
 0.211, 1.494
 0.220, 1.503
 0.210, 1.511
 0.211, 1.514
 0.221, 1.522
 0.240, 1.523
 0.260, 1.543
 0.269, 1.551
 0.279, 1.562
 0.279, 1.580
 0.269, 1.570
 0.269, 1.571
 0.279, 1.560
 0.269, 1.571
 0.278, 1.561
 0.279, 1.542
 0.289, 1.552
 0.298, 1.541
 0.308, 1.533
 0.308, 1.533
 0.318, 1.542
 0.338, 1.560
 0.347, 1.568
 0.367, 1.569
 0.376, 1.578
 0.367, 1.588
 0.386, 1.608
 0.386, 1.607
 0.396, 1.637
 0.405, 1.625
 0.395, 1.615
 0.405, 1.625
 0.405, 1.624
 0.406, 1.627
 0.406, 1.627
 0.426, 1.628
 0.426, 1.628
 0.406, 1.607
 0.406, 1.589
 0.424, 1.587
 0.405, 1.587
 0.396, 1.597
 0.405, 1.587
 0.396, 1.580
 0.395, 1.578
 0.406, 1.569
 0.386, 1.569
 0.386, 1.568
 0.396, 1.560
 0.376, 1.579
 0.376, 1.579
 0.387, 1.590
 0.386, 1.588
 0.387, 1.590
 0.386, 1.588
 0.386, 1.588
 0.396, 1.580
 0.386, 1.588
 0.406, 1.589
 0.396, 1.579
 0.396, 1.559
 0.397, 1.561
 0.396, 1.559
 0.396, 1.541
 0.396, 1.541
 0.387, 1.531
 0.387, 1.551
 0.386, 1.530
 0.376, 1.541
 0.367, 1.551
 0.357, 1.579
 0.367, 1.550
 0.346, 1.548
 0.338, 1.561
 0.347, 1.569
 0.347, 1.570
 0.338, 1.582
 0.338, 1.580
 0.348, 1.573
 0.337, 1.579
 0.327, 1.569
 0.337, 1.579
 0.327, 1.587
 0.337, 1.600
 0.328, 1.590
 0.327, 1.570
 0.318, 1.580
 0.318, 1.559
 0.308, 1.551
 0.308, 1.551
 0.288, 1.532
 0.279, 1.523
 0.288, 1.512
 0.279, 1.505
 0.289, 1.514
 0.279, 1.504
 0.289, 1.514
 0.288, 1.512
 0.289, 1.514
 0.269, 1.513
 0.279, 1.504
 0.260, 1.505
 0.279, 1.484
 0.289, 1.476
 0.289, 1.494
 0.289, 1.456
 0.289, 1.458
 0.289, 1.456
 0.289, 1.420
 0.289, 1.418
 0.289, 1.398
 0.289, 1.400
 0.279, 1.370
 0.270, 1.381
 0.289, 1.398
 0.279, 1.369
 0.279, 1.369
 0.279, 1.369
 0.270, 1.401
 0.270, 1.401
 0.250, 1.401
 0.260, 1.392
 0.259, 1.371
 0.250, 1.382
 0.259, 1.371
 0.259, 1.371
 0.269, 1.362
 0.269, 1.361
 0.289, 1.381
 0.289, 1.380
 0.289, 1.380
 0.308, 1.380
 0.317, 1.388
 0.308, 1.400
 0.318, 1.409
 0.328, 1.399
 0.337, 1.409
 0.347, 1.418
 0.367, 1.401
 0.377, 1.427
 0.368, 1.400
 0.377, 1.409
 0.377, 1.407
 0.387, 1.398
 0.386, 1.416
 0.396, 1.426
 0.377, 1.428
 0.367, 1.436
 0.387, 1.456
 0.406, 1.455
 0.406, 1.455
 0.406, 1.475
 0.396, 1.502
 0.387, 1.494
 0.415, 1.501
 0.415, 1.501
 0.396, 1.522
 0.415, 1.559
 0.406, 1.571
 0.416, 1.580
 0.416, 1.581
 0.426, 1.590
 0.405, 1.588
 0.425, 1.589
 0.415, 1.597
 0.406, 1.607
 0.425, 1.627
 0.415, 1.616
 0.435, 1.618
 0.434, 1.615
 0.445, 1.607
 0.435, 1.598
 0.435, 1.577
 0.426, 1.570
 0.435, 1.560
 0.425, 1.550
 0.416, 1.542
 0.416, 1.522
 0.406, 1.513
 0.397, 1.503
 0.377, 1.484
 0.396, 1.484
 0.377, 1.464
 0.387, 1.437
 0.377, 1.426
 0.377, 1.426
 0.368, 1.419
 0.367, 1.397
 0.358, 1.410
 0.348, 1.418
 0.349, 1.420
 0.339, 1.411
 0.338, 1.409
 0.329, 1.401
 0.328, 1.418
 0.319, 1.428
 0.328, 1.437
 0.309, 1.436
 0.309, 1.438
 0.308, 1.437
 0.299, 1.429
 0.309, 1.458
 0.299, 1.447
 0.290, 1.439
 0.299, 1.446
 0.279, 1.428
 0.290, 1.419
 0.270, 1.418
 0.280, 1.410
 0.299, 1.409
 0.299, 1.371
 0.299, 1.371
 0.290, 1.361
 0.290, 1.343
 0.290, 1.323
 0.290, 1.305
 0.290, 1.305
 0.280, 1.276
 0.271, 1.268
 0.280, 1.257
 0.270, 1.229
 0.270, 1.229
 0.270, 1.209
 0.261, 1.220
 0.261, 1.201
 0.252, 1.211
 0.271, 1.211
 0.270, 1.209
 0.261, 1.201
 0.270, 1.209
 0.271, 1.191
 0.251, 1.192
 0.260, 1.200
 0.270, 1.192
 0.260, 1.200
 0.270, 1.171
 0.260, 1.161
 0.270, 1.151
 0.261, 1.164
 0.291, 1.153
 0.281, 1.145
 0.291, 1.135
 0.290, 1.114
 0.300, 1.106
 0.300, 1.085
 0.301, 1.067
 0.310, 1.077
 0.300, 1.067
 0.301, 1.068
 0.310, 1.077
 0.320, 1.068
 0.311, 1.077
 0.310, 1.057
 0.311, 1.058
 0.310, 1.057
 0.320, 1.067
 0.310, 1.096
 0.310, 1.096
 0.311, 1.116
 0.310, 1.115
 0.310, 1.115
 0.319, 1.143
 0.310, 1.133
 0.310, 1.153
 0.319, 1.181
 0.310, 1.191
 0.310, 1.210
 0.309, 1.209
 0.320, 1.220
 0.319, 1.218
 0.319, 1.238
 0.329, 1.247
 0.328, 1.246
 0.339, 1.257
 0.349, 1.266
 0.339, 1.277
 0.349, 1.286
 0.349, 1.286
 0.368, 1.306
 0.348, 1.285
 0.339, 1.295
 0.368, 1.304
 0.357, 1.312
 0.368, 1.324
 0.377, 1.331
 0.378, 1.333
 0.387, 1.361
 0.396, 1.351
 0.406, 1.379
 0.415, 1.387
 0.426, 1.398
 0.426, 1.418
 0.426, 1.436
 0.427, 1.438
 0.426, 1.474
 0.426, 1.456
 0.406, 1.475
 0.415, 1.483
 0.416, 1.485
 0.426, 1.494
 0.416, 1.485
 0.406, 1.475
 0.415, 1.483
 0.416, 1.485
 0.406, 1.493
 0.407, 1.495
 0.406, 1.513
 0.386, 1.512
 0.397, 1.504
 0.376, 1.521
 0.376, 1.521
 0.376, 1.521
 0.366, 1.549
 0.377, 1.542
 0.367, 1.569
 0.377, 1.582
 0.357, 1.601
 0.357, 1.598
 0.357, 1.618
 0.346, 1.607
 0.337, 1.617
 0.328, 1.628
 0.346, 1.645
 0.327, 1.667
 0.317, 1.674
 0.308, 1.685
 0.317, 1.695
 0.307, 1.702
 0.308, 1.685
 0.317, 1.712
 0.317, 1.712
 0.298, 1.714
 0.297, 1.731
 0.298, 1.734
 0.288, 1.742
 0.298, 1.733
 0.298, 1.752
 0.307, 1.740
 0.298, 1.752
 0.297, 1.749
 0.278, 1.752
 0.278, 1.753
 0.288, 1.742
 0.278, 1.733
 0.287, 1.739
 0.287, 1.702
 0.288, 1.721
 0.297, 1.731
 0.288, 1.746
 0.298, 1.734
 0.298, 1.734
 0.307, 1.741
 0.296, 1.746
 0.307, 1.759
 0.307, 1.797
 0.307, 1.838
 0.317, 1.867
 0.336, 1.865
 0.346, 1.858
 0.345, 1.852
 0.355, 1.843
 0.365, 1.853
 0.355, 1.843
 0.365, 1.836
 0.385, 1.834
 0.385, 1.834
 0.375, 1.824
 0.375, 1.824
 0.376, 1.827
 0.365, 1.836
 0.366, 1.818
 0.375, 1.808
 0.365, 1.815
 0.375, 1.808
 0.365, 1.815
 0.365, 1.817
 0.375, 1.846
 0.365, 1.836
 0.375, 1.846
 0.374, 1.824
 0.384, 1.815
 0.394, 1.806
 0.385, 1.796
 0.395, 1.789
 0.385, 1.798
 0.405, 1.761
 0.415, 1.770
 0.414, 1.749
 0.425, 1.741
 0.414, 1.729
 0.414, 1.712
 0.434, 1.710
 0.443, 1.680
 0.454, 1.711
 0.454, 1.711
 0.444, 1.723
 0.454, 1.714
 0.464, 1.702
 0.454, 1.714
 0.463, 1.701
 0.453, 1.692
 0.463, 1.701
 0.453, 1.691
 0.474, 1.712
 0.464, 1.702
 0.464, 1.704
 0.474, 1.693
 0.473, 1.672
 0.473, 1.654
 0.473, 1.672
 0.473, 1.654
 0.484, 1.645
 0.473, 1.654
 0.484, 1.628
 0.483, 1.606
 0.493, 1.597
 0.484, 1.607
 0.493, 1.577
 0.484, 1.569
 0.483, 1.568
 0.484, 1.569
 0.493, 1.559
 0.484, 1.549
 0.494, 1.542
 0.494, 1.540
 0.485, 1.514
 0.485, 1.514
 0.493, 1.501
 0.484, 1.494
 0.503, 1.492
 0.504, 1.474
 0.494, 1.466
 0.494, 1.444
 0.484, 1.456
 0.494, 1.444
 0.493, 1.426
 0.494, 1.426
 0.484, 1.398
 0.486, 1.419
 0.485, 1.418
 0.485, 1.400
 0.475, 1.390
 0.475, 1.370
 0.485, 1.380
 0.474, 1.368
 0.475, 1.370
 0.466, 1.380
 0.465, 1.398
 0.475, 1.390
 0.445, 1.398
 0.446, 1.399
 0.436, 1.408
 0.425, 1.417
 0.416, 1.409
 0.406, 1.436
 0.416, 1.427
 0.396, 1.446
 0.386, 1.455
 0.377, 1.467
 0.377, 1.465
 0.367, 1.477
 0.396, 1.485
 0.376, 1.484
 0.367, 1.477
 0.357, 1.484
 0.357, 1.486
 0.357, 1.484
 0.367, 1.473
 0.357, 1.467
 0.377, 1.465
 0.368, 1.457
 0.377, 1.447
 0.347, 1.437
 0.367, 1.438
 0.367, 1.435
 0.357, 1.409
 0.348, 1.419
 0.348, 1.419
 0.349, 1.421
 0.338, 1.428
 0.338, 1.410
 0.357, 1.409
 0.337, 1.407
 0.337, 1.408
 0.327, 1.417
 0.338, 1.410
 0.338, 1.411
 0.348, 1.401
 0.339, 1.412
 0.347, 1.400
 0.348, 1.362
 0.348, 1.362
 0.357, 1.351
 0.367, 1.343
 0.357, 1.351
 0.358, 1.353
 0.368, 1.344
 0.377, 1.333
 0.387, 1.324
 0.386, 1.322
 0.377, 1.314
 0.387, 1.324
 0.387, 1.324
 0.398, 1.334
 0.396, 1.313
 0.407, 1.304
 0.407, 1.304
 0.416, 1.275
 0.407, 1.267
 0.406, 1.265
 0.426, 1.247
 0.426, 1.247
 0.416, 1.218
 0.436, 1.219
 0.426, 1.208
 0.427, 1.190
 0.446, 1.190
 0.437, 1.180
 0.437, 1.200
 0.456, 1.180
 0.437, 1.180
 0.437, 1.180
 0.445, 1.189
 0.426, 1.190
 0.436, 1.179
 0.437, 1.180
 0.417, 1.181
 0.427, 1.171
 0.418, 1.163
 0.417, 1.162
 0.418, 1.143
 0.427, 1.133
 0.436, 1.123
 0.427, 1.114
 0.436, 1.123
 0.417, 1.124
 0.437, 1.123
 0.455, 1.102
 0.456, 1.104
 0.427, 1.133
 0.437, 1.124
 0.418, 1.105
 0.446, 1.095
 0.457, 1.085
 0.465, 1.094
 0.486, 1.076
 0.476, 1.067
 0.476, 1.047
 0.496, 1.048
 0.475, 1.028
 0.486, 1.019
 0.476, 1.047
 0.485, 1.037
 0.477, 1.048
 0.466, 1.038
 0.447, 1.019
 0.447, 1.019
 0.446, 1.018
 0.437, 1.029
 0.437, 1.047
 0.427, 1.058
 0.437, 1.067
 0.437, 1.067
 0.428, 1.077
 0.397, 1.085
 0.388, 1.076
 0.407, 1.075
 0.387, 1.075
 0.378, 1.105
 0.368, 1.133
 0.368, 1.135
 0.368, 1.135
 0.358, 1.106
 0.349, 1.097
 0.338, 1.105
 0.338, 1.105
 0.338, 1.086
 0.328, 1.077
 0.319, 1.068
 0.319, 1.067
 0.329, 1.058
 0.329, 1.058
 0.299, 1.029
 0.299, 1.011
 0.289, 1.001
 0.269, 0.964
 0.269, 0.944
 0.289, 0.925
 0.299, 0.897
 0.289, 0.887
 0.289, 0.869
 0.279, 0.860
 0.270, 0.850
 0.280, 0.841
 0.279, 0.840
 0.270, 0.831
 0.270, 0.831
 0.250, 0.812
 0.251, 0.812
 0.250, 0.812
 0.241, 0.803
 0.231, 0.793
 0.221, 0.783
 0.231, 0.793
 0.211, 0.793
 0.221, 0.784
 0.211, 0.813
 0.201, 0.803
 0.202, 0.784
 0.201, 0.802
 0.191, 0.793
 0.192, 0.813
 0.181, 0.822
 0.182, 0.823
 0.191, 0.832
 0.192, 0.813
 0.181, 0.822
 0.191, 0.831
 0.181, 0.822
 0.181, 0.841
 0.181, 0.841
 0.181, 0.841
 0.171, 0.831
 0.172, 0.812
 0.171, 0.793
 0.162, 0.784
 0.162, 0.803
 0.171, 0.793
 0.162, 0.804
 0.171, 0.793
 0.172, 0.775
 0.162, 0.803
 0.162, 0.784
 0.162, 0.803
 0.172, 0.793
 0.152, 0.775
 0.162, 0.784
 0.152, 0.774
 0.162, 0.765
 0.162, 0.784
 0.162, 0.765
 0.172, 0.775
 0.162, 0.765
 0.182, 0.765
 0.191, 0.774
 0.182, 0.746
 0.201, 0.746
 0.191, 0.736
 0.201, 0.727
 0.191, 0.717
 0.201, 0.689
 0.191, 0.680
 0.201, 0.651
 0.220, 0.651
 0.200, 0.651
 0.220, 0.651
 0.211, 0.660
 0.210, 0.679
 0.220, 0.689
 0.240, 0.689
 0.250, 0.717
 0.240, 0.727
 0.230, 0.736
 0.250, 0.755
 0.230, 0.755
 0.239, 0.765
 0.249, 0.793
 0.249, 0.812
 0.239, 0.822
 0.249, 0.830
 0.249, 0.831
 0.259, 0.840
 0.249, 0.850
 0.249, 0.869
 0.239, 0.878
 0.239, 0.898
 0.240, 0.917
 0.239, 0.916
 0.229, 0.926
 0.229, 0.945
 0.220, 0.955
 0.229, 0.964
 0.219, 0.954
 0.220, 0.974
 0.209, 1.002
 0.209, 1.002
 0.209, 1.022
 0.209, 1.039
 0.200, 1.050
 0.209, 1.059
 0.209, 1.079
 0.200, 1.089
 0.200, 1.088
 0.200, 1.089
 0.209, 1.116
 0.209, 1.116
 0.199, 1.126
 0.189, 1.135
 0.200, 1.145
 0.199, 1.144
 0.199, 1.164
 0.209, 1.173
 0.209, 1.154
 0.209, 1.155
 0.218, 1.163
 0.219, 1.164
 0.209, 1.173
 0.209, 1.154
 0.209, 1.173
 0.228, 1.191
 0.219, 1.202
 0.219, 1.202
 0.209, 1.192
 0.219, 1.202
 0.228, 1.191
 0.218, 1.201
 0.209, 1.211
 0.228, 1.210
 0.238, 1.221
 0.228, 1.248
 0.219, 1.240
 0.209, 1.269
 0.199, 1.278
 0.209, 1.289
 0.208, 1.286
 0.208, 1.305
 0.199, 1.315
 0.199, 1.334
 0.209, 1.346
 0.209, 1.344
 0.209, 1.326
 0.209, 1.324
 0.208, 1.303
 0.209, 1.306
 0.209, 1.305
 0.209, 1.308
 0.219, 1.299
 0.209, 1.307
 0.220, 1.298
 0.229, 1.324
 0.249, 1.324
 0.239, 1.334
 0.259, 1.333
 0.259, 1.335
 0.269, 1.324
 0.269, 1.306
 0.289, 1.287
 0.298, 1.276
 0.308, 1.267
 0.308, 1.248
 0.309, 1.249
 0.328, 1.248
 0.328, 1.228
 0.338, 1.220
 0.328, 1.228
 0.348, 1.229
 0.338, 1.219
 0.337, 1.219
 0.338, 1.220
 0.337, 1.218
 0.348, 1.229
 0.338, 1.220
 0.337, 1.238
 0.348, 1.249
 0.338, 1.257
 0.338, 1.237
 0.318, 1.257
 0.318, 1.257
 0.319, 1.258
 0.318, 1.275
 0.328, 1.265
 0.318, 1.276
 0.318, 1.276
 0.329, 1.288
 0.318, 1.296
 0.318, 1.296
 0.309, 1.306
 0.308, 1.304
 0.309, 1.324
 0.318, 1.332
 0.299, 1.353
 0.318, 1.372
 0.328, 1.381
 0.328, 1.382
 0.318, 1.390
 0.328, 1.399
 0.327, 1.438
 0.327, 1.438
 0.328, 1.459
 0.328, 1.457
 0.327, 1.476
 0.327, 1.476
 0.337, 1.485
 0.347, 1.496
 0.366, 1.512
 0.367, 1.496
 0.367, 1.495
 0.376, 1.484
 0.376, 1.505
 0.386, 1.493
 0.387, 1.496
 0.387, 1.495
 0.396, 1.503
 0.396, 1.485
 0.405, 1.493
 0.406, 1.475
 0.406, 1.494
 0.405, 1.492
 0.415, 1.484
 0.415, 1.502
 0.425, 1.514
 0.426, 1.495
 0.436, 1.505
 0.427, 1.497
 0.435, 1.485
 0.436, 1.467
 0.455, 1.466
 0.435, 1.465
 0.445, 1.456
 0.444, 1.454
 0.445, 1.456
 0.436, 1.446
 0.445, 1.436
 0.445, 1.456
 0.445, 1.456
 0.436, 1.448
 0.436, 1.448
 0.426, 1.437
 0.436, 1.429
 0.435, 1.427
 0.435, 1.427
 0.445, 1.418
 0.435, 1.427
 0.436, 1.428
 0.425, 1.417
 0.426, 1.399
 0.436, 1.390
 0.426, 1.379
 0.417, 1.371
 0.406, 1.360
 0.407, 1.343
 0.397, 1.352
 0.397, 1.332
 0.397, 1.314
 0.396, 1.313
 0.388, 1.305
 0.407, 1.304
 0.387, 1.285
 0.398, 1.278
 0.398, 1.257
 0.398, 1.239
 0.378, 1.239
 0.388, 1.209
 0.388, 1.210
 0.397, 1.198
 0.388, 1.190
 0.369, 1.191
 0.368, 1.209
 0.359, 1.220
 0.369, 1.229
 0.359, 1.220
 0.359, 1.220
 0.339, 1.219
 0.329, 1.192
 0.309, 1.172
 0.319, 1.162
 0.329, 1.191
 0.339, 1.182
 0.340, 1.221
 0.349, 1.229
 0.339, 1.239
 0.329, 1.248
 0.329, 1.247
 0.319, 1.238
 0.319, 1.237
 0.319, 1.238
 0.310, 1.248
 0.300, 1.257
 0.310, 1.288
 0.310, 1.286
 0.290, 1.267
 0.289, 1.267
 0.289, 1.267
 0.280, 1.258
 0.280, 1.276
 0.261, 1.278
 0.260, 1.296
 0.260, 1.295
 0.270, 1.287
 0.260, 1.277
 0.250, 1.287
 0.260, 1.297
 0.250, 1.287
 0.250, 1.288
 0.260, 1.296
 0.260, 1.297
 0.270, 1.286
 0.269, 1.284
 0.280, 1.315
 0.279, 1.333
 0.280, 1.355
 0.280, 1.355
 0.290, 1.364
 0.299, 1.354
 0.299, 1.332
 0.299, 1.352
 0.299, 1.352
 0.298, 1.370
 0.290, 1.382
 0.289, 1.400
 0.290, 1.382
 0.289, 1.400
 0.289, 1.380
 0.290, 1.382
 0.289, 1.380
 0.279, 1.391
 0.279, 1.429
 0.279, 1.409
 0.280, 1.411
 0.288, 1.437
 0.298, 1.429
 0.299, 1.448
 0.298, 1.446
 0.308, 1.438
 0.317, 1.445
 0.318, 1.447
 0.328, 1.457
 0.328, 1.457
 0.328, 1.459
 0.337, 1.467
 0.337, 1.467
 0.347, 1.476
 0.347, 1.476
 0.357, 1.486
 0.356, 1.501
 0.357, 1.502
 0.366, 1.512
 0.357, 1.524
 0.378, 1.526
 0.377, 1.523
 0.367, 1.516
 0.376, 1.504
 0.396, 1.503
 0.387, 1.495
 0.385, 1.492
 0.386, 1.475
 0.386, 1.513
 0.376, 1.504
 0.376, 1.504
 0.366, 1.512
 0.396, 1.503
 0.386, 1.513
 0.386, 1.513
 0.387, 1.533
 0.386, 1.513
 0.386, 1.514
 0.396, 1.523
 0.385, 1.512
 0.406, 1.514
 0.415, 1.522
 0.396, 1.523
 0.406, 1.514
 0.405, 1.513
 0.396, 1.523
 0.415, 1.502
 0.396, 1.485
 0.397, 1.504
 0.396, 1.503
 0.396, 1.523
 0.396, 1.522
 0.406, 1.514
 0.396, 1.523
 0.405, 1.512
 0.405, 1.531
 0.405, 1.530
 0.416, 1.562
 0.416, 1.562
 0.386, 1.571
 0.416, 1.582
 0.406, 1.590
 0.396, 1.581
 0.416, 1.600
 0.415, 1.598
 0.396, 1.599
 0.415, 1.598
 0.405, 1.609
 0.415, 1.618
 0.405, 1.608
 0.415, 1.618
 0.415, 1.598
 0.406, 1.590
 0.406, 1.590
 0.415, 1.580
 0.406, 1.571
 0.405, 1.569
 0.396, 1.561
 0.405, 1.551
 0.405, 1.569
 0.426, 1.571
 0.425, 1.569
 0.416, 1.562
 0.415, 1.560
 0.415, 1.540
 0.406, 1.533
 0.405, 1.550
 0.407, 1.534
 0.416, 1.544
 0.436, 1.543
 0.416, 1.544
 0.415, 1.522
 0.406, 1.533
 0.406, 1.532
 0.405, 1.531
 0.406, 1.532
 0.385, 1.549
 0.386, 1.570
 0.366, 1.589
 0.347, 1.591
 0.337, 1.582
 0.307, 1.589
 0.297, 1.600
 0.307, 1.610
 0.317, 1.581
 0.307, 1.572
 0.317, 1.561
 0.308, 1.515
 0.327, 1.514
 0.336, 1.504
 0.337, 1.506
 0.366, 1.475
 0.346, 1.476
 0.357, 1.467
 0.337, 1.466
 0.337, 1.448
 0.347, 1.437
 0.347, 1.420
 0.357, 1.391
 0.376, 1.390
 0.386, 1.382
 0.406, 1.361
 0.406, 1.343
 0.416, 1.333
 0.416, 1.313
 0.436, 1.314
 0.445, 1.303
 0.455, 1.295
 0.455, 1.313
 0.445, 1.303
 0.466, 1.286
 0.465, 1.284
 0.476, 1.277
 0.485, 1.285
 0.484, 1.265
 0.474, 1.236
 0.483, 1.225
 0.475, 1.237
 0.496, 1.258
 0.506, 1.249
 0.516, 1.240
 0.514, 1.238
 0.525, 1.228
 0.524, 1.227
 0.523, 1.207
 0.533, 1.237
 0.523, 1.245
 0.534, 1.275
 0.544, 1.285
 0.534, 1.256
 0.534, 1.275
 0.533, 1.274
 0.533, 1.275
 0.543, 1.284
 0.523, 1.265
 0.524, 1.266
 0.544, 1.265
 0.534, 1.256
 0.534, 1.256
 0.524, 1.247
 0.534, 1.237
 0.544, 1.227
 0.534, 1.218
 0.534, 1.218
 0.534, 1.218
 0.525, 1.190
 0.533, 1.198
 0.545, 1.190
 0.534, 1.180
 0.524, 1.189
 0.525, 1.190
 0.514, 1.179
 0.524, 1.170
 0.504, 1.169
 0.515, 1.161
 0.496, 1.181
 0.505, 1.171
 0.486, 1.172
 0.486, 1.172
 0.495, 1.162
 0.495, 1.162
 0.494, 1.160
 0.485, 1.171
 0.476, 1.181
 0.476, 1.181
 0.476, 1.163
 0.475, 1.161
 0.476, 1.143
 0.466, 1.133
 0.466, 1.133
 0.467, 1.115
 0.476, 1.104
 0.447, 1.096
 0.466, 1.095
 0.466, 1.095
 0.467, 1.096
 0.446, 1.095
 0.448, 1.077
 0.437, 1.067
 0.437, 1.047
 0.437, 1.048
 0.427, 1.037
 0.418, 1.029
 0.428, 1.038
 0.408, 1.020
 0.389, 1.020
 0.388, 1.019
 0.389, 1.020
 0.379, 1.029
 0.369, 1.038
 0.359, 1.068
 0.368, 1.076
 0.360, 1.087
 0.349, 1.097
 0.330, 1.096
 0.339, 1.126
 0.319, 1.143
 0.330, 1.154
 0.329, 1.172
 0.319, 1.181
 0.319, 1.201
 0.299, 1.200
 0.319, 1.201
 0.300, 1.220
 0.299, 1.219
 0.309, 1.230
 0.299, 1.238
 0.299, 1.220
 0.299, 1.219
 0.290, 1.229
 0.290, 1.230
 0.300, 1.220
 0.300, 1.222
 0.310, 1.212
 0.319, 1.201
 0.319, 1.221
 0.318, 1.238
 0.339, 1.220
 0.338, 1.238
 0.319, 1.238
 0.339, 1.258
 0.338, 1.238
 0.329, 1.249
 0.348, 1.248
 0.329, 1.248
 0.349, 1.249
 0.338, 1.238
 0.349, 1.230
 0.358, 1.239
 0.368, 1.229
 0.358, 1.220
 0.367, 1.209
 0.378, 1.201
 0.378, 1.201
 0.368, 1.191
 0.378, 1.201
 0.377, 1.181
 0.397, 1.182
 0.387, 1.190
 0.397, 1.180
 0.408, 1.172
 0.407, 1.171
 0.407, 1.191
 0.426, 1.190
 0.417, 1.200
 0.417, 1.220
 0.417, 1.238
 0.417, 1.238
 0.426, 1.228
 0.426, 1.246
 0.426, 1.266
 0.426, 1.285
 0.427, 1.287
 0.417, 1.296
 0.417, 1.296
 0.417, 1.296
 0.425, 1.284
 0.417, 1.276
 0.436, 1.275
 0.416, 1.275
 0.436, 1.295
 0.436, 1.313
 0.436, 1.315
 0.436, 1.333
 0.416, 1.332
 0.426, 1.342
 0.435, 1.331
 0.427, 1.343
 0.426, 1.342
 0.426, 1.361
 0.426, 1.362
 0.416, 1.370
 0.426, 1.362
 0.436, 1.371
 0.435, 1.370
 0.426, 1.381
 0.425, 1.360
 0.406, 1.381
 0.416, 1.390
 0.406, 1.399
 0.417, 1.430
 0.406, 1.399
 0.416, 1.410
 0.425, 1.418
 0.425, 1.398
 0.436, 1.409
 0.425, 1.417
 0.426, 1.420
 0.426, 1.438
 0.416, 1.428
 0.436, 1.429
 0.434, 1.426
 0.425, 1.436
 0.435, 1.445
 0.444, 1.455
 0.426, 1.476
 0.445, 1.495
 0.446, 1.517
 0.446, 1.535
 0.426, 1.534
 0.435, 1.562
 0.424, 1.588
 0.434, 1.598
 0.434, 1.636
 0.415, 1.637
 0.424, 1.647
 0.434, 1.636
 0.435, 1.638
 0.434, 1.636
 0.444, 1.627
 0.424, 1.647
 0.444, 1.644
 0.444, 1.648
 0.444, 1.648
 0.434, 1.656
 0.454, 1.657
 0.453, 1.655
 0.454, 1.657
 0.454, 1.675
 0.444, 1.646
 0.444, 1.666
 0.453, 1.654
 0.464, 1.647
 0.453, 1.656
 0.463, 1.665
 0.454, 1.657
 0.453, 1.656
 0.455, 1.639
 0.464, 1.647
 0.453, 1.656
 0.484, 1.648
 0.463, 1.644
 0.483, 1.645
 0.473, 1.656
 0.483, 1.666
 0.473, 1.657
 0.472, 1.654
 0.493, 1.655
 0.483, 1.683
 0.483, 1.683
 0.473, 1.675
 0.482, 1.701
 0.502, 1.703
 0.512, 1.712
 0.502, 1.703
 0.503, 1.724
 0.511, 1.730
 0.522, 1.743
 0.530, 1.728
 0.540, 1.718
 0.541, 1.721
 0.551, 1.730
 0.552, 1.715
 0.562, 1.723
 0.571, 1.713
 0.572, 1.695
 0.571, 1.693
 0.581, 1.685
 0.581, 1.665
 0.561, 1.664
 0.570, 1.635
 0.571, 1.635
 0.562, 1.627
 0.571, 1.617
 0.571, 1.597
 0.561, 1.607
 0.570, 1.577
 0.582, 1.570
 0.571, 1.579
 0.552, 1.560
 0.562, 1.552
 0.561, 1.550
 0.561, 1.550
 0.561, 1.530
 0.542, 1.531
 0.552, 1.542
 0.561, 1.530
 0.553, 1.504
 0.551, 1.502
 0.542, 1.474
 0.553, 1.466
 0.543, 1.456
 0.544, 1.458
 0.533, 1.447
 0.523, 1.437
 0.543, 1.418
 0.521, 1.397
 0.523, 1.380
 0.522, 1.397
 0.513, 1.409
 0.523, 1.399
 0.513, 1.388
 0.514, 1.390
 0.513, 1.371
 0.493, 1.370
 0.513, 1.371
 0.513, 1.351
 0.513, 1.333
 0.504, 1.323
 0.524, 1.285
 0.524, 1.266
 0.533, 1.237
 0.535, 1.219
 0.544, 1.208
 0.535, 1.199
 0.535, 1.199
 0.524, 1.208
 0.535, 1.218
 0.535, 1.218
 0.544, 1.208
 0.545, 1.228
 0.545, 1.227
 0.545, 1.228
 0.544, 1.246
 0.535, 1.256
 0.545, 1.266
 0.534, 1.274
 0.525, 1.285
 0.514, 1.294
 0.505, 1.285
 0.505, 1.305
 0.494, 1.294
 0.495, 1.295
 0.485, 1.304
 0.495, 1.295
 0.486, 1.286
 0.475, 1.294
 0.466, 1.285
 0.466, 1.285
 0.436, 1.295
 0.436, 1.295
 0.435, 1.274
 0.437, 1.276
 0.426, 1.285
 0.417, 1.277
 0.448, 1.269
 0.447, 1.229
 0.447, 1.249
 0.446, 1.227
 0.416, 1.218
 0.436, 1.218
 0.407, 1.228
 0.407, 1.248
 0.398, 1.238
 0.369, 1.230
 0.369, 1.230
 0.378, 1.200
 0.378, 1.202
 0.378, 1.181
 0.369, 1.154
 0.369, 1.154
 0.349, 1.153
 0.339, 1.164
 0.339, 1.163
 0.349, 1.153
 0.339, 1.163
 0.319, 1.143
 0.310, 1.155
 0.319, 1.163
 0.290, 1.154
 0.310, 1.135
 0.290, 1.133
 0.291, 1.135
 0.291, 1.115
 0.291, 1.116
 0.281, 1.126
 0.271, 1.116
 0.281, 1.106
 0.261, 1.106
 0.261, 1.106
 0.262, 1.106
 0.261, 1.106
 0.261, 1.088
 0.261, 1.086
 0.252, 1.078
 0.252, 1.097
 0.252, 1.078
 0.262, 1.089
 0.262, 1.069
 0.262, 1.031
 0.262, 1.012
 0.281, 0.991
 0.261, 0.992
 0.271, 1.001
 0.272, 0.983
 0.291, 0.983
 0.291, 0.983
 0.282, 1.012
 0.291, 1.020
 0.281, 1.011
 0.271, 1.021
 0.281, 1.011
 0.291, 1.021
 0.291, 1.002
 0.291, 0.983
 0.291, 0.964
 0.271, 0.944
 0.272, 0.925
 0.262, 0.916
 0.262, 0.897
 0.263, 0.898
 0.263, 0.879
 0.283, 0.841
 0.292, 0.831
 0.282, 0.802
 0.283, 0.783
 0.302, 0.763
 0.263, 0.725
 0.293, 0.716
 0.314, 0.698
 0.325, 0.689
 0.304, 0.631
 0.314, 0.564
 0.314, 0.526
 0.335, 0.469
 0.325, 0.460
 0.335, 0.431
 0.337, 0.393
 0.327, 0.402
 0.327, 0.345
 0.327, 0.345
 0.307, 0.308
 0.298, 0.279
 0.287, 0.289
 0.268, 0.289
 0.258, 0.298
 0.228, 0.308
 0.229, 0.308
 0.209, 0.289
 0.209, 0.270
 0.210, 0.289
 0.180, 0.280
 0.201, 0.279
 0.190, 0.289
 0.210, 0.251
 0.220, 0.241
 0.220, 0.204
 0.250, 0.194
 0.240, 0.166
 0.231, 0.118
 0.212, 0.080
 0.202, 0.033
 0.232,-0.015
 0.241,-0.043
 0.222,-0.063
 0.242,-0.064
 0.251,-0.092
 0.252,-0.111
 0.241,-0.082
 0.241,-0.101
 0.241,-0.102
 0.231,-0.110
 0.241,-0.120
 0.241,-0.101
 0.241,-0.101
 0.240,-0.082
 0.250,-0.072
 0.231,-0.054
 0.230,-0.053
 0.240,-0.007
 0.240, 0.013
 0.239, 0.014
 0.230, 0.041
 0.219, 0.052
 0.210, 0.061
 0.210, 0.061
 0.200, 0.090
 0.210, 0.118
 0.219, 0.146
 0.219, 0.165
 0.220, 0.184
 0.219, 0.204
 0.199, 0.204
 0.199, 0.223
 0.199, 0.242
 0.199, 0.280
 0.198, 0.280
 0.209, 0.308
 0.208, 0.346
 0.198, 0.356
 0.198, 0.394
 0.188, 0.423
 0.198, 0.432
 0.197, 0.451
 0.217, 0.470
 0.236, 0.489
 0.235, 0.489
 0.265, 0.498
 0.284, 0.517
 0.264, 0.498
 0.274, 0.508
 0.264, 0.517
 0.265, 0.536
 0.264, 0.536
 0.254, 0.565
 0.244, 0.594
 0.244, 0.575
 0.254, 0.584
 0.243, 0.593
 0.234, 0.603
 0.223, 0.631
 0.223, 0.669
 0.193, 0.737
 0.203, 0.784
 0.203, 0.823
 0.213, 0.851
 0.212, 0.850
 0.212, 0.870
 0.222, 0.878
 0.242, 0.879
 0.252, 0.869
 0.251, 0.888
 0.262, 0.899
 0.261, 0.898
 0.261, 0.879
 0.271, 0.850
 0.280, 0.840
 0.300, 0.859
 0.320, 0.859
 0.310, 0.831
 0.320, 0.821
 0.330, 0.792
 0.350, 0.755
 0.349, 0.754
 0.340, 0.745
 0.350, 0.717
 0.339, 0.688
 0.360, 0.669
 0.368, 0.640
 0.359, 0.611
 0.339, 0.612
 0.340, 0.593
 0.330, 0.584
 0.339, 0.555
 0.340, 0.517
 0.320, 0.498
 0.319, 0.498
 0.330, 0.469
 0.329, 0.469
 0.349, 0.450
 0.340, 0.422
 0.330, 0.412
 0.340, 0.403
 0.358, 0.403
 0.359, 0.403
 0.349, 0.393
 0.359, 0.403
 0.340, 0.422
 0.339, 0.441
 0.340, 0.460
 0.339, 0.441
 0.329, 0.431
 0.329, 0.450
 0.309, 0.451
 0.310, 0.451
 0.310, 0.470
 0.300, 0.460
 0.300, 0.479
 0.290, 0.489
 0.290, 0.508
 0.290, 0.546
 0.300, 0.574
 0.290, 0.603
 0.280, 0.631
 0.290, 0.660
 0.270, 0.717
 0.270, 0.736
 0.270, 0.755
 0.250, 0.793
 0.240, 0.803
 0.210, 0.832
 0.170, 0.851
 0.170, 0.871
 0.170, 0.889
 0.189, 0.927
 0.209, 0.927
 0.209, 0.946
 0.218, 0.955
 0.228, 0.945
 0.248, 0.965
 0.248, 0.965
 0.247, 0.964
 0.258, 0.937
 0.257, 0.936
 0.258, 0.917
 0.278, 0.917
 0.268, 0.888
 0.298, 0.899
 0.297, 0.859
 0.308, 0.831
 0.317, 0.840
 0.317, 0.821
 0.337, 0.821
 0.356, 0.802
 0.376, 0.783
 0.366, 0.792
 0.376, 0.802
 0.376, 0.821
 0.385, 0.829
 0.376, 0.840
 0.376, 0.859
 0.376, 0.878
 0.387, 0.888
 0.376, 0.878
 0.386, 0.888
 0.376, 0.878
 0.376, 0.859
 0.376, 0.859
 0.375, 0.858
 0.356, 0.840
 0.346, 0.831
 0.336, 0.821
 0.337, 0.802
 0.336, 0.821
 0.327, 0.793
 0.336, 0.783
 0.337, 0.764
 0.357, 0.764
 0.356, 0.764
 0.337, 0.764
 0.347, 0.793
 0.337, 0.783
 0.337, 0.784
 0.327, 0.774
 0.327, 0.755
 0.317, 0.764
 0.317, 0.764
 0.308, 0.736
 0.298, 0.727
 0.298, 0.708
 0.298, 0.688
 0.308, 0.679
 0.298, 0.669
 0.279, 0.669
 0.289, 0.660
 0.289, 0.660
 0.278, 0.632
 0.269, 0.641
 0.268, 0.641
 0.259, 0.632
 0.259, 0.651
 0.239, 0.670
 0.249, 0.660
 0.249, 0.660
 0.259, 0.651
 0.240, 0.651
 0.230, 0.622
 0.230, 0.604
 0.230, 0.584
 0.210, 0.566
 0.230, 0.546
 0.220, 0.537
 0.240, 0.537
 0.220, 0.537
 0.230, 0.527
 0.240, 0.518
 0.240, 0.499
 0.240, 0.499
 0.239, 0.499
 0.220, 0.480
 0.231, 0.451
 0.240, 0.423
 0.240, 0.423
 0.250, 0.432
 0.241, 0.442
 0.260, 0.441
 0.260, 0.441
 0.280, 0.422
 0.289, 0.413
 0.260, 0.423
 0.279, 0.422
 0.279, 0.422
 0.270, 0.432
 0.270, 0.432
 0.270, 0.432
 0.270, 0.432
 0.280, 0.441
 0.280, 0.441
 0.280, 0.441
 0.280, 0.460
 0.280, 0.460
 0.270, 0.451
 0.270, 0.451
 0.289, 0.451
 0.280, 0.441
 0.270, 0.451
 0.270, 0.451
 0.270, 0.413
 0.260, 0.404
 0.260, 0.423
 0.260, 0.442
 0.290, 0.451
 0.300, 0.460
 0.310, 0.470
 0.300, 0.460
 0.310, 0.432
 0.300, 0.422
 0.291, 0.432
 0.290, 0.413
 0.281, 0.422
 0.280, 0.441
 0.290, 0.451
 0.300, 0.479
 0.300, 0.498
 0.281, 0.517
 0.300, 0.536
 0.271, 0.527
 0.291, 0.527
 0.251, 0.527
 0.232, 0.508
 0.212, 0.489
 0.193, 0.470
 0.193, 0.470
 0.182, 0.461
 0.183, 0.461
 0.183, 0.442
 0.173, 0.433
 0.183, 0.423
 0.183, 0.404
 0.193, 0.413
 0.193, 0.413
 0.203, 0.404
 0.203, 0.404
 0.222, 0.404
 0.233, 0.375
 0.252, 0.375
 0.272, 0.356
 0.281, 0.365
 0.271, 0.356
 0.292, 0.355
 0.301, 0.346
 0.301, 0.327
 0.321, 0.327
 0.310, 0.318
 0.320, 0.308
 0.320, 0.289
 0.330, 0.298
 0.350, 0.298
 0.340, 0.289
 0.360, 0.288
 0.350, 0.298
 0.349, 0.279
 0.341, 0.250
 0.350, 0.241
 0.350, 0.222
 0.340, 0.194
 0.330, 0.184
 0.331, 0.165
 0.320, 0.156
 0.330, 0.146
 0.321, 0.136
 0.320, 0.118
 0.330, 0.108
 0.320, 0.119
 0.310, 0.108
 0.301, 0.118
 0.281, 0.099
 0.292, 0.088
 0.301, 0.080
 0.302, 0.079
 0.301, 0.118
 0.301, 0.099
 0.311, 0.089
 0.291, 0.090
 0.292, 0.089
 0.292, 0.089
 0.262, 0.080
 0.242, 0.080
 0.242, 0.081
 0.232, 0.052
 0.202, 0.062
 0.212, 0.033
 0.222, 0.023
 0.252, 0.033
 0.252, 0.032
 0.242, 0.023
 0.262, 0.022
 0.263, 0.003
 0.272, 0.013
 0.262, 0.004
 0.281, 0.004
 0.281, 0.004
 0.272, 0.013
 0.262, 0.005
 0.262, 0.004
 0.281, 0.004
 0.252,-0.006
 0.243,-0.015
 0.252,-0.024
 0.253,-0.025
 0.252,-0.006
 0.252,-0.024
 0.262,-0.034
 0.262,-0.033
 0.262,-0.034
 0.272,-0.025
 0.272,-0.025
 0.273,-0.006
 0.272,-0.005
 0.282, 0.003
 0.292, 0.033
 0.282, 0.042
 0.282, 0.042
 0.282, 0.042
 0.282, 0.042
 0.291, 0.033
 0.291, 0.052
 0.292, 0.069
 0.282, 0.080
 0.282, 0.060
 0.292, 0.051
 0.301, 0.042
 0.292, 0.032
 0.291, 0.033
 0.302, 0.060
 0.301, 0.042
 0.292, 0.032
 0.282, 0.042
 0.272, 0.033
 0.292, 0.032
 0.301, 0.042
 0.291, 0.052
 0.291, 0.070
 0.282, 0.061
 0.282, 0.080
 0.281, 0.080
 0.272, 0.070
 0.272, 0.070
 0.252, 0.052
 0.262, 0.061
 0.242, 0.061
 0.253, 0.070
 0.263, 0.079
 0.262, 0.080
 0.263, 0.079
 0.262, 0.080
 0.252, 0.071
 0.243, 0.080
 0.252, 0.090
 0.243, 0.099
 0.233, 0.109
 0.233, 0.089
 0.233, 0.089
 0.223, 0.081
 0.233, 0.089
 0.223, 0.100
 0.242, 0.081
 0.223, 0.081
 0.223, 0.100
 0.233, 0.070
 0.213, 0.090
 0.233, 0.070
 0.223, 0.080
 0.213, 0.052
 0.223, 0.042
 0.223, 0.024
 0.223, 0.024
 0.242, 0.023
 0.223, 0.024
 0.242, 0.023
 0.242, 0.042
 0.242, 0.023
 0.242, 0.023
 0.242, 0.004
 0.252,-0.006
 0.242, 0.004
 0.262, 0.004
 0.262, 0.004
 0.252,-0.024
 0.252,-0.006
 0.262,-0.015
 0.252,-0.025
 0.243,-0.015
 0.252,-0.005
 0.262, 0.004
 0.271, 0.014
 0.272,-0.005
 0.282, 0.023
 0.281, 0.042
 0.282, 0.041
 0.291, 0.052
 0.292, 0.032
 0.301, 0.041
 0.291, 0.052
 0.292, 0.051
 0.291, 0.052
 0.282, 0.061
 0.282, 0.061
 0.282, 0.061
 0.291, 0.070
 0.272, 0.089
 0.272, 0.089
 0.272, 0.070
 0.272, 0.071
 0.272, 0.070
 0.272, 0.089
 0.272, 0.070
 0.271, 0.070
 0.271, 0.052
 0.282, 0.061
 0.281, 0.042
 0.262, 0.042
 0.262, 0.023
 0.261, 0.024
 0.262, 0.004
 0.272, 0.013
 0.262, 0.004
 0.263, 0.003
 0.272,-0.006
 0.262,-0.016
 0.262,-0.015
 0.262, 0.005
 0.252,-0.005
 0.242, 0.024
 0.242, 0.023
 0.252, 0.014
 0.233,-0.006
 0.243,-0.015
 0.233,-0.005
 0.243,-0.015
 0.242,-0.014
 0.242,-0.034
 0.233,-0.025
 0.232,-0.043
 0.233,-0.045
 0.243,-0.053
 0.243,-0.053
 0.262,-0.053
 0.262,-0.071
 0.243,-0.053
 0.243,-0.072
 0.243,-0.091
 0.243,-0.091
 0.252,-0.081
 0.233,-0.081
 0.232,-0.080
 0.222,-0.072
 0.223,-0.091
 0.213,-0.081
 0.213,-0.063
 0.222,-0.052
 0.212,-0.043
 0.222,-0.034
 0.222,-0.034
 0.222,-0.015
 0.222, 0.005
 0.222, 0.023
 0.222, 0.023
 0.232, 0.034
 0.212, 0.033
 0.212, 0.053
 0.212, 0.071
 0.203, 0.099
 0.202, 0.118
 0.213, 0.127
 0.212, 0.147
 0.202, 0.137
 0.202, 0.157
 0.192, 0.148
 0.202, 0.157
 0.182, 0.176
 0.192, 0.185
 0.193, 0.204
 0.183, 0.214
 0.192, 0.242
 0.202, 0.233
 0.192, 0.223
 0.173, 0.223
 0.172, 0.224
 0.173, 0.223
 0.182, 0.252
 0.163, 0.252
 0.163, 0.271
 0.163, 0.271
 0.183, 0.290
 0.172, 0.300
 0.163, 0.309
 0.172, 0.319
 0.172, 0.338
 0.163, 0.347
 0.143, 0.347
 0.133, 0.357
 0.134, 0.376
 0.133, 0.376
 0.133, 0.395
 0.133, 0.414
 0.143, 0.423
 0.123, 0.443
 0.132, 0.452
 0.143, 0.461
 0.142, 0.480
 0.152, 0.490
 0.152, 0.509
 0.152, 0.509
 0.152, 0.528
 0.152, 0.547
 0.152, 0.547
 0.152, 0.547
 0.132, 0.566
 0.142, 0.576
 0.142, 0.595
 0.142, 0.595
 0.142, 0.595
 0.142, 0.595
 0.142, 0.614
 0.122, 0.614
 0.133, 0.623
 0.133, 0.623
 0.122, 0.614
 0.142, 0.633
 0.142, 0.632
 0.122, 0.633
 0.132, 0.642
 0.142, 0.633
 0.152, 0.642
 0.152, 0.642
 0.152, 0.642
 0.152, 0.661
 0.142, 0.652
 0.162, 0.652
 0.162, 0.670
 0.172, 0.661
 0.162, 0.671
 0.172, 0.680
 0.172, 0.680
 0.171, 0.680
 0.172, 0.661
 0.182, 0.670
 0.182, 0.651
 0.182, 0.652
 0.182, 0.670
 0.191, 0.680
 0.182, 0.690
 0.182, 0.670
 0.191, 0.680
 0.181, 0.689
 0.172, 0.680
 0.182, 0.670
 0.182, 0.651
 0.192, 0.642
 0.182, 0.651
 0.192, 0.661
 0.183, 0.633
 0.173, 0.604
 0.183, 0.594
 0.182, 0.575
 0.182, 0.556
 0.183, 0.556
 0.183, 0.537
 0.193, 0.528
 0.173, 0.528
 0.173, 0.509
 0.183, 0.499
 0.163, 0.499
 0.164, 0.518
 0.134, 0.509
 0.144, 0.518
 0.144, 0.518
 0.144, 0.537
 0.144, 0.538
 0.144, 0.537
 0.144, 0.518
 0.125, 0.519
 0.135, 0.509
 0.135, 0.509
 0.125, 0.499
 0.135, 0.490
 0.135, 0.490
 0.125, 0.480
 0.115, 0.490
 0.115, 0.452
 0.096, 0.452
 0.096, 0.452
 0.105, 0.462
 0.106, 0.481
 0.076, 0.471
 0.096, 0.471
 0.096, 0.471
 0.086, 0.462
 0.076, 0.490
 0.076, 0.509
 0.076, 0.510
 0.066, 0.500
 0.066, 0.500
 0.066, 0.500
 0.047, 0.500
 0.047, 0.500
 0.047, 0.519
 0.047, 0.500
 0.056, 0.529
 0.047, 0.538
 0.037, 0.529
 0.037, 0.548
 0.056, 0.529
 0.037, 0.529
 0.047, 0.519
 0.047, 0.519
 0.066, 0.519
 0.066, 0.519
 0.086, 0.519
 0.086, 0.519
 0.096, 0.509
 0.115, 0.509
 0.115, 0.509
 0.135, 0.509
 0.135, 0.509
 0.144, 0.499
 0.154, 0.509
 0.154, 0.509
 0.165, 0.518
 0.174, 0.509
 0.184, 0.518
 0.194, 0.508
 0.204, 0.499
 0.214, 0.508
 0.194, 0.508
 0.204, 0.499
 0.223, 0.518
 0.224, 0.518
 0.233, 0.527
 0.232, 0.527
 0.243, 0.518
 0.243, 0.518
 0.224, 0.518
 0.234, 0.508
 0.223, 0.518
 0.224, 0.499
 0.214, 0.508
 0.214, 0.489
 0.214, 0.508
 0.204, 0.518
 0.194, 0.547
 0.204, 0.537
 0.194, 0.547
 0.184, 0.537
 0.204, 0.537
 0.174, 0.528
 0.194, 0.527
 0.184, 0.518
 0.184, 0.537
 0.194, 0.527
 0.194, 0.528
 0.185, 0.499
 0.164, 0.499
 0.175, 0.490
 0.155, 0.509
 0.145, 0.499
 0.145, 0.499
 0.136, 0.490
 0.126, 0.480
 0.126, 0.461
 0.136, 0.490
 0.145, 0.480
 0.145, 0.461
 0.165, 0.461
 0.165, 0.442
 0.175, 0.413
 0.175, 0.413
 0.175, 0.413
 0.175, 0.394
 0.175, 0.375
 0.176, 0.375
 0.176, 0.356
 0.175, 0.357
 0.175, 0.337
 0.204, 0.328
 0.185, 0.328
 0.185, 0.309
 0.186, 0.308
 0.186, 0.308
 0.195, 0.280
 0.205, 0.251
 0.204, 0.252
 0.195, 0.242
 0.205, 0.232
 0.194, 0.223
 0.185, 0.194
 0.185, 0.175
 0.195, 0.147
 0.195, 0.127
 0.195, 0.109
 0.185, 0.099
 0.205, 0.081
 0.195, 0.051
 0.195, 0.051
 0.205, 0.043
 0.215, 0.032
 0.205, 0.004
 0.205, 0.004
 0.205, 0.004
 0.204, 0.005
 0.205, 0.004
 0.205, 0.004
 0.205, 0.004
 0.195, 0.013
 0.214, 0.014
 0.205, 0.003
 0.205, 0.004
 0.204,-0.014
 0.195,-0.024
 0.185,-0.014
 0.175,-0.025
 0.195,-0.024
 0.195,-0.024
 0.175,-0.025
 0.184,-0.014
 0.194,-0.025
 0.195,-0.024
 0.185,-0.034
 0.175,-0.043
 0.175,-0.060
 0.165,-0.052
 0.165,-0.033
 0.175,-0.005
 0.175, 0.013
 0.175, 0.014
 0.204, 0.042
 0.214, 0.090
 0.214, 0.090
 0.214, 0.109
 0.203, 0.120
 0.194, 0.128
 0.185, 0.157
 0.195, 0.204
 0.175, 0.223
 0.175, 0.223
 0.175, 0.242
 0.184, 0.214
 0.185, 0.156
 0.175, 0.128
 0.155, 0.110
 0.136, 0.109
 0.117, 0.091
 0.087, 0.081
 0.077, 0.071
 0.067, 0.043
 0.047, 0.043
 0.057, 0.053
 0.047, 0.063
 0.047, 0.063
 0.086, 0.082
 0.106, 0.100
 0.125, 0.119
 0.125, 0.138
 0.134, 0.128
 0.114, 0.130
 0.104, 0.139
 0.104, 0.120
 0.085, 0.100
 0.065, 0.119
 0.085, 0.119
 0.085, 0.118
 0.104, 0.119
 0.153, 0.109
 0.162, 0.099
 0.161, 0.062
 0.170, 0.091
 0.180, 0.120
 0.189, 0.148
 0.180, 0.233
 0.180, 0.252
 0.151, 0.281
 0.150, 0.300
 0.121, 0.329
 0.091, 0.357
 0.071, 0.377
 0.062, 0.386
