 0.368,-3.111
 0.360,-3.174
 0.360,-3.197
 0.385,-3.167
 0.394,-3.164
 0.402,-3.167
 0.402,-3.181
 0.410,-3.187
 0.418,-3.174
 0.435,-3.164
 0.452,-3.125
 0.478,-3.092
 0.513,-3.033
 0.512,-2.977
 0.520,-2.934
 0.519,-2.895
 0.511,-2.855
 0.528,-2.852
 0.528,-2.852
 0.530,-2.815
 0.547,-2.771
 0.540,-2.768
 0.557,-2.768
 0.555,-2.778
 0.564,-2.805
 0.563,-2.796
 0.580,-2.766
 0.605,-2.707
 0.639,-2.688
 0.674,-2.647
 0.689,-2.639
 0.715,-2.632
 0.741,-2.593
 0.749,-2.564
 0.758,-2.543
 0.757,-2.491
 0.758,-2.461
 0.758,-2.444
 0.757,-2.439
 0.749,-2.468
 0.723,-2.472
 0.690,-2.507
 0.665,-2.503
 0.673,-2.507
 0.666,-2.538
 0.664,-2.533
 0.657,-2.545
 0.622,-2.575
 0.605,-2.589
 0.564,-2.587
 0.564,-2.598
 0.530,-2.620
 0.539,-2.646
 0.504,-2.676
 0.470,-2.709
 0.444,-2.762
 0.394,-2.761
 0.360,-2.794
 0.334,-2.814
 0.317,-2.866
 0.300,-2.880
 0.283,-2.902
 0.283,-2.935
 0.267,-2.968
 0.259,-2.964
 0.258,-2.945
 0.250,-2.938
 0.250,-2.885
 0.250,-2.849
 0.250,-2.806
 0.225,-2.790
 0.216,-2.786
 0.216,-2.786
 0.208,-2.760
 0.208,-2.730
 0.200,-2.717
 0.200,-2.723
 0.191,-2.760
 0.182,-2.796
 0.174,-2.793
 0.174,-2.792
 0.157,-2.831
 0.148,-2.874
 0.157,-2.897
 0.149,-2.910
 0.140,-2.944
 0.148,-2.970
 0.131,-3.000
 0.123,-3.003
 0.114,-3.016
 0.106,-3.050
 0.081,-3.096
 0.038,-3.138
 0.013,-3.210
-0.021,-3.266
-0.064,-3.269
-0.090,-3.315
-0.115,-3.354
-0.140,-3.407
-0.158,-3.473
-0.191,-3.547
-0.209,-3.621
-0.217,-3.664
-0.226,-3.694
-0.261,-3.701
-0.251,-3.700
-0.235,-3.717
-0.201,-3.701
-0.175,-3.683
-0.150,-3.674
-0.090,-3.615
-0.048,-3.537
-0.023,-3.481
 0.011,-3.419
 0.046,-3.353
 0.088,-3.290
 0.123,-3.208
 0.148,-3.146
 0.165,-3.106
 0.166,-3.044
 0.191,-2.982
 0.217,-2.916
 0.217,-2.869
 0.217,-2.819
 0.235,-2.743
 0.218,-2.710
 0.235,-2.707
 0.235,-2.737
 0.242,-2.738
 0.243,-2.758
 0.234,-2.781
 0.242,-2.810
 0.242,-2.813
 0.243,-2.816
 0.251,-2.829
 0.242,-2.879
 0.242,-2.942
 0.233,-2.978
 0.242,-3.051
 0.242,-3.071
 0.249,-3.087
 0.250,-3.114
 0.268,-3.120
 0.267,-3.137
 0.259,-3.186
 0.251,-3.219
 0.251,-3.269
 0.233,-3.302
 0.216,-3.331
 0.199,-3.348
 0.182,-3.390
 0.174,-3.400
 0.165,-3.410
 0.157,-3.403
 0.157,-3.377
 0.148,-3.364
 0.148,-3.351
 0.148,-3.331
 0.140,-3.301
 0.149,-3.281
 0.140,-3.264
 0.140,-3.238
 0.132,-3.231
 0.149,-3.215
 0.132,-3.185
 0.141,-3.142
 0.124,-3.145
 0.115,-3.132
 0.106,-3.149
 0.098,-3.115
 0.081,-3.089
 0.064,-3.092
 0.055,-3.088
 0.038,-3.056
 0.030,-3.055
 0.013,-3.052
-0.013,-3.065
-0.004,-3.051
-0.013,-3.088
-0.038,-3.114
-0.064,-3.084
-0.064,-3.091
-0.064,-3.074
-0.064,-3.058
-0.064,-3.044
-0.072,-3.064
-0.064,-3.074
-0.072,-3.064
-0.063,-3.054
-0.064,-3.028
-0.030,-3.022
-0.013,-3.025
 0.004,-3.022
 0.004,-3.002
 0.013,-3.015
-0.004,-3.025
-0.004,-3.045
-0.004,-3.045
 0.021,-3.088
 0.029,-3.105
 0.046,-3.144
 0.037,-3.187
 0.054,-3.158
 0.046,-3.101
 0.055,-3.079
 0.072,-3.075
 0.080,-3.088
 0.080,-3.082
 0.080,-3.082
 0.088,-3.108
 0.071,-3.135
 0.088,-3.155
 0.096,-3.132
 0.122,-3.096
 0.140,-3.050
 0.139,-3.043
 0.148,-3.053
 0.148,-3.063
 0.156,-3.083
 0.164,-3.116
 0.173,-3.106
 0.190,-3.129
 0.199,-3.136
 0.198,-3.166
 0.190,-3.192
 0.181,-3.195
 0.173,-3.225
 0.173,-3.208
 0.156,-3.205
 0.148,-3.231
 0.131,-3.261
 0.131,-3.310
 0.122,-3.313
 0.113,-3.323
 0.122,-3.307
 0.130,-3.314
 0.114,-3.324
 0.122,-3.331
 0.122,-3.324
 0.122,-3.324
 0.122,-3.284
 0.148,-3.248
 0.156,-3.225
 0.165,-3.228
 0.173,-3.222
 0.173,-3.218
 0.190,-3.225
 0.207,-3.209
 0.190,-3.192
 0.208,-3.166
 0.215,-3.133
 0.207,-3.159
 0.224,-3.186
 0.216,-3.212
 0.215,-3.215
 0.215,-3.232
 0.199,-3.272
 0.216,-3.268
 0.207,-3.291
 0.199,-3.285
 0.190,-3.268
 0.182,-3.281
 0.182,-3.281
 0.164,-3.291
 0.165,-3.294
 0.165,-3.307
 0.148,-3.301
 0.157,-3.298
 0.148,-3.295
 0.157,-3.285
 0.148,-3.265
 0.139,-3.242
 0.148,-3.231
 0.131,-3.241
 0.106,-3.205
 0.105,-3.198
 0.088,-3.188
 0.088,-3.142
 0.089,-3.112
 0.072,-3.082
 0.071,-3.042
 0.046,-3.039
 0.046,-3.032
 0.021,-3.039
 0.012,-3.012
 0.003,-3.002
-0.005,-3.002
-0.005,-2.969
-0.022,-2.966
-0.022,-2.972
-0.022,-2.979
-0.022,-2.985
-0.031,-3.008
-0.047,-3.008
-0.056,-2.982
-0.064,-2.949
-0.081,-2.942
-0.081,-2.922
-0.107,-2.918
-0.133,-2.884
-0.150,-2.861
-0.150,-2.851
-0.149,-2.845
-0.158,-2.849
-0.149,-2.826
-0.149,-2.820
-0.158,-2.816
-0.158,-2.816
-0.158,-2.799
-0.158,-2.772
-0.141,-2.769
-0.149,-2.782
-0.141,-2.769
-0.124,-2.786
-0.115,-2.793
-0.098,-2.790
-0.090,-2.783
-0.090,-2.783
-0.081,-2.793
-0.065,-2.796
-0.065,-2.793
-0.048,-2.830
-0.031,-2.840
-0.031,-2.840
-0.031,-2.846
-0.014,-2.870
-0.005,-2.880
-0.005,-2.867
 0.012,-2.883
 0.020,-2.896
 0.020,-2.896
 0.012,-2.912
 0.012,-2.925
 0.011,-2.955
 0.012,-2.972
 0.021,-2.956
 0.004,-2.973
 0.004,-2.986
-0.005,-2.979
 0.012,-2.986
 0.012,-2.999
 0.020,-3.012
 0.020,-3.012
 0.012,-3.002
 0.020,-3.012
 0.037,-3.022
 0.029,-3.046
 0.046,-3.029
 0.046,-3.049
 0.037,-3.045
 0.046,-3.049
 0.046,-3.055
 0.054,-3.042
 0.063,-3.032
 0.063,-3.032
 0.080,-3.029
 0.088,-3.056
 0.080,-3.076
 0.105,-3.072
 0.088,-3.062
 0.088,-3.062
 0.080,-3.062
 0.088,-3.035
 0.089,-3.016
 0.089,-3.029
 0.080,-3.026
 0.080,-3.046
 0.089,-3.023
 0.080,-3.019
 0.072,-3.013
 0.063,-2.999
 0.063,-3.006
 0.063,-2.999
 0.055,-3.022
 0.054,-3.026
 0.038,-3.055
 0.012,-3.072
-0.022,-3.084
-0.022,-3.121
-0.048,-3.163
-0.048,-3.189
-0.056,-3.233
-0.040,-3.259
-0.022,-3.289
-0.014,-3.329
 0.003,-3.358
 0.003,-3.415
 0.028,-3.458
 0.020,-3.497
 0.062,-3.544
 0.080,-3.581
 0.105,-3.595
 0.115,-3.602
 0.123,-3.583
 0.124,-3.563
 0.132,-3.558
 0.141,-3.589
 0.149,-3.571
 0.175,-3.582
 0.175,-3.569
 0.192,-3.549
 0.192,-3.543
 0.209,-3.543
 0.217,-3.550
 0.217,-3.550
 0.208,-3.549
 0.226,-3.569
 0.225,-3.565
 0.226,-3.540
 0.234,-3.533
 0.234,-3.513
 0.260,-3.494
 0.268,-3.447
 0.260,-3.437
 0.259,-3.441
 0.268,-3.411
 0.276,-3.378
 0.259,-3.342
 0.259,-3.325
 0.267,-3.312
 0.258,-3.324
 0.250,-3.328
 0.259,-3.321
 0.268,-3.319
 0.268,-3.345
 0.259,-3.348
 0.277,-3.398
 0.267,-3.414
 0.259,-3.450
 0.267,-3.460
 0.276,-3.467
 0.285,-3.438
 0.302,-3.402
 0.293,-3.392
 0.302,-3.402
 0.284,-3.424
 0.293,-3.451
 0.293,-3.451
 0.302,-3.448
 0.310,-3.428
 0.318,-3.431
 0.319,-3.452
 0.319,-3.428
 0.319,-3.428
 0.310,-3.421
 0.318,-3.404
 0.336,-3.378
 0.344,-3.349
 0.336,-3.346
 0.328,-3.339
 0.337,-3.316
 0.328,-3.309
 0.319,-3.325
 0.320,-3.316
 0.320,-3.316
 0.311,-3.299
 0.311,-3.273
 0.311,-3.240
 0.312,-3.233
 0.304,-3.230
 0.295,-3.226
 0.295,-3.246
 0.295,-3.259
 0.303,-3.236
 0.303,-3.236
 0.303,-3.233
 0.321,-3.240
 0.346,-3.200
 0.364,-3.191
 0.373,-3.204
 0.363,-3.224
 0.355,-3.250
 0.338,-3.260
 0.312,-3.279
 0.286,-3.269
 0.286,-3.262
 0.252,-3.269
 0.252,-3.249
 0.252,-3.236
 0.226,-3.242
 0.218,-3.229
 0.226,-3.229
 0.209,-3.212
 0.201,-3.232
 0.175,-3.258
 0.133,-3.244
 0.091,-3.257
 0.065,-3.247
 0.040,-3.273
 0.023,-3.270
-0.011,-3.283
-0.036,-3.312
-0.062,-3.299
-0.087,-3.308
-0.087,-3.325
-0.104,-3.328
-0.096,-3.342
-0.088,-3.348
-0.080,-3.375
-0.063,-3.388
-0.038,-3.408
-0.004,-3.449
 0.004,-3.451
 0.004,-3.505
 0.004,-3.521
-0.004,-3.540
 0.012,-3.581
 0.029,-3.594
 0.029,-3.627
 0.037,-3.608
 0.038,-3.604
 0.038,-3.588
 0.055,-3.568
 0.064,-3.558
 0.064,-3.554
 0.080,-3.579
 0.080,-3.607
 0.089,-3.597
 0.072,-3.575
 0.073,-3.553
 0.082,-3.526
 0.099,-3.510
 0.124,-3.506
 0.124,-3.522
 0.132,-3.522
 0.158,-3.508
 0.184,-3.497
 0.217,-3.464
 0.243,-3.444
 0.226,-3.428
 0.209,-3.424
 0.193,-3.444
 0.192,-3.437
 0.184,-3.463
 0.201,-3.463
 0.209,-3.483
 0.218,-3.500
 0.235,-3.480
 0.243,-3.477
 0.252,-3.471
 0.252,-3.451
 0.252,-3.451
 0.260,-3.434
 0.251,-3.444
 0.260,-3.434
 0.276,-3.430
 0.286,-3.415
 0.293,-3.404
 0.303,-3.372
 0.303,-3.346
 0.320,-3.343
 0.320,-3.343
 0.311,-3.325
 0.319,-3.316
 0.328,-3.326
 0.336,-3.325
 0.345,-3.310
 0.345,-3.289
 0.345,-3.293
 0.328,-3.296
 0.319,-3.299
 0.319,-3.319
 0.319,-3.362
 0.311,-3.372
 0.302,-3.382
 0.302,-3.365
 0.302,-3.359
 0.293,-3.342
 0.293,-3.358
 0.285,-3.368
 0.276,-3.368
 0.285,-3.381
 0.276,-3.388
 0.277,-3.395
 0.285,-3.388
 0.276,-3.388
 0.285,-3.398
 0.285,-3.391
 0.277,-3.408
 0.276,-3.421
 0.285,-3.418
 0.277,-3.435
 0.286,-3.438
 0.277,-3.448
 0.278,-3.432
 0.269,-3.431
 0.286,-3.448
 0.285,-3.453
 0.277,-3.484
 0.268,-3.494
 0.269,-3.514
 0.277,-3.518
 0.285,-3.501
 0.260,-3.514
 0.285,-3.534
 0.276,-3.549
 0.260,-3.586
 0.251,-3.589
 0.234,-3.612
 0.234,-3.600
 0.226,-3.593
 0.209,-3.584
 0.209,-3.576
 0.201,-3.596
 0.184,-3.625
 0.183,-3.638
 0.158,-3.664
 0.167,-3.667
 0.150,-3.665
 0.150,-3.656
 0.150,-3.669
 0.142,-3.670
 0.133,-3.669
 0.116,-3.706
 0.107,-3.708
 0.090,-3.717
 0.082,-3.723
 0.074,-3.696
 0.056,-3.704
 0.056,-3.704
 0.048,-3.726
 0.057,-3.757
 0.048,-3.793
 0.056,-3.820
 0.039,-3.865
 0.039,-3.898
 0.030,-3.912
 0.038,-3.919
 0.039,-3.923
 0.039,-3.902
 0.031,-3.888
 0.030,-3.875
 0.039,-3.844
 0.022,-3.848
 0.022,-3.848
 0.013,-3.838
 0.013,-3.846
 0.013,-3.838
 0.022,-3.799
 0.005,-3.786
-0.004,-3.809
 0.005,-3.806
 0.005,-3.819
 0.013,-3.846
 0.005,-3.873
-0.004,-3.875
 0.014,-3.912
 0.023,-3.911
 0.031,-3.925
 0.048,-3.925
 0.040,-3.927
 0.023,-3.952
 0.031,-3.950
 0.023,-3.981
 0.031,-3.995
 0.039,-4.034
 0.039,-4.055
 0.039,-4.068
 0.048,-4.128
 0.031,-4.140
 0.014,-4.136
 0.022,-4.134
 0.022,-4.146
 0.022,-4.134
 0.014,-4.157
 0.022,-4.142
 0.022,-4.150
 0.030,-4.127
 0.031,-4.119
 0.030,-4.094
 0.056,-4.080
 0.047,-4.066
 0.047,-4.032
 0.047,-4.020
 0.055,-3.993
 0.055,-3.997
 0.056,-4.014
 0.073,-3.990
 0.090,-4.011
 0.073,-3.998
 0.081,-3.975
 0.090,-3.977
 0.073,-3.952
 0.098,-3.963
 0.090,-3.969
 0.089,-3.977
 0.098,-3.992
 0.115,-3.984
 0.115,-3.979
 0.141,-3.973
 0.149,-3.959
 0.140,-3.957
 0.149,-3.938
 0.166,-3.955
 0.183,-3.972
 0.183,-3.951
 0.183,-3.960
 0.191,-3.958
 0.192,-3.970
 0.209,-3.941
 0.200,-3.931
 0.200,-3.938
 0.200,-3.951
 0.209,-3.961
 0.192,-3.970
 0.217,-3.972
 0.217,-3.993
 0.225,-3.978
 0.243,-3.987
 0.243,-3.987
 0.251,-3.977
 0.243,-3.974
 0.259,-3.950
 0.268,-3.960
 0.251,-3.956
 0.251,-3.956
 0.260,-3.941
 0.252,-3.927
 0.251,-3.931
 0.260,-3.908
 0.260,-3.900
 0.243,-3.904
 0.242,-3.896
 0.242,-3.900
 0.243,-3.884
 0.251,-3.861
 0.243,-3.838
 0.251,-3.820
 0.226,-3.821
 0.226,-3.821
 0.234,-3.798
 0.234,-3.773
 0.225,-3.742
 0.234,-3.736
 0.217,-3.715
 0.200,-3.711
 0.200,-3.712
 0.200,-3.675
 0.174,-3.655
 0.182,-3.628
 0.174,-3.589
 0.166,-3.586
 0.149,-3.545
 0.149,-3.533
 0.140,-3.506
 0.123,-3.469
 0.115,-3.450
 0.106,-3.419
 0.089,-3.406
 0.097,-3.367
 0.080,-3.346
 0.088,-3.327
 0.080,-3.300
 0.063,-3.317
 0.080,-3.317
 0.062,-3.313
 0.071,-3.290
 0.062,-3.260
 0.062,-3.254
 0.063,-3.250
 0.054,-3.207
 0.071,-3.164
 0.062,-3.118
 0.070,-3.085
 0.062,-3.025
 0.062,-2.972
 0.079,-2.926
 0.087,-2.894
 0.087,-2.877
 0.113,-2.865
 0.122,-2.841
 0.122,-2.814
 0.139,-2.762
 0.165,-2.761
 0.156,-2.755
 0.173,-2.732
 0.173,-2.732
 0.182,-2.736
 0.182,-2.756
 0.182,-2.756
 0.190,-2.746
 0.199,-2.745
 0.199,-2.753
 0.190,-2.796
 0.182,-2.802
 0.191,-2.848
 0.191,-2.868
 0.190,-2.891
 0.190,-2.931
 0.199,-2.957
 0.182,-2.987
 0.182,-3.013
 0.165,-3.023
 0.166,-3.059
 0.157,-3.082
 0.140,-3.092
 0.140,-3.079
 0.140,-3.072
 0.123,-3.062
 0.140,-3.059
 0.123,-3.076
 0.123,-3.096
 0.132,-3.066
 0.115,-3.075
 0.106,-3.065
 0.106,-3.079
 0.106,-3.079
 0.106,-3.072
 0.089,-3.095
 0.080,-3.118
 0.063,-3.102
 0.046,-3.091
 0.046,-3.085
 0.029,-3.088
 0.021,-3.075
 0.004,-3.091
 0.012,-3.084
 0.029,-3.062
 0.037,-3.039
 0.054,-3.022
 0.053,-2.979
 0.045,-2.929
 0.045,-2.909
 0.036,-2.892
 0.036,-2.886
 0.053,-2.883
 0.061,-2.890
 0.070,-2.907
 0.078,-2.933
 0.104,-2.957
 0.112,-2.986
 0.130,-3.039
 0.164,-3.069
 0.173,-3.119
 0.190,-3.149
 0.206,-3.195
 0.215,-3.239
 0.215,-3.248
 0.241,-3.262
 0.250,-3.265
 0.267,-3.249
 0.275,-3.243
 0.266,-3.232
 0.258,-3.246
 0.241,-3.229
 0.242,-3.226
 0.250,-3.219
 0.250,-3.199
 0.250,-3.153
 0.241,-3.156
 0.232,-3.149
 0.233,-3.123
 0.207,-3.109
 0.199,-3.109
 0.199,-3.096
 0.190,-3.086
 0.190,-3.086
 0.164,-3.083
 0.181,-3.086
 0.164,-3.083
 0.164,-3.083
 0.156,-3.063
 0.147,-3.053
 0.148,-3.043
 0.147,-3.006
 0.139,-3.013
 0.148,-3.023
 0.156,-3.023
 0.164,-3.036
 0.173,-3.043
 0.181,-3.053
 0.190,-3.066
 0.198,-3.086
 0.215,-3.076
 0.224,-3.083
 0.241,-3.080
 0.250,-3.073
 0.266,-3.077
 0.266,-3.084
 0.283,-3.067
 0.292,-3.058
 0.301,-3.027
 0.326,-3.031
 0.327,-3.024
 0.326,-3.018
 0.326,-3.018
 0.318,-3.028
 0.300,-3.004
 0.300,-2.991
 0.309,-2.962
 0.309,-2.945
 0.317,-2.939
 0.309,-2.926
 0.301,-2.925
 0.317,-2.889
 0.309,-2.896
 0.310,-2.902
 0.326,-2.866
 0.310,-2.855
 0.326,-2.866
 0.317,-2.856
 0.317,-2.856
 0.317,-2.850
 0.309,-2.866
 0.309,-2.882
 0.301,-2.859
 0.301,-2.878
 0.309,-2.895
 0.301,-2.938
 0.292,-2.942
 0.292,-2.988
 0.283,-2.984
 0.292,-2.994
 0.284,-3.011
 0.284,-2.997
 0.284,-2.981
 0.284,-2.981
 0.284,-2.988
 0.276,-3.001
 0.275,-2.994
 0.284,-2.998
 0.301,-2.988
 0.301,-2.965
 0.293,-2.981
 0.302,-2.971
 0.293,-2.981
 0.293,-3.001
 0.293,-3.028
 0.302,-3.041
 0.319,-3.054
 0.319,-3.071
 0.302,-3.091
 0.310,-3.111
 0.311,-3.130
 0.310,-3.160
 0.310,-3.193
 0.319,-3.207
 0.310,-3.226
 0.311,-3.246
 0.319,-3.286
 0.319,-3.286
 0.328,-3.309
 0.327,-3.302
 0.319,-3.303
 0.345,-3.296
 0.337,-3.306
 0.329,-3.320
 0.337,-3.306
 0.346,-3.316
 0.337,-3.339
 0.337,-3.352
 0.337,-3.369
 0.345,-3.368
 0.328,-3.405
 0.328,-3.405
 0.320,-3.402
 0.312,-3.402
 0.295,-3.412
 0.278,-3.448
 0.286,-3.468
 0.278,-3.474
 0.278,-3.474
 0.269,-3.464
 0.270,-3.455
 0.261,-3.444
 0.235,-3.434
 0.236,-3.438
 0.235,-3.414
 0.235,-3.421
 0.236,-3.418
 0.236,-3.431
 0.227,-3.428
 0.218,-3.440
 0.218,-3.460
 0.210,-3.470
 0.202,-3.484
 0.193,-3.481
 0.193,-3.468
 0.185,-3.465
 0.176,-3.464
 0.159,-3.460
 0.151,-3.453
 0.142,-3.436
 0.134,-3.430
 0.117,-3.426
 0.108,-3.436
 0.083,-3.420
 0.074,-3.410
 0.066,-3.390
 0.066,-3.383
 0.048,-3.370
 0.023,-3.376
 0.006,-3.386
-0.011,-3.376
-0.028,-3.372
-0.027,-3.356
-0.045,-3.346
-0.053,-3.316
-0.070,-3.286
-0.079,-3.276
-0.079,-3.259
-0.070,-3.266
-0.062,-3.269
-0.062,-3.289
-0.053,-3.289
-0.036,-3.313
-0.028,-3.330
-0.019,-3.336
-0.011,-3.357
-0.020,-3.360
-0.011,-3.366
-0.003,-3.356
-0.003,-3.346
-0.003,-3.350
 0.006,-3.366
-0.011,-3.369
-0.020,-3.353
-0.020,-3.349
-0.028,-3.333
-0.037,-3.336
-0.045,-3.342
-0.045,-3.342
-0.053,-3.345
-0.054,-3.365
-0.045,-3.355
-0.045,-3.372
-0.062,-3.408
-0.053,-3.412
-0.062,-3.429
-0.054,-3.415
-0.062,-3.409
-0.054,-3.435
-0.045,-3.434
-0.037,-3.445
-0.028,-3.444
-0.020,-3.445
-0.011,-3.429
 0.005,-3.392
-0.012,-3.403
 0.005,-3.379
 0.014,-3.403
 0.031,-3.386
 0.031,-3.379
 0.031,-3.370
 0.048,-3.346
 0.057,-3.340
 0.074,-3.344
 0.065,-3.346
 0.082,-3.337
 0.082,-3.337
 0.074,-3.343
 0.074,-3.344
 0.082,-3.330
 0.074,-3.344
 0.091,-3.340
 0.082,-3.350
 0.091,-3.347
 0.099,-3.347
 0.099,-3.354
 0.099,-3.334
 0.082,-3.337
 0.082,-3.304
 0.082,-3.297
 0.091,-3.294
 0.074,-3.267
 0.065,-3.264
 0.082,-3.254
 0.074,-3.227
 0.065,-3.211
 0.057,-3.204
 0.048,-3.194
 0.040,-3.181
 0.023,-3.177
 0.023,-3.178
 0.006,-3.187
 0.006,-3.174
 0.014,-3.171
 0.022,-3.111
 0.014,-3.111
 0.031,-3.088
 0.039,-3.095
 0.056,-3.078
 0.065,-3.098
 0.073,-3.095
 0.090,-3.095
 0.098,-3.122
 0.115,-3.139
 0.115,-3.152
 0.124,-3.152
 0.132,-3.119
 0.132,-3.122
 0.132,-3.136
 0.141,-3.119
 0.149,-3.119
 0.141,-3.106
 0.132,-3.099
 0.124,-3.066
 0.116,-3.052
 0.133,-3.029
 0.133,-2.976
 0.142,-2.937
 0.150,-2.894
 0.142,-2.848
 0.142,-2.818
 0.150,-2.752
 0.150,-2.722
 0.159,-2.699
 0.167,-2.670
 0.159,-2.653
 0.150,-2.626
 0.167,-2.629
 0.150,-2.646
 0.150,-2.640
 0.150,-2.646
 0.159,-2.680
 0.141,-2.716
 0.150,-2.725
 0.141,-2.749
 0.141,-2.771
 0.116,-2.775
 0.116,-2.794
 0.107,-2.831
 0.107,-2.861
 0.107,-2.884
 0.107,-2.891
 0.116,-2.884
 0.107,-2.900
 0.099,-2.887
 0.107,-2.900
 0.099,-2.893
 0.107,-2.890
 0.107,-2.890
 0.099,-2.893
 0.099,-2.893
 0.090,-2.894
 0.090,-2.894
 0.082,-2.870
 0.073,-2.861
 0.056,-2.867
 0.065,-2.857
 0.056,-2.867
 0.056,-2.883
 0.048,-2.903
 0.056,-2.936
 0.056,-2.930
 0.056,-2.949
 0.065,-2.973
 0.065,-2.986
 0.056,-2.999
 0.056,-3.012
 0.073,-3.032
 0.065,-3.022
 0.073,-3.042
 0.073,-3.062
 0.090,-3.072
 0.081,-3.095
 0.090,-3.092
 0.124,-3.079
 0.124,-3.086
 0.141,-3.085
 0.158,-3.073
 0.175,-3.073
 0.184,-3.089
 0.192,-3.100
 0.218,-3.100
 0.226,-3.107
 0.234,-3.100
 0.243,-3.077
 0.243,-3.084
 0.252,-3.074
 0.244,-3.087
 0.252,-3.074
 0.252,-3.087
 0.244,-3.100
 0.235,-3.103
 0.235,-3.107
 0.218,-3.107
 0.218,-3.120
 0.219,-3.143
 0.209,-3.130
 0.210,-3.166
 0.201,-3.189
 0.201,-3.215
 0.193,-3.212
 0.201,-3.202
 0.193,-3.225
 0.184,-3.215
 0.176,-3.242
 0.168,-3.255
 0.167,-3.271
 0.159,-3.272
 0.168,-3.265
 0.151,-3.258
 0.159,-3.285
 0.142,-3.288
 0.133,-3.311
 0.124,-3.347
 0.124,-3.373
 0.107,-3.400
 0.099,-3.380
 0.091,-3.404
 0.108,-3.408
 0.099,-3.417
 0.108,-3.457
 0.116,-3.490
 0.099,-3.519
 0.090,-3.555
 0.099,-3.574
 0.073,-3.621
 0.064,-3.644
 0.047,-3.668
 0.047,-3.701
 0.056,-3.737
 0.039,-3.773
 0.039,-3.766
 0.022,-3.815
 0.013,-3.825
 0.005,-3.835
 0.013,-3.866
 0.013,-3.899
 0.013,-3.908
 0.005,-3.914
-0.020,-3.916
-0.020,-3.949
-0.037,-3.953
-0.045,-3.980
-0.054,-4.007
-0.079,-3.996
-0.096,-3.988
-0.105,-3.944
-0.114,-3.925
-0.113,-3.938
-0.113,-3.963
-0.113,-3.984
-0.105,-4.002
-0.105,-4.011
-0.105,-3.998
-0.097,-3.971
-0.072,-3.969
-0.079,-3.980
-0.079,-4.000
-0.071,-4.007
-0.071,-4.019
-0.037,-4.028
-0.012,-4.046
-0.004,-4.053
 0.030,-4.041
 0.047,-4.024
 0.056,-4.010
 0.073,-3.993
 0.090,-3.998
 0.090,-3.994
 0.082,-3.979
 0.081,-3.983
 0.090,-3.965
 0.099,-3.963
 0.116,-3.930
 0.116,-3.910
 0.133,-3.868
 0.133,-3.860
 0.150,-3.864
 0.150,-3.877
 0.150,-3.909
 0.150,-3.930
 0.150,-3.910
 0.158,-3.911
 0.158,-3.911
 0.175,-3.908
 0.167,-3.918
 0.167,-3.910
 0.184,-3.914
 0.175,-3.903
 0.175,-3.883
 0.183,-3.848
 0.183,-3.827
 0.183,-3.827
 0.191,-3.800
 0.183,-3.794
 0.192,-3.775
 0.183,-3.735
 0.192,-3.720
 0.192,-3.687
 0.166,-3.656
 0.158,-3.663
 0.158,-3.647
 0.166,-3.662
 0.158,-3.668
 0.141,-3.671
 0.149,-3.685
 0.149,-3.698
 0.158,-3.733
 0.158,-3.745
 0.157,-3.741
 0.166,-3.739
 0.157,-3.741
 0.157,-3.729
 0.166,-3.731
 0.149,-3.727
 0.166,-3.719
 0.166,-3.682
 0.166,-3.685
 0.183,-3.652
 0.183,-3.632
 0.191,-3.626
 0.200,-3.595
 0.192,-3.609
 0.200,-3.595
 0.208,-3.572
 0.209,-3.547
 0.217,-3.537
 0.209,-3.521
 0.217,-3.511
 0.234,-3.474
 0.243,-3.484
 0.225,-3.487
 0.217,-3.480
 0.217,-3.480
 0.225,-3.474
 0.217,-3.454
 0.234,-3.438
 0.234,-3.425
 0.226,-3.414
 0.225,-3.394
 0.225,-3.381
 0.234,-3.364
 0.243,-3.348
 0.243,-3.328
 0.234,-3.305
 0.243,-3.302
 0.225,-3.292
 0.225,-3.265
 0.225,-3.245
 0.234,-3.236
 0.226,-3.229
 0.250,-3.199
 0.243,-3.199
 0.251,-3.189
 0.251,-3.183
 0.242,-3.179
 0.251,-3.170
 0.251,-3.176
 0.251,-3.163
 0.243,-3.170
 0.243,-3.156
 0.243,-3.150
 0.234,-3.159
 0.234,-3.153
 0.242,-3.156
 0.234,-3.153
 0.225,-3.140
 0.217,-3.126
 0.209,-3.136
 0.209,-3.136
 0.192,-3.119
 0.183,-3.119
 0.175,-3.116
 0.149,-3.119
 0.141,-3.129
 0.115,-3.139
 0.090,-3.142
 0.073,-3.165
 0.073,-3.165
 0.039,-3.178
 0.047,-3.191
 0.031,-3.201
 0.031,-3.221
 0.014,-3.204
 0.014,-3.217
 0.005,-3.224
 0.005,-3.220
-0.004,-3.237
-0.004,-3.237
-0.021,-3.227
-0.021,-3.217
-0.029,-3.200
-0.021,-3.223
-0.021,-3.233
-0.020,-3.243
-0.012,-3.256
-0.012,-3.253
-0.020,-3.256
-0.003,-3.240
 0.005,-3.267
-0.012,-3.283
-0.003,-3.266
-0.004,-3.290
 0.005,-3.293
 0.005,-3.293
 0.014,-3.303
 0.022,-3.290
 0.022,-3.297
 0.039,-3.260
 0.031,-3.254
 0.031,-3.240
 0.031,-3.214
 0.039,-3.227
 0.056,-3.207
 0.065,-3.201
 0.081,-3.198
 0.090,-3.171
 0.098,-3.175
 0.124,-3.165
 0.141,-3.155
 0.167,-3.136
 0.175,-3.136
 0.192,-3.139
 0.209,-3.129
 0.217,-3.153
 0.234,-3.136
 0.242,-3.123
 0.243,-3.100
 0.268,-3.090
 0.277,-3.067
 0.294,-3.051
 0.311,-3.048
 0.302,-3.041
 0.319,-3.024
 0.336,-3.008
 0.353,-2.992
 0.353,-2.972
 0.362,-2.952
 0.370,-2.942
 0.370,-2.926
 0.371,-2.912
 0.370,-2.906
 0.379,-2.886
 0.387,-2.890
 0.379,-2.900
 0.387,-2.923
 0.378,-2.926
 0.387,-2.946
 0.387,-2.946
 0.388,-2.965
 0.388,-2.985
 0.396,-3.005
 0.379,-3.022
 0.379,-3.035
 0.362,-3.032
 0.370,-3.025
 0.361,-3.025
 0.353,-3.025
 0.345,-3.015
 0.345,-3.035
 0.320,-3.047
 0.327,-3.061
 0.336,-3.044
 0.336,-3.041
 0.327,-3.048
 0.336,-3.058
 0.327,-3.061
 0.336,-3.058
 0.345,-3.048
 0.336,-3.044
 0.345,-3.035
 0.344,-3.018
 0.353,-3.028
 0.353,-3.021
 0.353,-3.038
 0.353,-3.025
 0.344,-3.041
 0.354,-3.058
 0.336,-3.058
 0.336,-3.077
 0.329,-3.091
 0.319,-3.094
 0.329,-3.124
 0.320,-3.111
 0.311,-3.134
 0.294,-3.150
 0.302,-3.170
 0.294,-3.183
 0.294,-3.180
 0.269,-3.190
 0.269,-3.209
 0.260,-3.213
 0.260,-3.216
 0.252,-3.239
 0.260,-3.266
 0.243,-3.285
 0.234,-3.301
 0.234,-3.308
 0.251,-3.318
 0.243,-3.345
 0.260,-3.361
 0.260,-3.374
 0.294,-3.398
 0.294,-3.411
 0.294,-3.445
 0.319,-3.455
 0.336,-3.451
 0.353,-3.455
 0.370,-3.445
 0.379,-3.442
 0.405,-3.456
 0.421,-3.469
 0.423,-3.480
 0.439,-3.456
 0.439,-3.476
 0.423,-3.476
 0.422,-3.485
 0.405,-3.489
 0.405,-3.511
 0.380,-3.512
 0.380,-3.512
 0.363,-3.525
 0.355,-3.542
 0.337,-3.551
 0.329,-3.581
 0.329,-3.581
 0.320,-3.617
 0.295,-3.631
 0.312,-3.627
 0.303,-3.637
 0.303,-3.637
 0.303,-3.617
 0.320,-3.621
 0.311,-3.656
 0.303,-3.683
 0.286,-3.699
 0.294,-3.719
 0.286,-3.733
 0.286,-3.729
 0.269,-3.720
 0.260,-3.739
 0.243,-3.735
 0.252,-3.749
 0.235,-3.761
 0.236,-3.789
 0.219,-3.760
 0.219,-3.744
 0.211,-3.724
 0.193,-3.700
 0.168,-3.715
 0.168,-3.707
 0.142,-3.710
 0.134,-3.732
 0.134,-3.715
 0.092,-3.695
 0.083,-3.680
 0.057,-3.682
 0.049,-3.709
 0.032,-3.713
 0.032,-3.747
-0.010,-3.773
-0.036,-3.792
-0.078,-3.826
-0.078,-3.839
-0.087,-3.857
-0.096,-3.867
-0.088,-3.882
-0.105,-3.919
-0.121,-3.911
-0.138,-3.907
-0.146,-3.913
-0.137,-3.899
-0.129,-3.876
-0.112,-3.860
-0.129,-3.851
-0.130,-3.838
-0.138,-3.819
-0.156,-3.831
-0.155,-3.802
-0.155,-3.769
-0.138,-3.736
-0.138,-3.708
-0.138,-3.696
-0.129,-3.632
-0.112,-3.607
-0.104,-3.571
-0.095,-3.515
-0.104,-3.495
-0.070,-3.488
-0.061,-3.515
-0.061,-3.515
-0.027,-3.545
-0.027,-3.578
-0.019,-3.606
-0.010,-3.650
-0.011,-3.653
-0.002,-3.656
 0.015,-3.681
 0.015,-3.693
 0.015,-3.718
 0.015,-3.705
 0.015,-3.697
 0.015,-3.705
 0.032,-3.706
 0.041,-3.716
 0.058,-3.720
 0.066,-3.694
 0.074,-3.703
 0.091,-3.666
 0.091,-3.673
 0.117,-3.680
 0.134,-3.682
 0.168,-3.682
 0.193,-3.685
 0.210,-3.672
 0.235,-3.683
 0.252,-3.666
 0.270,-3.678
 0.277,-3.677
 0.278,-3.680
 0.295,-3.677
 0.294,-3.669
 0.303,-3.670
 0.303,-3.650
 0.312,-3.647
 0.295,-3.631
 0.294,-3.623
 0.286,-3.637
 0.269,-3.613
 0.252,-3.617
 0.244,-3.610
 0.227,-3.590
 0.235,-3.587
 0.235,-3.583
 0.219,-3.600
 0.201,-3.596
 0.193,-3.606
 0.184,-3.636
 0.184,-3.636
 0.176,-3.621
 0.193,-3.637
 0.192,-3.613
 0.210,-3.613
 0.192,-3.606
 0.167,-3.616
 0.158,-3.622
 0.141,-3.605
 0.124,-3.609
 0.099,-3.598
 0.108,-3.596
 0.100,-3.589
 0.108,-3.592
 0.108,-3.600
 0.091,-3.592
 0.074,-3.629
 0.065,-3.618
 0.057,-3.625
 0.049,-3.626
 0.049,-3.631
 0.040,-3.645
 0.032,-3.668
 0.015,-3.664
-0.003,-3.651
-0.011,-3.624
-0.020,-3.605
-0.020,-3.597
-0.011,-3.600
-0.019,-3.601
-0.028,-3.604
-0.028,-3.598
-0.045,-3.556
-0.054,-3.542
-0.062,-3.535
-0.062,-3.521
-0.070,-3.531
-0.078,-3.550
-0.087,-3.556
-0.113,-3.590
-0.104,-3.597
-0.121,-3.620
-0.130,-3.643
-0.147,-3.640
-0.147,-3.647
-0.155,-3.646
-0.147,-3.680
-0.147,-3.673
-0.138,-3.679
-0.138,-3.700
-0.138,-3.725
-0.138,-3.745
-0.130,-3.739
-0.121,-3.749
-0.113,-3.763
-0.096,-3.789
-0.071,-3.799
-0.054,-3.829
-0.045,-3.844
-0.036,-3.846
-0.011,-3.835
-0.003,-3.854
 0.023,-3.864
 0.048,-3.875
 0.057,-3.885
 0.082,-3.867
 0.091,-3.878
 0.091,-3.874
 0.116,-3.872
 0.133,-3.910
 0.150,-3.906
 0.159,-3.907
 0.176,-3.895
 0.201,-3.885
 0.202,-3.872
 0.218,-3.848
 0.227,-3.859
 0.244,-3.875
 0.252,-3.894
 0.261,-3.892
 0.269,-3.878
 0.287,-3.886
 0.295,-3.880
 0.312,-3.863
 0.321,-3.874
 0.320,-3.882
 0.321,-3.915
 0.312,-3.938
 0.320,-3.969
 0.321,-4.027
 0.329,-4.037
 0.330,-4.029
 0.338,-4.010
 0.321,-4.014
 0.304,-4.031
 0.304,-4.047
 0.296,-4.074
 0.286,-4.076
 0.286,-4.105
 0.287,-4.130
 0.286,-4.126
 0.279,-4.161
 0.278,-4.157
 0.269,-4.167
 0.270,-4.172
 0.261,-4.173
 0.244,-4.211
 0.252,-4.229
 0.252,-4.209
 0.244,-4.207
 0.235,-4.204
 0.235,-4.200
 0.219,-4.179
 0.210,-4.190
 0.210,-4.190
 0.210,-4.181
 0.210,-4.173
 0.202,-4.150
 0.201,-4.154
 0.193,-4.169
 0.176,-4.131
 0.194,-4.128
 0.160,-4.127
 0.151,-4.121
 0.143,-4.119
 0.126,-4.127
 0.091,-4.114
 0.066,-4.116
 0.058,-4.101
 0.049,-4.091
 0.041,-4.076
 0.032,-4.078
 0.032,-4.078
-0.002,-4.099
 0.007,-4.092
 0.007,-4.104
 0.015,-4.119
 0.015,-4.136
 0.014,-4.165
 0.031,-4.198
 0.040,-4.212
 0.048,-4.248
 0.048,-4.231
 0.048,-4.215
 0.065,-4.220
 0.057,-4.217
 0.074,-4.255
 0.091,-4.250
 0.082,-4.252
 0.091,-4.217
 0.107,-4.184
 0.125,-4.181
 0.125,-4.160
 0.134,-4.154
 0.168,-4.154
 0.168,-4.146
 0.168,-4.133
 0.176,-4.106
 0.167,-4.096
 0.176,-4.057
 0.176,-4.036
 0.202,-4.051
 0.219,-4.047
 0.202,-4.063
 0.210,-4.057
 0.184,-4.075
 0.185,-4.096
 0.193,-4.102
 0.184,-4.113
 0.185,-4.121
 0.176,-4.123
 0.176,-4.144
 0.176,-4.156
 0.167,-4.179
 0.159,-4.189
 0.141,-4.197
 0.142,-4.206
 0.124,-4.201
 0.133,-4.191
 0.116,-4.170
 0.116,-4.162
 0.091,-4.160
 0.074,-4.143
 0.048,-4.132
 0.040,-4.159
 0.023,-4.167
-0.002,-4.165
-0.019,-4.148
-0.028,-4.138
-0.045,-4.142
-0.045,-4.133
-0.053,-4.160
-0.061,-4.166
-0.062,-4.183
-0.045,-4.187
-0.053,-4.193
-0.071,-4.202
-0.054,-4.181
-0.071,-4.181
-0.062,-4.187
-0.045,-4.195
-0.037,-4.210
-0.045,-4.216
-0.045,-4.216
-0.020,-4.214
-0.028,-4.200
-0.020,-4.202
-0.020,-4.160
-0.003,-4.144
 0.006,-4.142
 0.031,-4.107
 0.040,-4.093
 0.048,-4.086
 0.040,-4.076
 0.048,-4.037
 0.048,-4.016
 0.057,-4.010
 0.066,-3.996
 0.057,-3.985
 0.083,-3.979
 0.091,-3.965
 0.099,-3.967
 0.117,-3.967
 0.116,-3.984
 0.133,-3.955
 0.133,-3.946
 0.150,-3.938
 0.167,-3.934
 0.176,-3.924
 0.193,-3.908
 0.210,-3.904
 0.202,-3.885
 0.210,-3.892
 0.210,-3.858
 0.210,-3.833
 0.226,-3.809
 0.218,-3.815
 0.210,-3.801
 0.201,-3.798
 0.193,-3.779
 0.184,-3.752
 0.185,-3.734
 0.185,-3.714
 0.167,-3.710
 0.151,-3.723
 0.150,-3.728
 0.133,-3.715
 0.125,-3.688
 0.082,-3.702
 0.091,-3.695
 0.057,-3.708
 0.031,-3.718
 0.015,-3.734
 0.015,-3.734
 0.006,-3.731
-0.011,-3.707
-0.011,-3.715
 0.006,-3.724
 0.006,-3.724
-0.003,-3.734
-0.019,-3.726
-0.020,-3.734
-0.019,-3.726
-0.003,-3.747
 0.006,-3.757
 0.006,-3.757
 0.023,-3.778
 0.023,-3.790
 0.032,-3.805
 0.032,-3.825
 0.049,-3.834
 0.057,-3.836
 0.074,-3.848
 0.083,-3.871
 0.082,-3.875
 0.108,-3.874
 0.108,-3.894
 0.099,-3.897
 0.091,-3.907
 0.091,-3.890
 0.091,-3.903
 0.091,-3.907
 0.100,-3.901
 0.091,-3.898
 0.083,-3.892
 0.066,-3.888
 0.075,-3.911
 0.074,-3.903
 0.075,-3.936
 0.075,-3.923
 0.066,-3.925
 0.074,-3.927
 0.074,-3.906
 0.074,-3.907
 0.083,-3.917
 0.083,-3.909
 0.091,-3.919
 0.083,-3.909
 0.082,-3.913
 0.082,-3.921
 0.091,-3.923
 0.091,-3.919
 0.100,-3.925
 0.100,-3.958
 0.108,-3.982
 0.108,-3.990
 0.117,-4.000
 0.100,-4.008
 0.108,-4.035
 0.100,-4.062
 0.083,-4.058
 0.100,-4.087
 0.091,-4.110
 0.091,-4.126
 0.091,-4.143
 0.083,-4.141
 0.091,-4.176
 0.083,-4.174
 0.083,-4.195
 0.074,-4.192
 0.074,-4.205
 0.074,-4.226
 0.083,-4.228
 0.074,-4.251
 0.092,-4.267
 0.100,-4.273
 0.125,-4.272
 0.133,-4.269
 0.134,-4.278
 0.151,-4.303
 0.142,-4.317
 0.168,-4.341
 0.168,-4.353
 0.176,-4.360
 0.176,-4.397
 0.193,-4.422
 0.176,-4.443
 0.193,-4.450
 0.185,-4.490
 0.202,-4.515
 0.202,-4.539
 0.211,-4.572
 0.228,-4.600
 0.228,-4.634
 0.237,-4.649
 0.228,-4.666
 0.237,-4.699
 0.237,-4.722
 0.237,-4.744
 0.237,-4.777
 0.229,-4.795
 0.239,-4.820
 0.221,-4.827
 0.213,-4.838
 0.205,-4.831
 0.179,-4.815
 0.170,-4.821
 0.161,-4.822
 0.136,-4.809
 0.110,-4.791
 0.077,-4.765
 0.051,-4.756
 0.008,-4.707
-0.026,-4.674
-0.052,-4.634
-0.085,-4.608
-0.120,-4.574
-0.145,-4.542
-0.170,-4.520
-0.205,-4.474
-0.230,-4.418
-0.248,-4.360
-0.247,-4.306
-0.273,-4.262
-0.281,-4.223
-0.298,-4.185
-0.290,-4.179
-0.298,-4.164
-0.298,-4.131
-0.299,-4.123
-0.298,-4.085
-0.282,-4.111
-0.298,-4.152
-0.289,-4.175
-0.289,-4.208
-0.272,-4.237
-0.255,-4.258
-0.255,-4.258
-0.256,-4.254
-0.247,-4.261
-0.247,-4.273
-0.231,-4.282
-0.238,-4.279
-0.246,-4.285
-0.247,-4.289
-0.246,-4.264
-0.230,-4.256
-0.213,-4.219
-0.213,-4.219
-0.221,-4.213
-0.221,-4.204
-0.213,-4.219
-0.187,-4.192
-0.179,-4.207
-0.153,-4.201
-0.145,-4.186
-0.111,-4.196
-0.102,-4.210
-0.093,-4.237
-0.068,-4.227
-0.043,-4.216
-0.018,-4.215
-0.001,-4.198
 0.017,-4.199
 0.017,-4.199
 0.042,-4.184
 0.050,-4.174
 0.059,-4.151
 0.067,-4.133
 0.076,-4.093
 0.093,-4.064
 0.110,-4.040
 0.118,-4.004
 0.135,-4.021
 0.143,-3.994
 0.161,-3.986
 0.169,-3.968
 0.194,-3.937
 0.211,-3.925
 0.220,-3.918
 0.220,-3.898
 0.220,-3.902
 0.211,-3.888
 0.220,-3.869
 0.203,-3.836
 0.194,-3.821
 0.177,-3.833
 0.186,-3.835
 0.186,-3.848
 0.194,-3.842
 0.203,-3.831
 0.203,-3.806
 0.211,-3.779
 0.228,-3.763
 0.245,-3.767
 0.245,-3.739
 0.253,-3.732
 0.262,-3.722
 0.270,-3.723
 0.279,-3.713
 0.262,-3.684
 0.279,-3.675
 0.287,-3.661
 0.287,-3.661
 0.296,-3.651
 0.287,-3.650
 0.287,-3.654
 0.295,-3.623
 0.295,-3.644
 0.313,-3.647
 0.321,-3.621
 0.321,-3.595
 0.338,-3.575
 0.330,-3.585
 0.347,-3.569
 0.354,-3.568
 0.381,-3.565
 0.389,-3.551
 0.406,-3.522
 0.423,-3.506
 0.431,-3.479
 0.440,-3.477
 0.431,-3.463
 0.415,-3.466
 0.415,-3.450
 0.414,-3.442
 0.423,-3.436
 0.406,-3.436
 0.389,-3.439
 0.373,-3.430
 0.348,-3.406
 0.340,-3.386
 0.339,-3.379
 0.322,-3.376
 0.314,-3.369
 0.296,-3.379
 0.305,-3.372
 0.296,-3.358
 0.287,-3.356
 0.279,-3.349
 0.271,-3.326
 0.254,-3.332
 0.228,-3.315
 0.203,-3.345
 0.185,-3.341
 0.160,-3.344
 0.143,-3.335
 0.151,-3.321
 0.134,-3.324
 0.143,-3.318
 0.151,-3.304
 0.134,-3.278
 0.134,-3.271
 0.134,-3.258
 0.159,-3.248
 0.159,-3.254
 0.151,-3.255
 0.151,-3.222
 0.160,-3.218
 0.143,-3.205
 0.134,-3.198
 0.143,-3.208
 0.143,-3.205
 0.160,-3.205
 0.168,-3.209
 0.168,-3.202
 0.185,-3.206
 0.210,-3.209
 0.219,-3.209
 0.219,-3.196
 0.236,-3.193
 0.236,-3.179
 0.244,-3.166
 0.244,-3.153
 0.244,-3.153
 0.244,-3.150
 0.253,-3.130
 0.278,-3.133
 0.270,-3.127
 0.278,-3.120
 0.287,-3.110
 0.279,-3.104
 0.295,-3.114
 0.312,-3.134
 0.321,-3.157
 0.329,-3.177
 0.347,-3.187
 0.355,-3.194
 0.347,-3.207
 0.330,-3.227
 0.346,-3.237
 0.347,-3.257
 0.355,-3.273
 0.363,-3.300
 0.355,-3.323
 0.371,-3.320
 0.372,-3.343
 0.380,-3.346
 0.389,-3.356
 0.389,-3.377
 0.397,-3.396
 0.415,-3.420
 0.406,-3.410
 0.414,-3.436
 0.406,-3.459
 0.397,-3.479
 0.397,-3.499
 0.388,-3.518
 0.380,-3.578
 0.380,-3.602
 0.363,-3.611
 0.363,-3.652
 0.354,-3.654
 0.346,-3.664
 0.328,-3.660
 0.329,-3.644
 0.320,-3.674
 0.320,-3.679
 0.329,-3.697
 0.321,-3.695
 0.338,-3.691
 0.347,-3.701
 0.354,-3.687
 0.346,-3.714
 0.355,-3.753
 0.354,-3.779
 0.346,-3.826
 0.346,-3.839
 0.338,-3.886
 0.347,-3.884
 0.346,-3.880
 0.338,-3.881
 0.338,-3.873
 0.338,-3.894
 0.329,-3.929
 0.320,-3.940
 0.303,-3.961
 0.295,-3.933
 0.278,-3.925
 0.261,-3.929
 0.244,-3.929
 0.211,-3.949
 0.193,-3.957
 0.159,-3.969
 0.168,-3.980
 0.159,-3.965
 0.151,-4.000
 0.168,-3.988
 0.151,-3.979
 0.159,-3.990
 0.100,-3.991
 0.100,-4.012
 0.083,-4.012
 0.091,-4.018
 0.074,-4.035
 0.074,-4.035
 0.083,-4.021
 0.074,-4.010
 0.083,-4.020
 0.099,-4.021
 0.099,-4.012
 0.091,-4.047
 0.083,-4.045
 0.083,-4.066
 0.091,-4.072
 0.083,-4.078
 0.100,-4.071
 0.100,-4.050
 0.108,-4.043
 0.117,-4.033
 0.117,-4.012
 0.134,-4.004
 0.134,-3.988
 0.134,-3.996
 0.159,-3.990
 0.159,-3.990
 0.177,-3.982
 0.168,-3.959
 0.185,-3.947
 0.185,-3.930
 0.185,-3.918
 0.185,-3.918
 0.176,-3.933
 0.176,-3.920
 0.176,-3.908
 0.168,-3.881
 0.160,-3.882
 0.159,-3.862
 0.159,-3.866
 0.159,-3.865
 0.151,-3.851
 0.143,-3.849
 0.151,-3.827
 0.134,-3.818
 0.117,-3.801
 0.125,-3.774
 0.109,-3.782
 0.100,-3.751
 0.083,-3.755
 0.066,-3.755
 0.049,-3.734
 0.049,-3.734
 0.049,-3.710
 0.040,-3.695
 0.032,-3.688
 0.015,-3.671
 0.006,-3.672
 0.014,-3.625
-0.003,-3.642
-0.003,-3.621
-0.020,-3.597
-0.010,-3.591
-0.010,-3.571
-0.002,-3.551
-0.011,-3.532
-0.020,-3.501
-0.020,-3.509
-0.019,-3.485
-0.019,-3.472
-0.028,-3.449
-0.036,-3.435
-0.028,-3.432
-0.028,-3.392
-0.011,-3.363
-0.002,-3.340
 0.006,-3.330
 0.023,-3.304
 0.049,-3.270
 0.074,-3.247
 0.108,-3.248
 0.116,-3.231
 0.150,-3.222
 0.167,-3.205
 0.202,-3.196
 0.218,-3.163
 0.244,-3.140
 0.279,-3.110
 0.304,-3.078
 0.313,-3.071
 0.330,-3.055
 0.338,-3.038
 0.331,-3.038
 0.330,-3.035
 0.339,-3.065
 0.330,-3.088
 0.338,-3.108
 0.330,-3.137
 0.313,-3.150
 0.304,-3.177
 0.296,-3.187
 0.287,-3.190
 0.287,-3.210
 0.287,-3.223
 0.270,-3.226
 0.270,-3.263
 0.253,-3.272
 0.236,-3.276
 0.235,-3.285
 0.227,-3.299
 0.227,-3.299
 0.218,-3.302
 0.219,-3.328
 0.218,-3.322
 0.202,-3.325
 0.210,-3.338
 0.201,-3.328
 0.202,-3.348
 0.201,-3.341
 0.210,-3.368
 0.210,-3.365
 0.210,-3.378
 0.218,-3.392
 0.227,-3.394
 0.235,-3.421
 0.236,-3.441
 0.244,-3.448
 0.270,-3.478
 0.252,-3.475
 0.261,-3.501
 0.261,-3.514
 0.269,-3.537
 0.278,-3.548
 0.278,-3.544
 0.295,-3.548
 0.270,-3.558
 0.295,-3.544
 0.287,-3.541
 0.278,-3.527
 0.295,-3.531
 0.295,-3.511
 0.303,-3.518
 0.295,-3.518
 0.303,-3.505
 0.287,-3.499
 0.296,-3.492
 0.296,-3.489
 0.296,-3.505
 0.287,-3.504
 0.270,-3.521
 0.287,-3.538
 0.278,-3.540
 0.279,-3.568
 0.261,-3.564
 0.262,-3.584
 0.270,-3.611
 0.253,-3.620
 0.236,-3.657
 0.227,-3.676
 0.219,-3.723
 0.219,-3.723
 0.201,-3.736
 0.210,-3.733
 0.202,-3.719
 0.176,-3.729
 0.185,-3.723
 0.176,-3.721
 0.168,-3.752
 0.185,-3.748
 0.185,-3.769
 0.176,-3.758
 0.167,-3.781
 0.168,-3.793
 0.168,-3.822
 0.151,-3.846
 0.159,-3.873
 0.151,-3.872
 0.159,-3.886
 0.142,-3.907
 0.134,-3.934
 0.125,-3.936
 0.143,-3.936
 0.134,-3.934
 0.125,-3.920
 0.117,-3.938
 0.126,-3.948
 0.108,-3.961
 0.117,-3.954
 0.125,-3.973
 0.117,-4.000
 0.108,-4.010
 0.125,-4.027
 0.117,-4.042
 0.117,-4.033
 0.100,-4.054
 0.108,-4.048
 0.091,-4.056
 0.100,-4.067
 0.108,-4.035
 0.108,-4.006
 0.116,-3.996
 0.125,-3.973
 0.108,-3.985
 0.099,-3.967
 0.091,-3.968
 0.074,-3.972
 0.066,-3.971
 0.057,-3.952
 0.049,-3.950
 0.041,-3.956
 0.049,-3.963
 0.024,-3.985
 0.032,-3.999
 0.015,-4.028
 0.006,-4.059
 0.007,-4.080
-0.011,-4.092
-0.020,-4.123
-0.019,-4.148
-0.045,-4.158
-0.045,-4.158
-0.044,-4.133
-0.044,-4.142
-0.036,-4.111
-0.044,-4.109
-0.053,-4.119
-0.053,-4.127
-0.053,-4.131
-0.053,-4.123
-0.070,-4.160
-0.061,-4.166
-0.070,-4.160
-0.070,-4.156
-0.070,-4.140
-0.079,-4.158
-0.087,-4.144
-0.087,-4.152
-0.121,-4.168
-0.103,-4.155
-0.103,-4.189
-0.095,-4.199
-0.095,-4.183
-0.095,-4.212
-0.104,-4.214
-0.096,-4.249
-0.087,-4.268
-0.087,-4.292
-0.070,-4.318
-0.070,-4.326
-0.045,-4.358
-0.045,-4.357
-0.037,-4.330
-0.036,-4.323
-0.027,-4.303
-0.036,-4.314
-0.027,-4.316
-0.027,-4.328
-0.027,-4.337
-0.002,-4.326
 0.006,-4.353
 0.006,-4.341
 0.015,-4.347
 0.032,-4.369
 0.049,-4.348
 0.049,-4.352
 0.083,-4.336
 0.091,-4.347
 0.109,-4.351
 0.117,-4.349
 0.134,-4.365
 0.159,-4.355
 0.168,-4.344
 0.168,-4.366
 0.168,-4.344
 0.168,-4.353
 0.177,-4.343
 0.168,-4.328
 0.194,-4.327
 0.202,-4.312
 0.211,-4.306
 0.228,-4.289
 0.219,-4.279
 0.220,-4.271
 0.219,-4.250
 0.211,-4.260
 0.220,-4.267
 0.220,-4.258
 0.245,-4.244
 0.236,-4.221
 0.245,-4.223
 0.271,-4.221
 0.253,-4.217
 0.271,-4.242
 0.245,-4.232
 0.254,-4.226
 0.280,-4.186
 0.279,-4.178
 0.279,-4.149
 0.295,-4.103
 0.304,-4.081
 0.321,-4.064
 0.320,-4.043
 0.330,-4.012
 0.338,-3.985
 0.347,-3.950
 0.364,-3.901
 0.381,-3.860
 0.389,-3.841
 0.381,-3.810
 0.390,-3.791
 0.406,-3.754
 0.406,-3.721
 0.406,-3.695
 0.415,-3.665
 0.415,-3.636
 0.423,-3.609
 0.422,-3.568
 0.440,-3.559
 0.456,-3.548
 0.448,-3.529
 0.466,-3.487
 0.465,-3.466
 0.458,-3.471
 0.457,-3.447
 0.474,-3.447
 0.483,-3.457
 0.490,-3.457
 0.491,-3.477
 0.499,-3.463
 0.499,-3.483
 0.499,-3.516
 0.490,-3.519
 0.483,-3.520
 0.499,-3.516
 0.492,-3.530
 0.508,-3.514
 0.499,-3.516
 0.492,-3.530
 0.482,-3.529
 0.466,-3.533
 0.474,-3.526
 0.457,-3.506
 0.457,-3.530
 0.457,-3.526
 0.458,-3.546
 0.458,-3.559
 0.448,-3.595
 0.457,-3.622
 0.439,-3.647
 0.440,-3.675
 0.432,-3.706
 0.439,-3.754
 0.432,-3.776
 0.431,-3.818
 0.431,-3.868
 0.423,-3.895
 0.414,-3.926
 0.406,-3.957
 0.397,-3.959
 0.372,-3.969
 0.355,-3.973
 0.320,-3.964
 0.304,-3.989
 0.287,-3.985
 0.270,-3.956
 0.244,-3.933
 0.227,-3.895
 0.227,-3.879
 0.210,-3.841
 0.210,-3.812
 0.218,-3.802
 0.201,-3.794
 0.201,-3.773
 0.193,-3.779
 0.176,-3.795
 0.176,-3.783
 0.176,-3.762
 0.176,-3.783
 0.175,-3.804
 0.176,-3.808
 0.176,-3.795
 0.176,-3.775
 0.176,-3.740
 0.184,-3.680
 0.176,-3.674
 0.176,-3.670
 0.176,-3.675
 0.176,-3.642
 0.192,-3.598
 0.201,-3.572
 0.201,-3.555
 0.200,-3.538
 0.192,-3.510
 0.209,-3.460
 0.209,-3.467
 0.201,-3.444
 0.201,-3.421
 0.192,-3.398
 0.184,-3.400
 0.175,-3.377
 0.184,-3.368
 0.209,-3.383
 0.209,-3.384
 0.217,-3.400
 0.233,-3.413
 0.241,-3.412
 0.250,-3.415
 0.258,-3.425
 0.258,-3.418
 0.266,-3.416
 0.292,-3.390
 0.276,-3.368
 0.302,-3.346
 0.302,-3.312
 0.286,-3.316
 0.269,-3.303
 0.252,-3.286
 0.244,-3.286
 0.219,-3.262
 0.211,-3.259
 0.185,-3.236
 0.186,-3.219
 0.169,-3.226
 0.152,-3.206
 0.135,-3.189
 0.101,-3.159
 0.084,-3.122
 0.058,-3.101
 0.058,-3.075
 0.058,-3.088
 0.041,-3.071
 0.033,-3.071
 0.024,-3.055
 0.016,-3.048
 0.024,-3.055
 0.041,-3.069
 0.041,-3.062
 0.066,-3.072
 0.074,-3.079
 0.091,-3.099
 0.100,-3.125
 0.108,-3.138
 0.133,-3.135
 0.151,-3.165
 0.168,-3.215
 0.176,-3.255
 0.176,-3.265
 0.185,-3.299
 0.194,-3.329
 0.186,-3.392
 0.169,-3.386
 0.178,-3.429
 0.178,-3.467
 0.178,-3.476
 0.161,-3.489
 0.152,-3.518
 0.160,-3.530
 0.160,-3.558
 0.177,-3.528
 0.203,-3.525
 0.229,-3.543
 0.229,-3.559
 0.255,-3.574
 0.245,-3.582
 0.237,-3.614
 0.254,-3.644
 0.278,-3.648
 0.277,-3.658
 0.294,-3.634
 0.329,-3.649
 0.364,-3.631
 0.381,-3.631
 0.390,-3.658
 0.407,-3.675
 0.415,-3.694
 0.422,-3.722
 0.429,-3.730
 0.438,-3.777
 0.446,-3.763
 0.463,-3.738
 0.481,-3.720
 0.516,-3.682
 0.569,-3.648
 0.586,-3.615
 0.585,-3.628
 0.601,-3.650
 0.599,-3.638
 0.608,-3.665
 0.608,-3.652
 0.634,-3.650
 0.661,-3.651
 0.661,-3.618
 0.653,-3.612
 0.678,-3.581
 0.677,-3.607
 0.666,-3.636
 0.664,-3.641
 0.667,-3.622
 0.650,-3.610
 0.643,-3.590
 0.609,-3.573
 0.583,-3.556
 0.540,-3.595
 0.514,-3.610
 0.506,-3.620
 0.499,-3.629
 0.517,-3.603
 0.527,-3.574
 0.535,-3.564
 0.552,-3.581
 0.543,-3.584
 0.550,-3.592
 0.559,-3.602
 0.558,-3.569
 0.559,-3.556
 0.560,-3.527
 0.542,-3.523
 0.526,-3.543
 0.534,-3.563
 0.525,-3.606
 0.534,-3.620
 0.517,-3.649
 0.509,-3.692
 0.543,-3.709
 0.535,-3.752
 0.552,-3.782
 0.577,-3.805
 0.646,-3.817
 0.697,-3.831
 0.756,-3.842
 0.791,-3.829
 0.848,-3.825
 0.875,-3.852
 0.907,-3.844
 0.950,-3.838
 0.959,-3.853
 0.958,-3.832
 0.952,-3.850
 0.935,-3.866
 0.917,-3.895
 0.899,-3.924
 0.881,-3.950
 0.865,-3.957
 0.865,-3.941
 0.841,-3.938
 0.816,-3.936
 0.772,-3.933
 0.731,-3.947
 0.713,-3.910
 0.679,-3.906
 0.645,-3.876
 0.618,-3.857
 0.585,-3.849
 0.568,-3.845
 0.551,-3.845
 0.526,-3.867
 0.500,-3.873
 0.492,-3.875
 0.484,-3.868
 0.468,-3.872
 0.468,-3.893
 0.450,-3.901
 0.442,-3.932
 0.425,-3.928
 0.424,-3.920
 0.425,-3.937
 0.415,-3.939
 0.408,-3.953
 0.425,-3.970
 0.416,-3.993
 0.425,-4.024
 0.416,-4.025
 0.417,-4.034
 0.408,-4.036
 0.425,-4.052
 0.433,-4.075
 0.424,-4.077
 0.433,-4.092
 0.433,-4.092
 0.425,-4.090
 0.425,-4.111
 0.407,-4.135
 0.416,-4.167
 0.408,-4.189
 0.415,-4.220
 0.416,-4.237
 0.424,-4.243
 0.416,-4.250
 0.408,-4.248
 0.417,-4.279
 0.409,-4.277
 0.435,-4.263
 0.435,-4.271
 0.426,-4.273
 0.425,-4.277
 0.424,-4.280
 0.423,-4.284
 0.441,-4.276
 0.432,-4.274
 0.433,-4.295
 0.442,-4.331
 0.442,-4.343
 0.452,-4.367
 0.468,-4.392
 0.484,-4.388
 0.518,-4.384
 0.542,-4.393
 0.576,-4.410
 0.584,-4.412
 0.592,-4.406
 0.610,-4.411
 0.617,-4.395
 0.611,-4.403
 0.602,-4.388
 0.592,-4.389
 0.585,-4.359
 0.594,-4.336
 0.595,-4.312
 0.596,-4.283
 0.587,-4.239
 0.595,-4.233
 0.611,-4.220
 0.612,-4.225
 0.628,-4.187
 0.636,-4.181
 0.662,-4.142
 0.662,-4.088
 0.697,-4.059
 0.713,-4.043
 0.704,-4.033
 0.705,-4.020
 0.704,-4.012
 0.705,-4.020
 0.705,-4.003
 0.704,-3.995
 0.696,-4.005
 0.678,-4.014
 0.662,-4.022
 0.662,-4.022
 0.628,-4.038
 0.620,-4.065
 0.603,-4.048
 0.587,-4.069
 0.568,-4.060
 0.551,-4.043
 0.552,-4.035
 0.543,-4.020
 0.536,-4.039
 0.535,-4.018
 0.527,-4.024
 0.536,-4.039
 0.526,-4.020
 0.535,-4.047
 0.551,-4.043
 0.551,-4.077
 0.552,-4.064
 0.560,-4.070
 0.561,-4.079
 0.552,-4.064
 0.561,-4.074
 0.553,-4.073
 0.560,-4.054
 0.552,-4.052
 0.551,-4.031
 0.552,-4.047
 0.526,-4.041
 0.526,-4.049
 0.518,-4.047
 0.518,-4.047
 0.526,-4.053
 0.519,-4.055
 0.501,-4.030
 0.509,-4.020
 0.509,-4.020
 0.518,-4.014
 0.527,-4.012
 0.535,-3.997
 0.535,-3.972
 0.553,-3.939
 0.570,-3.906
 0.570,-3.860
 0.577,-3.822
 0.586,-3.778
 0.594,-3.768
 0.586,-3.712
 0.570,-3.683
 0.561,-3.610
 0.537,-3.561
 0.528,-3.517
 0.527,-3.481
 0.502,-3.458
 0.475,-3.423
 0.458,-3.394
 0.458,-3.360
 0.424,-3.327
 0.416,-3.307
 0.407,-3.277
 0.381,-3.270
 0.398,-3.234
 0.389,-3.224
 0.389,-3.210
 0.380,-3.194
 0.389,-3.210
 0.372,-3.197
 0.380,-3.204
 0.381,-3.181
 0.381,-3.177
 0.389,-3.171
 0.415,-3.178
 0.414,-3.171
 0.440,-3.181
 0.447,-3.178
 0.473,-3.175
 0.490,-3.158
 0.498,-3.149
 0.491,-3.149
 0.499,-3.155
 0.500,-3.175
 0.508,-3.165
 0.508,-3.178
 0.525,-3.199
 0.525,-3.208
 0.509,-3.232
 0.543,-3.232
 0.526,-3.248
 0.535,-3.262
 0.526,-3.281
 0.526,-3.302
 0.526,-3.302
 0.518,-3.311
 0.527,-3.322
 0.516,-3.344
 0.515,-3.370
 0.532,-3.387
 0.524,-3.396
 0.534,-3.388
 0.543,-3.401
 0.536,-3.405
 0.528,-3.412
 0.527,-3.421
 0.517,-3.450
 0.515,-3.469
 0.516,-3.473
 0.525,-3.453
 0.534,-3.434
 0.553,-3.415
 0.561,-3.388
 0.570,-3.399
 0.569,-3.408
 0.559,-3.407
 0.543,-3.411
 0.550,-3.394
 0.543,-3.374
 0.526,-3.361
 0.526,-3.361
 0.510,-3.368
 0.492,-3.361
 0.493,-3.397
 0.484,-3.420
 0.457,-3.453
 0.441,-3.456
 0.432,-3.462
 0.416,-3.490
 0.433,-3.506
 0.399,-3.510
 0.408,-3.540
 0.399,-3.556
 0.399,-3.576
 0.381,-3.598
 0.381,-3.624
 0.372,-3.667
 0.372,-3.692
 0.356,-3.737
 0.356,-3.761
 0.356,-3.778
 0.356,-3.802
 0.355,-3.827
 0.355,-3.865
 0.338,-3.894
 0.330,-3.913
