-0.077,-2.093
-0.044,-2.095
-0.027,-2.079
 0.007,-2.070
 0.007,-2.086
 0.016,-2.094
 0.024,-2.086
 0.016,-2.089
 0.007,-2.070
-0.010,-2.049
-0.018,-2.042
-0.027,-2.035
-0.060,-2.029
-0.069,-2.025
-0.086,-1.992
-0.103,-1.961
-0.120,-1.958
-0.128,-1.947
-0.136,-1.911
-0.153,-1.909
-0.162,-1.887
-0.162,-1.859
-0.171,-1.817
-0.171,-1.837
-0.162,-1.840
-0.179,-1.820
-0.178,-1.834
-0.178,-1.830
-0.187,-1.825
-0.178,-1.801
-0.187,-1.780
-0.171,-1.765
-0.179,-1.737
-0.196,-1.723
-0.196,-1.719
-0.229,-1.686
-0.246,-1.669
-0.255,-1.644
-0.272,-1.615
-0.281,-1.589
-0.289,-1.549
-0.281,-1.510
-0.289,-1.498
-0.297,-1.505
-0.297,-1.472
-0.298,-1.457
-0.315,-1.428
-0.323,-1.419
-0.307,-1.406
-0.315,-1.380
-0.332,-1.379
-0.348,-1.360
-0.356,-1.348
-0.356,-1.333
-0.339,-1.299
-0.373,-1.317
-0.374,-1.287
-0.374,-1.269
-0.374,-1.272
-0.391,-1.238
-0.408,-1.254
-0.424,-1.267
-0.440,-1.265
-0.449,-1.243
-0.449,-1.243
-0.467,-1.244
-0.468,-1.246
-0.475,-1.250
-0.484,-1.277
-0.491,-1.266
-0.508,-1.265
-0.509,-1.268
-0.508,-1.250
-0.501,-1.247
-0.493,-1.255
-0.493,-1.240
-0.485,-1.232
-0.501,-1.228
-0.484,-1.228
-0.491,-1.199
-0.474,-1.201
-0.492,-1.202
-0.474,-1.200
-0.493,-1.204
-0.492,-1.188
-0.484,-1.180
-0.484,-1.180
-0.483,-1.177
-0.484,-1.195
-0.483,-1.194
-0.491,-1.185
-0.484,-1.180
-0.492,-1.170
-0.493,-1.173
-0.500,-1.177
-0.517,-1.193
-0.533,-1.210
-0.524,-1.214
-0.525,-1.217
-0.533,-1.210
-0.534,-1.213
-0.536,-1.216
-0.544,-1.238
-0.535,-1.247
-0.526,-1.269
-0.534,-1.277
-0.534,-1.291
-0.507,-1.314
-0.516,-1.324
-0.508,-1.315
-0.509,-1.333
-0.484,-1.344
-0.475,-1.334
-0.458,-1.368
-0.449,-1.391
-0.440,-1.414
-0.441,-1.433
-0.406,-1.462
-0.390,-1.482
-0.398,-1.490
-0.398,-1.508
-0.382,-1.508
-0.390,-1.497
-0.373,-1.517
-0.373,-1.546
-0.389,-1.563
-0.389,-1.579
-0.397,-1.570
-0.415,-1.575
-0.398,-1.573
-0.407,-1.584
-0.424,-1.586
-0.432,-1.591
-0.441,-1.617
-0.448,-1.637
-0.457,-1.660
-0.465,-1.668
-0.472,-1.673
-0.466,-1.688
-0.499,-1.702
-0.483,-1.737
-0.474,-1.746
-0.482,-1.751
-0.492,-1.765
-0.482,-1.768
-0.491,-1.793
-0.499,-1.800
-0.498,-1.796
-0.490,-1.810
-0.473,-1.824
-0.465,-1.852
-0.474,-1.861
-0.490,-1.873
-0.491,-1.892
-0.482,-1.899
-0.473,-1.904
-0.481,-1.944
-0.489,-1.967
-0.490,-1.991
-0.491,-2.009
-0.500,-2.004
-0.518,-2.006
-0.517,-2.018
-0.533,-2.051
-0.540,-2.084
-0.564,-2.121
-0.574,-2.149
-0.607,-2.163
-0.634,-2.179
-0.642,-2.235
-0.651,-2.261
-0.677,-2.287
-0.693,-2.317
-0.693,-2.334
-0.693,-2.380
-0.701,-2.404
-0.701,-2.423
-0.701,-2.436
-0.719,-2.475
-0.702,-2.472
-0.727,-2.514
-0.735,-2.538
-0.743,-2.544
-0.743,-2.544
-0.751,-2.551
-0.776,-2.558
-0.775,-2.571
-0.817,-2.561
-0.845,-2.546
-0.854,-2.523
-0.864,-2.502
-0.881,-2.505
-0.888,-2.473
-0.905,-2.476
-0.903,-2.468
-0.903,-2.451
-0.912,-2.428
-0.903,-2.385
-0.887,-2.391
-0.895,-2.395
-0.896,-2.414
-0.871,-2.408
-0.869,-2.386
-0.871,-2.375
-0.861,-2.363
-0.853,-2.389
-0.862,-2.382
-0.868,-2.383
-0.853,-2.372
-0.853,-2.339
-0.862,-2.332
-0.846,-2.335
-0.860,-2.327
-0.862,-2.332
-0.851,-2.334
-0.852,-2.337
-0.851,-2.334
-0.859,-2.325
-0.853,-2.309
-0.846,-2.269
-0.855,-2.248
-0.839,-2.251
-0.829,-2.253
-0.811,-2.253
-0.793,-2.232
-0.793,-2.232
-0.785,-2.206
-0.759,-2.181
-0.751,-2.176
-0.734,-2.174
-0.726,-2.169
-0.718,-2.162
-0.710,-2.169
-0.710,-2.188
-0.709,-2.183
-0.700,-2.193
-0.693,-2.186
-0.692,-2.184
-0.684,-2.163
-0.667,-2.160
-0.659,-2.153
-0.642,-2.153
-0.624,-2.151
-0.642,-2.140
-0.616,-2.093
-0.616,-2.079
-0.583,-2.046
-0.581,-2.058
-0.574,-2.037
-0.548,-1.995
-0.550,-1.969
-0.525,-1.948
-0.524,-1.927
-0.500,-1.905
-0.481,-1.901
-0.498,-1.915
-0.481,-1.916
-0.455,-1.904
-0.439,-1.907
-0.413,-1.896
-0.406,-1.893
-0.406,-1.895
-0.397,-1.902
-0.415,-1.904
-0.406,-1.893
-0.397,-1.902
-0.422,-1.925
-0.421,-1.954
-0.430,-1.982
-0.430,-1.963
-0.448,-1.949
-0.457,-1.927
-0.448,-1.934
-0.466,-1.936
-0.464,-1.948
-0.473,-1.958
-0.481,-1.965
-0.481,-1.979
-0.481,-1.981
-0.480,-2.009
-0.473,-2.021
-0.473,-2.009
-0.465,-1.986
-0.449,-1.993
-0.440,-2.028
-0.439,-2.043
-0.455,-2.054
-0.463,-2.075
-0.464,-2.078
-0.463,-2.092
-0.464,-2.129
-0.464,-2.148
-0.456,-2.139
-0.465,-2.167
-0.481,-2.178
-0.490,-2.220
-0.481,-2.228
-0.488,-2.262
-0.489,-2.267
-0.481,-2.260
-0.482,-2.232
-0.473,-2.223
-0.473,-2.204
-0.465,-2.197
-0.455,-2.202
-0.464,-2.211
-0.455,-2.235
-0.455,-2.216
-0.439,-2.191
-0.413,-2.144
-0.413,-2.177
-0.413,-2.193
-0.404,-2.184
-0.398,-2.184
-0.397,-2.184
-0.381,-2.172
-0.390,-2.146
-0.380,-2.165
-0.388,-2.172
-0.369,-2.179
-0.379,-2.175
-0.371,-2.168
-0.371,-2.153
-0.389,-2.144
-0.388,-2.125
-0.397,-2.135
-0.397,-2.149
-0.387,-2.167
-0.413,-2.179
-0.413,-2.193
-0.422,-2.188
-0.431,-2.181
-0.422,-2.202
-0.422,-2.207
-0.413,-2.245
-0.397,-2.264
-0.380,-2.247
-0.371,-2.252
-0.363,-2.264
-0.362,-2.240
-0.379,-2.256
-0.379,-2.242
-0.380,-2.228
-0.389,-2.226
-0.389,-2.193
-0.407,-2.182
-0.414,-2.170
-0.422,-2.188
-0.430,-2.195
-0.429,-2.172
-0.455,-2.167
-0.472,-2.169
-0.472,-2.169
-0.482,-2.183
-0.490,-2.187
-0.515,-2.230
-0.498,-2.227
-0.505,-2.248
-0.498,-2.263
-0.523,-2.267
-0.524,-2.272
-0.507,-2.256
-0.506,-2.270
-0.515,-2.279
-0.506,-2.267
-0.515,-2.260
-0.498,-2.244
-0.489,-2.202
-0.481,-2.197
-0.489,-2.183
-0.489,-2.183
-0.481,-2.195
-0.481,-2.178
-0.474,-2.162
-0.474,-2.143
-0.474,-2.146
-0.464,-2.148
-0.463,-2.160
-0.464,-2.162
-0.463,-2.157
-0.480,-2.192
-0.481,-2.211
-0.489,-2.202
-0.474,-2.209
-0.473,-2.204
-0.482,-2.216
-0.490,-2.220
-0.497,-2.225
-0.490,-2.221
-0.514,-2.208
-0.523,-2.204
-0.506,-2.220
-0.514,-2.211
-0.516,-2.183
-0.522,-2.182
-0.540,-2.185
-0.548,-2.178
-0.556,-2.199
-0.557,-2.201
-0.539,-2.199
-0.541,-2.190
-0.550,-2.168
-0.575,-2.189
-0.567,-2.218
-0.549,-2.227
-0.549,-2.246
-0.548,-2.257
-0.523,-2.250
-0.524,-2.237
-0.523,-2.251
-0.532,-2.260
-0.524,-2.270
-0.515,-2.293
-0.499,-2.282
-0.498,-2.277
-0.481,-2.279
-0.481,-2.279
-0.464,-2.277
-0.464,-2.296
-0.455,-2.300
-0.456,-2.303
-0.439,-2.319
-0.430,-2.310
-0.431,-2.329
-0.438,-2.333
-0.422,-2.369
-0.422,-2.350
-0.421,-2.345
-0.422,-2.336
-0.413,-2.341
-0.414,-2.332
-0.415,-2.334
-0.423,-2.341
-0.423,-2.360
-0.422,-2.352
-0.422,-2.385
-0.430,-2.373
-0.421,-2.378
-0.430,-2.392
-0.430,-2.406
-0.456,-2.418
-0.456,-2.418
-0.448,-2.444
-0.431,-2.447
-0.431,-2.442
-0.439,-2.451
-0.448,-2.474
-0.447,-2.488
-0.456,-2.500
-0.464,-2.504
-0.448,-2.510
-0.448,-2.493
-0.440,-2.467
-0.432,-2.430
-0.439,-2.465
-0.439,-2.465
-0.430,-2.472
-0.422,-2.460
-0.431,-2.425
-0.397,-2.392
-0.398,-2.367
-0.407,-2.377
-0.415,-2.365
-0.415,-2.367
-0.414,-2.376
-0.405,-2.399
-0.388,-2.430
-0.354,-2.411
-0.347,-2.396
-0.338,-2.384
-0.330,-2.398
-0.330,-2.412
-0.338,-2.435
-0.339,-2.455
-0.346,-2.439
-0.330,-2.442
-0.330,-2.426
-0.338,-2.416
-0.322,-2.419
-0.330,-2.410
-0.330,-2.412
-0.347,-2.429
-0.347,-2.426
-0.330,-2.431
-0.338,-2.433
-0.338,-2.436
-0.330,-2.426
-0.329,-2.407
-0.313,-2.407
-0.329,-2.388
-0.321,-2.370
-0.322,-2.342
-0.322,-2.342
-0.331,-2.338
-0.339,-2.306
-0.339,-2.306
-0.338,-2.304
-0.338,-2.315
-0.346,-2.308
-0.338,-2.282
-0.347,-2.280
-0.356,-2.290
-0.347,-2.297
-0.347,-2.313
-0.346,-2.341
-0.338,-2.353
-0.347,-2.330
-0.364,-2.313
-0.364,-2.299
-0.355,-2.301
-0.364,-2.327
-0.355,-2.318
-0.372,-2.334
-0.381,-2.329
-0.398,-2.294
-0.398,-2.299
-0.398,-2.280
-0.423,-2.287
-0.423,-2.268
-0.422,-2.277
-0.423,-2.301
-0.423,-2.287
-0.441,-2.256
-0.425,-2.231
-0.433,-2.202
-0.441,-2.209
-0.441,-2.223
-0.422,-2.232
-0.423,-2.235
-0.431,-2.190
-0.432,-2.181
-0.423,-2.172
-0.389,-2.172
-0.390,-2.158
-0.373,-2.156
-0.356,-2.139
-0.364,-2.130
-0.372,-2.137
-0.356,-2.139
-0.338,-2.121
-0.348,-2.102
-0.365,-2.085
-0.347,-2.116
-0.339,-2.125
-0.338,-2.121
-0.356,-2.139
-0.372,-2.139
-0.373,-2.123
-0.373,-2.125
-0.363,-2.142
-0.372,-2.153
-0.380,-2.146
-0.398,-2.132
-0.408,-2.146
-0.407,-2.127
-0.416,-2.120
-0.415,-2.101
-0.423,-2.106
-0.432,-2.113
-0.422,-2.132
-0.423,-2.120
-0.415,-2.115
-0.423,-2.106
-0.424,-2.110
-0.407,-2.089
-0.407,-2.092
-0.390,-2.108
-0.389,-2.120
-0.398,-2.132
-0.406,-2.136
-0.390,-2.158
-0.381,-2.148
-0.381,-2.148
-0.356,-2.158
-0.364,-2.179
-0.364,-2.198
-0.372,-2.221
-0.364,-2.242
-0.355,-2.238
-0.338,-2.250
-0.339,-2.255
-0.330,-2.262
-0.322,-2.255
-0.314,-2.269
-0.314,-2.283
-0.306,-2.295
-0.297,-2.300
-0.296,-2.295
-0.280,-2.297
-0.262,-2.290
-0.279,-2.278
-0.279,-2.278
-0.271,-2.304
-0.271,-2.323
-0.271,-2.318
-0.255,-2.326
-0.255,-2.326
-0.254,-2.354
-0.237,-2.373
-0.220,-2.382
-0.203,-2.371
-0.212,-2.361
-0.221,-2.371
-0.212,-2.380
-0.195,-2.378
-0.203,-2.390
-0.203,-2.387
-0.203,-2.404
-0.203,-2.404
-0.211,-2.391
-0.203,-2.431
-0.219,-2.448
-0.211,-2.443
-0.212,-2.449
-0.220,-2.456
-0.238,-2.461
-0.237,-2.474
-0.245,-2.495
-0.253,-2.502
-0.253,-2.494
-0.278,-2.506
-0.279,-2.506
-0.296,-2.522
-0.304,-2.534
-0.321,-2.518
-0.322,-2.523
-0.313,-2.514
-0.329,-2.558
-0.330,-2.574
-0.346,-2.585
-0.346,-2.607
-0.346,-2.574
-0.355,-2.583
-0.372,-2.586
-0.380,-2.571
-0.380,-2.590
-0.380,-2.604
-0.362,-2.604
-0.355,-2.583
-0.363,-2.554
-0.371,-2.561
-0.354,-2.578
-0.354,-2.597
-0.347,-2.629
-0.329,-2.643
-0.339,-2.625
-0.330,-2.629
-0.321,-2.649
-0.321,-2.669
-0.320,-2.690
-0.320,-2.743
-0.320,-2.742
-0.337,-2.726
-0.338,-2.718
-0.337,-2.732
-0.347,-2.761
-0.354,-2.781
-0.371,-2.794
-0.388,-2.780
-0.396,-2.751
-0.388,-2.731
-0.387,-2.712
-0.413,-2.705
-0.438,-2.698
-0.446,-2.702
-0.464,-2.707
-0.481,-2.688
-0.498,-2.690
-0.516,-2.680
-0.506,-2.661
-0.507,-2.634
-0.533,-2.630
-0.550,-2.646
-0.551,-2.671
-0.542,-2.662
-0.526,-2.665
-0.551,-2.652
-0.565,-2.641
-0.564,-2.635
-0.571,-2.633
-0.597,-2.615
-0.615,-2.585
-0.616,-2.558
-0.635,-2.549
-0.626,-2.537
-0.643,-2.540
-0.642,-2.553
-0.659,-2.550
-0.650,-2.560
-0.657,-2.545
-0.650,-2.524
-0.633,-2.459
-0.625,-2.433
-0.616,-2.442
-0.615,-2.421
-0.600,-2.377
-0.592,-2.321
-0.601,-2.283
-0.576,-2.260
-0.540,-2.231
-0.558,-2.187
-0.549,-2.145
-0.557,-2.119
-0.542,-2.107
-0.541,-2.055
-0.551,-2.053
-0.550,-2.034
-0.550,-2.001
-0.542,-1.978
-0.541,-1.941
-0.551,-1.921
-0.551,-1.903
-0.542,-1.893
-0.525,-1.877
-0.515,-1.880
-0.516,-1.884
-0.524,-1.859
-0.524,-1.859
-0.517,-1.854
-0.507,-1.857
-0.508,-1.861
-0.491,-1.861
-0.491,-1.861
-0.483,-1.870
-0.482,-1.848
-0.483,-1.837
-0.474,-1.861
-0.474,-1.875
-0.457,-1.859
-0.440,-1.824
-0.441,-1.812
-0.431,-1.799
-0.407,-1.794
-0.399,-1.789
-0.382,-1.770
-0.391,-1.767
-0.373,-1.749
-0.356,-1.733
-0.340,-1.718
-0.322,-1.698
-0.314,-1.691
-0.288,-1.680
-0.297,-1.689
-0.288,-1.698
-0.263,-1.689
-0.246,-1.692
-0.238,-1.701
-0.237,-1.715
-0.229,-1.741
-0.220,-1.759
-0.212,-1.788
-0.229,-1.819
-0.221,-1.845
-0.195,-1.856
-0.212,-1.854
-0.221,-1.882
-0.212,-1.903
-0.203,-1.927
-0.212,-1.936
-0.187,-1.941
-0.187,-1.979
-0.178,-1.984
-0.178,-1.981
-0.153,-1.979
-0.153,-2.007
-0.153,-2.010
-0.128,-2.017
-0.128,-2.021
-0.086,-2.034
-0.052,-2.048
-0.019,-2.051
 0.007,-2.056
 0.007,-2.070
-0.001,-2.063
-0.001,-2.072
-0.010,-2.070
-0.001,-2.060
 0.016,-2.093
 0.041,-2.105
 0.049,-2.094
 0.024,-2.089
-0.001,-2.079
-0.026,-2.119
-0.043,-2.151
-0.059,-2.163
-0.059,-2.184
-0.060,-2.201
-0.076,-2.217
-0.068,-2.246
-0.101,-2.273
-0.119,-2.292
-0.135,-2.273
-0.144,-2.282
-0.161,-2.301
-0.178,-2.326
-0.186,-2.355
-0.203,-2.387
-0.212,-2.364
-0.229,-2.347
-0.237,-2.351
-0.246,-2.383
-0.245,-2.396
-0.246,-2.415
-0.255,-2.411
-0.271,-2.392
-0.272,-2.395
-0.288,-2.389
-0.304,-2.400
-0.329,-2.410
-0.329,-2.421
-0.346,-2.445
-0.355,-2.468
-0.372,-2.452
-0.390,-2.424
-0.397,-2.444
-0.398,-2.480
-0.415,-2.510
-0.431,-2.524
-0.448,-2.543
-0.465,-2.507
-0.448,-2.512
-0.482,-2.493
-0.482,-2.493
-0.482,-2.496
-0.481,-2.490
-0.482,-2.510
-0.482,-2.476
-0.490,-2.437
-0.491,-2.390
-0.498,-2.411
-0.506,-2.418
-0.514,-2.422
-0.505,-2.445
-0.515,-2.441
-0.514,-2.422
-0.524,-2.406
-0.534,-2.402
-0.542,-2.425
-0.533,-2.449
-0.523,-2.467
-0.532,-2.479
-0.523,-2.467
-0.523,-2.480
-0.532,-2.443
-0.531,-2.438
-0.541,-2.469
-0.540,-2.469
-0.549,-2.460
-0.558,-2.472
-0.557,-2.466
-0.549,-2.462
-0.557,-2.466
-0.582,-2.476
-0.583,-2.462
-0.565,-2.476
-0.565,-2.492
-0.548,-2.509
-0.557,-2.532
-0.566,-2.528
-0.565,-2.525
-0.549,-2.512
-0.540,-2.502
-0.549,-2.492
-0.548,-2.509
-0.547,-2.517
-0.548,-2.509
-0.539,-2.478
-0.539,-2.464
-0.515,-2.430
-0.515,-2.411
-0.499,-2.416
-0.482,-2.416
-0.490,-2.439
-0.482,-2.432
-0.481,-2.427
-0.465,-2.430
-0.439,-2.385
-0.447,-2.392
-0.447,-2.392
-0.429,-2.390
-0.431,-2.378
-0.431,-2.364
-0.440,-2.357
-0.431,-2.331
-0.422,-2.303
-0.406,-2.306
-0.396,-2.308
-0.396,-2.310
-0.389,-2.322
-0.396,-2.310
-0.380,-2.299
-0.347,-2.250
-0.347,-2.250
-0.338,-2.274
-0.337,-2.268
-0.312,-2.295
-0.303,-2.302
-0.270,-2.288
-0.262,-2.281
-0.244,-2.293
-0.228,-2.268
-0.211,-2.265
-0.211,-2.251
-0.195,-2.240
-0.161,-2.221
-0.153,-2.247
-0.143,-2.235
-0.135,-2.209
-0.143,-2.184
-0.135,-2.153
-0.135,-2.158
-0.135,-2.158
-0.135,-2.158
-0.118,-2.163
-0.110,-2.151
-0.093,-2.156
-0.101,-2.144
-0.101,-2.158
-0.101,-2.158
-0.101,-2.158
-0.093,-2.153
-0.084,-2.142
-0.101,-2.144
-0.102,-2.130
-0.110,-2.101
-0.102,-2.097
-0.110,-2.085
-0.093,-2.083
-0.093,-2.083
-0.093,-2.083
-0.110,-2.052
-0.101,-2.024
-0.093,-2.022
-0.102,-2.033
-0.102,-2.047
-0.093,-2.043
-0.110,-2.007
-0.119,-2.031
-0.119,-2.031
-0.135,-2.040
-0.160,-2.050
-0.194,-2.049
-0.203,-2.044
-0.211,-2.037
-0.228,-2.021
-0.245,-2.039
-0.253,-2.027
-0.244,-2.051
-0.253,-2.060
-0.278,-2.065
-0.279,-2.069
-0.287,-2.060
-0.304,-2.060
-0.321,-2.062
-0.329,-2.081
-0.329,-2.086
-0.346,-2.083
-0.363,-2.066
-0.380,-2.069
-0.379,-2.064
-0.371,-2.092
-0.362,-2.097
-0.354,-2.102
-0.355,-2.092
-0.354,-2.074
-0.355,-2.064
-0.339,-2.066
-0.347,-2.057
-0.339,-2.048
-0.346,-2.050
-0.338,-2.043
-0.362,-2.029
-0.346,-2.031
-0.355,-2.027
-0.354,-2.024
-0.338,-2.013
-0.338,-2.029
-0.346,-2.036
-0.354,-2.043
-0.346,-2.050
-0.329,-2.053
-0.329,-2.067
-0.329,-2.100
-0.329,-2.118
-0.320,-2.123
-0.313,-2.119
-0.320,-2.142
-0.312,-2.149
-0.338,-2.142
-0.337,-2.170
-0.320,-2.172
-0.329,-2.163
-0.346,-2.179
-0.354,-2.172
-0.371,-2.169
-0.363,-2.167
-0.355,-2.160
-0.355,-2.182
-0.347,-2.189
-0.338,-2.191
-0.338,-2.194
-0.312,-2.179
-0.329,-2.196
-0.320,-2.205
-0.319,-2.200
-0.320,-2.224
-0.295,-2.248
-0.287,-2.274
-0.279,-2.267
-0.287,-2.307
-0.270,-2.342
-0.252,-2.354
-0.227,-2.364
-0.227,-2.366
-0.210,-2.380
-0.219,-2.406
-0.202,-2.423
-0.219,-2.423
-0.219,-2.425
-0.210,-2.413
-0.219,-2.406
-0.227,-2.427
-0.243,-2.438
-0.226,-2.441
-0.243,-2.410
-0.244,-2.402
-0.253,-2.381
-0.270,-2.397
-0.261,-2.388
-0.261,-2.399
-0.261,-2.399
-0.252,-2.384
-0.277,-2.408
-0.294,-2.410
-0.311,-2.393
-0.311,-2.398
-0.320,-2.422
-0.303,-2.438
-0.303,-2.458
-0.319,-2.436
-0.329,-2.431
-0.345,-2.461
-0.362,-2.445
-0.362,-2.445
-0.379,-2.475
-0.379,-2.494
-0.379,-2.494
-0.396,-2.496
-0.397,-2.480
-0.413,-2.458
-0.397,-2.480
-0.403,-2.495
-0.386,-2.525
-0.387,-2.531
-0.379,-2.524
-0.380,-2.502
-0.389,-2.478
-0.389,-2.462
-0.397,-2.436
-0.387,-2.451
-0.379,-2.494
-0.386,-2.495
-0.404,-2.481
-0.404,-2.470
-0.396,-2.444
-0.388,-2.440
-0.379,-2.447
-0.388,-2.440
-0.387,-2.454
-0.386,-2.462
-0.405,-2.454
-0.387,-2.451
-0.388,-2.440
-0.396,-2.431
-0.404,-2.418
-0.396,-2.431
-0.379,-2.428
-0.388,-2.418
-0.396,-2.411
-0.387,-2.399
-0.388,-2.405
-0.378,-2.390
-0.379,-2.409
-0.371,-2.407
-0.379,-2.412
-0.380,-2.420
-0.372,-2.427
-0.363,-2.417
-0.354,-2.424
-0.363,-2.428
-0.345,-2.461
-0.353,-2.465
-0.370,-2.468
-0.362,-2.461
-0.370,-2.449
-0.354,-2.457
-0.354,-2.454
-0.363,-2.480
-0.371,-2.454
-0.370,-2.449
-0.363,-2.447
-0.371,-2.484
-0.379,-2.477
-0.363,-2.480
-0.354,-2.452
-0.346,-2.450
-0.346,-2.445
-0.362,-2.445
-0.362,-2.461
-0.353,-2.465
-0.345,-2.491
-0.328,-2.489
-0.320,-2.488
-0.329,-2.500
-0.329,-2.513
-0.329,-2.519
-0.303,-2.507
-0.329,-2.533
-0.320,-2.520
-0.311,-2.525
-0.312,-2.511
-0.311,-2.525
-0.311,-2.544
-0.337,-2.537
-0.345,-2.541
-0.338,-2.523
-0.345,-2.511
-0.354,-2.504
-0.346,-2.530
-0.362,-2.541
-0.371,-2.550
-0.388,-2.533
-0.371,-2.536
-0.346,-2.530
-0.337,-2.537
-0.346,-2.516
-0.345,-2.511
-0.346,-2.530
-0.337,-2.553
-0.328,-2.554
-0.311,-2.571
-0.319,-2.562
-0.320,-2.586
-0.321,-2.592
-0.329,-2.566
-0.296,-2.571
-0.278,-2.583
-0.295,-2.580
-0.286,-2.587
-0.285,-2.627
-0.285,-2.647
-0.269,-2.663
-0.261,-2.676
-0.261,-2.649
-0.244,-2.613
-0.244,-2.633
-0.244,-2.646
-0.227,-2.676
-0.227,-2.706
-0.218,-2.710
-0.219,-2.703
-0.219,-2.669
-0.202,-2.640
-0.202,-2.640
-0.202,-2.667
-0.210,-2.676
-0.227,-2.690
-0.243,-2.706
-0.252,-2.686
-0.252,-2.666
-0.261,-2.646
-0.268,-2.647
-0.302,-2.666
-0.311,-2.659
-0.336,-2.666
-0.363,-2.667
-0.371,-2.657
-0.397,-2.650
-0.405,-2.624
-0.413,-2.609
-0.421,-2.602
-0.420,-2.593
-0.438,-2.596
-0.438,-2.582
-0.438,-2.582
-0.448,-2.565
-0.438,-2.519
-0.448,-2.515
-0.472,-2.519
-0.471,-2.546
-0.472,-2.566
-0.463,-2.572
-0.472,-2.566
-0.481,-2.548
-0.472,-2.519
-0.489,-2.505
-0.480,-2.493
-0.497,-2.509
-0.514,-2.493
-0.496,-2.487
-0.498,-2.463
-0.480,-2.457
-0.479,-2.438
-0.490,-2.406
-0.497,-2.394
-0.507,-2.376
-0.533,-2.352
-0.533,-2.352
-0.558,-2.359
-0.565,-2.360
-0.582,-2.344
-0.590,-2.348
-0.607,-2.351
-0.599,-2.346
-0.616,-2.344
-0.608,-2.339
-0.608,-2.323
-0.617,-2.316
-0.616,-2.330
-0.632,-2.341
-0.650,-2.329
-0.650,-2.311
-0.667,-2.313
-0.676,-2.289
-0.693,-2.254
-0.693,-2.256
-0.701,-2.228
-0.684,-2.212
-0.701,-2.195
-0.708,-2.167
-0.693,-2.141
-0.700,-2.110
-0.691,-2.101
-0.693,-2.073
-0.684,-2.047
-0.678,-2.030
-0.669,-2.002
-0.677,-1.995
-0.677,-1.962
-0.676,-1.941
-0.669,-1.937
-0.651,-1.916
-0.642,-1.874
-0.626,-1.843
-0.625,-1.825
-0.619,-1.791
-0.609,-1.780
-0.601,-1.771
-0.584,-1.754
-0.583,-1.736
-0.585,-1.723
-0.575,-1.696
-0.559,-1.698
-0.551,-1.691
-0.534,-1.656
-0.543,-1.634
-0.508,-1.616
-0.525,-1.600
-0.508,-1.583
-0.508,-1.565
-0.500,-1.560
-0.492,-1.534
-0.465,-1.523
-0.449,-1.509
-0.432,-1.507
-0.407,-1.518
-0.381,-1.526
-0.348,-1.528
-0.324,-1.523
-0.298,-1.510
-0.289,-1.538
-0.255,-1.549
-0.254,-1.565
-0.246,-1.591
-0.238,-1.598
-0.246,-1.595
-0.238,-1.602
-0.229,-1.611
-0.229,-1.644
-0.229,-1.673
-0.238,-1.686
-0.237,-1.715
-0.237,-1.748
-0.246,-1.790
-0.246,-1.804
-0.246,-1.823
-0.238,-1.816
-0.238,-1.816
-0.246,-1.827
-0.237,-1.844
-0.229,-1.872
-0.220,-1.847
-0.203,-1.845
-0.186,-1.829
-0.195,-1.807
-0.204,-1.785
-0.204,-1.785
-0.179,-1.795
-0.170,-1.804
-0.204,-1.798
-0.213,-1.794
-0.203,-1.781
-0.229,-1.788
-0.212,-1.805
-0.220,-1.810
-0.246,-1.821
-0.254,-1.828
-0.237,-1.844
-0.246,-1.852
-0.254,-1.859
-0.280,-1.886
-0.288,-1.891
-0.305,-1.912
-0.314,-1.921
-0.330,-1.933
-0.339,-1.944
-0.338,-1.954
-0.355,-1.989
-0.355,-2.022
-0.362,-2.038
-0.363,-2.043
-0.354,-2.050
-0.371,-2.066
-0.404,-2.094
-0.378,-2.118
-0.388,-2.120
-0.389,-2.125
-0.416,-2.141
-0.425,-2.153
-0.423,-2.179
-0.416,-2.191
-0.406,-2.193
-0.406,-2.240
-0.413,-2.261
-0.421,-2.260
-0.395,-2.300
-0.402,-2.321
-0.396,-2.324
-0.380,-2.299
-0.380,-2.296
-0.406,-2.311
-0.407,-2.297
-0.407,-2.297
-0.414,-2.299
-0.431,-2.280
-0.450,-2.273
-0.475,-2.282
-0.492,-2.301
-0.493,-2.323
-0.493,-2.323
-0.503,-2.335
-0.501,-2.379
-0.525,-2.414
-0.525,-2.428
-0.533,-2.401
-0.550,-2.421
-0.574,-2.425
-0.584,-2.423
-0.576,-2.433
-0.583,-2.451
-0.582,-2.465
-0.556,-2.483
-0.565,-2.511
-0.573,-2.518
-0.572,-2.529
-0.573,-2.535
-0.590,-2.548
-0.591,-2.567
-0.600,-2.596
-0.599,-2.591
-0.618,-2.566
-0.625,-2.520
-0.634,-2.513
-0.634,-2.514
-0.641,-2.518
-0.651,-2.516
-0.670,-2.491
-0.690,-2.452
-0.692,-2.413
-0.736,-2.389
-0.763,-2.384
-0.767,-2.414
-0.781,-2.434
-0.753,-2.466
-0.778,-2.472
-0.772,-2.471
-0.772,-2.471
-0.781,-2.467
-0.757,-2.462
-0.763,-2.461
-0.753,-2.513
-0.757,-2.571
-0.754,-2.623
-0.779,-2.659
-0.779,-2.708
-0.791,-2.729
-0.774,-2.729
-0.768,-2.761
-0.760,-2.787
-0.759,-2.830
-0.741,-2.877
-0.697,-2.894
-0.673,-2.891
-0.659,-2.867
-0.617,-2.831
-0.594,-2.801
-0.551,-2.788
-0.534,-2.753
-0.508,-2.727
-0.473,-2.718
-0.448,-2.698
-0.414,-2.679
-0.389,-2.656
-0.381,-2.650
-0.373,-2.676
-0.365,-2.678
-0.348,-2.675
-0.340,-2.671
-0.306,-2.691
-0.315,-2.714
-0.315,-2.733
-0.339,-2.751
-0.357,-2.783
-0.374,-2.767
-0.356,-2.767
-0.382,-2.763
-0.390,-2.783
-0.407,-2.819
-0.424,-2.835
-0.440,-2.848
-0.458,-2.838
-0.466,-2.778
-0.449,-2.732
-0.449,-2.713
-0.439,-2.730
-0.464,-2.740
-0.455,-2.711
-0.447,-2.674
-0.448,-2.594
-0.438,-2.549
-0.431,-2.515
-0.431,-2.496
-0.421,-2.514
-0.396,-2.507
-0.387,-2.484
-0.380,-2.466
-0.372,-2.426
-0.365,-2.389
-0.373,-2.413
-0.355,-2.440
-0.346,-2.480
-0.354,-2.498
-0.380,-2.524
-0.371,-2.520
-0.380,-2.494
-0.389,-2.509
-0.423,-2.486
-0.431,-2.482
-0.440,-2.472
-0.447,-2.493
-0.448,-2.479
-0.448,-2.446
-0.457,-2.456
-0.457,-2.456
-0.472,-2.450
-0.490,-2.439
-0.490,-2.436
-0.491,-2.456
-0.482,-2.432
-0.473,-2.404
-0.482,-2.399
-0.464,-2.411
-0.464,-2.425
-0.455,-2.415
-0.430,-2.425
-0.415,-2.400
-0.389,-2.360
-0.382,-2.339
-0.348,-2.326
-0.338,-2.342
-0.338,-2.358
-0.320,-2.351
-0.304,-2.353
-0.279,-2.316
-0.253,-2.291
-0.262,-2.270
-0.270,-2.274
-0.271,-2.293
-0.262,-2.300
-0.262,-2.314
-0.271,-2.312
-0.287,-2.276
-0.296,-2.253
-0.305,-2.227
-0.304,-2.222
-0.330,-2.233
-0.330,-2.214
-0.338,-2.226
-0.330,-2.203
-0.321,-2.158
-0.330,-2.137
-0.330,-2.118
-0.338,-2.109
-0.338,-2.104
-0.329,-2.081
-0.347,-2.071
-0.355,-2.062
-0.374,-2.066
-0.374,-2.035
-0.390,-2.031
-0.407,-2.049
-0.397,-2.068
-0.423,-2.075
-0.422,-2.089
-0.448,-2.063
-0.458,-2.044
-0.466,-2.051
-0.483,-2.072
-0.475,-2.079
-0.474,-2.058
-0.483,-2.053
-0.474,-2.042
-0.482,-2.035
-0.457,-2.028
-0.448,-2.016
-0.440,-2.011
-0.423,-1.993
-0.432,-1.972
-0.433,-1.957
-0.432,-1.953
-0.415,-1.955
-0.389,-1.942
-0.373,-1.944
-0.356,-1.942
-0.321,-1.940
-0.306,-1.930
-0.288,-1.928
-0.289,-1.919
-0.281,-1.913
-0.272,-1.900
-0.281,-1.895
-0.271,-1.914
-0.271,-1.929
-0.288,-1.912
-0.305,-1.910
-0.314,-1.907
-0.330,-1.904
-0.356,-1.914
-0.382,-1.925
-0.398,-1.937
-0.424,-1.965
-0.432,-1.969
-0.449,-1.971
-0.432,-1.955
-0.482,-1.952
-0.500,-1.954
-0.507,-1.973
-0.516,-1.999
-0.542,-1.978
-0.541,-1.959
-0.560,-1.947
-0.592,-1.942
-0.618,-1.951
-0.626,-1.975
-0.641,-2.001
-0.660,-2.007
-0.695,-2.009
-0.747,-2.030
-0.764,-2.048
-0.763,-2.029
-0.781,-2.032
-0.796,-2.043
-0.796,-2.057
-0.803,-2.065
-0.801,-2.074
-0.804,-2.081
-0.812,-2.055
-0.787,-2.034
-0.772,-2.020
-0.763,-2.011
-0.746,-2.027
-0.761,-2.039
-0.736,-2.049
-0.720,-2.051
-0.702,-2.049
-0.678,-2.045
-0.652,-2.019
-0.644,-2.026
-0.619,-2.036
-0.609,-2.041
-0.602,-2.036
-0.583,-2.048
-0.576,-2.060
-0.559,-2.043
-0.542,-2.039
-0.517,-2.051
-0.508,-2.058
-0.500,-2.086
-0.501,-2.088
-0.484,-2.072
-0.468,-2.060
-0.466,-2.053
-0.467,-2.070
-0.449,-2.068
-0.432,-2.080
-0.432,-2.084
-0.415,-2.082
-0.424,-2.094
-0.399,-2.089
-0.382,-2.087
-0.382,-2.106
-0.382,-2.101
-0.374,-2.094
-0.374,-2.094
-0.382,-2.101
-0.391,-2.096
-0.373,-2.075
-0.374,-2.061
-0.374,-2.047
-0.382,-2.035
-0.382,-2.021
-0.382,-2.019
-0.382,-2.019
-0.374,-2.028
-0.373,-2.010
-0.390,-1.995
-0.356,-1.991
-0.373,-1.979
-0.365,-1.970
-0.382,-1.972
-0.383,-1.946
-0.365,-1.941
-0.365,-1.941
-0.374,-1.948
-0.389,-1.942
-0.407,-1.944
-0.389,-1.942
-0.398,-1.920
-0.408,-1.915
-0.433,-1.906
-0.433,-1.924
-0.432,-1.920
-0.449,-1.922
-0.441,-1.929
-0.449,-1.936
-0.441,-1.931
-0.449,-1.936
-0.466,-1.938
-0.466,-1.938
-0.449,-1.936
-0.450,-1.941
-0.449,-1.936
-0.449,-1.922
-0.458,-1.896
-0.449,-1.903
-0.432,-1.920
-0.439,-1.923
-0.440,-1.894
-0.424,-1.882
-0.441,-1.865
-0.434,-1.846
-0.416,-1.844
-0.425,-1.868
-0.424,-1.882
-0.431,-1.885
-0.440,-1.863
-0.439,-1.859
-0.440,-1.863
-0.440,-1.863
-0.440,-1.863
-0.449,-1.875
-0.440,-1.863
-0.432,-1.873
-0.440,-1.863
-0.457,-1.861
-0.449,-1.856
-0.457,-1.861
-0.457,-1.830
-0.483,-1.823
-0.490,-1.811
-0.500,-1.792
-0.508,-1.780
-0.525,-1.747
-0.517,-1.740
-0.525,-1.729
-0.526,-1.731
-0.524,-1.711
-0.525,-1.715
-0.518,-1.693
-0.526,-1.700
-0.526,-1.721
-0.518,-1.726
-0.509,-1.735
-0.492,-1.752
-0.500,-1.771
-0.491,-1.781
-0.482,-1.802
-0.483,-1.821
-0.457,-1.847
-0.448,-1.868
-0.424,-1.899
-0.424,-1.915
-0.416,-1.924
-0.415,-1.957
-0.415,-1.953
-0.407,-1.981
-0.389,-2.010
-0.406,-2.026
-0.397,-2.035
-0.406,-2.059
-0.390,-2.047
-0.398,-2.054
-0.415,-2.087
-0.415,-2.087
-0.406,-2.092
-0.414,-2.115
-0.413,-2.143
-0.415,-2.134
-0.415,-2.139
-0.406,-2.162
-0.416,-2.176
-0.398,-2.155
-0.390,-2.148
-0.381,-2.172
-0.388,-2.188
-0.389,-2.191
-0.380,-2.195
-0.372,-2.193
-0.373,-2.212
-0.347,-2.200
-0.364,-2.189
-0.347,-2.200
-0.364,-2.236
-0.364,-2.236
-0.363,-2.233
-0.372,-2.262
-0.380,-2.266
-0.389,-2.292
-0.406,-2.275
-0.422,-2.273
-0.414,-2.268
-0.423,-2.259
-0.431,-2.282
-0.447,-2.312
-0.464,-2.328
-0.465,-2.348
-0.464,-2.329
-0.499,-2.333
-0.500,-2.338
-0.516,-2.369
-0.525,-2.381
-0.533,-2.399
-0.567,-2.432
-0.567,-2.448
-0.574,-2.469
-0.609,-2.455
-0.625,-2.452
-0.634,-2.478
-0.643,-2.487
-0.642,-2.501
-0.660,-2.523
-0.668,-2.527
-0.677,-2.555
-0.686,-2.548
-0.693,-2.536
-0.660,-2.523
-0.676,-2.533
-0.676,-2.534
-0.694,-2.520
-0.710,-2.517
-0.694,-2.489
-0.668,-2.463
-0.677,-2.440
-0.677,-2.440
-0.676,-2.435
-0.666,-2.439
-0.666,-2.439
-0.677,-2.421
-0.670,-2.386
-0.644,-2.363
-0.645,-2.349
-0.644,-2.344
-0.643,-2.339
-0.634,-2.346
-0.624,-2.331
-0.633,-2.327
-0.608,-2.320
-0.601,-2.299
-0.585,-2.288
-0.568,-2.286
-0.559,-2.295
-0.532,-2.314
-0.516,-2.298
-0.490,-2.291
-0.482,-2.265
-0.449,-2.270
-0.423,-2.242
-0.407,-2.212
-0.356,-2.196
-0.321,-2.191
-0.313,-2.203
-0.287,-2.191
-0.279,-2.201
-0.246,-2.204
-0.229,-2.168
-0.212,-2.152
-0.212,-2.119
-0.229,-2.105
-0.237,-2.114
-0.246,-2.088
-0.255,-2.069
-0.255,-2.018
-0.272,-2.001
-0.305,-1.998
-0.313,-2.001
-0.305,-1.994
-0.321,-1.975
-0.364,-1.937
-0.382,-1.925
-0.407,-1.899
-0.425,-1.901
-0.449,-1.905
-0.457,-1.912
-0.449,-1.905
-0.482,-1.886
-0.500,-1.874
-0.508,-1.860
-0.508,-1.846
-0.517,-1.823
-0.534,-1.804
-0.535,-1.775
-0.534,-1.756
-0.543,-1.749
-0.551,-1.740
-0.542,-1.712
-0.542,-1.696
-0.542,-1.663
-0.543,-1.651
-0.552,-1.645
-0.561,-1.619
-0.562,-1.623
-0.561,-1.619
-0.578,-1.603
-0.577,-1.601
-0.550,-1.588
-0.560,-1.583
-0.560,-1.583
-0.560,-1.585
-0.560,-1.570
-0.552,-1.577
-0.543,-1.587
-0.551,-1.592
-0.543,-1.618
-0.543,-1.632
-0.533,-1.656
-0.560,-1.667
-0.551,-1.691
-0.551,-1.709
-0.543,-1.735
-0.542,-1.731
-0.526,-1.749
-0.525,-1.778
-0.524,-1.828
-0.508,-1.846
-0.500,-1.853
-0.500,-1.888
-0.491,-1.879
-0.500,-1.874
-0.484,-1.893
-0.492,-1.914
-0.476,-1.935
-0.466,-1.938
-0.467,-1.957
-0.450,-1.973
-0.440,-1.960
-0.415,-1.988
-0.398,-1.986
-0.423,-1.995
-0.440,-2.012
-0.424,-2.044
-0.433,-2.056
-0.407,-2.061
-0.433,-2.056
-0.441,-2.065
-0.449,-2.068
-0.458,-2.096
-0.448,-2.101
-0.466,-2.119
-0.466,-2.103
-0.465,-2.117
-0.467,-2.138
-0.474,-2.159
-0.491,-2.192
-0.483,-2.201
-0.490,-2.220
-0.491,-2.225
-0.491,-2.206
-0.501,-2.220
-0.500,-2.237
-0.501,-2.253
-0.510,-2.265
-0.500,-2.286
-0.500,-2.300
-0.491,-2.293
-0.490,-2.288
-0.491,-2.291
-0.491,-2.305
-0.499,-2.331
-0.490,-2.338
-0.491,-2.324
-0.492,-2.329
-0.508,-2.326
-0.517,-2.352
-0.508,-2.359
-0.499,-2.380
-0.500,-2.399
-0.516,-2.396
-0.508,-2.389
-0.500,-2.402
-0.499,-2.413
-0.491,-2.442
-0.499,-2.462
-0.499,-2.462
-0.508,-2.458
-0.516,-2.462
-0.524,-2.488
-0.524,-2.485
-0.516,-2.514
-0.516,-2.547
-0.533,-2.563
-0.526,-2.595
-0.542,-2.573
-0.551,-2.615
-0.559,-2.652
-0.548,-2.667
-0.557,-2.663
-0.575,-2.650
-0.593,-2.641
-0.619,-2.648
-0.626,-2.668
-0.669,-2.664
-0.668,-2.691
-0.676,-2.681
-0.677,-2.668
-0.677,-2.649
-0.669,-2.664
-0.677,-2.668
-0.669,-2.678
-0.669,-2.694
-0.651,-2.705
-0.661,-2.687
-0.652,-2.678
-0.635,-2.694
-0.635,-2.694
-0.625,-2.695
-0.591,-2.729
-0.583,-2.719
-0.576,-2.718
-0.585,-2.731
-0.568,-2.734
-0.552,-2.720
-0.526,-2.741
-0.517,-2.748
-0.517,-2.761
-0.515,-2.753
-0.515,-2.739
-0.516,-2.706
-0.541,-2.699
-0.541,-2.699
-0.549,-2.706
-0.525,-2.705
-0.533,-2.695
-0.534,-2.682
-0.535,-2.668
-0.541,-2.650
-0.542,-2.669
-0.540,-2.696
-0.541,-2.699
-0.534,-2.695
-0.542,-2.669
-0.543,-2.642
-0.550,-2.596
-0.550,-2.596
-0.541,-2.584
-0.541,-2.597
-0.541,-2.584
-0.549,-2.571
-0.542,-2.540
-0.526,-2.477
-0.526,-2.444
-0.527,-2.449
-0.508,-2.458
-0.499,-2.479
-0.498,-2.460
-0.490,-2.414
-0.499,-2.380
-0.498,-2.342
-0.482,-2.328
-0.490,-2.335
-0.490,-2.335
-0.473,-2.319
-0.489,-2.283
-0.481,-2.244
-0.482,-2.199
-0.465,-2.183
-0.474,-2.176
-0.456,-2.141
-0.441,-2.082
-0.408,-2.035
-0.390,-1.983
-0.339,-1.934
-0.338,-1.881
-0.339,-1.836
-0.313,-1.796
-0.287,-1.752
-0.246,-1.712
-0.186,-1.668
-0.178,-1.634
-0.186,-1.594
-0.186,-1.542
-0.179,-1.520
-0.170,-1.511
-0.204,-1.511
-0.221,-1.494
-0.220,-1.491
-0.221,-1.476
-0.254,-1.454
-0.271,-1.438
-0.296,-1.477
-0.304,-1.483
-0.322,-1.519
-0.347,-1.559
-0.382,-1.577
-0.425,-1.604
-0.450,-1.644
-0.485,-1.681
-0.518,-1.744
-0.536,-1.795
-0.553,-1.797
-0.545,-1.821
-0.554,-1.866
-0.561,-1.885
-0.562,-1.901
-0.561,-1.918
-0.561,-1.930
-0.561,-1.965
-0.560,-1.977
-0.535,-1.989
-0.535,-1.989
-0.543,-1.963
-0.545,-1.953
-0.544,-1.916
-0.535,-1.923
-0.551,-1.921
-0.549,-1.896
-0.549,-1.896
-0.556,-1.868
-0.557,-1.854
-0.575,-1.825
-0.575,-1.811
-0.569,-1.810
-0.560,-1.784
-0.544,-1.772
-0.536,-1.765
-0.543,-1.782
-0.535,-1.808
-0.516,-1.802
-0.483,-1.788
-0.475,-1.781
-0.483,-1.788
-0.493,-1.801
-0.476,-1.818
-0.450,-1.856
-0.458,-1.847
-0.441,-1.845
-0.407,-1.831
-0.390,-1.827
-0.374,-1.847
-0.382,-1.840
-0.382,-1.840
-0.409,-1.837
-0.375,-1.837
-0.375,-1.837
-0.358,-1.821
-0.349,-1.824
-0.332,-1.841
-0.314,-1.853
-0.323,-1.864
-0.307,-1.836
-0.307,-1.817
-0.299,-1.814
-0.265,-1.794
-0.239,-1.803
-0.205,-1.818
-0.180,-1.805
-0.146,-1.824
-0.129,-1.840
-0.112,-1.824
-0.070,-1.786
-0.053,-1.770
-0.010,-1.765
 0.007,-1.761
 0.032,-1.785
 0.049,-1.769
 0.066,-1.752
 0.066,-1.738
 0.058,-1.760
 0.040,-1.778
 0.041,-1.796
 0.024,-1.811
 0.007,-1.817
 0.007,-1.848
-0.010,-1.864
-0.002,-1.890
-0.010,-1.893
-0.018,-1.935
-0.018,-1.963
-0.026,-1.989
-0.027,-2.024
-0.052,-2.045
-0.044,-2.045
-0.053,-2.052
-0.061,-2.061
-0.052,-2.087
-0.060,-2.104
-0.052,-2.130
-0.069,-2.127
-0.078,-2.137
-0.078,-2.141
-0.086,-2.115
-0.086,-2.101
-0.086,-2.115
-0.094,-2.155
-0.111,-2.153
-0.119,-2.157
-0.145,-2.155
-0.153,-2.143
-0.162,-2.152
-0.146,-2.127
-0.154,-2.115
-0.146,-2.129
-0.162,-2.127
-0.162,-2.127
-0.171,-2.119
-0.204,-2.096
-0.204,-2.115
-0.195,-2.101
-0.195,-2.103
-0.195,-2.122
-0.212,-2.119
-0.238,-2.117
-0.272,-2.130
-0.297,-2.140
-0.331,-2.156
-0.322,-2.174
-0.330,-2.186
-0.339,-2.158
-0.347,-2.170
-0.331,-2.172
-0.339,-2.177
-0.348,-2.172
-0.365,-2.169
-0.373,-2.162
-0.373,-2.162
-0.356,-2.174
-0.356,-2.179
-0.372,-2.172
-0.373,-2.158
-0.391,-2.132
-0.398,-2.120
-0.391,-2.134
-0.391,-2.101
-0.382,-2.075
-0.391,-2.068
-0.407,-2.061
-0.433,-2.056
-0.457,-2.058
-0.465,-2.051
-0.483,-2.037
-0.499,-2.018
-0.501,-2.008
-0.508,-2.030
-0.534,-2.036
-0.534,-2.055
-0.542,-2.060
-0.551,-2.071
-0.567,-2.069
-0.576,-2.078
-0.585,-2.055
-0.576,-2.043
-0.568,-2.055
-0.568,-2.036
-0.568,-2.055
-0.577,-2.045
-0.559,-2.024
-0.534,-2.003
-0.542,-1.975
-0.550,-1.968
-0.551,-1.972
-0.534,-1.970
-0.536,-1.928
-0.527,-1.902
-0.527,-1.885
-0.527,-1.885
-0.517,-1.888
-0.525,-1.931
-0.516,-1.919
-0.525,-1.928
-0.543,-1.930
-0.525,-1.928
-0.518,-1.940
-0.501,-1.956
-0.484,-1.973
-0.492,-1.999
-0.483,-2.002
-0.483,-2.006
-0.466,-2.004
-0.458,-2.030
-0.450,-2.039
-0.432,-2.018
-0.417,-2.009
-0.390,-1.998
-0.398,-2.005
-0.390,-2.031
-0.381,-2.035
-0.373,-2.031
-0.356,-2.026
-0.347,-2.003
-0.348,-1.993
-0.356,-2.014
-0.366,-2.028
-0.357,-2.019
-0.339,-2.017
-0.340,-2.036
-0.339,-2.029
-0.339,-1.998
-0.339,-1.996
-0.339,-2.012
-0.322,-2.012
-0.338,-2.026
-0.314,-2.008
-0.289,-1.998
-0.264,-2.008
-0.255,-2.018
-0.254,-2.013
-0.238,-2.015
-0.237,-2.029
-0.238,-2.048
-0.212,-2.075
-0.195,-2.087
-0.195,-2.110
-0.195,-2.105
-0.195,-2.105
-0.212,-2.122
-0.211,-2.136
-0.211,-2.187
-0.228,-2.232
-0.237,-2.260
-0.246,-2.256
-0.237,-2.260
-0.272,-2.237
-0.263,-2.227
-0.280,-2.258
-0.296,-2.288
-0.312,-2.299
-0.321,-2.309
-0.337,-2.289
-0.355,-2.292
-0.364,-2.287
-0.372,-2.294
-0.389,-2.299
-0.406,-2.310
-0.414,-2.334
-0.405,-2.343
-0.396,-2.364
-0.397,-2.403
-0.389,-2.410
-0.397,-2.416
-0.397,-2.436
-0.413,-2.447
-0.405,-2.476
-0.422,-2.489
-0.421,-2.503
-0.431,-2.499
-0.431,-2.498
-0.431,-2.532
-0.421,-2.536
-0.422,-2.555
-0.414,-2.551
-0.431,-2.534
-0.449,-2.542
-0.439,-2.527
-0.431,-2.551
-0.439,-2.574
-0.438,-2.599
-0.447,-2.611
-0.446,-2.625
-0.447,-2.630
-0.464,-2.600
-0.480,-2.614
-0.473,-2.643
-0.473,-2.656
-0.481,-2.660
-0.490,-2.640
-0.506,-2.617
-0.507,-2.623
-0.506,-2.604
-0.540,-2.636
-0.540,-2.639
-0.556,-2.666
-0.557,-2.655
-0.557,-2.669
-0.573,-2.685
-0.582,-2.695
-0.556,-2.680
-0.565,-2.676
-0.591,-2.685
-0.590,-2.702
-0.599,-2.714
-0.600,-2.698
-0.601,-2.687
-0.610,-2.677
-0.634,-2.681
-0.617,-2.698
-0.614,-2.716
-0.623,-2.745
-0.641,-2.748
-0.650,-2.727
-0.652,-2.717
-0.651,-2.730
-0.660,-2.740
-0.668,-2.744
-0.676,-2.783
-0.668,-2.810
-0.649,-2.820
-0.651,-2.826
-0.650,-2.859
-0.633,-2.889
-0.617,-2.879
-0.625,-2.883
-0.625,-2.902
-0.616,-2.939
-0.616,-2.959
-0.625,-2.949
-0.615,-2.933
-0.625,-2.935
-0.617,-2.909
-0.625,-2.902
-0.627,-2.875
-0.617,-2.829
-0.601,-2.816
-0.592,-2.823
-0.582,-2.807
-0.574,-2.768
-0.590,-2.745
-0.574,-2.735
-0.566,-2.708
-0.550,-2.712
-0.534,-2.701
-0.498,-2.679
-0.482,-2.682
-0.465,-2.682
-0.448,-2.680
-0.440,-2.657
-0.422,-2.634
-0.406,-2.657
-0.363,-2.645
-0.321,-2.641
-0.304,-2.611
-0.295,-2.596
-0.304,-2.606
-0.278,-2.596
-0.270,-2.573
-0.261,-2.563
-0.253,-2.521
-0.236,-2.529
-0.245,-2.520
-0.245,-2.473
-0.246,-2.459
-0.253,-2.427
-0.245,-2.440
-0.228,-2.434
-0.236,-2.422
-0.228,-2.402
-0.253,-2.373
-0.270,-2.361
-0.287,-2.364
-0.296,-2.354
-0.296,-2.370
-0.312,-2.349
-0.321,-2.344
-0.330,-2.335
-0.355,-2.344
-0.372,-2.313
-0.372,-2.308
-0.389,-2.344
-0.380,-2.367
-0.371,-2.374
-0.398,-2.353
-0.389,-2.341
-0.381,-2.337
-0.389,-2.344
-0.371,-2.355
-0.380,-2.381
-0.380,-2.381
-0.389,-2.344
-0.390,-2.316
-0.390,-2.302
-0.399,-2.278
-0.406,-2.280
-0.406,-2.280
-0.414,-2.282
-0.405,-2.256
-0.423,-2.211
-0.422,-2.176
-0.440,-2.178
-0.440,-2.164
-0.431,-2.155
-0.423,-2.115
-0.431,-2.103
-0.424,-2.084
-0.415,-2.073
-0.414,-2.070
-0.440,-2.049
-0.431,-2.004
-0.440,-1.983
-0.423,-1.967
-0.449,-1.957
-0.448,-1.941
-0.457,-1.929
-0.457,-1.898
-0.448,-1.873
-0.456,-1.861
-0.465,-1.839
-0.457,-1.814
-0.466,-1.811
-0.458,-1.806
-0.458,-1.787
-0.458,-1.773
-0.457,-1.769
-0.482,-1.759
-0.474,-1.766
-0.464,-1.772
-0.457,-1.750
-0.465,-1.722
-0.483,-1.712
-0.492,-1.688
-0.491,-1.669
-0.500,-1.662
-0.499,-1.658
-0.516,-1.660
-0.516,-1.642
-0.524,-1.632
-0.534,-1.627
-0.541,-1.616
-0.542,-1.620
-0.551,-1.612
-0.559,-1.617
-0.550,-1.627
-0.550,-1.641
-0.559,-1.652
-0.549,-1.656
-0.541,-1.663
-0.534,-1.678
-0.516,-1.691
-0.543,-1.722
-0.535,-1.715
-0.517,-1.730
-0.501,-1.730
-0.491,-1.750
-0.491,-1.783
-0.490,-1.781
-0.489,-1.795
-0.508,-1.801
-0.499,-1.790
-0.500,-1.813
-0.499,-1.810
-0.516,-1.825
-0.499,-1.843
-0.506,-1.863
-0.516,-1.891
-0.516,-1.891
-0.533,-1.907
-0.525,-1.919
-0.524,-1.914
-0.542,-1.935
-0.549,-1.956
-0.548,-1.985
-0.557,-1.994
-0.566,-2.017
-0.566,-2.036
-0.558,-2.027
-0.558,-2.029
-0.559,-2.034
-0.550,-2.055
-0.568,-2.059
-0.576,-2.050
-0.559,-2.034
-0.551,-2.027
-0.558,-2.029
-0.558,-2.046
-0.540,-2.043
-0.524,-2.044
-0.508,-2.065
-0.524,-2.062
-0.516,-2.091
-0.491,-2.100
-0.498,-2.119
-0.482,-2.154
-0.456,-2.159
-0.439,-2.176
-0.439,-2.195
-0.430,-2.218
-0.414,-2.240
-0.380,-2.235
-0.389,-2.264
-0.388,-2.278
-0.380,-2.285
-0.363,-2.301
-0.345,-2.299
-0.346,-2.318
-0.346,-2.318
-0.329,-2.335
-0.321,-2.330
-0.321,-2.297
-0.321,-2.302
-0.313,-2.309
-0.321,-2.297
-0.312,-2.307
-0.303,-2.309
-0.303,-2.309
-0.295,-2.319
-0.320,-2.325
-0.312,-2.340
-0.312,-2.351
-0.312,-2.371
-0.329,-2.387
-0.320,-2.410
-0.320,-2.429
-0.320,-2.441
-0.337,-2.473
-0.362,-2.499
-0.371,-2.522
-0.397,-2.537
-0.405,-2.508
-0.414,-2.521
-0.422,-2.525
-0.455,-2.519
-0.456,-2.524
-0.454,-2.533
-0.446,-2.529
-0.439,-2.494
-0.447,-2.468
-0.457,-2.450
-0.465,-2.438
-0.474,-2.447
-0.464,-2.451
-0.490,-2.458
-0.473,-2.445
-0.489,-2.439
-0.498,-2.418
-0.507,-2.411
-0.514,-2.432
-0.507,-2.444
-0.523,-2.455
-0.531,-2.448
-0.524,-2.461
-0.523,-2.474
-0.532,-2.484
-0.523,-2.488
-0.532,-2.484
-0.532,-2.467
-0.540,-2.458
-0.541,-2.444
-0.540,-2.439
-0.549,-2.451
-0.557,-2.458
-0.548,-2.445
-0.557,-2.444
-0.547,-2.429
-0.573,-2.422
-0.558,-2.394
-0.557,-2.392
-0.584,-2.390
-0.591,-2.410
-0.575,-2.413
-0.583,-2.437
-0.582,-2.431
-0.575,-2.411
-0.566,-2.398
-0.557,-2.408
-0.540,-2.406
-0.531,-2.413
-0.541,-2.411
-0.533,-2.401
-0.532,-2.418
-0.532,-2.418
-0.523,-2.406
-0.524,-2.411
-0.523,-2.408
-0.515,-2.418
-0.523,-2.408
-0.515,-2.399
-0.507,-2.428
-0.506,-2.422
-0.498,-2.418
-0.498,-2.418
-0.472,-2.406
-0.456,-2.409
-0.455,-2.387
-0.439,-2.390
-0.439,-2.376
-0.438,-2.374
-0.440,-2.398
-0.448,-2.391
-0.440,-2.384
-0.424,-2.351
-0.431,-2.353
-0.439,-2.360
-0.429,-2.359
-0.446,-2.378
-0.421,-2.357
-0.430,-2.334
-0.424,-2.318
-0.414,-2.289
-0.414,-2.289
-0.406,-2.280
-0.404,-2.289
-0.380,-2.318
-0.388,-2.292
-0.397,-2.287
-0.406,-2.266
-0.397,-2.254
-0.407,-2.249
-0.405,-2.258
-0.422,-2.258
-0.431,-2.268
-0.430,-2.249
-0.431,-2.254
-0.422,-2.256
-0.422,-2.242
-0.432,-2.240
-0.432,-2.237
-0.441,-2.254
-0.423,-2.233
-0.423,-2.216
-0.406,-2.197
-0.406,-2.179
-0.406,-2.179
-0.405,-2.174
-0.414,-2.153
-0.406,-2.134
-0.406,-2.115
-0.398,-2.092
-0.397,-2.087
-0.405,-2.080
-0.406,-2.063
-0.414,-2.037
-0.398,-2.026
-0.406,-2.014
-0.406,-2.000
-0.397,-1.957
-0.406,-1.915
-0.389,-1.884
-0.389,-1.866
-0.397,-1.873
-0.389,-1.882
-0.380,-1.857
-0.372,-1.850
-0.363,-1.822
-0.373,-1.802
-0.373,-1.802
-0.381,-1.809
-0.365,-1.797
-0.347,-1.795
-0.339,-1.805
-0.348,-1.814
-0.355,-1.833
-0.364,-1.842
-0.355,-1.847
-0.347,-1.840
-0.338,-1.850
-0.338,-1.850
-0.347,-1.861
-0.338,-1.850
-0.347,-1.859
-0.347,-1.877
-0.338,-1.883
-0.356,-1.885
-0.356,-1.868
-0.364,-1.861
-0.356,-1.852
-0.356,-1.850
-0.365,-1.828
-0.390,-1.816
-0.398,-1.809
-0.398,-1.809
-0.372,-1.798
-0.381,-1.774
-0.381,-1.756
-0.398,-1.743
-0.381,-1.729
-0.373,-1.722
-0.391,-1.709
-0.390,-1.705
-0.382,-1.715
-0.365,-1.698
-0.372,-1.716
-0.356,-1.734
-0.355,-1.749
-0.364,-1.760
-0.365,-1.762
-0.373,-1.769
-0.348,-1.797
-0.364,-1.809
-0.347,-1.826
-0.356,-1.852
-0.355,-1.848
-0.331,-1.861
-0.339,-1.885
-0.347,-1.892
-0.338,-1.901
-0.338,-1.916
-0.313,-1.944
-0.321,-1.949
-0.321,-1.982
-0.313,-1.991
-0.312,-2.005
-0.321,-2.048
-0.287,-2.062
-0.287,-2.081
-0.279,-2.109
-0.271,-2.135
-0.271,-2.140
-0.262,-2.145
-0.271,-2.168
-0.287,-2.199
-0.311,-2.217
-0.312,-2.236
-0.329,-2.252
-0.354,-2.245
-0.346,-2.241
-0.354,-2.247
-0.355,-2.250
-0.363,-2.254
-0.397,-2.271
-0.379,-2.271
-0.396,-2.252
-0.397,-2.238
-0.388,-2.212
-0.397,-2.205
-0.397,-2.191
-0.405,-2.179
-0.405,-2.198
-0.388,-2.209
-0.405,-2.226
-0.388,-2.247
-0.396,-2.233
-0.413,-2.252
-0.405,-2.278
-0.422,-2.313
-0.422,-2.332
-0.414,-2.342
-0.448,-2.360
-0.456,-2.381
-0.464,-2.419
-0.472,-2.442
-0.496,-2.427
-0.514,-2.449
-0.513,-2.446
-0.539,-2.458
-0.557,-2.460
-0.565,-2.483
-0.600,-2.502
-0.616,-2.500
-0.616,-2.533
-0.625,-2.542
-0.641,-2.539
-0.650,-2.549
-0.633,-2.565
-0.633,-2.565
-0.651,-2.568
-0.649,-2.576
-0.650,-2.615
-0.633,-2.648
-0.633,-2.648
-0.633,-2.648
-0.641,-2.668
-0.634,-2.667
-0.633,-2.681
-0.624,-2.701
-0.617,-2.717
-0.624,-2.737
-0.617,-2.750
-0.616,-2.764
-0.625,-2.754
-0.625,-2.740
-0.615,-2.725
-0.616,-2.711
-0.615,-2.725
-0.598,-2.741
-0.599,-2.714
-0.600,-2.698
-0.618,-2.687
-0.600,-2.684
-0.600,-2.698
-0.600,-2.701
-0.599,-2.695
-0.608,-2.708
-0.599,-2.714
-0.599,-2.728
-0.600,-2.731
-0.590,-2.715
-0.599,-2.711
-0.590,-2.702
-0.573,-2.699
-0.556,-2.702
-0.556,-2.702
-0.549,-2.685
-0.550,-2.671
-0.541,-2.648
-0.516,-2.624
-0.498,-2.616
-0.473,-2.610
-0.464,-2.597
-0.480,-2.578
-0.489,-2.590
-0.480,-2.578
-0.490,-2.560
-0.481,-2.536
-0.489,-2.541
-0.490,-2.527
-0.481,-2.514
-0.481,-2.515
-0.472,-2.524
-0.481,-2.548
-0.498,-2.550
-0.473,-2.541
-0.457,-2.530
-0.448,-2.520
-0.455,-2.541
-0.472,-2.557
-0.471,-2.585
-0.464,-2.597
-0.463,-2.578
-0.456,-2.557
-0.473,-2.530
-0.473,-2.510
-0.465,-2.506
-0.456,-2.480
-0.448,-2.487
-0.465,-2.473
-0.463,-2.482
-0.464,-2.468
-0.456,-2.442
-0.447,-2.416
-0.439,-2.412
-0.429,-2.397
-0.413,-2.386
-0.396,-2.369
-0.396,-2.370
-0.388,-2.363
-0.405,-2.360
-0.397,-2.372
-0.388,-2.360
-0.371,-2.360
-0.354,-2.363
-0.337,-2.361
-0.338,-2.366
-0.346,-2.373
-0.337,-2.360
-0.329,-2.356
-0.311,-2.365
-0.303,-2.389
-0.303,-2.361
-0.295,-2.354
-0.296,-2.359
-0.287,-2.350
-0.296,-2.362
-0.287,-2.352
-0.295,-2.357
-0.295,-2.371
-0.293,-2.363
-0.286,-2.375
-0.277,-2.371
-0.295,-2.371
-0.287,-2.385
-0.286,-2.380
-0.286,-2.380
-0.303,-2.397
-0.311,-2.401
-0.320,-2.413
-0.328,-2.417
-0.345,-2.453
-0.353,-2.459
-0.362,-2.469
-0.380,-2.491
-0.371,-2.492
-0.396,-2.518
-0.413,-2.532
-0.429,-2.548
-0.438,-2.541
-0.446,-2.542
-0.464,-2.553
-0.472,-2.527
-0.473,-2.530
-0.491,-2.535
-0.490,-2.529
-0.507,-2.513
-0.506,-2.494
-0.506,-2.458
-0.514,-2.432
-0.513,-2.427
-0.523,-2.441
-0.523,-2.441
-0.523,-2.444
-0.524,-2.433
-0.532,-2.418
-0.532,-2.437
-0.523,-2.441
-0.505,-2.455
-0.506,-2.494
-0.505,-2.521
-0.498,-2.536
-0.489,-2.543
-0.464,-2.553
-0.464,-2.556
-0.454,-2.538
-0.446,-2.548
-0.438,-2.541
-0.437,-2.549
-0.445,-2.562
-0.454,-2.538
-0.456,-2.546
-0.448,-2.523
-0.448,-2.509
-0.440,-2.486
-0.447,-2.471
-0.464,-2.487
-0.480,-2.482
-0.479,-2.476
-0.472,-2.475
-0.480,-2.465
-0.456,-2.464
-0.456,-2.464
-0.464,-2.487
-0.472,-2.494
-0.463,-2.498
-0.472,-2.508
-0.455,-2.508
-0.438,-2.508
-0.447,-2.504
-0.421,-2.492
-0.439,-2.514
-0.438,-2.527
-0.421,-2.525
-0.413,-2.518
-0.396,-2.515
-0.396,-2.502
-0.387,-2.522
-0.370,-2.520
-0.362,-2.518
-0.354,-2.509
-0.363,-2.507
-0.356,-2.503
-0.346,-2.507
-0.338,-2.517
-0.345,-2.516
-0.337,-2.525
-0.328,-2.516
-0.336,-2.506
-0.346,-2.502
-0.336,-2.473
-0.346,-2.488
-0.329,-2.505
-0.320,-2.509
-0.337,-2.495
-0.345,-2.483
-0.337,-2.509
-0.329,-2.518
-0.319,-2.523
-0.320,-2.528
-0.319,-2.523
-0.329,-2.538
-0.329,-2.538
-0.345,-2.535
-0.354,-2.528
-0.354,-2.542
-0.353,-2.555
-0.353,-2.556
-0.370,-2.555
-0.371,-2.561
-0.371,-2.561
-0.372,-2.569
-0.380,-2.559
-0.388,-2.547
-0.380,-2.540
-0.379,-2.515
-0.396,-2.532
-0.396,-2.545
