 0.106,-1.997
 0.106,-2.006
 0.076,-2.001
 0.091,-2.014
 0.091,-2.014
 0.091,-2.039
 0.091,-2.048
 0.090,-2.043
 0.091,-2.073
 0.091,-2.073
 0.091,-2.039
 0.091,-2.073
 0.061,-2.069
 0.060,-2.043
 0.091,-2.048
 0.060,-2.043
 0.092,-2.052
 0.091,-2.039
 0.076,-2.060
 0.060,-2.043
 0.076,-2.052
 0.076,-2.060
 0.075,-2.056
 0.091,-2.073
 0.061,-2.077
 0.060,-2.043
 0.076,-2.069
 0.045,-2.060
 0.046,-2.089
 0.046,-2.089
 0.030,-2.098
 0.046,-2.089
 0.030,-2.098
 0.046,-2.090
 0.046,-2.089
 0.030,-2.072
 0.046,-2.064
 0.000,-2.068
 0.015,-2.089
 0.030,-2.072
 0.016,-2.085
-0.000,-2.076
 0.015,-2.056
-0.000,-2.076
 0.015,-2.089
 0.030,-2.098
 0.000,-2.102
 0.030,-2.098
 0.000,-2.102
 0.015,-2.089
 0.016,-2.085
 0.016,-2.093
 0.016,-2.085
 0.030,-2.072
 0.030,-2.106
 0.030,-2.098
 0.016,-2.093
 0.030,-2.098
 0.030,-2.098
 0.030,-2.131
 0.030,-2.123
 0.030,-2.106
 0.030,-2.106
 0.015,-2.123
 0.030,-2.140
 0.045,-2.144
 0.031,-2.165
 0.045,-2.110
 0.060,-2.132
 0.061,-2.102
 0.061,-2.102
 0.061,-2.111
 0.060,-2.072
 0.061,-2.102
 0.075,-2.115
 0.075,-2.111
 0.075,-2.090
 0.106,-2.086
 0.090,-2.102
 0.091,-2.107
 0.090,-2.102
 0.090,-2.136
 0.106,-2.111
 0.121,-2.132
 0.121,-2.132
 0.136,-2.115
 0.136,-2.124
 0.121,-2.132
 0.136,-2.149
 0.151,-2.137
 0.151,-2.128
 0.151,-2.137
 0.165,-2.116
 0.166,-2.149
 0.151,-2.136
 0.166,-2.145
 0.181,-2.166
 0.165,-2.141
 0.181,-2.166
 0.196,-2.179
 0.180,-2.153
 0.196,-2.145
 0.196,-2.170
 0.166,-2.149
 0.165,-2.153
 0.181,-2.137
 0.181,-2.171
 0.196,-2.145
 0.180,-2.187
 0.165,-2.204
 0.180,-2.212
 0.181,-2.196
 0.195,-2.175
 0.181,-2.196
 0.181,-2.196
 0.211,-2.192
 0.212,-2.221
 0.211,-2.217
 0.211,-2.251
 0.211,-2.251
 0.226,-2.263
 0.211,-2.255
 0.211,-2.251
 0.196,-2.268
 0.211,-2.280
 0.240,-2.276
 0.226,-2.272
 0.226,-2.263
 0.226,-2.263
 0.242,-2.280
 0.226,-2.263
 0.227,-2.268
 0.226,-2.263
 0.212,-2.285
 0.227,-2.268
 0.226,-2.263
 0.212,-2.285
 0.226,-2.263
 0.226,-2.297
 0.211,-2.309
 0.226,-2.288
 0.226,-2.297
 0.181,-2.305
 0.196,-2.292
 0.211,-2.309
 0.196,-2.317
 0.181,-2.314
 0.196,-2.326
 0.166,-2.331
 0.181,-2.314
 0.196,-2.347
 0.196,-2.385
 0.181,-2.388
 0.151,-2.393
 0.167,-2.410
 0.166,-2.380
 0.166,-2.390
 0.150,-2.397
 0.136,-2.444
 0.136,-2.444
 0.105,-2.463
 0.120,-2.486
 0.121,-2.481
 0.120,-2.485
 0.090,-2.515
 0.105,-2.527
 0.090,-2.514
 0.106,-2.522
 0.090,-2.539
 0.076,-2.561
 0.090,-2.539
 0.076,-2.561
 0.075,-2.527
 0.060,-2.544
 0.060,-2.544
 0.060,-2.568
 0.076,-2.561
 0.060,-2.568
 0.090,-2.573
 0.060,-2.544
 0.076,-2.551
 0.060,-2.544
 0.075,-2.527
 0.060,-2.544
 0.090,-2.514
 0.061,-2.504
 0.075,-2.502
 0.060,-2.485
 0.075,-2.477
 0.075,-2.477
 0.075,-2.468
 0.060,-2.460
 0.061,-2.480
 0.075,-2.468
 0.060,-2.485
 0.075,-2.468
 0.106,-2.448
 0.090,-2.456
 0.090,-2.431
 0.075,-2.443
 0.105,-2.434
 0.105,-2.439
 0.075,-2.434
 0.090,-2.431
 0.090,-2.431
 0.090,-2.421
 0.090,-2.431
 0.120,-2.451
 0.105,-2.468
 0.090,-2.456
 0.090,-2.480
 0.120,-2.461
 0.120,-2.451
 0.105,-2.443
 0.120,-2.456
 0.135,-2.464
 0.120,-2.456
 0.135,-2.463
 0.120,-2.456
 0.120,-2.456
 0.135,-2.439
 0.135,-2.473
 0.150,-2.451
 0.134,-2.444
 0.151,-2.456
 0.150,-2.451
 0.151,-2.432
 0.149,-2.417
 0.150,-2.427
 0.150,-2.427
 0.135,-2.405
 0.150,-2.402
 0.150,-2.368
 0.135,-2.389
 0.165,-2.385
 0.165,-2.410
 0.150,-2.398
 0.150,-2.388
 0.150,-2.397
 0.165,-2.385
 0.181,-2.368
 0.150,-2.343
 0.150,-2.338
 0.135,-2.355
 0.150,-2.368
 0.135,-2.405
 0.120,-2.402
 0.135,-2.380
 0.120,-2.402
 0.135,-2.389
 0.105,-2.409
 0.135,-2.414
 0.135,-2.405
 0.105,-2.409
 0.105,-2.409
 0.120,-2.392
 0.120,-2.402
 0.120,-2.367
 0.120,-2.402
 0.105,-2.384
 0.105,-2.409
 0.120,-2.427
 0.105,-2.434
 0.105,-2.444
 0.105,-2.443
 0.104,-2.438
 0.089,-2.461
 0.089,-2.451
 0.089,-2.485
 0.089,-2.485
 0.104,-2.497
 0.089,-2.485
 0.089,-2.485
 0.090,-2.519
 0.074,-2.527
 0.089,-2.534
 0.090,-2.544
 0.059,-2.539
 0.045,-2.536
 0.059,-2.524
 0.075,-2.531
 0.045,-2.536
 0.059,-2.539
 0.059,-2.573
 0.075,-2.556
 0.075,-2.556
 0.059,-2.549
 0.075,-2.556
 0.075,-2.566
 0.059,-2.548
 0.075,-2.556
 0.090,-2.603
 0.090,-2.593
 0.090,-2.603
 0.105,-2.615
 0.074,-2.620
 0.105,-2.625
 0.121,-2.627
 0.105,-2.615
 0.105,-2.645
 0.105,-2.610
 0.105,-2.650
 0.105,-2.645
 0.120,-2.667
 0.135,-2.679
 0.105,-2.674
 0.120,-2.697
 0.120,-2.681
 0.105,-2.709
 0.105,-2.709
 0.090,-2.686
 0.105,-2.709
 0.120,-2.686
 0.105,-2.709
 0.105,-2.708
 0.089,-2.715
 0.120,-2.721
 0.105,-2.698
 0.120,-2.721
 0.120,-2.721
 0.105,-2.733
 0.135,-2.738
 0.105,-2.722
 0.105,-2.733
 0.105,-2.733
 0.120,-2.721
 0.120,-2.731
 0.090,-2.720
 0.105,-2.743
 0.121,-2.750
 0.120,-2.769
 0.121,-2.775
 0.120,-2.769
 0.120,-2.780
 0.120,-2.755
 0.135,-2.768
 0.135,-2.743
 0.120,-2.745
 0.135,-2.762
 0.120,-2.745
 0.135,-2.763
 0.120,-2.755
 0.135,-2.728
 0.120,-2.756
 0.135,-2.733
 0.120,-2.745
 0.120,-2.721
 0.135,-2.728
 0.120,-2.721
 0.135,-2.704
 0.135,-2.704
 0.105,-2.708
 0.135,-2.669
 0.135,-2.679
 0.165,-2.675
 0.150,-2.657
 0.151,-2.638
 0.150,-2.657
 0.165,-2.650
 0.150,-2.633
 0.165,-2.616
 0.165,-2.591
 0.165,-2.581
 0.150,-2.579
 0.165,-2.557
 0.150,-2.569
 0.165,-2.557
 0.150,-2.534
 0.150,-2.544
 0.165,-2.532
 0.150,-2.520
 0.150,-2.520
 0.165,-2.522
 0.150,-2.545
 0.150,-2.510
 0.150,-2.535
 0.135,-2.527
 0.135,-2.497
 0.120,-2.490
 0.120,-2.490
 0.104,-2.497
 0.105,-2.503
 0.105,-2.492
 0.105,-2.502
 0.120,-2.490
 0.089,-2.485
 0.120,-2.490
 0.120,-2.480
 0.120,-2.456
 0.105,-2.468
 0.089,-2.451
 0.105,-2.443
 0.105,-2.409
 0.090,-2.431
 0.120,-2.426
 0.105,-2.409
 0.090,-2.397
 0.105,-2.409
 0.090,-2.397
 0.105,-2.384
 0.090,-2.397
 0.105,-2.384
 0.074,-2.379
 0.090,-2.372
 0.074,-2.379
 0.074,-2.379
 0.090,-2.372
 0.089,-2.358
 0.075,-2.384
 0.074,-2.379
 0.074,-2.379
 0.074,-2.414
 0.074,-2.379
 0.074,-2.389
 0.090,-2.372
 0.105,-2.384
 0.090,-2.396
 0.074,-2.404
 0.075,-2.409
 0.060,-2.392
 0.045,-2.379
 0.045,-2.389
 0.059,-2.367
 0.060,-2.401
 0.090,-2.397
 0.075,-2.409
 0.075,-2.384
 0.090,-2.421
 0.090,-2.431
 0.060,-2.426
 0.074,-2.438
 0.074,-2.414
 0.105,-2.434
 0.105,-2.443
 0.074,-2.438
 0.074,-2.438
 0.090,-2.431
 0.105,-2.409
 0.105,-2.443
 0.091,-2.426
 0.074,-2.438
 0.074,-2.414
 0.074,-2.438
 0.105,-2.443
 0.105,-2.443
 0.105,-2.443
 0.090,-2.456
 0.120,-2.451
 0.120,-2.456
 0.120,-2.455
 0.120,-2.451
 0.105,-2.443
 0.119,-2.421
 0.120,-2.456
 0.135,-2.464
 0.120,-2.485
 0.120,-2.490
 0.120,-2.456
 0.120,-2.465
 0.089,-2.460
 0.105,-2.468
 0.104,-2.498
 0.105,-2.493
 0.104,-2.532
 0.105,-2.527
 0.104,-2.532
 0.105,-2.537
 0.090,-2.544
 0.090,-2.578
 0.104,-2.556
 0.105,-2.615
 0.119,-2.603
 0.119,-2.627
 0.120,-2.637
 0.120,-2.632
 0.120,-2.657
 0.120,-2.692
 0.135,-2.669
 0.105,-2.709
 0.135,-2.704
 0.120,-2.721
 0.150,-2.726
 0.135,-2.733
 0.135,-2.768
 0.150,-2.750
 0.165,-2.763
 0.165,-2.798
 0.165,-2.763
 0.165,-2.773
 0.165,-2.739
 0.165,-2.763
 0.196,-2.768
 0.165,-2.787
 0.165,-2.797
 0.180,-2.810
 0.180,-2.810
 0.181,-2.815
 0.180,-2.799
 0.180,-2.810
 0.180,-2.834
 0.165,-2.822
 0.180,-2.845
 0.165,-2.851
 0.196,-2.862
 0.180,-2.869
 0.180,-2.893
 0.180,-2.928
 0.165,-2.934
 0.150,-2.957
 0.150,-2.922
 0.165,-2.945
 0.165,-2.945
 0.180,-2.952
 0.150,-2.986
 0.165,-2.993
 0.135,-2.998
 0.135,-3.033
 0.150,-3.010
 0.135,-3.033
 0.135,-3.057
 0.135,-3.057
 0.151,-3.075
 0.135,-3.081
 0.151,-3.075
 0.135,-3.057
 0.151,-3.075
 0.121,-3.080
 0.135,-3.081
 0.120,-3.134
 0.135,-3.116
 0.120,-3.128
 0.135,-3.116
 0.105,-3.110
 0.105,-3.122
 0.120,-3.133
 0.120,-3.133
 0.104,-3.151
 0.120,-3.151
 0.105,-3.157
 0.120,-3.157
 0.105,-3.169
 0.090,-3.186
 0.104,-3.198
 0.104,-3.175
 0.119,-3.163
 0.119,-3.198
 0.135,-3.216
 0.150,-3.216
 0.134,-3.234
 0.164,-3.228
 0.164,-3.228
 0.165,-3.234
 0.164,-3.228
 0.180,-3.229
 0.194,-3.204
 0.195,-3.211
 0.210,-3.223
 0.240,-3.217
 0.240,-3.229
 0.240,-3.217
 0.270,-3.223
 0.270,-3.223
 0.285,-3.235
 0.285,-3.235
 0.300,-3.247
 0.300,-3.247
 0.285,-3.235
 0.285,-3.258
 0.285,-3.271
 0.300,-3.247
 0.300,-3.283
 0.300,-3.282
 0.269,-3.299
 0.270,-3.312
 0.254,-3.287
 0.255,-3.323
 0.270,-3.312
 0.254,-3.287
 0.255,-3.300
 0.254,-3.287
 0.239,-3.282
 0.255,-3.300
 0.255,-3.287
 0.240,-3.311
 0.239,-3.305
 0.225,-3.294
 0.241,-3.288
 0.225,-3.270
 0.225,-3.246
 0.224,-3.234
 0.209,-3.252
 0.209,-3.252
 0.209,-3.234
 0.224,-3.234
 0.224,-3.199
 0.210,-3.199
 0.225,-3.187
 0.209,-3.163
 0.225,-3.182
 0.194,-3.169
 0.210,-3.158
 0.209,-3.164
 0.194,-3.140
 0.211,-3.146
 0.210,-3.134
 0.225,-3.122
 0.210,-3.134
 0.224,-3.110
 0.210,-3.134
 0.224,-3.111
 0.225,-3.146
 0.225,-3.122
 0.210,-3.099
 0.226,-3.093
 0.240,-3.070
 0.225,-3.087
 0.240,-3.046
 0.255,-3.052
 0.256,-3.064
 0.270,-3.040
 0.240,-3.046
 0.270,-3.017
 0.270,-3.040
 0.256,-3.005
 0.285,-3.023
 0.285,-2.999
 0.271,-2.993
 0.270,-2.982
 0.286,-2.976
 0.270,-2.982
 0.270,-2.982
 0.286,-2.976
 0.285,-2.940
 0.256,-2.957
 0.270,-2.958
 0.286,-2.976
 0.270,-2.982
 0.270,-2.976
 0.271,-2.988
 0.285,-2.964
 0.270,-2.958
 0.240,-2.963
 0.255,-2.970
 0.225,-2.975
 0.224,-2.993
 0.240,-3.011
 0.210,-3.016
 0.209,-3.040
 0.210,-3.052
 0.209,-3.040
 0.179,-3.046
 0.165,-3.057
 0.164,-3.081
 0.165,-3.093
 0.149,-3.063
 0.149,-3.075
 0.134,-3.086
 0.119,-3.069
 0.134,-3.092
 0.119,-3.068
 0.134,-3.092
 0.135,-3.122
 0.119,-3.128
 0.119,-3.139
 0.119,-3.127
 0.119,-3.163
 0.119,-3.163
 0.104,-3.168
 0.119,-3.192
 0.103,-3.198
 0.133,-3.204
 0.119,-3.216
 0.119,-3.216
 0.149,-3.222
 0.134,-3.198
 0.134,-3.210
 0.149,-3.198
 0.148,-3.193
 0.165,-3.181
 0.179,-3.157
 0.164,-3.205
 0.195,-3.175
 0.179,-3.181
 0.209,-3.164
 0.194,-3.140
 0.195,-3.152
 0.179,-3.134
 0.194,-3.116
 0.210,-3.134
 0.209,-3.123
 0.209,-3.105
 0.209,-3.105
 0.209,-3.105
 0.225,-3.122
 0.239,-3.099
 0.240,-3.135
 0.209,-3.128
 0.224,-3.140
 0.240,-3.135
 0.239,-3.099
 0.224,-3.152
 0.224,-3.152
 0.224,-3.176
 0.209,-3.170
 0.224,-3.140
 0.240,-3.193
 0.209,-3.193
 0.224,-3.175
 0.209,-3.164
 0.194,-3.169
 0.209,-3.193
 0.224,-3.175
 0.208,-3.158
 0.194,-3.181
 0.194,-3.169
 0.194,-3.182
 0.194,-3.146
 0.224,-3.140
 0.194,-3.146
 0.193,-3.134
 0.210,-3.140
 0.194,-3.122
 0.194,-3.122
 0.194,-3.099
 0.179,-3.098
 0.209,-3.105
 0.179,-3.099
 0.179,-3.122
 0.179,-3.134
 0.179,-3.098
 0.179,-3.111
 0.195,-3.093
 0.194,-3.116
 0.179,-3.134
 0.179,-3.122
 0.179,-3.158
 0.178,-3.163
 0.149,-3.163
 0.179,-3.169
 0.148,-3.157
 0.149,-3.163
 0.164,-3.175
 0.149,-3.187
 0.164,-3.175
 0.164,-3.169
 0.149,-3.163
 0.149,-3.163
 0.148,-3.192
 0.133,-3.181
 0.163,-3.198
 0.133,-3.204
 0.133,-3.204
 0.148,-3.216
 0.149,-3.222
 0.163,-3.198
 0.149,-3.222
 0.163,-3.204
 0.149,-3.187
 0.164,-3.210
 0.163,-3.198
 0.164,-3.210
 0.149,-3.186
 0.164,-3.211
 0.164,-3.210
 0.179,-3.181
 0.164,-3.175
 0.178,-3.163
 0.179,-3.193
 0.179,-3.175
 0.194,-3.181
 0.179,-3.199
 0.194,-3.205
 0.163,-3.199
 0.194,-3.205
 0.193,-3.193
 0.179,-3.222
 0.179,-3.222
 0.210,-3.222
 0.194,-3.216
 0.193,-3.198
 0.194,-3.240
 0.194,-3.228
 0.179,-3.216
 0.194,-3.240
 0.224,-3.234
 0.179,-3.258
 0.179,-3.252
 0.179,-3.275
 0.179,-3.281
 0.194,-3.287
 0.179,-3.281
 0.179,-3.275
 0.194,-3.264
 0.180,-3.288
 0.179,-3.275
 0.179,-3.252
 0.149,-3.246
 0.165,-3.264
 0.179,-3.252
 0.164,-3.257
 0.164,-3.270
 0.165,-3.264
 0.165,-3.264
 0.149,-3.258
 0.164,-3.257
 0.149,-3.281
 0.149,-3.246
 0.149,-3.281
 0.134,-3.263
 0.133,-3.251
 0.164,-3.293
 0.134,-3.287
 0.134,-3.299
 0.150,-3.293
 0.134,-3.299
 0.134,-3.299
 0.134,-3.322
 0.119,-3.334
 0.119,-3.334
 0.118,-3.327
 0.104,-3.322
 0.119,-3.334
 0.118,-3.340
 0.134,-3.358
 0.104,-3.351
 0.088,-3.369
 0.118,-3.363
 0.119,-3.399
 0.104,-3.410
 0.088,-3.392
 0.088,-3.428
 0.103,-3.404
 0.089,-3.422
 0.088,-3.428
 0.104,-3.433
 0.104,-3.446
 0.058,-3.421
 0.088,-3.428
 0.088,-3.428
 0.088,-3.451
 0.103,-3.440
 0.088,-3.451
 0.088,-3.428
 0.088,-3.428
 0.104,-3.433
 0.088,-3.428
 0.088,-3.392
 0.089,-3.422
 0.119,-3.399
 0.104,-3.375
 0.104,-3.387
 0.134,-3.345
 0.104,-3.351
 0.118,-3.340
 0.134,-3.322
 0.134,-3.335
 0.134,-3.322
 0.134,-3.358
 0.134,-3.322
 0.149,-3.328
 0.135,-3.329
 0.149,-3.304
 0.149,-3.311
 0.149,-3.281
 0.134,-3.263
 0.149,-3.258
 0.149,-3.246
 0.149,-3.281
 0.149,-3.281
 0.164,-3.257
 0.149,-3.281
 0.149,-3.246
 0.149,-3.281
 0.164,-3.270
 0.164,-3.257
 0.164,-3.270
 0.149,-3.246
 0.179,-3.252
 0.149,-3.222
 0.149,-3.246
 0.134,-3.240
 0.164,-3.228
 0.149,-3.222
 0.149,-3.222
 0.119,-3.216
 0.134,-3.211
 0.149,-3.187
 0.149,-3.222
 0.133,-3.204
 0.149,-3.187
 0.134,-3.175
 0.148,-3.151
 0.134,-3.175
 0.164,-3.146
 0.149,-3.128
 0.134,-3.128
 0.149,-3.104
 0.150,-3.110
 0.134,-3.116
 0.119,-3.093
 0.149,-3.134
 0.134,-3.081
 0.119,-3.104
 0.134,-3.063
 0.134,-3.028
 0.119,-3.056
 0.134,-3.027
 0.104,-3.057
 0.104,-3.022
 0.088,-3.039
 0.074,-3.039
 0.088,-3.039
 0.089,-3.045
 0.074,-3.027
 0.088,-3.039
 0.089,-3.045
 0.104,-3.021
 0.089,-3.045
 0.058,-3.045
 0.088,-3.015
 0.089,-3.045
 0.088,-3.039
 0.074,-3.062
 0.089,-3.045
 0.088,-3.039
 0.088,-3.015
 0.088,-3.039
 0.074,-3.004
 0.088,-3.015
 0.088,-3.015
 0.089,-3.021
 0.104,-3.022
 0.089,-3.045
 0.104,-3.033
 0.088,-3.015
 0.104,-3.033
 0.089,-3.033
 0.074,-3.027
 0.088,-3.015
 0.104,-3.033
 0.104,-3.044
 0.074,-3.003
 0.074,-3.038
 0.119,-3.016
 0.089,-3.010
 0.088,-3.015
 0.104,-3.022
 0.074,-3.027
 0.089,-3.021
 0.088,-3.015
 0.074,-3.003
 0.074,-3.021
 0.074,-3.027
 0.074,-3.027
 0.074,-3.027
 0.059,-3.050
 0.059,-3.039
 0.059,-3.050
 0.043,-3.056
 0.044,-3.080
 0.029,-3.103
 0.044,-3.080
 0.044,-3.092
 0.029,-3.103
 0.044,-3.115
-0.002,-3.109
 0.013,-3.109
-0.001,-3.133
 0.029,-3.103
-0.017,-3.115
-0.016,-3.121
-0.032,-3.126
-0.016,-3.121
-0.032,-3.103
-0.032,-3.126
-0.016,-3.121
-0.016,-3.109
-0.016,-3.121
-0.046,-3.114
-0.032,-3.126
-0.031,-3.132
-0.032,-3.091
-0.031,-3.132
-0.031,-3.108
-0.031,-3.108
-0.047,-3.126
-0.032,-3.126
-0.032,-3.162
-0.016,-3.168
-0.031,-3.150
-0.016,-3.144
-0.046,-3.138
-0.047,-3.126
-0.016,-3.121
-0.016,-3.120
-0.031,-3.132
-0.017,-3.162
-0.032,-3.162
-0.031,-3.156
-0.032,-3.161
-0.032,-3.197
-0.016,-3.168
-0.031,-3.221
-0.001,-3.215
-0.016,-3.227
-0.031,-3.221
-0.046,-3.197
-0.031,-3.227
-0.031,-3.191
-0.046,-3.209
-0.046,-3.209
-0.046,-3.197
-0.031,-3.221
-0.046,-3.232
-0.046,-3.232
-0.031,-3.221
-0.031,-3.209
-0.062,-3.250
-0.046,-3.232
-0.062,-3.214
-0.047,-3.203
-0.046,-3.197
-0.046,-3.209
-0.047,-3.203
-0.062,-3.191
-0.047,-3.215
-0.046,-3.173
-0.062,-3.191
-0.061,-3.185
-0.076,-3.167
-0.061,-3.185
-0.061,-3.179
-0.046,-3.173
-0.032,-3.161
-0.046,-3.173
-0.047,-3.179
-0.062,-3.155
-0.047,-3.179
-0.046,-3.173
-0.046,-3.174
-0.046,-3.150
-0.046,-3.138
-0.046,-3.150
-0.016,-3.109
-0.032,-3.126
-0.032,-3.103
-0.032,-3.067
-0.062,-3.108
-0.016,-3.085
-0.046,-3.114
-0.032,-3.103
-0.046,-3.079
-0.047,-3.091
-0.031,-3.073
-0.031,-3.073
-0.032,-3.079
-0.032,-3.068
-0.032,-3.079
-0.032,-3.044
-0.031,-3.073
-0.032,-3.044
-0.016,-3.050
-0.032,-3.044
-0.032,-3.043
-0.032,-3.044
-0.032,-3.055
-0.032,-3.067
-0.032,-3.103
-0.032,-3.067
-0.046,-3.079
-0.016,-3.085
-0.047,-3.050
-0.047,-3.067
-0.062,-3.073
-0.047,-3.085
-0.047,-3.085
-0.062,-3.061
-0.062,-3.073
-0.047,-3.050
-0.047,-3.085
-0.062,-3.079
-0.062,-3.096
-0.062,-3.108
-0.062,-3.096
-0.062,-3.132
-0.062,-3.132
-0.062,-3.097
-0.062,-3.132
-0.077,-3.114
-0.062,-3.132
-0.062,-3.132
-0.077,-3.138
-0.062,-3.132
-0.046,-3.114
-0.077,-3.144
-0.062,-3.132
-0.092,-3.126
-0.046,-3.150
-0.062,-3.120
-0.077,-3.144
-0.047,-3.144
-0.062,-3.155
-0.062,-3.191
-0.031,-3.150
-0.047,-3.167
-0.047,-3.179
-0.062,-3.191
-0.062,-3.203
-0.062,-3.191
-0.062,-3.220
-0.062,-3.214
-0.061,-3.238
-0.047,-3.232
-0.047,-3.226
-0.062,-3.220
-0.017,-3.209
-0.031,-3.220
-0.047,-3.238
-0.047,-3.226
-0.047,-3.262
-0.032,-3.250
-0.032,-3.274
-0.047,-3.274
-0.032,-3.250
-0.032,-3.309
-0.032,-3.309
-0.032,-3.332
-0.047,-3.327
-0.032,-3.332
-0.031,-3.339
-0.047,-3.356
-0.046,-3.344
-0.032,-3.368
-0.046,-3.344
-0.032,-3.368
-0.017,-3.380
-0.031,-3.391
-0.017,-3.416
-0.001,-3.385
-0.001,-3.398
-0.001,-3.398
-0.001,-3.421
-0.017,-3.416
-0.017,-3.403
-0.017,-3.416
-0.016,-3.439
-0.001,-3.444
 0.014,-3.469
 0.014,-3.433
 0.014,-3.445
 0.014,-3.422
-0.001,-3.434
 0.014,-3.422
 0.014,-3.410
 0.014,-3.469
 0.029,-3.451
 0.029,-3.445
 0.014,-3.469
 0.029,-3.445
 0.044,-3.475
 0.014,-3.505
-0.001,-3.510
 0.013,-3.534
 0.029,-3.562
-0.002,-3.575
-0.001,-3.604
-0.001,-3.628
-0.031,-3.634
-0.032,-3.650
-0.032,-3.686
-0.032,-3.686
-0.062,-3.715
-0.077,-3.740
-0.062,-3.715
-0.062,-3.752
-0.107,-3.733
-0.092,-3.744
-0.092,-3.781
-0.107,-3.749
-0.122,-3.774
-0.107,-3.792
-0.107,-3.792
-0.123,-3.810
-0.137,-3.785
-0.123,-3.810
-0.123,-3.810
-0.153,-3.803
-0.122,-3.810
-0.122,-3.796
-0.123,-3.810
-0.138,-3.791
-0.122,-3.774
-0.108,-3.747
-0.122,-3.721
-0.092,-3.722
-0.092,-3.715
-0.092,-3.708
-0.092,-3.715
-0.091,-3.679
-0.092,-3.693
-0.092,-3.692
-0.093,-3.663
-0.092,-3.670
-0.062,-3.627
-0.077,-3.645
-0.092,-3.633
-0.076,-3.615
-0.092,-3.610
-0.107,-3.608
-0.077,-3.622
-0.076,-3.615
-0.107,-3.609
-0.091,-3.604
-0.107,-3.579
-0.107,-3.586
-0.107,-3.585
-0.092,-3.597
-0.107,-3.586
-0.106,-3.572
-0.122,-3.604
-0.107,-3.563
-0.122,-3.567
-0.122,-3.574
-0.122,-3.538
-0.137,-3.556
-0.137,-3.556
-0.152,-3.560
-0.153,-3.574
-0.138,-3.549
-0.123,-3.580
-0.153,-3.550
-0.153,-3.573
-0.153,-3.573
-0.152,-3.560
-0.152,-3.597
-0.152,-3.596
-0.168,-3.578
-0.153,-3.574
-0.153,-3.567
-0.153,-3.551
-0.154,-3.544
-0.153,-3.537
-0.153,-3.574
-0.138,-3.549
-0.138,-3.562
-0.153,-3.537
-0.183,-3.544
-0.138,-3.563
-0.138,-3.549
-0.123,-3.545
-0.122,-3.567
-0.138,-3.585
-0.138,-3.562
-0.123,-3.561
-0.139,-3.592
-0.123,-3.574
-0.138,-3.585
-0.123,-3.633
-0.108,-3.608
-0.123,-3.633
-0.093,-3.627
-0.108,-3.645
-0.093,-3.640
-0.078,-3.638
-0.078,-3.652
-0.078,-3.638
-0.063,-3.627
-0.063,-3.627
-0.062,-3.620
-0.048,-3.622
-0.063,-3.611
-0.048,-3.599
-0.033,-3.611
-0.047,-3.609
-0.032,-3.604
-0.047,-3.609
-0.047,-3.609
-0.048,-3.616
-0.033,-3.597
-0.033,-3.611
-0.003,-3.604
-0.033,-3.634
-0.033,-3.634
-0.018,-3.632
-0.002,-3.628
-0.017,-3.616
-0.018,-3.593
-0.018,-3.593
 0.013,-3.610
-0.017,-3.616
 0.013,-3.609
-0.002,-3.628
-0.017,-3.616
 0.013,-3.609
-0.017,-3.652
 0.013,-3.645
-0.002,-3.628
-0.017,-3.653
-0.002,-3.657
-0.017,-3.652
-0.033,-3.657
-0.017,-3.675
-0.017,-3.675
-0.017,-3.661
-0.017,-3.675
-0.017,-3.675
-0.002,-3.657
-0.032,-3.664
-0.032,-3.650
-0.017,-3.675
-0.017,-3.639
-0.002,-3.657
-0.017,-3.652
-0.017,-3.652
-0.017,-3.659
-0.032,-3.664
-0.017,-3.675
-0.032,-3.687
-0.047,-3.691
-0.047,-3.705
-0.032,-3.716
-0.047,-3.704
-0.032,-3.700
-0.032,-3.686
-0.062,-3.729
-0.077,-3.697
-0.063,-3.686
-0.062,-3.716
-0.063,-3.709
-0.077,-3.741
-0.078,-3.734
-0.092,-3.722
-0.092,-3.722
-0.108,-3.727
-0.123,-3.751
-0.122,-3.738
-0.122,-3.745
-0.137,-3.763
-0.122,-3.774
-0.153,-3.758
-0.137,-3.762
-0.152,-3.751
-0.168,-3.769
-0.167,-3.755
-0.198,-3.762
-0.182,-3.744
-0.198,-3.762
-0.183,-3.750
-0.198,-3.725
-0.198,-3.762
-0.183,-3.737
-0.197,-3.784
-0.214,-3.780
-0.213,-3.743
-0.214,-3.764
-0.229,-3.768
-0.228,-3.791
-0.228,-3.791
-0.212,-3.796
-0.243,-3.832
-0.243,-3.795
-0.243,-3.832
-0.229,-3.798
-0.229,-3.820
-0.228,-3.828
-0.229,-3.820
-0.259,-3.850
-0.259,-3.850
-0.274,-3.890
-0.274,-3.898
-0.258,-3.872
-0.260,-3.879
-0.259,-3.850
-0.258,-3.835
-0.259,-3.791
-0.243,-3.773
-0.244,-3.750
-0.229,-3.739
-0.228,-3.696
-0.214,-3.721
-0.213,-3.684
-0.229,-3.673
-0.199,-3.680
-0.198,-3.666
-0.184,-3.669
-0.168,-3.637
-0.169,-3.644
-0.168,-3.615
-0.167,-3.601
-0.153,-3.574
-0.153,-3.567
-0.169,-3.532
-0.123,-3.521
-0.154,-3.485
-0.153,-3.492
-0.122,-3.479
-0.138,-3.491
-0.123,-3.479
-0.122,-3.473
-0.123,-3.486
-0.108,-3.438
-0.123,-3.426
-0.108,-3.415
-0.123,-3.414
-0.123,-3.426
-0.123,-3.391
-0.107,-3.409
-0.108,-3.415
-0.123,-3.391
-0.139,-3.385
-0.123,-3.391
-0.123,-3.391
-0.123,-3.391
-0.123,-3.391
-0.138,-3.356
-0.123,-3.332
-0.123,-3.338
-0.123,-3.338
-0.153,-3.332
-0.154,-3.338
-0.168,-3.314
-0.168,-3.349
-0.154,-3.338
-0.168,-3.313
-0.169,-3.326
-0.154,-3.337
-0.168,-3.349
-0.154,-3.338
-0.168,-3.337
-0.154,-3.338
-0.169,-3.320
-0.169,-3.326
-0.169,-3.302
-0.183,-3.302
-0.199,-3.296
-0.183,-3.266
-0.183,-3.302
-0.183,-3.279
-0.153,-3.272
-0.183,-3.285
-0.153,-3.249
-0.183,-3.278
-0.168,-3.261
-0.183,-3.266
-0.168,-3.296
-0.168,-3.255
-0.183,-3.279
-0.169,-3.267
-0.168,-3.254
-0.183,-3.278
-0.183,-3.266
-0.168,-3.290
-0.183,-3.278
-0.153,-3.272
-0.153,-3.285
-0.153,-3.272
-0.183,-3.278
-0.153,-3.308
-0.167,-3.284
-0.184,-3.314
-0.183,-3.301
-0.153,-3.308
-0.153,-3.308
-0.168,-3.313
-0.169,-3.326
-0.184,-3.331
-0.169,-3.326
-0.168,-3.349
-0.184,-3.331
-0.168,-3.349
-0.169,-3.343
-0.169,-3.355
-0.184,-3.343
-0.169,-3.326
-0.199,-3.332
-0.183,-3.325
-0.168,-3.314
-0.153,-3.332
-0.184,-3.331
-0.169,-3.326
-0.184,-3.307
-0.169,-3.326
-0.184,-3.308
-0.168,-3.349
-0.168,-3.349
-0.153,-3.331
-0.168,-3.349
-0.199,-3.355
-0.183,-3.361
-0.168,-3.385
-0.182,-3.384
-0.168,-3.408
-0.168,-3.408
-0.168,-3.408
-0.199,-3.414
-0.183,-3.413
-0.184,-3.426
-0.168,-3.408
-0.168,-3.431
-0.168,-3.444
-0.168,-3.431
-0.168,-3.444
-0.153,-3.455
-0.183,-3.449
-0.169,-3.473
-0.168,-3.460
-0.154,-3.485
-0.169,-3.474
-0.152,-3.502
-0.168,-3.497
-0.138,-3.513
-0.168,-3.497
-0.154,-3.485
-0.153,-3.514
-0.124,-3.528
-0.138,-3.526
-0.123,-3.545
-0.108,-3.556
-0.123,-3.561
-0.139,-3.556
-0.123,-3.538
-0.138,-3.563
-0.123,-3.515
-0.138,-3.526
-0.108,-3.533
-0.123,-3.502
-0.138,-3.527
-0.123,-3.545
-0.153,-3.538
-0.153,-3.551
-0.168,-3.519
-0.138,-3.526
-0.123,-3.509
-0.152,-3.502
-0.153,-3.515
-0.138,-3.490
-0.152,-3.486
-0.168,-3.467
-0.153,-3.479
-0.184,-3.485
-0.152,-3.472
-0.183,-3.485
-0.168,-3.496
-0.183,-3.508
-0.168,-3.497
-0.183,-3.508
-0.199,-3.526
-0.184,-3.537
-0.183,-3.531
-0.168,-3.556
-0.183,-3.560
-0.199,-3.562
-0.199,-3.539
-0.184,-3.514
-0.199,-3.503
-0.183,-3.531
-0.213,-3.537
-0.199,-3.526
-0.183,-3.531
-0.184,-3.514
-0.183,-3.508
-0.184,-3.515
-0.153,-3.514
-0.168,-3.520
-0.199,-3.526
-0.168,-3.519
-0.199,-3.526
-0.199,-3.526
-0.183,-3.508
-0.184,-3.514
-0.168,-3.519
-0.199,-3.526
-0.183,-3.508
-0.184,-3.537
-0.184,-3.514
-0.198,-3.490
-0.199,-3.503
-0.168,-3.497
-0.183,-3.508
-0.154,-3.485
-0.183,-3.449
-0.183,-3.485
-0.183,-3.485
-0.168,-3.461
-0.168,-3.461
-0.168,-3.460
-0.184,-3.456
-0.169,-3.438
-0.169,-3.438
-0.169,-3.450
-0.169,-3.437
-0.153,-3.456
-0.169,-3.438
-0.153,-3.443
-0.169,-3.438
-0.138,-3.432
-0.139,-3.438
-0.123,-3.426
-0.138,-3.408
-0.108,-3.415
-0.123,-3.414
-0.108,-3.438
-0.123,-3.420
-0.108,-3.402
-0.139,-3.385
-0.108,-3.379
-0.139,-3.385
-0.124,-3.361
-0.123,-3.391
-0.124,-3.397
-0.107,-3.373
-0.139,-3.385
-0.108,-3.379
-0.124,-3.361
-0.139,-3.385
-0.123,-3.355
-0.123,-3.368
-0.123,-3.367
-0.108,-3.379
-0.124,-3.374
-0.123,-3.355
-0.123,-3.367
-0.123,-3.367
-0.138,-3.373
-0.123,-3.367
-0.123,-3.355
-0.123,-3.368
-0.154,-3.338
-0.154,-3.338
-0.154,-3.350
-0.139,-3.349
-0.154,-3.338
-0.154,-3.338
-0.153,-3.361
-0.154,-3.367
-0.169,-3.343
-0.169,-3.356
-0.169,-3.355
-0.139,-3.349
-0.169,-3.356
-0.154,-3.354
-0.168,-3.349
-0.153,-3.361
-0.153,-3.361
-0.154,-3.374
-0.153,-3.361
-0.153,-3.397
-0.153,-3.420
-0.168,-3.402
-0.154,-3.426
-0.138,-3.432
-0.138,-3.468
-0.154,-3.485
-0.153,-3.508
-0.154,-3.485
-0.123,-3.502
-0.184,-3.515
-0.169,-3.526
-0.169,-3.526
-0.169,-3.562
-0.154,-3.561
-0.169,-3.585
-0.154,-3.597
-0.154,-3.597
-0.154,-3.633
-0.154,-3.619
-0.169,-3.644
-0.154,-3.633
-0.154,-3.633
-0.140,-3.658
-0.124,-3.603
-0.139,-3.651
-0.108,-3.645
-0.138,-3.638
-0.138,-3.674
-0.138,-3.660
-0.123,-3.686
-0.093,-3.692
-0.123,-3.685
-0.124,-3.722
-0.123,-3.708
-0.123,-3.744
-0.109,-3.733
-0.124,-3.774
-0.109,-3.770
-0.108,-3.756
-0.108,-3.792
-0.124,-3.833
-0.108,-3.815
-0.108,-3.851
-0.138,-3.844
-0.124,-3.869
-0.109,-3.880
-0.123,-3.892
-0.139,-3.887
-0.139,-3.932
-0.139,-3.910
-0.139,-3.910
-0.169,-3.902
-0.169,-3.939
-0.154,-3.914
-0.169,-3.939
-0.169,-3.902
-0.184,-3.913
-0.154,-3.921
-0.169,-3.902
-0.170,-3.917
-0.154,-3.876
-0.169,-3.880
-0.139,-3.858
-0.154,-3.826
-0.154,-3.840
-0.138,-3.844
-0.154,-3.826
-0.154,-3.781
-0.154,-3.803
-0.139,-3.822
-0.154,-3.803
-0.138,-3.785
-0.108,-3.792
-0.138,-3.785
-0.154,-3.781
-0.124,-3.774
-0.154,-3.803
-0.124,-3.810
-0.123,-3.796
-0.154,-3.803
-0.154,-3.803
-0.139,-3.792
-0.154,-3.780
-0.124,-3.774
-0.154,-3.781
-0.139,-3.762
-0.138,-3.785
-0.140,-3.769
-0.138,-3.749
-0.140,-3.769
-0.154,-3.744
-0.140,-3.733
-0.139,-3.763
-0.154,-3.767
-0.139,-3.792
-0.125,-3.744
-0.140,-3.733
-0.124,-3.728
-0.124,-3.692
-0.124,-3.729
-0.124,-3.692
-0.139,-3.726
-0.124,-3.715
-0.109,-3.690
-0.109,-3.674
-0.094,-3.663
-0.109,-3.651
-0.125,-3.669
-0.094,-3.649
-0.094,-3.663
-0.078,-3.668
-0.094,-3.685
-0.064,-3.670
-0.079,-3.638
-0.079,-3.651
-0.079,-3.645
-0.064,-3.656
-0.064,-3.657
-0.064,-3.656
-0.064,-3.634
-0.049,-3.645
-0.049,-3.645
-0.064,-3.670
-0.049,-3.668
-0.064,-3.663
-0.079,-3.674
-0.064,-3.686
-0.064,-3.693
-0.048,-3.691
-0.079,-3.711
-0.064,-3.686
-0.049,-3.697
-0.064,-3.722
-0.064,-3.708
-0.049,-3.734
-0.064,-3.722
-0.050,-3.711
-0.080,-3.718
-0.064,-3.686
-0.049,-3.704
-0.049,-3.668
-0.049,-3.697
-0.050,-3.675
-0.049,-3.668
-0.064,-3.663
-0.050,-3.652
-0.064,-3.663
-0.064,-3.663
-0.049,-3.668
-0.064,-3.663
-0.064,-3.663
-0.050,-3.675
-0.034,-3.693
-0.049,-3.697
-0.049,-3.704
-0.064,-3.686
-0.064,-3.686
-0.064,-3.663
-0.064,-3.656
-0.079,-3.710
-0.079,-3.674
-0.079,-3.674
-0.095,-3.692
-0.094,-3.679
-0.079,-3.711
-0.094,-3.715
-0.094,-3.715
-0.110,-3.710
-0.094,-3.737
-0.095,-3.751
-0.110,-3.733
-0.110,-3.756
-0.094,-3.774
-0.125,-3.737
-0.110,-3.769
-0.110,-3.769
-0.125,-3.758
-0.125,-3.758
-0.110,-3.755
-0.125,-3.781
-0.124,-3.767
-0.124,-3.767
-0.109,-3.763
-0.125,-3.744
-0.109,-3.740
-0.095,-3.751
-0.125,-3.744
-0.109,-3.762
-0.109,-3.748
-0.125,-3.781
-0.125,-3.781
-0.109,-3.763
-0.140,-3.769
-0.124,-3.767
-0.109,-3.762
-0.094,-3.745
-0.109,-3.763
-0.124,-3.751
-0.094,-3.744
-0.124,-3.751
-0.094,-3.745
-0.094,-3.745
-0.109,-3.740
-0.139,-3.755
-0.125,-3.781
-0.109,-3.763
-0.124,-3.774
-0.109,-3.763
-0.109,-3.749
-0.124,-3.774
-0.108,-3.755
-0.124,-3.737
-0.109,-3.763
-0.124,-3.715
-0.124,-3.728
-0.140,-3.710
-0.140,-3.710
-0.139,-3.740
-0.138,-3.690
-0.124,-3.715
-0.139,-3.726
-0.154,-3.744
-0.170,-3.710
-0.154,-3.685
-0.154,-3.728
-0.155,-3.721
-0.170,-3.726
-0.185,-3.751
-0.199,-3.726
-0.200,-3.739
-0.185,-3.714
-0.199,-3.762
-0.185,-3.750
-0.199,-3.725
-0.214,-3.750
-0.199,-3.725
-0.230,-3.732
-0.230,-3.709
-0.229,-3.696
-0.230,-3.709
-0.230,-3.673
-0.230,-3.673
-0.215,-3.691
-0.229,-3.659
-0.215,-3.668
-0.230,-3.637
-0.230,-3.637
-0.200,-3.644
-0.214,-3.612
-0.231,-3.591
-0.215,-3.573
-0.200,-3.562
-0.215,-3.550
-0.199,-3.578
-0.199,-3.555
-0.199,-3.519
-0.199,-3.519
-0.184,-3.514
-0.199,-3.496
-0.185,-3.491
-0.169,-3.467
-0.169,-3.467
-0.169,-3.467
-0.169,-3.454
-0.170,-3.444
-0.169,-3.467
-0.184,-3.455
-0.170,-3.444
-0.169,-3.431
-0.169,-3.438
-0.153,-3.413
-0.169,-3.408
-0.138,-3.408
-0.138,-3.372
-0.139,-3.385
-0.154,-3.367
-0.139,-3.349
-0.140,-3.356
-0.154,-3.331
-0.140,-3.356
-0.138,-3.314
-0.124,-3.338
-0.154,-3.308
-0.124,-3.302
-0.154,-3.279
-0.123,-3.273
-0.123,-3.273
-0.125,-3.256
-0.124,-3.249
-0.124,-3.226
-0.123,-3.220
-0.138,-3.226
-0.138,-3.202
-0.138,-3.190
-0.153,-3.190
-0.139,-3.143
-0.154,-3.131
-0.169,-3.119
-0.168,-3.107
-0.183,-3.096
-0.168,-3.084
-0.183,-3.072
-0.198,-3.060
-0.183,-3.036
-0.198,-3.060
-0.198,-3.025
-0.198,-3.025
-0.228,-2.995
-0.228,-3.019
-0.213,-3.012
-0.228,-2.995
-0.228,-2.995
-0.229,-2.971
-0.243,-3.007
-0.228,-3.001
-0.228,-2.995
-0.229,-2.995
-0.214,-2.983
-0.258,-2.989
-0.244,-3.018
-0.244,-3.012
-0.258,-3.054
-0.258,-3.083
-0.259,-3.077
-0.259,-3.083
-0.243,-3.066
-0.259,-3.059
-0.260,-3.065
-0.259,-3.059
-0.244,-3.107
-0.258,-3.107
-0.258,-3.142
-0.244,-3.130
-0.243,-3.119
-0.245,-3.136
-0.244,-3.130
-0.244,-3.130
-0.213,-3.160
-0.213,-3.148
-0.228,-3.148
-0.229,-3.142
-0.228,-3.148
-0.229,-3.178
-0.242,-3.183
-0.244,-3.189
-0.243,-3.213
-0.243,-3.213
-0.229,-3.237
-0.243,-3.236
-0.229,-3.237
-0.244,-3.242
-0.228,-3.260
-0.229,-3.296
-0.228,-3.283
-0.229,-3.296
-0.243,-3.301
-0.228,-3.319
-0.214,-3.308
-0.243,-3.324
-0.229,-3.355
-0.229,-3.348
-0.243,-3.360
-0.243,-3.360
-0.243,-3.383
-0.213,-3.366
-0.213,-3.366
-0.214,-3.343
-0.214,-3.379
-0.183,-3.360
-0.213,-3.366
-0.197,-3.372
-0.213,-3.390
-0.212,-3.360
-0.197,-3.372
-0.198,-3.385
-0.183,-3.360
-0.198,-3.378
-0.228,-3.378
-0.182,-3.384
-0.198,-3.408
-0.213,-3.390
-0.213,-3.426
-0.213,-3.425
-0.228,-3.431
-0.243,-3.485
-0.198,-3.460
-0.213,-3.508
-0.228,-3.496
-0.228,-3.489
-0.243,-3.514
-0.228,-3.490
-0.228,-3.526
-0.243,-3.514
-0.228,-3.548
-0.243,-3.573
-0.258,-3.555
-0.258,-3.555
-0.259,-3.591
-0.272,-3.589
-0.258,-3.614
-0.258,-3.571
-0.258,-3.578
-0.274,-3.572
-0.274,-3.572
-0.259,-3.568
-0.274,-3.543
-0.289,-3.584
-0.273,-3.566
-0.288,-3.570
-0.273,-3.566
-0.288,-3.548
-0.274,-3.543
-0.274,-3.543
-0.273,-3.507
-0.274,-3.543
-0.288,-3.548
-0.274,-3.543
-0.274,-3.543
-0.288,-3.548
-0.274,-3.543
-0.288,-3.548
-0.273,-3.566
-0.258,-3.555
-0.257,-3.542
-0.258,-3.555
-0.258,-3.519
-0.258,-3.555
-0.258,-3.555
-0.288,-3.548
-0.274,-3.573
-0.258,-3.577
-0.274,-3.595
-0.289,-3.584
-0.274,-3.595
-0.290,-3.591
-0.274,-3.595
-0.274,-3.625
-0.274,-3.596
-0.273,-3.618
-0.275,-3.638
-0.275,-3.602
-0.291,-3.620
-0.289,-3.613
-0.258,-3.607
-0.289,-3.614
-0.274,-3.589
-0.274,-3.596
-0.260,-3.561
-0.274,-3.537
-0.244,-3.520
-0.244,-3.507
-0.244,-3.544
-0.228,-3.526
-0.229,-3.519
-0.245,-3.521
-0.244,-3.507
-0.244,-3.543
-0.229,-3.502
-0.244,-3.507
-0.228,-3.526
-0.229,-3.519
-0.214,-3.514
-0.214,-3.514
-0.229,-3.496
-0.229,-3.503
-0.229,-3.519
-0.228,-3.526
-0.214,-3.514
-0.228,-3.489
-0.214,-3.514
-0.229,-3.496
-0.228,-3.526
-0.214,-3.514
-0.213,-3.501
-0.229,-3.555
-0.214,-3.530
-0.229,-3.555
-0.244,-3.544
-0.229,-3.555
-0.230,-3.568
-0.214,-3.544
-0.229,-3.591
-0.244,-3.596
-0.213,-3.589
-0.213,-3.596
-0.228,-3.578
-0.229,-3.555
-0.215,-3.580
-0.229,-3.555
-0.230,-3.562
-0.214,-3.530
-0.229,-3.555
-0.214,-3.603
-0.228,-3.578
-0.200,-3.591
-0.229,-3.614
-0.214,-3.603
-0.214,-3.626
-0.229,-3.607
-0.230,-3.621
-0.229,-3.607
-0.229,-3.643
-0.229,-3.650
-0.229,-3.643
-0.230,-3.680
-0.229,-3.666
-0.229,-3.702
-0.215,-3.691
-0.245,-3.677
-0.230,-3.680
-0.184,-3.684
-0.230,-3.709
-0.215,-3.691
-0.229,-3.696
-0.215,-3.691
-0.199,-3.689
-0.214,-3.714
-0.185,-3.714
-0.199,-3.725
-0.199,-3.746
-0.215,-3.721
-0.200,-3.739
-0.185,-3.750
-0.184,-3.737
-0.185,-3.750
-0.169,-3.748
-0.169,-3.733
-0.139,-3.740
-0.154,-3.744
-0.155,-3.758
-0.124,-3.737
-0.154,-3.744
-0.154,-3.744
-0.124,-3.715
-0.139,-3.740
-0.139,-3.703
-0.139,-3.703
-0.124,-3.662
-0.123,-3.649
-0.124,-3.663
-0.109,-3.638
-0.093,-3.633
-0.078,-3.615
-0.108,-3.608
-0.108,-3.622
-0.092,-3.591
-0.093,-3.604
-0.093,-3.568
-0.093,-3.568
-0.109,-3.563
-0.093,-3.568
-0.108,-3.586
-0.123,-3.574
-0.107,-3.579
-0.123,-3.574
-0.137,-3.572
-0.138,-3.586
-0.138,-3.585
-0.138,-3.585
-0.139,-3.569
-0.169,-3.562
-0.169,-3.592
-0.168,-3.615
-0.167,-3.601
-0.183,-3.596
-0.182,-3.590
-0.198,-3.585
-0.199,-3.562
-0.214,-3.567
-0.229,-3.591
-0.228,-3.578
-0.244,-3.596
-0.245,-3.573
-0.274,-3.596
-0.275,-3.609
-0.258,-3.578
-0.304,-3.625
-0.288,-3.607
-0.287,-3.630
-0.304,-3.625
-0.303,-3.589
-0.319,-3.614
-0.304,-3.602
-0.319,-3.613
-0.334,-3.602
-0.333,-3.624
-0.333,-3.625
-0.335,-3.631
-0.333,-3.625
-0.350,-3.620
-0.363,-3.618
-0.379,-3.613
-0.363,-3.654
-0.379,-3.635
-0.364,-3.631
-0.379,-3.613
-0.381,-3.626
-0.365,-3.608
-0.379,-3.613
-0.410,-3.619
-0.409,-3.606
-0.394,-3.624
-0.379,-3.613
-0.409,-3.606
-0.395,-3.601
-0.379,-3.612
-0.379,-3.613
-0.395,-3.631
-0.394,-3.617
-0.380,-3.649
-0.379,-3.635
-0.365,-3.661
-0.365,-3.660
-0.379,-3.665
-0.365,-3.661
-0.364,-3.647
-0.379,-3.672
-0.350,-3.672
-0.348,-3.665
-0.351,-3.679
-0.364,-3.683
-0.334,-3.690
-0.350,-3.672
-0.349,-3.695
-0.334,-3.690
-0.334,-3.706
-0.350,-3.672
-0.319,-3.702
-0.319,-3.695
-0.319,-3.702
-0.319,-3.695
-0.304,-3.713
-0.305,-3.690
-0.305,-3.690
-0.320,-3.679
-0.288,-3.695
-0.259,-3.702
-0.274,-3.684
-0.288,-3.659
-0.275,-3.661
-0.259,-3.636
-0.259,-3.621
-0.259,-3.620
-0.274,-3.625
-0.259,-3.644
-0.243,-3.619
-0.260,-3.614
-0.275,-3.602
-0.259,-3.607
-0.245,-3.609
-0.244,-3.596
-0.244,-3.596
-0.244,-3.596
-0.259,-3.607
-0.260,-3.591
-0.244,-3.596
-0.245,-3.573
-0.259,-3.584
-0.244,-3.596
-0.245,-3.573
-0.228,-3.578
-0.243,-3.566
-0.229,-3.584
-0.259,-3.578
-0.245,-3.573
-0.230,-3.585
-0.244,-3.596
-0.230,-3.585
-0.243,-3.589
-0.259,-3.585
-0.214,-3.566
-0.260,-3.591
-0.230,-3.562
-0.229,-3.584
-0.245,-3.573
-0.213,-3.589
-0.230,-3.585
-0.229,-3.584
-0.244,-3.596
-0.215,-3.580
-0.229,-3.585
-0.215,-3.573
-0.244,-3.596
-0.229,-3.607
-0.245,-3.603
-0.229,-3.607
-0.246,-3.639
-0.230,-3.650
-0.229,-3.643
-0.230,-3.680
-0.244,-3.648
-0.229,-3.644
-0.229,-3.643
-0.229,-3.643
-0.230,-3.621
-0.214,-3.625
-0.213,-3.632
-0.198,-3.644
-0.244,-3.655
-0.229,-3.650
-0.214,-3.625
-0.214,-3.662
-0.215,-3.632
-0.214,-3.655
-0.214,-3.662
-0.229,-3.666
-0.199,-3.673
-0.229,-3.666
-0.228,-3.689
-0.229,-3.702
-0.213,-3.684
-0.230,-3.716
-0.230,-3.716
-0.229,-3.702
-0.214,-3.721
-0.228,-3.748
-0.198,-3.755
-0.213,-3.744
-0.213,-3.744
-0.199,-3.746
-0.199,-3.732
-0.199,-3.769
-0.214,-3.780
-0.213,-3.795
-0.199,-3.791
-0.199,-3.784
-0.214,-3.810
-0.214,-3.809
-0.214,-3.832
-0.199,-3.821
-0.199,-3.784
-0.214,-3.832
-0.214,-3.832
-0.214,-3.832
-0.230,-3.828
-0.214,-3.832
-0.214,-3.869
-0.214,-3.869
-0.229,-3.873
-0.229,-3.909
-0.229,-3.932
-0.229,-3.968
-0.244,-3.957
-0.244,-3.979
-0.260,-4.034
-0.259,-4.020
-0.260,-4.064
-0.246,-4.053
-0.260,-4.086
-0.245,-4.112
-0.260,-4.086
-0.275,-4.164
-0.259,-4.218
-0.258,-4.240
-0.320,-4.284
-0.305,-4.266
-0.322,-4.300
-0.336,-4.311
-0.305,-4.303
-0.306,-4.341
-0.305,-4.325
-0.320,-4.352
-0.335,-4.332
-0.305,-4.303
-0.321,-4.330
-0.305,-4.266
-0.290,-4.322
-0.275,-4.274
-0.275,-4.274
-0.260,-4.271
-0.259,-4.255
-0.245,-4.253
-0.260,-4.234
-0.229,-4.226
-0.214,-4.245
-0.199,-4.219
-0.199,-4.234
-0.169,-4.205
-0.199,-4.197
-0.169,-4.205
-0.169,-4.168
-0.153,-4.187
-0.154,-4.165
-0.169,-4.146
-0.154,-4.143
-0.108,-4.139
-0.139,-4.176
-0.153,-4.186
-0.153,-4.171
-0.153,-4.186
-0.138,-4.160
-0.154,-4.202
-0.123,-4.195
-0.138,-4.198
-0.154,-4.216
-0.153,-4.208
-0.169,-4.205
-0.169,-4.205
-0.138,-4.197
-0.154,-4.194
-0.154,-4.179
-0.169,-4.205
-0.138,-4.198
-0.154,-4.179
-0.139,-4.176
-0.169,-4.168
-0.169,-4.183
-0.154,-4.194
-0.169,-4.205
-0.169,-4.242
-0.168,-4.249
-0.169,-4.264
-0.184,-4.245
-0.168,-4.286
-0.169,-4.294
-0.169,-4.278
-0.184,-4.305
-0.199,-4.293
-0.185,-4.282
-0.186,-4.290
-0.200,-4.322
-0.200,-4.323
-0.199,-4.344
-0.215,-4.326
-0.230,-4.352
-0.199,-4.344
-0.230,-4.331
-0.215,-4.341
-0.215,-4.363
-0.230,-4.352
-0.214,-4.385
-0.215,-4.401
-0.230,-4.411
-0.230,-4.411
-0.245,-4.430
-0.245,-4.414
-0.245,-4.451
-0.230,-4.462
-0.230,-4.462
-0.261,-4.470
-0.244,-4.472
-0.261,-4.470
-0.246,-4.481
-0.260,-4.491
-0.230,-4.500
-0.245,-4.502
-0.246,-4.481
-0.246,-4.481
-0.230,-4.462
-0.216,-4.489
-0.200,-4.425
-0.200,-4.433
-0.185,-4.422
-0.200,-4.403
-0.201,-4.427
-0.216,-4.371
-0.186,-4.401
-0.200,-4.411
-0.185,-4.385
-0.170,-4.383
-0.169,-4.366
-0.185,-4.364
-0.185,-4.371
-0.200,-4.352
-0.185,-4.371
-0.170,-4.374
-0.201,-4.382
-0.185,-4.363
-0.184,-4.393
-0.201,-4.390
-0.200,-4.374
-0.201,-4.390
-0.215,-4.363
-0.229,-4.374
-0.215,-4.363
-0.199,-4.345
-0.215,-4.342
-0.215,-4.341
-0.229,-4.374
-0.230,-4.352
-0.229,-4.337
-0.230,-4.352
-0.245,-4.333
-0.245,-4.304
-0.275,-4.312
-0.259,-4.306
-0.260,-4.323
-0.230,-4.315
-0.230,-4.315
-0.261,-4.301
-0.245,-4.282
-0.276,-4.290
-0.275,-4.311
-0.274,-4.296
-0.275,-4.312
-0.274,-4.296
-0.291,-4.293
-0.260,-4.271
-0.290,-4.263
-0.260,-4.271
-0.290,-4.277
-0.260,-4.293
-0.275,-4.274
-0.290,-4.285
-0.306,-4.282
-0.290,-4.285
-0.320,-4.293
-0.335,-4.303
-0.335,-4.303
-0.320,-4.292
-0.334,-4.265
-0.336,-4.281
-0.336,-4.281
-0.335,-4.244
-0.336,-4.281
-0.335,-4.244
-0.336,-4.282
-0.336,-4.281
-0.334,-4.266
-0.350,-4.284
-0.349,-4.277
-0.335,-4.303
-0.320,-4.292
-0.320,-4.292
-0.322,-4.308
-0.320,-4.293
-0.335,-4.341
-0.320,-4.314
-0.319,-4.336
-0.320,-4.352
-0.334,-4.325
-0.351,-4.359
-0.350,-4.343
-0.366,-4.362
-0.350,-4.381
-0.365,-4.383
-0.381,-4.440
-0.380,-4.431
-0.396,-4.450
-0.412,-4.447
-0.396,-4.442
-0.396,-4.450
-0.411,-4.431
-0.411,-4.431
-0.396,-4.429
-0.410,-4.402
-0.411,-4.380
-0.410,-4.343
-0.395,-4.362
-0.410,-4.343
-0.410,-4.343
-0.410,-4.343
-0.425,-4.294
-0.425,-4.295
-0.426,-4.273
-0.425,-4.235
-0.412,-4.248
-0.412,-4.211
-0.427,-4.191
-0.427,-4.192
-0.425,-4.206
-0.410,-4.195
-0.394,-4.177
-0.410,-4.166
-0.412,-4.151
-0.410,-4.136
-0.426,-4.162
-0.425,-4.184
-0.410,-4.195
-0.441,-4.202
-0.441,-4.194
-0.441,-4.202
-0.456,-4.213
-0.441,-4.262
-0.456,-4.243
-0.455,-4.227
-0.455,-4.273
-0.471,-4.231
-0.441,-4.262
-0.472,-4.240
-0.455,-4.206
-0.487,-4.221
-0.456,-4.213
-0.471,-4.232
-0.471,-4.232
-0.470,-4.217
-0.487,-4.221
-0.440,-4.224
-0.456,-4.214
-0.441,-4.203
-0.455,-4.206
-0.457,-4.229
-0.427,-4.199
-0.441,-4.202
-0.441,-4.203
-0.425,-4.206
-0.442,-4.232
-0.426,-4.214
-0.441,-4.202
-0.427,-4.192
-0.411,-4.173
-0.443,-4.210
-0.427,-4.192
-0.410,-4.195
-0.441,-4.203
-0.425,-4.177
-0.427,-4.192
-0.411,-4.173
-0.412,-4.203
-0.411,-4.173
-0.425,-4.177
-0.411,-4.173
-0.411,-4.173
-0.411,-4.173
-0.411,-4.173
-0.411,-4.166
-0.411,-4.174
-0.426,-4.155
-0.441,-4.166
-0.411,-4.173
-0.425,-4.176
-0.427,-4.192
-0.396,-4.184
-0.426,-4.213
-0.396,-4.222
-0.395,-4.206
-0.396,-4.221
-0.381,-4.203
-0.395,-4.206
-0.381,-4.203
-0.395,-4.206
-0.396,-4.222
-0.412,-4.203
-0.382,-4.211
-0.383,-4.248
-0.365,-4.214
-0.366,-4.252
-0.380,-4.254
-0.395,-4.266
-0.382,-4.262
-0.380,-4.254
-0.382,-4.270
-0.351,-4.262
-0.367,-4.281
-0.367,-4.281
-0.350,-4.276
-0.367,-4.311
-0.351,-4.292
-0.351,-4.292
-0.367,-4.281
-0.350,-4.284
-0.382,-4.321
-0.351,-4.314
-0.366,-4.303
-0.351,-4.292
-0.335,-4.295
-0.337,-4.281
-0.336,-4.273
-0.336,-4.273
-0.351,-4.292
-0.350,-4.276
-0.351,-4.292
-0.336,-4.273
-0.321,-4.285
-0.336,-4.311
-0.335,-4.295
-0.336,-4.311
-0.320,-4.284
-0.321,-4.285
-0.336,-4.311
-0.320,-4.306
-0.321,-4.322
-0.290,-4.314
-0.305,-4.325
-0.291,-4.330
-0.305,-4.303
-0.308,-4.327
-0.291,-4.293
-0.275,-4.333
-0.291,-4.352
-0.290,-4.336
-0.291,-4.352
-0.306,-4.333
-0.275,-4.311
-0.291,-4.330
-0.290,-4.314
-0.275,-4.311
-0.275,-4.333
-0.275,-4.333
-0.306,-4.341
-0.275,-4.325
-0.306,-4.341
-0.275,-4.333
-0.289,-4.344
-0.291,-4.352
-0.304,-4.347
-0.290,-4.381
-0.275,-4.363
-0.305,-4.363
-0.275,-4.370
-0.290,-4.373
-0.306,-4.400
-0.305,-4.362
-0.275,-4.392
-0.306,-4.370
-0.304,-4.384
-0.306,-4.400
-0.290,-4.373
-0.289,-4.403
-0.291,-4.389
-0.289,-4.395
-0.306,-4.391
-0.290,-4.373
-0.290,-4.373
-0.291,-4.351
-0.291,-4.351
-0.292,-4.367
-0.291,-4.351
-0.291,-4.351
-0.291,-4.352
-0.290,-4.336
-0.291,-4.352
-0.275,-4.333
-0.275,-4.311
-0.291,-4.330
-0.305,-4.303
-0.305,-4.303
-0.305,-4.303
-0.305,-4.304
-0.275,-4.311
-0.305,-4.266
-0.275,-4.311
-0.291,-4.292
-0.305,-4.303
-0.306,-4.281
-0.320,-4.247
-0.321,-4.263
-0.320,-4.255
-0.336,-4.273
-0.321,-4.233
-0.350,-4.225
-0.351,-4.262
-0.350,-4.225
-0.350,-4.225
-0.352,-4.233
-0.334,-4.207
-0.352,-4.241
-0.365,-4.214
-0.366,-4.244
-0.336,-4.222
-0.350,-4.247
-0.381,-4.233
-0.366,-4.251
-0.351,-4.241
-0.367,-4.259
-0.366,-4.243
-0.382,-4.262
-0.380,-4.254
-0.380,-4.254
-0.351,-4.262
-0.380,-4.254
-0.383,-4.240
-0.381,-4.233
-0.397,-4.251
-0.381,-4.233
-0.380,-4.217
-0.382,-4.203
-0.396,-4.184
-0.382,-4.203
-0.381,-4.173
-0.366,-4.147
-0.381,-4.174
-0.350,-4.166
-0.382,-4.115
-0.382,-4.115
-0.381,-4.077
-0.382,-4.092
-0.396,-4.066
-0.366,-4.037
-0.367,-4.015
-0.365,-4.000
-0.367,-4.015
-0.366,-3.978
-0.351,-3.997
-0.367,-3.993
-0.366,-3.941
-0.367,-3.956
-0.366,-3.941
-0.366,-3.978
-0.382,-3.937
-0.366,-3.941
-0.337,-3.926
-0.367,-3.896
-0.352,-3.915
-0.384,-3.892
-0.366,-3.882
-0.367,-3.897
-0.366,-3.882
-0.366,-3.860
-0.366,-3.867
-0.366,-3.830
-0.367,-3.808
-0.366,-3.772
-0.366,-3.772
-0.352,-3.761
-0.351,-3.724
-0.367,-3.749
-0.366,-3.713
-0.352,-3.708
-0.352,-3.708
-0.350,-3.695
-0.366,-3.720
-0.381,-3.665
-0.366,-3.683
-0.366,-3.661
-0.351,-3.636
-0.381,-3.649
-0.366,-3.601
-0.381,-3.613
-0.366,-3.601
-0.381,-3.606
-0.382,-3.620
-0.396,-3.594
-0.381,-3.613
-0.397,-3.631
-0.395,-3.617
-0.413,-3.649
-0.411,-3.642
-0.427,-3.653
-0.443,-3.678
-0.412,-3.664
-0.428,-3.689
-0.426,-3.682
-0.442,-3.701
-0.428,-3.667
-0.412,-3.671
-0.428,-3.696
-0.427,-3.659
-0.442,-3.700
-0.456,-3.653
-0.440,-3.657
-0.441,-3.671
-0.426,-3.624
-0.473,-3.618
-0.443,-3.619
-0.456,-3.623
-0.457,-3.630
-0.472,-3.641
-0.456,-3.624
-0.473,-3.619
-0.486,-3.594
-0.488,-3.607
-0.456,-3.564
-0.472,-3.582
-0.487,-3.571
-0.471,-3.546
-0.457,-3.541
-0.456,-3.505
-0.472,-3.530
-0.472,-3.530
-0.470,-3.517
-0.472,-3.530
-0.487,-3.512
-0.456,-3.512
-0.457,-3.483
-0.456,-3.506
-0.458,-3.519
-0.471,-3.494
-0.441,-3.524
-0.456,-3.512
-0.456,-3.505
-0.457,-3.542
-0.455,-3.528
-0.440,-3.547
-0.426,-3.571
-0.442,-3.553
-0.428,-3.585
-0.411,-3.590
-0.441,-3.612
-0.426,-3.630
-0.424,-3.640
-0.425,-3.653
-0.410,-3.665
-0.441,-3.672
-0.412,-3.678
-0.426,-3.682
-0.412,-3.738
-0.426,-3.742
-0.426,-3.742
-0.427,-3.778
-0.441,-3.782
-0.441,-3.789
-0.456,-3.771
-0.441,-3.783
-0.457,-3.807
-0.455,-3.793
-0.487,-3.778
-0.470,-3.782
-0.502,-3.789
-0.503,-3.766
-0.501,-3.752
-0.503,-3.766
-0.516,-3.741
-0.502,-3.730
-0.503,-3.707
-0.516,-3.734
-0.517,-3.718
-0.486,-3.741
-0.502,-3.730
-0.502,-3.730
-0.500,-3.716
-0.501,-3.700
-0.501,-3.641
-0.471,-3.619
-0.473,-3.566
-0.471,-3.524
-0.411,-3.501
-0.425,-3.477
-0.409,-3.459
-0.424,-3.447
-0.425,-3.418
-0.410,-3.413
-0.425,-3.424
-0.425,-3.424
-0.425,-3.424
-0.454,-3.411
-0.441,-3.442
-0.455,-3.447
-0.456,-3.483
-0.441,-3.471
-0.440,-3.494
-0.472,-3.501
-0.455,-3.535
-0.440,-3.554
-0.456,-3.571
-0.470,-3.576
-0.442,-3.619
-0.471,-3.612
-0.487,-3.689
-0.487,-3.689
-0.501,-3.693
-0.531,-3.730
-0.546,-3.711
-0.561,-3.752
-0.562,-3.759
-0.575,-3.763
-0.592,-3.788
-0.591,-3.781
-0.592,-3.788
-0.594,-3.832
-0.622,-3.817
-0.623,-3.854
-0.651,-3.869
