-0.832,-2.585
-0.830,-2.577
-0.819,-2.590
-0.842,-2.590
-0.829,-2.595
-0.854,-2.606
-0.852,-2.599
-0.853,-2.603
-0.865,-2.615
-0.863,-2.608
-0.852,-2.599
-0.863,-2.608
-0.876,-2.602
-0.865,-2.593
-0.887,-2.593
-0.878,-2.610
-0.887,-2.633
-0.876,-2.646
-0.887,-2.633
-0.862,-2.648
-0.854,-2.646
-0.853,-2.621
-0.831,-2.603
-0.844,-2.597
-0.842,-2.568
-0.843,-2.572
-0.841,-2.542
-0.853,-2.533
-0.830,-2.511
-0.831,-2.489
-0.833,-2.453
-0.832,-2.427
-0.834,-2.431
-0.810,-2.428
-0.797,-2.433
-0.810,-2.428
-0.820,-2.411
-0.810,-2.427
-0.821,-2.437
-0.809,-2.446
-0.833,-2.449
-0.820,-2.455
-0.843,-2.459
-0.832,-2.468
-0.831,-2.486
-0.821,-2.480
-0.831,-2.486
-0.832,-2.468
-0.832,-2.468
-0.831,-2.442
-0.811,-2.453
-0.821,-2.437
-0.834,-2.431
-0.832,-2.428
-0.832,-2.424
-0.834,-2.431
-0.821,-2.415
-0.833,-2.406
-0.810,-2.424
-0.797,-2.386
-0.799,-2.393
-0.798,-2.368
-0.777,-2.353
-0.768,-2.325
-0.767,-2.300
-0.757,-2.294
-0.732,-2.284
-0.732,-2.284
-0.731,-2.259
-0.729,-2.256
-0.732,-2.240
-0.708,-2.215
-0.722,-2.213
-0.710,-2.200
-0.699,-2.209
-0.699,-2.209
-0.697,-2.203
-0.720,-2.206
-0.710,-2.197
-0.721,-2.187
-0.745,-2.190
-0.733,-2.178
-0.745,-2.190
-0.767,-2.212
-0.753,-2.237
-0.766,-2.253
-0.776,-2.258
-0.777,-2.284
-0.778,-2.309
-0.776,-2.327
-0.777,-2.353
-0.764,-2.337
-0.765,-2.362
-0.775,-2.371
-0.774,-2.390
-0.776,-2.419
-0.775,-2.437
-0.786,-2.428
-0.798,-2.440
-0.785,-2.446
-0.798,-2.441
-0.785,-2.443
-0.787,-2.450
-0.798,-2.437
-0.786,-2.424
-0.788,-2.431
-0.786,-2.424
-0.809,-2.428
-0.809,-2.428
-0.798,-2.437
-0.775,-2.437
-0.773,-2.452
-0.763,-2.447
-0.764,-2.428
-0.764,-2.428
-0.766,-2.435
-0.765,-2.432
-0.753,-2.441
-0.753,-2.441
-0.762,-2.443
-0.763,-2.468
-0.774,-2.456
-0.774,-2.459
-0.786,-2.450
-0.786,-2.472
-0.799,-2.488
-0.785,-2.490
-0.808,-2.493
-0.807,-2.490
-0.817,-2.499
-0.830,-2.493
-0.830,-2.493
-0.843,-2.506
-0.854,-2.497
-0.852,-2.489
-0.841,-2.503
-0.828,-2.486
-0.819,-2.481
-0.806,-2.468
-0.806,-2.446
-0.796,-2.441
-0.796,-2.437
-0.785,-2.406
-0.807,-2.384
-0.806,-2.359
-0.786,-2.344
-0.806,-2.315
-0.807,-2.296
-0.784,-2.253
-0.795,-2.215
-0.774,-2.178
-0.761,-2.162
-0.796,-2.156
-0.807,-2.143
-0.818,-2.130
-0.831,-2.146
-0.829,-2.140
-0.852,-2.165
-0.853,-2.168
-0.863,-2.152
-0.897,-2.142
-0.907,-2.148
-0.897,-2.142
-0.909,-2.133
-0.908,-2.152
-0.919,-2.142
-0.939,-2.158
-0.964,-2.142
-0.964,-2.142
-0.975,-2.151
-1.012,-2.148
-1.020,-2.151
-1.033,-2.188
-1.054,-2.185
-1.063,-2.213
-1.065,-2.194
-1.086,-2.212
-1.099,-2.228
-1.112,-2.197
-1.122,-2.206
-1.158,-2.200
-1.155,-2.215
-1.167,-2.206
-1.177,-2.215
-1.165,-2.224
-1.179,-2.218
-1.176,-2.212
-1.181,-2.243
-1.202,-2.240
-1.200,-2.258
-1.212,-2.249
-1.209,-2.243
-1.224,-2.261
-1.212,-2.249
-1.222,-2.258
-1.212,-2.249
-1.199,-2.233
-1.213,-2.227
-1.212,-2.227
-1.200,-2.215
-1.214,-2.208
-1.211,-2.202
-1.213,-2.227
-1.188,-2.224
-1.190,-2.249
-1.169,-2.253
-1.176,-2.255
-1.179,-2.262
-1.157,-2.262
-1.155,-2.259
-1.146,-2.275
-1.133,-2.259
-1.145,-2.271
-1.146,-2.249
-1.144,-2.224
-1.136,-2.196
-1.123,-2.181
-1.114,-2.175
-1.102,-2.162
-1.090,-2.172
-1.071,-2.156
-1.068,-2.150
-1.067,-2.172
-1.054,-2.156
-1.032,-2.156
-1.024,-2.154
-1.011,-2.138
-1.002,-2.157
-0.980,-2.135
-0.979,-2.154
-0.957,-2.157
-0.931,-2.148
-0.943,-2.161
-0.931,-2.148
-0.942,-2.135
-0.923,-2.123
-0.910,-2.108
-0.912,-2.114
-0.923,-2.079
-0.910,-2.064
-0.911,-2.045
-0.896,-2.048
-0.899,-2.033
-0.887,-2.020
-0.899,-1.989
-0.900,-2.014
-0.898,-2.008
-0.922,-2.011
-0.922,-2.010
-0.932,-2.020
-0.946,-2.013
-0.953,-2.017
-0.978,-2.045
-0.978,-2.041
-0.988,-2.051
-1.025,-2.069
-1.022,-2.084
-1.058,-2.078
-1.058,-2.078
-1.089,-2.084
-1.113,-2.087
-1.123,-2.093
-1.126,-2.099
-1.124,-2.118
-1.157,-2.127
-1.181,-2.108
-1.178,-2.102
-1.169,-2.118
-1.180,-2.105
-1.178,-2.102
-1.169,-2.118
-1.190,-2.114
-1.181,-2.130
-1.157,-2.127
-1.168,-2.136
-1.159,-2.152
-1.157,-2.149
-1.147,-2.140
-1.136,-2.152
-1.123,-2.137
-1.112,-2.150
-1.100,-2.115
-1.091,-2.109
-1.080,-2.078
-1.092,-2.046
-1.083,-2.018
-1.059,-2.015
-1.059,-2.015
-1.067,-2.019
-1.065,-2.013
-1.056,-2.028
-1.065,-2.013
-1.057,-2.009
-1.045,-1.997
-1.033,-2.007
-1.047,-2.000
-1.045,-1.975
-1.036,-1.969
-1.036,-1.947
-1.023,-1.953
-1.025,-1.959
-1.012,-1.966
-1.014,-1.972
-1.013,-1.991
-0.991,-1.991
-1.015,-1.994
-0.978,-1.997
-0.991,-2.035
-0.999,-2.038
-0.987,-2.047
-0.967,-2.076
-0.965,-2.070
-0.955,-2.063
-0.966,-2.051
-0.965,-2.070
-0.954,-2.082
-0.942,-2.092
-0.945,-2.098
-0.957,-2.110
-0.944,-2.142
-0.958,-2.135
-0.966,-2.138
-0.956,-2.176
-0.967,-2.207
-0.955,-2.238
-0.945,-2.254
-0.943,-2.248
-0.956,-2.264
-0.967,-2.295
-0.945,-2.298
-0.945,-2.298
-0.956,-2.286
-0.945,-2.298
-0.943,-2.292
-0.943,-2.292
-0.945,-2.298
-0.943,-2.291
-0.947,-2.280
-0.947,-2.280
-0.945,-2.298
-0.958,-2.267
-0.955,-2.282
-0.967,-2.295
-0.953,-2.301
-0.976,-2.322
-0.977,-2.304
-0.976,-2.322
-0.967,-2.342
-0.967,-2.339
-0.966,-2.360
-0.965,-2.379
-0.974,-2.385
-0.977,-2.392
-1.001,-2.395
-0.978,-2.417
-0.979,-2.442
-0.977,-2.435
-0.966,-2.470
-0.965,-2.488
-0.965,-2.488
-0.967,-2.518
-0.954,-2.545
-0.955,-2.571
-0.954,-2.589
-0.954,-2.589
-0.943,-2.602
-0.953,-2.607
-0.943,-2.602
-0.943,-2.602
-0.953,-2.611
-0.967,-2.605
-0.953,-2.611
-0.965,-2.624
-0.964,-2.642
-0.986,-2.642
-0.989,-2.649
-0.985,-2.660
-0.999,-2.680
-0.976,-2.676
-0.998,-2.676
-1.010,-2.689
-1.007,-2.681
-1.020,-2.654
-1.021,-2.632
-1.043,-2.632
-1.045,-2.640
-1.054,-2.623
-1.046,-2.618
-1.044,-2.614
-1.043,-2.632
-1.044,-2.614
-1.040,-2.624
-1.065,-2.610
-1.055,-2.601
-1.055,-2.601
-1.056,-2.583
-1.064,-2.584
-1.078,-2.579
-1.054,-2.575
-1.065,-2.566
-1.079,-2.560
-1.076,-2.553
-1.080,-2.539
-1.079,-2.517
-1.078,-2.513
-1.090,-2.504
-1.064,-2.497
-1.078,-2.491
-1.077,-2.466
-1.066,-2.457
-1.057,-2.451
-1.066,-2.435
-1.055,-2.426
-1.066,-2.435
-1.054,-2.444
-1.078,-2.447
-1.064,-2.453
-1.090,-2.438
-1.090,-2.438
-1.090,-2.438
-1.079,-2.429
-1.087,-2.409
-1.102,-2.407
-1.101,-2.381
-1.077,-2.378
-1.068,-2.350
-1.065,-2.344
-1.056,-2.338
-1.057,-2.319
-1.066,-2.303
-1.044,-2.303
-1.053,-2.287
-1.045,-2.307
-1.056,-2.294
-1.057,-2.298
-1.048,-2.292
-1.056,-2.294
-1.057,-2.320
-1.043,-2.325
-1.042,-2.344
-1.043,-2.325
-1.053,-2.331
-1.056,-2.338
-1.068,-2.307
-1.067,-2.329
-1.069,-2.332
-1.067,-2.325
-1.068,-2.307
-1.056,-2.316
-1.078,-2.316
-1.068,-2.307
-1.079,-2.294
-1.092,-2.310
-1.068,-2.307
-1.078,-2.316
-1.078,-2.316
-1.088,-2.321
-1.090,-2.328
-1.090,-2.328
-1.101,-2.338
-1.080,-2.341
-1.089,-2.347
-1.090,-2.350
-1.100,-2.359
-1.088,-2.369
-1.100,-2.360
-1.099,-2.356
-1.112,-2.372
-1.100,-2.359
-1.099,-2.378
-1.101,-2.385
-1.099,-2.378
-1.090,-2.394
-1.077,-2.381
-1.076,-2.400
-1.079,-2.407
-1.076,-2.422
-1.078,-2.429
-1.077,-2.426
-1.077,-2.447
-1.055,-2.448
-1.063,-2.450
-1.065,-2.457
-1.077,-2.469
-1.065,-2.457
-1.047,-2.468
-1.055,-2.447
-1.058,-2.455
-1.065,-2.457
-1.042,-2.475
-1.054,-2.466
-1.041,-2.450
-1.054,-2.466
-1.041,-2.453
-1.043,-2.457
-1.034,-2.451
-1.031,-2.444
-1.033,-2.473
-1.043,-2.479
-1.031,-2.488
-1.043,-2.479
-1.041,-2.497
-1.034,-2.495
-1.021,-2.483
-1.044,-2.504
-1.044,-2.504
-1.041,-2.497
-1.043,-2.501
-1.043,-2.501
-1.055,-2.491
-1.055,-2.491
-1.053,-2.488
-1.066,-2.482
-1.066,-2.482
-1.088,-2.478
-1.066,-2.482
-1.064,-2.475
-1.066,-2.482
-1.077,-2.469
-1.075,-2.466
-1.078,-2.473
-1.088,-2.478
-1.067,-2.482
-1.077,-2.469
-1.077,-2.469
-1.077,-2.469
-1.074,-2.484
-1.089,-2.504
-1.088,-2.478
-1.098,-2.487
-1.089,-2.504
-1.086,-2.497
-1.100,-2.491
-1.086,-2.497
-1.097,-2.484
-1.112,-2.482
-1.098,-2.465
-1.113,-2.463
-1.113,-2.463
-1.112,-2.460
-1.101,-2.473
-1.098,-2.465
-1.100,-2.491
-1.097,-2.484
-1.109,-2.453
-1.100,-2.447
-1.088,-2.434
-1.103,-2.454
-1.077,-2.425
-1.089,-2.460
-1.077,-2.469
-1.064,-2.453
-1.055,-2.448
-1.055,-2.448
-1.055,-2.448
-1.069,-2.442
-1.054,-2.422
-1.079,-2.451
-1.065,-2.457
-1.054,-2.466
-1.067,-2.460
-1.064,-2.453
-1.079,-2.451
-1.066,-2.435
-1.066,-2.435
-1.078,-2.426
-1.076,-2.444
-1.079,-2.451
-1.066,-2.435
-1.088,-2.435
-1.091,-2.442
-1.076,-2.444
-1.101,-2.429
-1.077,-2.425
-1.111,-2.434
-1.100,-2.447
-1.109,-2.431
-1.124,-2.451
-1.100,-2.447
-1.124,-2.451
-1.134,-2.460
-1.143,-2.465
-1.157,-2.481
-1.169,-2.472
-1.192,-2.472
-1.167,-2.468
-1.175,-2.470
-1.177,-2.474
-1.154,-2.452
-1.178,-2.456
-1.159,-2.441
-1.146,-2.428
-1.149,-2.435
-1.135,-2.438
-1.134,-2.434
-1.122,-2.421
-1.119,-2.414
-1.122,-2.422
-1.111,-2.412
-1.123,-2.403
-1.102,-2.407
-1.099,-2.400
-1.090,-2.416
-1.055,-2.426
-1.078,-2.447
-1.068,-2.438
-1.077,-2.444
-1.081,-2.455
-1.079,-2.473
-1.066,-2.457
-1.055,-2.469
-1.053,-2.462
-1.022,-2.482
-1.011,-2.448
-0.999,-2.457
-0.989,-2.451
-0.977,-2.435
-0.955,-2.439
-0.943,-2.427
-0.954,-2.414
-0.933,-2.418
-0.920,-2.401
-0.899,-2.405
-0.887,-2.392
-0.865,-2.396
-0.844,-2.378
-0.842,-2.371
-0.843,-2.352
-0.820,-2.349
-0.820,-2.349
-0.821,-2.331
-0.819,-2.324
-0.810,-2.321
-0.820,-2.305
-0.832,-2.296
-0.821,-2.287
-0.797,-2.258
-0.799,-2.265
-0.787,-2.253
-0.787,-2.253
-0.776,-2.243
-0.762,-2.224
-0.775,-2.218
-0.753,-2.197
-0.765,-2.209
-0.777,-2.225
-0.787,-2.209
-0.799,-2.221
-0.786,-2.231
-0.798,-2.240
-0.808,-2.249
-0.806,-2.243
-0.832,-2.252
-0.820,-2.240
-0.833,-2.234
-0.822,-2.246
-0.809,-2.230
-0.810,-2.256
-0.808,-2.249
-0.820,-2.262
-0.810,-2.256
-0.820,-2.240
-0.822,-2.246
-0.833,-2.234
-0.843,-2.243
-0.821,-2.243
-0.842,-2.214
-0.832,-2.186
-0.866,-2.152
-0.866,-2.108
-0.857,-2.080
-0.868,-2.067
-0.869,-2.048
-0.879,-2.055
-0.868,-2.067
-0.868,-2.067
-0.855,-2.074
-0.856,-2.077
-0.867,-2.086
-0.867,-2.089
-0.879,-2.102
-0.877,-2.139
-0.889,-2.130
-0.877,-2.139
-0.877,-2.142
-0.890,-2.155
-0.900,-2.164
-0.924,-2.167
-0.922,-2.186
-0.933,-2.195
-0.934,-2.220
-0.954,-2.235
-0.956,-2.264
-0.944,-2.273
-0.953,-2.301
-0.953,-2.345
-0.952,-2.341
-0.967,-2.364
-0.978,-2.355
-0.990,-2.389
-1.002,-2.402
-1.010,-2.426
-1.011,-2.430
-1.020,-2.457
-1.031,-2.488
-1.043,-2.501
-1.041,-2.497
-1.044,-2.504
-1.032,-2.513
-1.044,-2.504
-1.056,-2.517
-1.042,-2.519
-1.044,-2.526
-1.066,-2.522
-1.065,-2.566
-1.091,-2.551
-1.088,-2.544
-1.079,-2.539
-1.100,-2.535
-1.098,-2.553
-1.100,-2.535
-1.097,-2.527
-1.111,-2.522
-1.110,-2.500
-1.100,-2.491
-1.112,-2.482
-1.111,-2.478
-1.124,-2.451
-1.112,-2.460
-1.111,-2.434
-1.124,-2.451
-1.121,-2.443
-1.124,-2.450
-1.134,-2.460
-1.133,-2.456
-1.124,-2.451
-1.121,-2.443
-1.124,-2.450
-1.112,-2.460
-1.100,-2.447
-1.124,-2.450
-1.111,-2.434
-1.101,-2.429
-1.090,-2.438
-1.077,-2.425
-1.067,-2.416
-1.075,-2.396
-1.054,-2.400
-1.042,-2.388
-1.020,-2.366
-1.012,-2.364
-0.999,-2.348
-0.990,-2.367
-0.989,-2.342
-0.978,-2.351
-0.967,-2.364
-0.953,-2.367
-0.966,-2.361
-0.954,-2.348
-0.954,-2.348
-0.967,-2.342
-0.953,-2.326
-0.955,-2.330
-0.943,-2.317
-0.966,-2.339
-0.955,-2.329
-0.954,-2.348
-0.955,-2.330
-0.955,-2.330
-0.955,-2.330
-0.969,-2.324
-0.976,-2.326
-0.978,-2.329
-0.954,-2.304
-0.964,-2.314
-0.978,-2.307
-0.987,-2.291
-0.978,-2.307
-0.978,-2.307
-0.989,-2.295
-0.989,-2.298
-0.999,-2.304
-1.000,-2.285
-1.000,-2.285
-1.011,-2.273
-1.012,-2.298
-1.010,-2.247
-1.023,-2.263
-1.023,-2.263
-1.011,-2.229
-1.023,-2.219
-1.022,-2.194
-1.012,-2.185
-1.011,-2.163
-1.022,-2.151
-1.025,-2.113
-1.010,-2.072
-1.036,-2.056
-1.034,-2.031
-1.034,-2.031
-1.024,-2.022
-1.021,-2.016
-1.057,-2.031
-1.047,-2.000
-1.069,-1.978
-1.060,-1.949
-1.059,-1.925
-1.062,-1.931
-1.059,-1.925
-1.047,-1.934
-1.047,-1.934
-1.055,-1.938
-1.058,-1.944
-1.058,-1.944
-1.080,-1.921
-1.060,-1.949
-1.057,-1.943
-1.059,-1.968
-1.080,-1.965
-1.068,-1.997
-1.081,-2.012
-1.102,-2.009
-1.093,-2.025
-1.093,-2.024
-1.093,-2.024
-1.093,-2.024
-1.090,-2.018
-1.091,-2.022
-1.079,-2.031
-1.090,-2.040
-1.092,-2.043
-1.055,-2.028
-1.058,-2.034
-1.046,-2.044
-1.068,-2.044
-1.070,-2.047
-1.055,-2.028
-1.058,-2.034
-1.058,-2.034
-1.034,-2.031
-1.036,-2.013
-1.023,-1.997
-1.024,-1.978
-1.034,-1.944
-1.036,-1.947
-1.027,-1.940
-1.023,-1.931
-1.014,-1.947
-1.002,-1.978
-1.002,-1.978
-0.992,-1.969
-0.989,-1.963
-1.014,-1.947
-1.002,-1.934
-0.991,-1.900
-0.992,-1.925
-1.001,-1.888
-1.002,-1.891
-1.001,-1.910
-1.013,-1.922
-1.027,-1.915
-1.024,-1.909
-1.028,-1.896
-1.016,-1.884
-1.039,-1.884
-1.039,-1.884
-1.034,-1.875
-1.036,-1.878
-1.047,-1.887
-1.036,-1.900
-1.049,-1.893
-1.070,-1.890
-1.072,-1.915
-1.070,-1.912
-1.058,-1.922
-1.059,-1.946
-1.068,-1.931
-1.082,-1.924
-1.082,-1.924
-1.072,-1.915
-1.072,-1.915
-1.069,-1.909
-1.070,-1.934
-1.046,-1.931
-1.068,-1.931
-1.058,-1.922
-1.068,-1.931
-1.071,-1.937
-1.068,-1.931
-1.081,-1.943
-1.071,-1.937
-1.058,-1.922
-1.049,-1.915
-1.049,-1.893
-1.037,-1.925
-1.027,-1.915
-1.034,-1.919
-1.026,-1.937
-1.037,-1.925
-1.013,-1.922
-1.014,-1.881
-0.989,-1.854
-0.993,-1.840
-0.991,-1.838
-1.003,-1.828
-1.003,-1.828
-0.978,-1.844
-0.979,-1.869
-0.989,-1.879
-0.989,-1.922
-0.968,-1.925
-0.988,-1.941
-0.978,-1.979
-0.989,-2.010
-0.988,-2.032
-0.989,-2.057
-1.012,-2.079
-1.002,-2.116
-0.978,-2.157
-0.999,-2.198
-0.999,-2.242
-1.007,-2.288
-1.010,-2.295
-1.009,-2.338
-1.010,-2.338
-1.035,-2.367
-1.042,-2.369
-1.066,-2.373
-1.054,-2.382
-1.054,-2.382
-1.078,-2.385
-1.065,-2.369
-1.080,-2.367
-1.078,-2.341
-1.101,-2.363
-1.113,-2.354
-1.098,-2.356
-1.112,-2.350
-1.088,-2.347
-1.110,-2.368
-1.101,-2.363
-1.088,-2.347
-1.091,-2.354
-1.077,-2.360
-1.088,-2.347
-1.101,-2.363
-1.098,-2.356
-1.091,-2.354
-1.077,-2.360
-1.077,-2.360
-1.090,-2.376
-1.063,-2.365
-1.067,-2.351
-1.066,-2.372
-1.077,-2.360
-1.068,-2.376
-1.065,-2.369
-1.078,-2.385
-1.089,-2.372
-1.077,-2.360
-1.077,-2.360
-1.076,-2.334
-1.067,-2.351
-1.089,-2.328
-1.089,-2.328
-1.079,-2.319
-1.075,-2.287
-1.088,-2.303
-1.100,-2.272
-1.100,-2.272
-1.126,-2.256
-1.136,-2.265
-1.150,-2.259
-1.147,-2.253
-1.134,-2.284
-1.134,-2.284
-1.142,-2.308
-1.145,-2.315
-1.133,-2.303
-1.157,-2.306
-1.136,-2.309
-1.155,-2.280
-1.158,-2.287
-1.178,-2.258
-1.168,-2.249
-1.158,-2.240
-1.156,-2.215
-1.159,-2.221
-1.158,-2.196
-1.147,-2.187
-1.137,-2.200
-1.122,-2.181
-1.123,-2.206
-1.134,-2.193
-1.123,-2.206
-1.113,-2.197
-1.100,-2.184
-1.114,-2.178
-1.101,-2.162
-1.101,-2.162
-1.115,-2.156
-1.088,-2.147
-1.068,-2.175
-1.067,-2.150
-1.046,-2.153
-1.046,-2.153
-1.044,-2.172
-1.047,-2.179
-1.023,-2.176
-1.033,-2.185
-1.023,-2.176
-1.010,-2.182
-1.001,-2.198
-0.988,-2.185
-0.990,-2.188
-0.979,-2.179
-0.965,-2.182
-0.955,-2.198
-0.965,-2.204
-0.954,-2.217
-0.933,-2.220
-0.952,-2.210
-0.944,-2.251
-0.943,-2.229
-0.921,-2.252
-0.922,-2.233
-0.922,-2.233
-0.924,-2.239
-0.922,-2.255
-0.909,-2.283
-0.908,-2.283
-0.918,-2.289
-0.921,-2.295
-0.908,-2.283
-0.908,-2.283
-0.922,-2.277
-0.943,-2.273
-0.911,-2.290
-0.921,-2.295
-0.921,-2.295
-0.920,-2.317
-0.930,-2.323
-0.933,-2.311
-0.932,-2.330
-0.932,-2.330
-0.944,-2.320
-0.964,-2.335
-0.966,-2.342
-0.977,-2.329
-0.987,-2.335
-0.999,-2.329
-1.009,-2.335
-1.011,-2.342
-1.032,-2.338
-1.056,-2.341
-1.045,-2.354
-1.054,-2.334
-1.078,-2.341
-1.078,-2.338
-1.078,-2.338
-1.079,-2.319
-1.076,-2.312
-1.079,-2.319
-1.100,-2.316
-1.089,-2.328
-1.114,-2.310
-1.122,-2.315
-1.113,-2.332
-1.122,-2.315
-1.134,-2.328
-1.146,-2.319
-1.131,-2.321
-1.147,-2.341
-1.155,-2.324
-1.155,-2.324
-1.157,-2.306
-1.143,-2.312
-1.170,-2.322
-1.159,-2.291
-1.171,-2.300
-1.160,-2.313
-1.168,-2.293
-1.147,-2.297
-1.144,-2.290
-1.123,-2.293
-1.124,-2.275
-1.121,-2.268
-1.124,-2.275
-1.125,-2.253
-1.125,-2.253
-1.114,-2.244
-1.088,-2.234
-1.067,-2.241
-1.078,-2.228
-1.068,-2.219
-1.059,-2.213
-1.056,-2.206
-1.035,-2.210
-1.035,-2.210
-1.022,-2.194
-1.023,-2.219
-1.008,-2.200
-1.000,-2.241
-0.988,-2.229
-0.988,-2.229
-0.991,-2.214
-0.999,-2.216
-0.979,-2.201
-0.978,-2.176
-0.966,-2.185
-0.968,-2.167
-0.989,-2.163
-1.002,-2.179
-1.001,-2.154
-0.999,-2.173
-0.990,-2.166
-0.987,-2.160
-0.990,-2.167
-1.001,-2.154
-1.011,-2.163
-1.024,-2.179
-1.031,-2.178
-1.021,-2.216
-1.045,-2.219
-1.055,-2.228
-1.046,-2.244
-1.067,-2.241
-1.059,-2.260
-1.079,-2.275
-1.078,-2.294
-1.067,-2.307
-1.087,-2.321
-1.100,-2.338
-1.088,-2.347
-1.100,-2.359
-1.090,-2.376
-1.110,-2.390
-1.123,-2.429
-1.121,-2.425
-1.110,-2.434
-1.111,-2.460
-1.132,-2.456
-1.135,-2.463
-1.134,-2.459
-1.133,-2.481
-1.123,-2.472
-1.131,-2.474
-1.155,-2.478
-1.144,-2.491
-1.144,-2.491
-1.158,-2.485
-1.165,-2.487
-1.156,-2.503
-1.144,-2.491
-1.144,-2.512
-1.145,-2.516
-1.142,-2.509
-1.156,-2.547
-1.133,-2.569
-1.121,-2.556
-1.133,-2.569
-1.120,-2.553
-1.122,-2.582
-1.133,-2.569
-1.122,-2.578
-1.123,-2.604
-1.132,-2.587
-1.122,-2.582
-1.120,-2.597
-1.109,-2.610
-1.123,-2.604
-1.120,-2.619
-1.113,-2.643
-1.113,-2.643
-1.112,-2.661
-1.112,-2.661
-1.087,-2.675
-1.088,-2.701
-1.075,-2.685
-1.063,-2.672
-1.076,-2.689
-1.064,-2.654
-1.089,-2.683
-1.067,-2.661
-1.066,-2.680
-1.066,-2.680
-1.063,-2.672
-1.054,-2.689
-1.054,-2.689
-1.067,-2.705
-1.067,-2.706
-1.076,-2.732
-1.088,-2.745
-1.074,-2.751
-1.086,-2.763
-1.087,-2.767
-1.086,-2.785
-1.089,-2.793
-1.089,-2.793
-1.076,-2.776
-1.076,-2.780
-1.074,-2.773
-1.053,-2.777
-1.051,-2.773
-1.028,-2.795
-1.019,-2.812
-1.017,-2.804
-1.008,-2.825
-0.996,-2.834
-1.007,-2.843
-0.996,-2.856
-0.971,-2.870
-0.973,-2.878
-0.949,-2.874
-0.939,-2.909
-0.939,-2.887
-0.925,-2.888
-0.939,-2.887
-0.939,-2.887
-0.939,-2.887
-0.941,-2.852
-0.962,-2.847
-0.951,-2.861
-0.961,-2.821
-0.960,-2.839
-0.984,-2.843
-0.993,-2.826
-1.018,-2.812
-1.017,-2.786
-1.041,-2.790
-1.052,-2.781
-1.062,-2.786
-1.086,-2.789
-1.095,-2.816
-1.117,-2.794
-1.119,-2.780
-1.119,-2.776
-1.119,-2.780
-1.130,-2.767
-1.151,-2.763
-1.175,-2.767
-1.172,-2.759
-1.175,-2.767
-1.174,-2.741
-1.175,-2.767
-1.186,-2.753
-1.196,-2.762
-1.199,-2.770
-1.210,-2.757
-1.210,-2.757
-1.210,-2.757
-1.207,-2.749
-1.186,-2.754
-1.186,-2.753
-1.174,-2.741
-1.177,-2.726
-1.141,-2.710
-1.155,-2.705
-1.153,-2.679
-1.140,-2.662
-1.131,-2.657
-1.151,-2.627
-1.154,-2.635
-1.142,-2.600
-1.142,-2.600
-1.145,-2.608
-1.118,-2.597
-1.119,-2.623
-1.107,-2.610
-1.097,-2.601
-1.088,-2.617
-1.064,-2.614
-1.079,-2.634
-1.076,-2.627
-1.041,-2.636
-1.042,-2.614
-1.027,-2.638
-1.030,-2.645
-1.018,-2.633
-1.018,-2.633
-1.009,-2.649
-0.985,-2.646
-0.997,-2.659
-0.985,-2.646
-0.973,-2.677
-0.986,-2.671
-0.983,-2.664
-0.986,-2.672
-0.986,-2.671
-0.986,-2.671
-0.986,-2.671
-0.994,-2.629
-0.996,-2.633
-1.018,-2.633
-1.007,-2.624
-1.021,-2.618
-1.041,-2.588
-1.031,-2.583
-1.042,-2.570
-1.063,-2.563
-1.077,-2.561
-1.074,-2.553
-1.089,-2.552
-1.077,-2.561
-1.100,-2.539
-1.100,-2.539
-1.119,-2.553
-1.122,-2.560
-1.121,-2.535
-1.142,-2.531
-1.145,-2.538
-1.131,-2.522
-1.145,-2.538
-1.145,-2.538
-1.166,-2.534
-1.157,-2.551
-1.166,-2.534
-1.156,-2.573
-1.155,-2.569
-1.152,-2.584
-1.153,-2.609
-1.153,-2.609
-1.157,-2.639
-1.123,-2.630
-1.135,-2.665
-1.124,-2.700
-1.108,-2.719
-1.108,-2.741
-1.084,-2.781
-1.084,-2.781
-1.087,-2.789
-1.063,-2.785
-1.066,-2.793
-1.065,-2.793
-1.052,-2.799
-1.031,-2.803
-1.039,-2.825
-1.029,-2.821
-1.029,-2.821
-1.042,-2.834
-1.042,-2.838
-1.041,-2.855
-1.042,-2.860
-1.053,-2.847
-1.049,-2.861
-1.039,-2.896
-1.027,-2.883
-1.028,-2.908
-1.028,-2.909
-1.028,-2.909
-1.018,-2.948
-1.016,-2.939
-1.029,-2.978
-1.028,-2.997
-1.016,-3.005
-1.017,-3.009
-1.003,-3.010
-1.017,-3.031
-1.017,-3.009
-1.017,-3.009
-1.019,-3.014
-1.016,-2.983
-1.029,-2.979
-1.018,-2.987
-1.016,-2.983
-1.017,-2.966
-1.016,-2.961
-1.017,-2.966
-1.007,-2.957
-1.016,-2.939
-1.016,-2.940
-1.013,-2.931
-1.017,-2.944
-1.039,-2.922
-1.029,-2.913
-1.031,-2.921
-1.041,-2.925
-1.041,-2.926
-1.038,-2.917
-1.036,-2.909
-1.073,-2.930
-1.060,-2.913
-1.085,-2.899
-1.085,-2.899
-1.085,-2.899
-1.086,-2.881
-1.071,-2.860
-1.084,-2.877
-1.084,-2.873
-1.084,-2.873
-1.074,-2.868
-1.071,-2.860
-1.098,-2.872
-1.085,-2.855
-1.084,-2.877
-1.074,-2.868
-1.071,-2.860
-1.085,-2.855
-1.084,-2.877
-1.062,-2.877
-1.074,-2.868
-1.082,-2.869
-1.074,-2.868
-1.086,-2.881
-1.097,-2.890
-1.086,-2.881
-1.094,-2.882
-1.097,-2.890
-1.084,-2.877
-1.084,-2.873
-1.085,-2.855
-1.084,-2.829
-1.085,-2.811
-1.084,-2.785
-1.095,-2.772
-1.075,-2.736
-1.084,-2.720
-1.099,-2.696
-1.086,-2.679
-1.097,-2.688
-1.086,-2.680
-1.085,-2.654
-1.097,-2.667
-1.096,-2.641
-1.096,-2.641
-1.088,-2.618
-1.075,-2.601
-1.067,-2.599
-1.078,-2.608
-1.054,-2.605
-1.066,-2.618
-1.063,-2.610
-1.075,-2.623
-1.074,-2.597
-1.074,-2.597
-1.077,-2.605
-1.077,-2.561
-1.089,-2.552
-1.077,-2.560
-1.064,-2.544
-1.043,-2.548
-1.040,-2.541
-1.020,-2.526
-1.021,-2.508
-0.998,-2.505
-0.988,-2.499
-0.986,-2.470
-0.965,-2.474
-0.952,-2.457
-0.940,-2.445
-0.932,-2.443
-0.919,-2.405
-0.887,-2.400
-0.886,-2.374
-0.852,-2.362
-0.853,-2.343
-0.840,-2.327
-0.830,-2.321
-0.831,-2.300
-0.830,-2.274
-0.821,-2.246
-0.808,-2.209
-0.797,-2.200
-0.797,-2.199
-0.785,-2.187
-0.776,-2.159
-0.763,-2.121
-0.741,-2.125
-0.764,-2.103
-0.751,-2.087
-0.764,-2.059
-0.751,-2.043
-0.787,-2.037
-0.787,-2.037
-0.808,-2.034
-0.810,-2.036
-0.818,-2.040
-0.831,-2.077
-0.843,-2.068
-0.842,-2.089
-0.856,-2.108
-0.866,-2.114
-0.867,-2.162
-0.865,-2.180
-0.864,-2.243
-0.887,-2.265
-0.884,-2.302
-0.908,-2.349
-0.897,-2.361
-0.909,-2.418
-0.933,-2.425
-0.943,-2.430
-0.955,-2.421
-0.942,-2.449
-0.963,-2.445
-0.965,-2.452
-0.975,-2.435
-0.977,-2.443
-0.989,-2.433
-0.977,-2.443
-1.000,-2.420
-0.997,-2.413
-0.988,-2.430
-0.998,-2.395
-0.998,-2.392
-1.000,-2.398
-1.009,-2.382
-1.011,-2.408
-0.988,-2.430
-1.020,-2.435
-1.000,-2.464
-1.008,-2.488
-1.009,-2.514
-0.998,-2.527
-1.009,-2.557
-1.021,-2.548
-0.997,-2.567
-1.010,-2.583
-0.986,-2.580
-0.985,-2.598
-0.986,-2.580
-0.963,-2.576
-0.964,-2.580
-0.965,-2.584
-0.964,-2.602
-0.966,-2.609
-0.963,-2.620
-0.964,-2.646
-0.953,-2.659
-0.941,-2.668
-0.942,-2.694
-0.939,-2.704
-0.940,-2.730
-0.918,-2.734
-0.929,-2.743
-0.931,-2.750
-0.919,-2.782
-0.908,-2.795
-0.896,-2.804
-0.906,-2.831
-0.884,-2.835
-0.892,-2.836
-0.905,-2.853
-0.907,-2.856
-0.917,-2.865
-0.919,-2.874
-0.927,-2.874
-0.917,-2.909
-0.929,-2.922
-0.916,-2.927
-0.918,-2.936
-0.916,-2.949
-0.906,-2.988
-0.917,-2.997
-0.894,-3.015
-0.909,-3.041
-0.906,-3.032
-0.897,-3.050
-0.906,-3.032
-0.893,-3.037
-0.939,-3.019
-0.916,-3.015
-0.928,-3.032
-0.929,-3.010
-0.905,-3.028
-0.928,-3.032
-0.926,-3.024
-0.928,-3.032
-0.928,-3.032
-0.939,-3.041
-0.940,-3.067
-0.939,-3.041
-0.951,-3.054
-0.962,-3.089
-0.972,-3.071
-0.962,-3.089
-0.982,-3.102
-0.985,-3.111
-0.996,-3.097
-0.984,-3.084
-0.985,-3.067
-0.983,-3.062
-0.983,-3.058
-0.994,-3.049
-0.981,-3.032
-1.008,-3.045
-0.995,-3.031
-1.009,-3.027
-0.986,-3.027
-0.985,-3.023
-0.996,-3.036
-0.995,-3.031
-0.995,-3.031
-0.983,-3.018
-0.993,-3.023
-1.007,-3.023
-1.006,-2.996
-1.008,-3.005
-0.996,-2.988
-0.994,-2.983
-0.983,-2.975
-0.994,-2.961
-0.996,-2.944
-0.997,-2.926
-1.006,-2.908
-1.008,-2.895
-1.006,-2.887
-1.007,-2.891
-1.017,-2.830
-1.004,-2.813
-1.030,-2.825
-1.005,-2.795
-1.017,-2.786
-1.008,-2.759
-1.017,-2.742
-1.008,-2.715
-1.018,-2.724
-1.041,-2.702
-1.018,-2.680
-1.039,-2.676
-1.043,-2.662
-1.040,-2.632
-1.041,-2.614
-1.041,-2.614
-1.029,-2.601
-1.042,-2.596
-1.051,-2.579
-1.063,-2.570
-1.053,-2.561
-1.062,-2.544
-1.054,-2.543
-1.051,-2.513
-1.051,-2.513
-1.051,-2.513
-1.050,-2.488
-1.052,-2.451
-1.029,-2.404
-1.044,-2.380
-1.021,-2.358
-1.020,-2.333
-1.021,-2.314
-1.029,-2.294
-1.007,-2.273
-1.018,-2.260
-1.018,-2.238
-1.011,-2.235
-0.998,-2.223
-0.988,-2.214
-0.987,-2.189
-0.986,-2.163
-0.977,-2.179
-0.975,-2.154
-0.966,-2.148
-0.966,-2.148
-0.965,-2.145
-0.955,-2.139
-0.919,-2.120
-0.942,-2.120
-0.920,-2.101
-0.919,-2.098
-0.910,-2.092
-0.897,-2.077
-0.888,-2.092
-0.888,-2.092
-0.897,-2.098
-0.900,-2.105
-0.897,-2.120
-0.910,-2.136
-0.933,-2.136
-0.931,-2.176
-0.922,-2.192
-0.942,-2.207
-0.954,-2.223
-0.944,-2.258
-0.941,-2.295
-0.955,-2.333
-0.964,-2.361
-0.977,-2.399
-0.988,-2.430
-0.988,-2.430
-0.977,-2.442
-0.976,-2.417
-0.976,-2.417
-0.987,-2.404
-0.963,-2.401
-0.988,-2.386
-0.976,-2.373
-0.978,-2.380
-0.968,-2.371
-0.965,-2.364
-0.979,-2.402
-0.963,-2.401
-0.975,-2.435
-0.975,-2.436
-0.985,-2.423
-0.989,-2.433
-0.988,-2.430
-0.989,-2.433
-0.989,-2.433
-0.987,-2.448
-0.989,-2.455
-0.987,-2.448
-0.965,-2.452
-0.977,-2.443
-0.953,-2.439
-0.967,-2.433
-0.976,-2.417
-0.965,-2.408
-0.976,-2.373
-0.963,-2.357
-0.966,-2.320
-0.932,-2.308
-0.944,-2.277
-0.955,-2.267
-0.943,-2.251
-0.945,-2.258
-0.920,-2.229
-0.921,-2.255
-0.921,-2.211
-0.921,-2.208
-0.912,-2.205
-0.898,-2.186
-0.911,-2.202
-0.899,-2.189
-0.898,-2.208
-0.888,-2.180
-0.887,-2.198
-0.887,-2.199
-0.888,-2.180
-0.898,-2.208
-0.900,-2.214
-0.898,-2.208
-0.899,-2.233
-0.899,-2.233
-0.909,-2.242
-0.910,-2.268
-0.908,-2.261
-0.907,-2.279
-0.897,-2.296
-0.909,-2.286
-0.911,-2.293
-0.901,-2.283
-0.901,-2.284
-0.911,-2.293
-0.897,-2.295
-0.899,-2.321
-0.896,-2.314
-0.908,-2.305
-0.909,-2.286
-0.897,-2.295
-0.901,-2.284
-0.899,-2.277
-0.900,-2.302
-0.888,-2.290
-0.897,-2.295
-0.910,-2.311
-0.897,-2.296
-0.886,-2.308
-0.888,-2.290
-0.886,-2.308
-0.889,-2.315
-0.886,-2.308
-0.887,-2.308
-0.886,-2.308
-0.885,-2.327
-0.888,-2.334
-0.885,-2.327
-0.888,-2.333
-0.877,-2.324
-0.874,-2.340
-0.888,-2.334
-0.897,-2.361
-0.909,-2.374
-0.920,-2.364
-0.907,-2.370
-0.932,-2.399
-0.943,-2.386
-0.931,-2.374
-0.955,-2.377
-0.952,-2.370
-0.965,-2.386
-0.942,-2.361
-0.988,-2.364
-0.977,-2.355
-0.976,-2.373
-0.977,-2.377
-0.964,-2.361
-0.988,-2.364
-0.988,-2.364
-0.997,-2.370
-1.000,-2.377
-0.997,-2.348
-0.997,-2.348
-1.009,-2.360
-1.007,-2.357
-0.999,-2.355
-1.010,-2.342
-1.001,-2.336
-0.989,-2.345
-0.974,-2.370
-0.976,-2.373
-0.984,-2.379
-0.986,-2.382
-0.975,-2.395
-0.974,-2.370
-0.988,-2.367
-0.977,-2.377
-0.987,-2.386
-0.964,-2.408
-0.962,-2.401
-0.963,-2.427
-0.963,-2.426
-0.952,-2.439
-0.953,-2.421
-0.952,-2.439
-0.943,-2.456
-0.930,-2.461
-0.930,-2.461
-0.931,-2.487
-0.928,-2.480
-0.931,-2.509
-0.930,-2.505
-0.931,-2.531
-0.931,-2.531
-0.918,-2.558
-0.909,-2.579
-0.907,-2.571
-0.919,-2.584
-0.896,-2.606
-0.895,-2.624
-0.896,-2.628
-0.872,-2.625
-0.884,-2.637
-0.885,-2.663
-0.884,-2.681
-0.908,-2.685
-0.894,-2.690
-0.883,-2.703
-0.883,-2.703
-0.893,-2.708
-0.907,-2.707
-0.893,-2.708
-0.894,-2.712
-0.895,-2.716
-0.894,-2.712
-0.906,-2.725
-0.893,-2.730
-0.928,-2.747
-0.929,-2.751
-0.917,-2.760
-0.943,-2.771
-0.941,-2.763
-0.952,-2.794
-0.952,-2.794
-0.948,-2.804
-0.951,-2.812
-0.938,-2.818
-0.961,-2.821
-0.963,-2.825
-0.973,-2.834
-0.964,-2.851
-0.950,-2.830
-0.951,-2.856
-0.906,-2.857
-0.893,-2.840
-0.862,-2.861
-0.851,-2.826
-0.850,-2.848
-0.852,-2.852
-0.860,-2.853
-0.862,-2.861
-0.872,-2.866
-0.917,-2.866
-0.939,-2.865
-0.972,-2.852
-1.020,-2.860
-1.030,-2.869
-1.063,-2.877
-1.064,-2.881
-1.074,-2.886
-1.098,-2.890
-1.108,-2.899
-1.108,-2.899
-1.132,-2.925
-1.130,-2.920
-1.132,-2.946
-1.119,-2.929
-1.141,-2.951
-1.153,-2.942
-1.162,-2.947
-1.153,-2.942
-1.164,-2.929
-1.165,-2.955
-1.177,-2.946
-1.151,-2.960
-1.154,-2.969
-1.129,-2.982
-1.117,-2.991
-1.096,-2.996
-1.095,-3.013
-1.108,-3.009
-1.097,-3.022
-1.121,-3.026
-1.132,-3.057
-1.131,-3.074
-1.142,-3.109
-1.152,-3.114
-1.171,-3.170
-1.193,-3.188
-1.204,-3.179
-1.245,-3.187
-1.245,-3.187
-1.235,-3.201
-1.235,-3.179
-1.255,-3.170
-1.258,-3.157
-1.279,-3.130
-1.290,-3.139
-1.293,-3.148
-1.289,-3.138
-1.302,-3.152
-1.330,-3.147
-1.352,-3.147
-1.354,-3.151
-1.352,-3.125
-1.416,-3.089
-1.435,-3.058
-1.449,-3.054
-1.461,-3.045
-1.472,-2.987
-1.473,-2.992
-1.517,-2.965
-1.552,-2.956
-1.548,-2.947
-1.556,-2.930
-1.573,-2.908
-1.583,-2.872
-1.607,-2.832
-1.619,-2.823
-1.615,-2.771
-1.641,-2.735
-1.648,-2.670
-1.663,-2.621
-1.675,-2.568
-1.673,-2.499
-1.665,-2.427
-1.663,-2.358
-1.651,-2.324
-1.643,-2.274
-1.604,-2.255
-1.594,-2.246
-1.592,-2.221
-1.574,-2.205
-1.553,-2.187
-1.516,-2.193
-1.533,-2.168
-1.497,-2.178
-1.496,-2.197
-1.484,-2.206
-1.457,-2.222
-1.438,-2.251
-1.412,-2.222
-1.392,-2.226
-1.371,-2.229
-1.348,-2.207
-1.350,-2.233
-1.338,-2.220
-1.326,-2.230
-1.316,-2.220
-1.312,-2.214
-1.350,-2.233
-1.336,-2.217
-1.349,-2.229
-1.338,-2.242
-1.347,-2.248
-1.361,-2.264
-1.380,-2.279
-1.403,-2.304
-1.405,-2.329
-1.424,-2.344
-1.417,-2.364
-1.415,-2.382
-1.427,-2.395
-1.440,-2.407
-1.424,-2.431
-1.427,-2.439
-1.403,-2.435
-1.380,-2.457
-1.370,-2.492
-1.356,-2.498
-1.348,-2.514
-1.302,-2.515
-1.303,-2.515
-1.270,-2.528
-1.267,-2.521
-1.225,-2.528
-1.189,-2.534
-1.178,-2.547
-1.169,-2.542
-1.155,-2.525
-1.134,-2.573
-1.133,-2.547
-1.122,-2.582
-1.101,-2.586
-1.120,-2.597
-1.110,-2.614
-1.121,-2.601
-1.122,-2.604
-1.124,-2.608
-1.122,-2.604
-1.149,-2.615
-1.145,-2.586
-1.143,-2.579
-1.142,-2.557
-1.162,-2.571
-1.164,-2.600
-1.175,-2.587
-1.176,-2.591
-1.201,-2.620
-1.210,-2.604
-1.222,-2.638
-1.243,-2.678
-1.241,-2.696
-1.254,-2.713
-1.286,-2.740
-1.291,-2.774
-1.299,-2.800
-1.299,-2.800
-1.322,-2.822
-1.320,-2.840
-1.332,-2.875
-1.343,-2.862
-1.354,-2.897
-1.367,-2.909
-1.373,-2.954
-1.378,-2.988
-1.386,-3.011
-1.407,-3.028
-1.402,-3.032
-1.412,-3.063
-1.424,-3.098
-1.410,-3.124
-1.434,-3.172
-1.424,-3.186
-1.420,-3.221
-1.425,-3.256
-1.435,-3.309
-1.446,-3.362
-1.433,-3.414
-1.396,-3.462
-1.377,-3.538
-1.339,-3.586
-1.306,-3.666
-1.295,-3.724
-1.270,-3.736
-1.241,-3.787
-1.215,-3.777
-1.171,-3.799
-1.136,-3.786
-1.099,-3.828
-1.068,-3.853
-1.023,-3.853
-0.967,-3.867
-0.946,-3.873
-0.921,-3.884
-0.923,-3.890
-0.898,-3.863
-0.865,-3.877
-0.878,-3.847
-0.853,-3.770
-0.856,-3.715
-0.844,-3.657
-0.845,-3.635
-0.834,-3.583
-0.822,-3.565
-0.845,-3.525
-0.867,-3.476
-0.889,-3.454
-0.925,-3.428
-0.936,-3.393
-0.983,-3.402
-1.003,-3.414
-1.036,-3.400
-1.060,-3.405
-1.093,-3.391
-1.084,-3.365
-1.117,-3.351
-1.151,-3.316
-1.173,-3.338
-1.203,-3.315
-1.206,-3.324
-1.229,-3.302
-1.253,-3.306
-1.265,-3.302
-1.296,-3.301
-1.308,-3.314
-1.306,-3.310
-1.318,-3.323
-1.319,-3.328
-1.340,-3.323
-1.330,-3.314
-1.338,-3.340
-1.351,-3.353
-1.364,-3.371
-1.361,-3.362
-1.375,-3.380
-1.373,-3.397
-1.374,-3.424
-1.387,-3.437
-1.407,-3.454
-1.411,-3.464
-1.409,-3.437
-1.430,-3.432
-1.430,-3.410
-1.440,-3.396
-1.444,-3.384
-1.430,-3.344
-1.439,-3.326
-1.430,-3.278
-1.429,-3.252
-1.410,-3.217
-1.423,-3.186
-1.424,-3.190
-1.425,-3.168
-1.411,-3.151
-1.411,-3.151
-1.397,-3.133
-1.397,-3.134
-1.399,-3.138
-1.397,-3.133
-1.391,-3.133
-1.378,-3.120
-1.388,-3.129
-1.388,-3.129
-1.385,-3.120
-1.364,-3.125
-1.352,-3.090
-1.355,-3.050
-1.346,-3.024
-1.355,-2.940
-1.336,-2.927
-1.323,-2.910
-1.288,-2.897
-1.289,-2.875
-1.253,-2.858
-1.245,-2.858
-1.221,-2.854
-1.233,-2.889
-1.223,-2.880
-1.219,-2.894
-1.189,-2.915
-1.189,-2.915
-1.188,-2.933
-1.178,-2.924
-1.152,-2.938
-1.165,-2.955
-1.130,-2.964
-1.120,-2.956
-1.109,-2.969
-1.074,-2.974
-1.085,-2.965
-1.063,-2.965
-1.052,-2.978
-1.054,-2.961
-1.051,-2.952
-1.030,-2.957
-1.030,-2.957
-1.030,-2.957
-1.020,-2.948
-1.017,-2.939
-1.017,-2.939
-1.014,-2.931
-1.017,-2.939
-1.031,-2.935
-1.029,-2.931
-1.022,-2.956
-1.021,-2.974
-1.019,-2.992
-1.018,-3.009
-1.037,-3.045
-1.039,-3.071
-1.049,-3.080
-1.050,-3.106
-1.051,-3.110
-1.061,-3.119
-1.087,-3.150
-1.095,-3.176
-1.106,-3.185
-1.107,-3.211
-1.115,-3.211
-1.140,-3.241
-1.138,-3.259
-1.150,-3.294
-1.152,-3.321
-1.160,-3.346
-1.139,-3.395
-1.148,-3.421
-1.148,-3.465
-1.138,-3.505
-1.148,-3.509
-1.140,-3.532
-1.139,-3.527
-1.126,-3.558
-1.116,-3.549
-1.113,-3.540
-1.105,-3.563
-1.092,-3.545
-1.104,-3.558
-1.104,-3.558
-1.102,-3.553
-1.106,-3.541
-1.082,-3.536
-1.104,-3.536
-1.094,-3.528
-1.091,-3.518
-1.094,-3.528
-1.082,-3.492
-1.093,-3.479
-1.061,-3.453
-1.070,-3.413
-1.094,-3.418
-1.093,-3.391
-1.103,-3.400
-1.105,-3.382
-1.103,-3.356
-1.108,-3.348
-1.108,-3.347
-1.129,-3.343
-1.117,-3.330
-1.136,-3.342
-1.138,-3.347
-1.136,-3.342
-1.149,-3.355
-1.150,-3.338
-1.138,-3.325
-1.153,-3.303
-1.173,-3.315
-1.160,-3.303
-1.173,-3.316
-1.170,-3.284
-1.173,-3.272
-1.162,-3.241
-1.175,-3.232
-1.199,-3.192
-1.184,-3.104
-1.187,-3.043
-1.197,-2.981
-1.209,-2.951
-1.212,-2.911
-1.187,-2.907
-1.191,-2.893
-1.179,-2.880
-1.179,-2.880
-1.168,-2.871
-1.176,-2.872
-1.156,-2.858
-1.155,-2.854
-1.132,-2.854
-1.134,-2.815
-1.121,-2.820
-1.112,-2.793
-1.110,-2.767
-1.078,-2.780
-1.090,-2.749
-1.076,-2.754
-1.067,-2.727
-1.054,-2.711
-1.055,-2.715
-1.034,-2.697
-1.031,-2.667
-1.045,-2.662
-1.021,-2.636
-1.022,-2.636
-1.021,-2.614
-1.008,-2.598
-1.011,-2.605
-1.009,-2.579
-1.000,-2.574
-1.013,-2.569
-1.012,-2.543
-1.001,-2.556
-0.988,-2.539
-1.010,-2.536
-1.011,-2.561
-1.020,-2.545
-1.022,-2.552
-1.021,-2.526
-1.010,-2.539
-1.034,-2.543
-1.055,-2.539
-1.057,-2.565
-1.054,-2.557
-1.088,-2.570
-1.123,-2.560
-1.156,-2.569
-1.207,-2.562
-1.213,-2.559
-1.212,-2.577
-1.223,-2.568
-1.233,-2.574
-1.246,-2.590
-1.234,-2.577
-1.225,-2.594
-1.214,-2.607
-1.200,-2.568
-1.202,-2.594
-1.178,-2.591
-1.167,-2.604
-1.144,-2.582
-1.120,-2.578
-1.112,-2.595
-1.099,-2.582
-1.066,-2.595
-1.079,-2.564
-1.053,-2.579
-1.044,-2.574
-1.032,-2.583
-1.043,-2.570
-0.999,-2.552
-0.999,-2.548
-0.979,-2.534
-0.977,-2.508
-0.966,-2.521
-0.966,-2.521
-0.964,-2.514
-0.977,-2.508
-0.954,-2.505
-0.977,-2.509
-0.989,-2.499
-0.975,-2.501
-0.988,-2.474
-0.976,-2.483
-0.988,-2.474
-0.977,-2.443
-0.988,-2.430
-0.980,-2.406
-0.988,-2.386
-0.966,-2.364
-0.964,-2.339
-0.963,-2.314
-0.976,-2.286
-0.965,-2.251
-0.966,-2.233
-0.957,-2.205
-0.965,-2.164
-0.967,-2.170
-0.966,-2.145
-0.966,-2.145
-0.990,-2.148
-1.010,-2.119
-1.014,-2.129
-1.024,-2.116
-1.036,-2.125
-1.047,-2.138
-1.067,-2.153
-1.080,-2.147
-1.089,-2.175
-1.113,-2.178
-1.102,-2.191
-1.134,-2.196
-1.136,-2.203
-1.135,-2.200
-1.157,-2.199
-1.158,-2.200
-1.166,-2.184
-1.169,-2.190
-1.156,-2.196
-1.168,-2.209
-1.158,-2.200
-1.154,-2.215
-1.147,-2.212
-1.168,-2.209
-1.157,-2.222
-1.157,-2.222
-1.155,-2.240
-1.157,-2.266
-1.178,-2.262
-1.180,-2.287
-1.169,-2.300
-1.178,-2.306
-1.181,-2.357
-1.178,-2.350
-1.178,-2.394
-1.191,-2.410
-1.187,-2.425
-1.166,-2.472
-1.176,-2.478
-1.200,-2.529
-1.190,-2.563
-1.200,-2.572
-1.181,-2.602
-1.177,-2.617
-1.177,-2.661
-1.176,-2.679
-1.172,-2.693
-1.175,-2.723
-1.151,-2.741
-1.152,-2.767
-1.165,-2.784
-1.163,-2.776
-1.187,-2.780
-1.163,-2.776
-1.174,-2.811
-1.154,-2.837
-1.174,-2.854
-1.155,-2.863
-1.151,-2.876
-1.164,-2.889
-1.153,-2.903
-1.151,-2.920
-1.141,-2.934
-1.117,-2.930
-1.141,-2.956
-1.142,-2.960
-1.140,-2.973
-1.108,-2.991
-1.117,-2.996
-1.118,-3.022
-1.118,-3.044
-1.127,-3.048
-1.119,-3.070
-1.140,-3.065
-1.128,-3.096
-1.128,-3.118
-1.127,-3.136
-1.152,-3.166
-1.151,-3.184
-1.152,-3.211
-1.141,-3.224
-1.138,-3.215
-1.140,-3.241
-1.126,-3.246
-1.128,-3.250
-1.152,-3.276
-1.128,-3.272
-1.141,-3.268
-1.126,-3.289
-1.114,-3.299
-1.117,-3.308
-1.114,-3.298
-1.119,-3.290
-1.119,-3.290
-1.108,-3.325
-1.085,-3.326
-1.081,-3.334
-1.072,-3.352
-1.069,-3.343
-1.069,-3.343
-1.072,-3.352
-1.071,-3.325
-1.063,-3.326
-1.060,-3.317
-1.060,-3.317
-1.071,-3.325
-1.069,-3.299
-1.061,-3.321
-1.060,-3.317
-1.072,-3.308
-1.073,-3.290
-1.093,-3.303
-1.084,-3.299
-1.104,-3.268
-1.105,-3.295
-1.105,-3.250
-1.115,-3.211
-1.130,-3.189
-1.139,-3.171
-1.141,-3.131
-1.163,-3.109
-1.162,-3.083
-1.165,-3.048
-1.151,-3.008
-1.186,-2.999
-1.188,-2.981
-1.185,-2.929
-1.199,-2.924
-1.196,-2.872
-1.175,-2.854
-1.177,-2.836
-1.175,-2.810
-1.189,-2.805
-1.186,-2.753
-1.198,-2.744
-1.177,-2.726
-1.164,-2.688
-1.189,-2.673
-1.175,-2.631
-1.175,-2.631
-1.176,-2.613
-1.176,-2.569
-1.179,-2.577
-1.167,-2.564
-1.169,-2.567
-1.157,-2.555
-1.176,-2.569
-1.178,-2.573
-1.166,-2.560
-1.165,-2.578
-1.187,-2.600
-1.187,-2.600
-1.179,-2.621
-1.166,-2.604
-1.178,-2.639
-1.188,-2.648
-1.175,-2.631
-1.188,-2.604
-1.176,-2.613
-1.190,-2.586
-1.190,-2.564
-1.176,-2.569
-1.179,-2.576
-1.165,-2.578
-1.177,-2.591
-1.166,-2.604
-1.142,-2.600
-1.145,-2.608
-1.141,-2.622
-1.154,-2.635
-1.155,-2.661
-1.154,-2.679
-1.155,-2.705
-1.153,-2.701
-1.132,-2.727
-1.143,-2.736
-1.151,-2.763
-1.154,-2.815
-1.151,-2.807
-1.142,-2.846
-1.142,-2.846
-1.130,-2.899
-1.142,-2.912
-1.130,-2.943
-1.152,-2.942
-1.140,-2.951
-1.161,-2.947
-1.152,-2.964
-1.161,-2.969
-1.162,-2.995
-1.162,-2.995
-1.161,-3.013
-1.176,-3.034
-1.174,-3.030
-1.177,-3.039
-1.166,-3.074
-1.175,-3.056
-1.166,-3.074
-1.162,-3.083
-1.174,-3.096
-1.174,-3.118
-1.174,-3.118
-1.187,-3.135
-1.186,-3.131
-1.198,-3.122
-1.209,-3.157
-1.219,-3.161
-1.209,-3.157
-1.208,-3.175
-1.220,-3.210
-1.208,-3.219
-1.229,-3.214
-1.243,-3.210
-1.251,-3.192
-1.253,-3.218
-1.253,-3.218
-1.262,-3.201
-1.265,-3.210
-1.263,-3.227
-1.287,-3.231
-1.264,-3.253
-1.274,-3.257
-1.265,-3.253
-1.272,-3.253
-1.263,-3.271
-1.253,-3.262
-1.250,-3.253
-1.263,-3.271
-1.250,-3.253
-1.263,-3.271
-1.253,-3.262
-1.252,-3.240
-1.266,-3.236
-1.240,-3.249
-1.240,-3.249
-1.230,-3.240
-1.229,-3.236
-1.220,-3.232
-1.218,-3.205
-1.207,-3.214
-1.217,-3.179
-1.205,-3.166
-1.208,-3.131
-1.231,-3.109
-1.234,-3.118
-1.199,-3.105
-1.198,-3.122
-1.198,-3.122
-1.183,-3.122
-1.174,-3.140
-1.173,-3.162
-1.173,-3.162
-1.166,-3.162
-1.152,-3.166
-1.165,-3.180
-1.173,-3.206
-1.182,-3.232
-1.186,-3.263
-1.172,-3.267
-1.174,-3.272
-1.164,-3.268
-1.173,-3.250
-1.165,-3.268
-1.161,-3.258
-1.162,-3.259
-1.151,-3.272
-1.138,-3.254
-1.130,-3.277
-1.139,-3.237
-1.152,-3.255
-1.152,-3.255
-1.139,-3.237
-1.153,-3.233
-1.149,-3.246
-1.163,-3.241
-1.174,-3.272
-1.162,-3.259
-1.152,-3.255
-1.161,-3.237
-1.152,-3.255
-1.151,-3.272
-1.162,-3.258
-1.163,-3.263
-1.151,-3.272
-1.163,-3.285
-1.175,-3.276
-1.173,-3.294
-1.162,-3.303
-1.172,-3.289
-1.186,-3.307
-1.175,-3.298
-1.186,-3.307
-1.189,-3.316
-1.175,-3.320
-1.197,-3.342
-1.185,-3.351
-1.182,-3.341
-1.185,-3.351
-1.182,-3.342
-1.185,-3.351
-1.185,-3.351
-1.208,-3.329
-1.187,-3.334
-1.184,-3.324
-1.186,-3.307
-1.185,-3.307
-1.182,-3.298
-1.185,-3.307
-1.194,-3.289
-1.210,-3.311
-1.197,-3.298
-1.196,-3.315
-1.186,-3.307
-1.205,-3.319
-1.196,-3.316
-1.218,-3.337
-1.208,-3.328
-1.221,-3.346
-1.218,-3.337
-1.242,-3.342
-1.253,-3.372
-1.251,-3.389
-1.265,-3.407
-1.274,-3.411
-1.287,-3.429
-1.287,-3.429
-1.296,-3.433
-1.287,-3.429
-1.284,-3.420
-1.276,-3.438
-1.275,-3.438
-1.275,-3.438
-1.265,-3.429
-1.262,-3.442
-1.242,-3.430
-1.241,-3.425
-1.205,-3.385
-1.196,-3.382
-1.195,-3.355
-1.175,-3.343
-1.165,-3.334
-1.153,-3.320
-1.154,-3.303
-1.139,-3.303
-1.153,-3.299
-1.162,-3.281
-1.173,-3.267
-1.174,-3.250
-1.195,-3.245
-1.188,-3.245
-1.188,-3.201
-1.187,-3.153
-1.199,-3.144
-1.197,-3.113
-1.221,-3.074
-1.221,-3.051
-1.222,-3.007
-1.213,-2.981
-1.200,-2.964
-1.191,-2.937
-1.179,-2.924
-1.165,-2.907
-1.155,-2.898
-1.154,-2.872
-1.168,-2.871
-1.134,-2.859
-1.143,-2.842
-1.112,-2.837
-1.099,-2.820
-1.089,-2.815
-1.090,-2.793
-1.077,-2.780
-1.067,-2.771
-1.064,-2.763
-1.067,-2.771
-1.043,-2.767
-1.043,-2.768
-1.045,-2.794
-1.032,-2.777
-1.034,-2.785
-1.011,-2.785
-1.010,-2.781
-0.989,-2.785
-0.986,-2.777
-0.998,-2.812
-0.998,-2.812
-0.998,-2.812
-1.001,-2.820
-0.996,-2.808
-1.010,-2.847
-1.008,-2.821
-1.020,-2.856
-0.999,-2.860
-0.999,-2.860
-1.012,-2.877
-0.989,-2.899
-1.009,-2.913
-1.009,-2.957
-1.017,-2.957
-1.018,-2.983
-1.042,-2.987
-1.052,-2.996
-1.055,-3.005
-1.064,-3.009
-1.077,-3.026
-1.086,-3.053
-1.085,-3.071
-1.087,-3.123
-1.096,-3.105
-1.111,-3.127
-1.109,-3.123
-1.120,-3.153
-1.133,-3.171
-1.141,-3.171
-1.165,-3.175
-1.142,-3.197
-1.142,-3.197
-1.143,-3.202
-1.130,-3.184
-1.164,-3.197
-1.140,-3.193
-1.140,-3.193
-1.154,-3.188
-1.140,-3.193
-1.166,-3.202
-1.164,-3.197
-1.163,-3.214
-1.187,-3.219
-1.173,-3.223
-1.188,-3.245
-1.187,-3.219
-1.197,-3.228
-1.210,-3.245
-1.195,-3.245
-1.209,-3.263
-1.221,-3.276
-1.221,-3.276
-1.221,-3.276
-1.218,-3.266
-1.231,-3.284
-1.219,-3.293
-1.208,-3.302
-1.197,-3.315
-1.194,-3.306
-1.198,-3.320
-1.163,-3.307
-1.176,-3.320
-1.165,-3.334
-1.186,-3.329
-1.177,-3.369
-1.162,-3.368
-1.173,-3.399
-1.173,-3.403
-1.160,-3.430
-1.186,-3.461
-1.186,-3.461
-1.175,-3.474
-1.174,-3.496
-1.172,-3.508
-1.185,-3.527
-1.162,-3.549
-1.171,-3.575
-1.174,-3.585
-1.173,-3.601
-1.186,-3.620
-1.174,-3.628
-1.172,-3.645
-1.173,-3.650
-1.170,-3.684
-1.184,-3.703
-1.172,-3.711
-1.194,-3.733
-1.173,-3.738
-1.180,-3.736
-1.173,-3.782
-1.161,-3.769
-1.172,-3.799
-1.196,-3.804
-1.182,-3.808
-1.173,-3.827
-1.183,-3.791
-1.173,-3.804
-1.196,-3.804
-1.158,-3.802
-1.161,-3.791
-1.148,-3.794
-1.149,-3.822
-1.139,-3.813
-1.148,-3.794
-1.151,-3.805
-1.137,-3.786
-1.127,-3.756
-1.130,-3.744
-1.126,-3.707
-1.127,-3.734
-1.114,-3.715
-1.116,-3.698
-1.107,-3.673
-1.116,-3.659
-1.109,-3.639
-1.118,-3.620
-1.129,-3.607
-1.105,-3.602
-1.113,-3.579
-1.116,-3.544
-1.117,-3.522
-1.106,-3.492
-1.108,-3.475
-1.116,-3.456
-1.107,-3.453
-1.119,-3.417
-1.106,-3.404
-1.119,-3.374
-1.105,-3.333
-1.108,-3.343
-1.106,-3.316
-1.107,-3.316
-1.108,-3.299
-1.116,-3.276
-1.119,-3.285
-1.107,-3.272
-1.119,-3.285
-1.131,-3.276
-1.128,-3.267
-1.143,-3.290
-1.152,-3.272
-1.163,-3.307
-1.163,-3.307
-1.183,-3.319
-1.198,-3.364
-1.196,-3.381
-1.220,-3.386
-1.244,-3.390
-1.241,-3.402
-1.255,-3.399
-1.264,-3.403
-1.264,-3.446
-1.275,-3.438
-1.274,-3.455
-1.275,-3.482
-1.286,-3.468
-1.275,-3.482
-1.300,-3.486
-1.283,-3.459
-1.274,-3.499
-1.272,-3.472
-1.286,-3.490
-1.265,-3.473
-1.253,-3.460
-1.256,-3.426
-1.232,-3.421
-1.231,-3.416
-1.219,-3.403
-1.226,-3.380
-1.207,-3.368
-1.184,-3.346
-1.210,-3.333
-1.199,-3.347
-1.186,-3.329
-1.186,-3.329
-1.174,-3.337
-1.162,-3.324
-1.153,-3.343
-1.162,-3.325
-1.165,-3.334
-1.151,-3.338
-1.153,-3.343
-1.142,-3.356
-1.162,-3.368
-1.141,-3.373
-1.150,-3.377
-1.151,-3.382
-1.163,-3.395
-1.149,-3.399
-1.152,-3.409
-1.141,-3.417
-1.141,-3.417
-1.152,-3.409
-1.160,-3.430
-1.141,-3.417
-1.151,-3.426
-1.151,-3.426
-1.175,-3.430
-1.161,-3.434
-1.176,-3.457
-1.184,-3.434
-1.174,-3.448
-1.187,-3.444
-1.173,-3.447
-1.175,-3.430
-1.151,-3.426
-1.175,-3.430
-1.163,-3.417
-1.162,-3.412
-1.152,-3.409
-1.150,-3.399
-1.162,-3.412
-1.175,-3.386
-1.162,-3.368
-1.166,-3.360
-1.175,-3.342
-1.177,-3.347
-1.186,-3.329
-1.173,-3.311
-1.186,-3.329
-1.195,-3.289
-1.186,-3.285
-1.210,-3.289
-1.197,-3.271
-1.200,-3.281
-1.209,-3.263
-1.209,-3.263
-1.221,-3.276
-1.218,-3.267
-1.221,-3.276
-1.209,-3.263
-1.221,-3.276
-1.223,-3.258
-1.209,-3.263
-1.233,-3.267
-1.230,-3.258
-1.230,-3.280
-1.209,-3.263
-1.219,-3.249
-1.210,-3.245
-1.209,-3.241
-1.221,-3.232
-1.221,-3.232
-1.208,-3.214
-1.221,-3.232
-1.220,-3.205
-1.209,-3.219
-1.198,-3.210
-1.197,-3.228
-1.199,-3.210
-1.187,-3.219
-1.187,-3.219
-1.187,-3.219
-1.185,-3.236
-1.188,-3.245
-1.187,-3.219
-1.188,-3.245
-1.176,-3.232
-1.197,-3.227
-1.188,-3.245
-1.174,-3.250
-1.188,-3.245
-1.176,-3.232
-1.184,-3.254
-1.174,-3.250
-1.195,-3.245
-1.188,-3.245
