 0.268,-1.111
 0.267,-1.088
 0.279,-1.077
 0.279,-1.077
 0.273,-1.073
 0.268,-1.068
 0.250,-1.072
 0.255,-1.077
 0.267,-1.097
 0.261,-1.104
 0.267,-1.110
 0.279,-1.134
 0.285,-1.131
 0.297,-1.130
 0.292,-1.137
 0.285,-1.152
 0.285,-1.151
 0.274,-1.164
 0.285,-1.175
 0.286,-1.200
 0.280,-1.205
 0.280,-1.215
 0.280,-1.218
 0.279,-1.213
 0.274,-1.198
 0.280,-1.192
 0.279,-1.180
 0.285,-1.175
 0.285,-1.162
 0.291,-1.158
 0.297,-1.140
 0.291,-1.133
 0.291,-1.112
 0.291,-1.087
 0.291,-1.066
 0.279,-1.031
 0.279,-0.996
 0.267,-0.963
 0.278,-0.938
 0.296,-0.923
 0.296,-0.899
 0.302,-0.882
 0.296,-0.866
 0.296,-0.852
 0.296,-0.841
 0.284,-0.830
 0.290,-0.814
 0.296,-0.809
 0.296,-0.807
 0.284,-0.808
 0.290,-0.791
 0.289,-0.789
 0.308,-0.773
 0.307,-0.772
 0.296,-0.774
 0.308,-0.762
 0.313,-0.768
 0.320,-0.774
 0.319,-0.772
 0.325,-0.790
 0.319,-0.795
 0.331,-0.807
 0.326,-0.814
 0.337,-0.812
 0.337,-0.814
 0.337,-0.814
 0.343,-0.808
 0.343,-0.797
 0.349,-0.801
 0.331,-0.795
 0.331,-0.785
 0.337,-0.779
 0.337,-0.768
 0.331,-0.772
 0.337,-0.768
 0.332,-0.752
 0.325,-0.756
 0.332,-0.752
 0.331,-0.750
 0.325,-0.746
 0.331,-0.739
 0.331,-0.726
 0.336,-0.721
 0.330,-0.714
 0.331,-0.716
 0.343,-0.704
 0.331,-0.703
 0.337,-0.710
 0.336,-0.698
 0.331,-0.705
 0.319,-0.693
 0.337,-0.687
 0.313,-0.676
 0.330,-0.669
 0.324,-0.664
 0.330,-0.658
 0.330,-0.635
 0.330,-0.624
 0.318,-0.612
 0.318,-0.612
 0.324,-0.595
 0.318,-0.611
 0.312,-0.594
 0.312,-0.584
 0.307,-0.591
 0.306,-0.579
 0.306,-0.590
 0.301,-0.596
 0.300,-0.594
 0.300,-0.594
 0.306,-0.600
 0.312,-0.594
 0.306,-0.590
 0.300,-0.595
 0.294,-0.601
 0.300,-0.606
 0.306,-0.611
 0.306,-0.623
 0.306,-0.623
 0.300,-0.629
 0.306,-0.636
 0.300,-0.652
 0.301,-0.653
 0.295,-0.669
 0.283,-0.681
 0.289,-0.698
 0.295,-0.703
 0.301,-0.710
 0.307,-0.704
 0.307,-0.715
 0.301,-0.721
 0.301,-0.720
 0.313,-0.712
 0.307,-0.716
 0.319,-0.716
 0.313,-0.699
 0.313,-0.698
 0.313,-0.687
 0.312,-0.674
 0.306,-0.669
 0.313,-0.652
 0.306,-0.646
 0.307,-0.624
 0.306,-0.612
 0.295,-0.613
 0.307,-0.601
 0.294,-0.588
 0.277,-0.572
 0.270,-0.543
 0.259,-0.520
 0.253,-0.515
 0.258,-0.497
 0.258,-0.498
 0.264,-0.503
 0.276,-0.514
 0.270,-0.532
 0.282,-0.531
 0.282,-0.543
 0.288,-0.560
 0.282,-0.577
 0.283,-0.589
 0.300,-0.595
 0.301,-0.619
 0.295,-0.636
 0.295,-0.659
 0.307,-0.671
 0.312,-0.686
 0.313,-0.699
 0.318,-0.703
 0.319,-0.716
 0.319,-0.727
 0.313,-0.732
 0.307,-0.751
 0.331,-0.762
 0.331,-0.773
 0.325,-0.780
 0.319,-0.796
 0.302,-0.791
 0.308,-0.796
 0.290,-0.801
 0.302,-0.802
 0.289,-0.789
 0.301,-0.791
 0.284,-0.784
 0.278,-0.790
 0.278,-0.791
 0.272,-0.796
 0.278,-0.791
 0.284,-0.795
 0.284,-0.807
 0.278,-0.802
 0.266,-0.801
 0.266,-0.803
 0.254,-0.802
 0.254,-0.802
 0.254,-0.791
 0.248,-0.783
 0.242,-0.767
 0.236,-0.737
 0.236,-0.726
 0.230,-0.709
 0.235,-0.691
 0.230,-0.687
 0.230,-0.675
 0.229,-0.663
 0.236,-0.659
 0.235,-0.657
 0.235,-0.658
 0.241,-0.652
 0.241,-0.652
 0.247,-0.658
 0.241,-0.663
 0.248,-0.681
 0.253,-0.687
 0.253,-0.697
 0.265,-0.698
 0.259,-0.703
 0.265,-0.711
 0.265,-0.732
 0.259,-0.749
 0.266,-0.757
 0.272,-0.773
 0.278,-0.793
 0.290,-0.815
 0.283,-0.843
 0.290,-0.872
 0.295,-0.885
 0.295,-0.898
 0.301,-0.904
 0.301,-0.904
 0.302,-0.906
 0.302,-0.916
 0.308,-0.935
 0.302,-0.939
 0.296,-0.945
 0.290,-0.952
 0.278,-0.950
 0.284,-0.945
 0.272,-0.922
 0.260,-0.911
 0.254,-0.882
 0.260,-0.852
 0.248,-0.842
 0.248,-0.819
 0.248,-0.807
 0.248,-0.785
 0.224,-0.771
 0.230,-0.778
 0.236,-0.760
 0.230,-0.755
 0.224,-0.752
 0.212,-0.751
 0.224,-0.752
 0.218,-0.745
 0.207,-0.756
 0.207,-0.756
 0.218,-0.753
 0.224,-0.749
 0.236,-0.737
 0.236,-0.737
 0.224,-0.727
 0.218,-0.743
 0.212,-0.738
 0.230,-0.755
 0.230,-0.755
 0.230,-0.744
 0.230,-0.755
 0.218,-0.745
 0.218,-0.745
 0.212,-0.749
 0.218,-0.745
 0.224,-0.725
 0.218,-0.721
 0.224,-0.715
 0.218,-0.697
 0.218,-0.687
 0.211,-0.656
 0.218,-0.652
 0.211,-0.623
 0.211,-0.612
 0.218,-0.596
 0.223,-0.589
 0.229,-0.584
 0.235,-0.578
 0.235,-0.577
 0.253,-0.560
 0.240,-0.547
 0.241,-0.525
 0.246,-0.508
 0.246,-0.508
 0.259,-0.486
 0.264,-0.480
 0.270,-0.474
 0.270,-0.474
 0.282,-0.463
 0.282,-0.452
 0.287,-0.445
 0.288,-0.457
 0.288,-0.457
 0.287,-0.445
 0.293,-0.452
 0.287,-0.445
 0.293,-0.463
 0.299,-0.457
 0.293,-0.474
 0.294,-0.474
 0.305,-0.473
 0.299,-0.480
 0.312,-0.469
 0.306,-0.475
 0.323,-0.481
 0.323,-0.480
 0.329,-0.487
 0.323,-0.492
 0.335,-0.503
 0.329,-0.509
 0.329,-0.508
 0.335,-0.527
 0.335,-0.538
 0.335,-0.560
 0.342,-0.579
 0.335,-0.606
 0.330,-0.636
 0.330,-0.659
 0.324,-0.675
 0.325,-0.699
 0.307,-0.715
 0.301,-0.745
 0.313,-0.767
 0.295,-0.784
 0.290,-0.814
 0.284,-0.843
 0.272,-0.866
 0.278,-0.872
 0.255,-0.883
 0.255,-0.883
 0.242,-0.880
 0.219,-0.893
 0.213,-0.888
 0.207,-0.881
 0.201,-0.866
 0.183,-0.825
 0.177,-0.809
 0.171,-0.767
 0.159,-0.731
 0.159,-0.697
 0.147,-0.661
 0.141,-0.634
 0.129,-0.600
 0.129,-0.577
 0.135,-0.560
 0.129,-0.541
 0.123,-0.537
 0.123,-0.526
 0.123,-0.524
 0.123,-0.537
 0.122,-0.524
 0.128,-0.542
 0.111,-0.536
 0.111,-0.547
 0.123,-0.560
 0.123,-0.571
 0.147,-0.583
 0.135,-0.594
 0.135,-0.593
 0.135,-0.616
 0.135,-0.616
 0.141,-0.623
 0.147,-0.630
 0.147,-0.629
 0.147,-0.641
 0.153,-0.646
 0.153,-0.646
 0.158,-0.640
 0.152,-0.633
 0.164,-0.623
 0.165,-0.622
 0.170,-0.617
 0.164,-0.612
 0.182,-0.616
 0.176,-0.612
 0.182,-0.606
 0.176,-0.600
 0.176,-0.589
 0.182,-0.570
 0.188,-0.543
 0.200,-0.496
 0.200,-0.474
 0.211,-0.440
 0.223,-0.405
 0.229,-0.389
 0.229,-0.364
 0.229,-0.354
 0.235,-0.359
 0.229,-0.363
 0.223,-0.371
 0.241,-0.354
 0.229,-0.367
 0.235,-0.372
 0.229,-0.400
 0.223,-0.418
 0.217,-0.445
 0.217,-0.468
 0.223,-0.496
 0.229,-0.513
 0.212,-0.542
 0.200,-0.554
 0.183,-0.583
 0.171,-0.606
 0.165,-0.634
 0.159,-0.676
 0.153,-0.703
 0.142,-0.738
 0.130,-0.785
 0.118,-0.817
 0.112,-0.847
 0.113,-0.881
 0.113,-0.904
 0.107,-0.922
 0.101,-0.961
 0.101,-0.986
 0.096,-1.001
 0.084,-1.023
 0.090,-1.053
 0.072,-1.058
 0.090,-1.067
 0.078,-1.066
 0.066,-1.065
 0.060,-1.061
 0.048,-1.047
 0.042,-1.030
 0.030,-1.006
 0.013,-0.966
 0.024,-0.933
 0.006,-0.891
-0.000,-0.853
-0.000,-0.817
-0.006,-0.789
-0.006,-0.766
-0.000,-0.736
-0.007,-0.721
-0.006,-0.709
-0.000,-0.703
-0.012,-0.703
-0.007,-0.707
 0.006,-0.708
 0.011,-0.702
 0.023,-0.702
 0.041,-0.709
 0.053,-0.719
 0.059,-0.726
 0.070,-0.736
 0.077,-0.754
 0.077,-0.756
 0.100,-0.767
 0.094,-0.785
 0.112,-0.801
 0.124,-0.801
 0.130,-0.795
 0.142,-0.782
 0.130,-0.772
 0.136,-0.755
 0.142,-0.750
 0.153,-0.750
 0.147,-0.754
 0.165,-0.761
 0.159,-0.766
 0.165,-0.772
 0.171,-0.779
 0.165,-0.795
 0.171,-0.802
 0.171,-0.813
 0.177,-0.819
 0.178,-0.831
 0.189,-0.841
 0.201,-0.844
 0.201,-0.854
 0.213,-0.866
 0.213,-0.878
 0.219,-0.892
 0.219,-0.904
 0.213,-0.909
 0.207,-0.916
 0.214,-0.924
 0.207,-0.929
 0.202,-0.936
 0.214,-0.935
 0.214,-0.935
 0.202,-0.934
 0.196,-0.938
 0.178,-0.933
 0.172,-0.927
 0.166,-0.932
 0.166,-0.934
 0.160,-0.927
 0.154,-0.945
 0.143,-0.944
 0.143,-0.944
 0.131,-0.958
 0.119,-0.968
 0.119,-0.980
 0.125,-0.984
 0.113,-1.008
 0.114,-1.019
 0.107,-1.024
 0.090,-1.055
 0.084,-1.048
 0.084,-1.071
 0.078,-1.087
 0.066,-1.109
 0.061,-1.118
 0.055,-1.136
 0.031,-1.159
 0.043,-1.182
 0.037,-1.185
 0.031,-1.192
 0.037,-1.208
 0.020,-1.202
 0.008,-1.203
 0.002,-1.208
-0.004,-1.227
-0.004,-1.226
 0.002,-1.231
-0.010,-1.242
-0.004,-1.246
 0.002,-1.243
-0.010,-1.255
-0.004,-1.249
-0.004,-1.250
-0.004,-1.248
 0.002,-1.244
-0.004,-1.249
-0.010,-1.242
-0.004,-1.226
 0.002,-1.206
 0.002,-1.197
 0.008,-1.178
 0.002,-1.160
-0.010,-1.140
-0.004,-1.111
-0.005,-1.090
 0.002,-1.084
-0.005,-1.078
 0.001,-1.073
 0.001,-1.069
 0.001,-1.058
 0.013,-1.057
 0.013,-1.046
 0.001,-1.035
 0.001,-1.023
 0.007,-1.008
 0.013,-1.002
 0.013,-1.001
 0.019,-0.985
 0.025,-0.989
 0.030,-0.986
 0.031,-0.997
 0.037,-0.990
 0.048,-1.003
 0.043,-1.029
 0.054,-1.043
 0.054,-1.053
 0.060,-1.069
 0.072,-1.070
 0.078,-1.085
 0.072,-1.093
 0.061,-1.106
 0.067,-1.113
 0.061,-1.132
 0.067,-1.157
 0.079,-1.171
 0.085,-1.175
 0.084,-1.184
 0.073,-1.174
 0.073,-1.161
 0.061,-1.152
 0.055,-1.135
 0.055,-1.111
 0.049,-1.094
 0.049,-1.069
 0.049,-1.048
 0.042,-1.019
 0.042,-0.996
 0.036,-0.968
 0.042,-0.938
 0.042,-0.928
 0.042,-0.904
 0.048,-0.897
 0.042,-0.881
 0.036,-0.886
 0.053,-0.894
 0.053,-0.881
 0.048,-0.897
 0.048,-0.910
 0.059,-0.909
 0.060,-0.923
 0.071,-0.935
 0.071,-0.956
 0.078,-0.975
 0.072,-0.979
 0.072,-0.991
 0.078,-0.984
 0.072,-0.978
 0.072,-0.980
 0.072,-0.978
 0.072,-0.991
 0.060,-0.979
 0.066,-0.983
 0.060,-0.979
 0.072,-0.978
 0.084,-0.969
 0.078,-0.962
 0.078,-0.962
 0.084,-0.958
 0.078,-0.950
 0.072,-0.945
 0.083,-0.945
 0.089,-0.949
 0.089,-0.951
 0.089,-0.938
 0.089,-0.963
 0.083,-0.978
 0.072,-0.989
 0.084,-1.002
 0.078,-1.008
 0.090,-1.021
 0.084,-1.038
 0.084,-1.038
 0.078,-1.055
 0.078,-1.064
 0.067,-1.077
 0.072,-1.082
 0.072,-1.092
 0.073,-1.105
 0.066,-1.109
 0.073,-1.117
 0.067,-1.124
 0.061,-1.129
 0.061,-1.130
 0.049,-1.128
 0.043,-1.123
 0.037,-1.129
 0.031,-1.122
 0.031,-1.112
 0.019,-1.098
 0.019,-1.100
 0.025,-1.095
 0.031,-1.100
 0.031,-1.101
 0.037,-1.115
 0.037,-1.127
 0.031,-1.133
 0.031,-1.134
 0.037,-1.143
 0.025,-1.153
 0.025,-1.165
 0.031,-1.170
 0.020,-1.168
 0.020,-1.168
 0.014,-1.172
 0.013,-1.162
 0.013,-1.151
 0.008,-1.157
 0.014,-1.152
 0.013,-1.162
 0.013,-1.174
 0.013,-1.174
 0.014,-1.173
 0.019,-1.169
 0.019,-1.167
 0.025,-1.163
 0.019,-1.146
 0.019,-1.134
 0.025,-1.106
 0.031,-1.088
 0.037,-1.072
 0.043,-1.053
 0.036,-1.035
 0.042,-1.019
 0.036,-0.987
 0.042,-0.973
 0.030,-0.963
 0.030,-0.952
 0.042,-0.953
 0.042,-0.950
 0.036,-0.958
 0.048,-0.967
 0.048,-0.966
 0.060,-0.955
 0.060,-0.955
 0.066,-0.951
 0.066,-0.951
 0.060,-0.956
 0.066,-0.951
 0.072,-0.955
 0.072,-0.957
 0.072,-0.957
 0.078,-0.962
 0.078,-0.963
 0.084,-0.967
 0.078,-0.973
 0.078,-0.973
 0.089,-0.972
 0.096,-0.980
 0.096,-0.968
 0.089,-0.974
 0.084,-0.969
 0.084,-0.967
 0.083,-0.968
 0.084,-0.977
 0.084,-0.992
 0.084,-0.981
 0.078,-0.998
 0.084,-1.004
 0.084,-1.002
 0.072,-1.026
 0.066,-1.019
 0.066,-1.029
 0.066,-1.020
 0.066,-1.019
 0.066,-1.019
 0.049,-1.025
 0.054,-1.030
 0.060,-1.026
 0.049,-1.013
 0.037,-1.013
 0.031,-1.008
 0.025,-1.002
 0.007,-0.986
 0.013,-0.967
 0.013,-0.957
 0.007,-0.950
 0.001,-0.932
 0.007,-0.929
 0.007,-0.915
 0.001,-0.922
 0.006,-0.904
 0.001,-0.909
 0.001,-0.909
 0.001,-0.920
-0.005,-0.927
-0.005,-0.929
-0.011,-0.946
-0.017,-0.963
-0.005,-0.973
-0.005,-0.986
 0.007,-0.996
 0.001,-1.012
 0.013,-1.026
 0.019,-1.031
 0.013,-1.037
 0.019,-1.043
 0.013,-1.047
 0.019,-1.053
 0.025,-1.058
 0.025,-1.059
 0.013,-1.048
 0.019,-1.053
 0.031,-1.067
 0.025,-1.059
 0.031,-1.077
 0.025,-1.083
 0.031,-1.088
 0.019,-1.089
 0.020,-1.075
 0.019,-1.076
 0.013,-1.071
 0.007,-1.064
 0.002,-1.059
 0.008,-1.051
-0.004,-1.041
 0.001,-1.038
 0.013,-1.038
 0.007,-1.033
 0.013,-1.026
 0.013,-1.026
 0.007,-1.019
 0.001,-1.012
-0.005,-1.008
 0.001,-1.012
-0.005,-1.008
 0.001,-1.014
 0.007,-1.018
 0.001,-1.014
 0.007,-1.029
 0.001,-1.036
-0.005,-1.031
 0.007,-1.042
 0.001,-1.050
-0.011,-1.036
-0.005,-1.042
-0.005,-1.054
 0.001,-1.058
 0.001,-1.060
 0.001,-1.058
 0.013,-1.072
 0.007,-1.065
 0.013,-1.070
 0.019,-1.077
 0.019,-1.075
 0.019,-1.077
 0.025,-1.073
 0.031,-1.067
 0.025,-1.062
 0.031,-1.066
 0.031,-1.055
 0.031,-1.043
 0.037,-1.034
 0.037,-1.013
 0.042,-0.995
 0.042,-0.974
 0.036,-0.945
 0.042,-0.927
 0.042,-0.917
 0.042,-0.904
 0.042,-0.904
 0.041,-0.893
 0.036,-0.898
 0.042,-0.894
 0.048,-0.910
 0.042,-0.904
 0.054,-0.916
 0.059,-0.909
 0.059,-0.911
 0.059,-0.898
 0.059,-0.911
 0.065,-0.906
 0.066,-0.915
 0.077,-0.927
 0.066,-0.926
 0.078,-0.929
 0.078,-0.931
 0.089,-0.940
 0.083,-0.946
 0.083,-0.957
 0.078,-0.962
 0.083,-0.968
 0.078,-0.972
 0.078,-0.985
 0.084,-0.979
 0.072,-0.980
 0.084,-0.992
 0.078,-0.984
 0.072,-0.992
 0.078,-0.984
 0.066,-0.985
 0.060,-0.980
 0.054,-0.974
 0.054,-0.963
 0.036,-0.956
 0.042,-0.950
 0.036,-0.957
 0.030,-0.938
 0.030,-0.940
 0.024,-0.944
 0.024,-0.957
 0.030,-0.962
 0.030,-0.972
 0.012,-0.968
 0.012,-0.968
 0.013,-0.969
 0.001,-0.980
-0.005,-0.985
-0.005,-0.987
 0.001,-0.979
-0.005,-0.972
-0.005,-0.961
-0.011,-0.942
-0.011,-0.944
-0.017,-0.926
-0.023,-0.922
-0.023,-0.899
-0.017,-0.892
-0.017,-0.882
-0.011,-0.875
-0.017,-0.870
-0.017,-0.870
-0.017,-0.869
-0.017,-0.870
-0.017,-0.858
-0.017,-0.870
 0.006,-0.870
 0.006,-0.869
 0.012,-0.865
 0.012,-0.876
 0.012,-0.876
 0.012,-0.876
 0.006,-0.894
 0.012,-0.902
 0.018,-0.905
 0.024,-0.922
 0.018,-0.928
 0.030,-0.938
 0.036,-0.945
 0.036,-0.943
 0.019,-0.951
 0.024,-0.946
 0.030,-0.950
 0.031,-0.951
 0.037,-0.967
 0.031,-0.973
 0.042,-0.985
 0.030,-0.984
 0.037,-0.992
 0.037,-0.990
 0.031,-0.997
 0.025,-1.004
 0.031,-1.007
 0.031,-1.009
 0.031,-1.007
 0.024,-1.001
 0.024,-1.003
 0.031,-0.996
 0.036,-1.004
 0.030,-0.996
 0.018,-0.996
 0.024,-0.992
 0.013,-1.003
 0.018,-1.021
 0.031,-1.032
 0.031,-1.032
 0.025,-1.038
 0.019,-1.053
 0.019,-1.054
 0.007,-1.053
 0.013,-1.059
 0.007,-1.055
 0.007,-1.053
 0.001,-1.060
 0.001,-1.071
-0.011,-1.072
 0.001,-1.083
-0.011,-1.082
 0.001,-1.096
-0.005,-1.089
-0.005,-1.089
-0.005,-1.089
-0.005,-1.110
-0.005,-1.089
-0.005,-1.087
 0.007,-1.088
 0.001,-1.095
 0.001,-1.093
 0.001,-1.082
 0.007,-1.076
 0.007,-1.067
 0.019,-1.056
 0.013,-1.060
 0.025,-1.061
 0.031,-1.055
 0.031,-1.055
 0.025,-1.036
 0.019,-1.029
 0.019,-1.008
 0.018,-0.984
 0.019,-0.985
 0.007,-0.963
 0.012,-0.944
 0.012,-0.934
 0.006,-0.926
-0.006,-0.904
 0.000,-0.888
-0.006,-0.882
-0.000,-0.877
 0.006,-0.858
 0.006,-0.882
 0.006,-0.881
 0.012,-0.874
 0.018,-0.882
 0.035,-0.876
 0.041,-0.894
 0.041,-0.894
 0.047,-0.909
 0.053,-0.918
 0.053,-0.917
 0.059,-0.935
 0.071,-0.946
 0.065,-0.951
 0.065,-0.953
 0.077,-0.961
 0.077,-0.961
 0.089,-0.962
 0.095,-0.955
 0.095,-0.946
 0.089,-0.939
 0.089,-0.939
 0.083,-0.946
 0.095,-0.932
 0.089,-0.929
 0.095,-0.923
 0.095,-0.923
 0.095,-0.913
 0.095,-0.911
 0.101,-0.906
 0.107,-0.910
 0.095,-0.911
 0.107,-0.900
 0.095,-0.899
 0.095,-0.900
 0.095,-0.911
 0.083,-0.922
 0.077,-0.928
 0.083,-0.933
 0.083,-0.936
 0.077,-0.940
 0.083,-0.946
 0.077,-0.942
 0.071,-0.956
 0.065,-0.952
 0.065,-0.950
 0.065,-0.950
 0.060,-0.957
 0.060,-0.955
 0.060,-0.957
 0.042,-0.951
 0.048,-0.945
 0.036,-0.946
 0.036,-0.934
 0.042,-0.929
 0.036,-0.934
 0.042,-0.928
 0.036,-0.923
 0.036,-0.921
 0.036,-0.923
 0.042,-0.927
 0.036,-0.934
 0.036,-0.934
 0.030,-0.938
 0.036,-0.946
 0.036,-0.944
 0.030,-0.950
 0.030,-0.951
 0.024,-0.956
 0.030,-0.964
 0.030,-0.974
 0.030,-0.987
 0.030,-0.987
 0.024,-1.002
 0.024,-1.003
 0.024,-0.990
 0.018,-0.996
 0.018,-0.973
 0.018,-0.984
 0.018,-0.986
 0.018,-0.986
 0.013,-0.991
 0.013,-0.991
 0.013,-1.002
 0.001,-1.015
 0.007,-1.009
-0.005,-1.020
 0.001,-1.026
 0.001,-1.036
 0.007,-1.044
 0.001,-1.049
 0.001,-1.072
 0.001,-1.083
-0.005,-1.098
 0.007,-1.112
 0.019,-1.111
-0.005,-1.110
 0.001,-1.118
-0.005,-1.112
-0.005,-1.114
-0.005,-1.125
-0.011,-1.142
 0.001,-1.153
-0.005,-1.168
-0.005,-1.181
-0.004,-1.180
 0.001,-1.174
-0.004,-1.169
-0.004,-1.179
-0.011,-1.175
-0.005,-1.168
 0.001,-1.187
 0.001,-1.187
-0.010,-1.209
-0.004,-1.205
-0.004,-1.215
-0.010,-1.221
-0.010,-1.221
-0.004,-1.236
-0.010,-1.232
-0.010,-1.232
-0.004,-1.238
-0.010,-1.244
-0.004,-1.249
 0.007,-1.274
 0.008,-1.283
-0.004,-1.282
-0.004,-1.295
-0.004,-1.295
 0.008,-1.298
 0.008,-1.298
 0.008,-1.298
 0.008,-1.309
 0.008,-1.306
 0.008,-1.319
 0.014,-1.312
 0.014,-1.300
 0.020,-1.285
 0.008,-1.260
 0.014,-1.246
 0.008,-1.237
 0.008,-1.214
 0.007,-1.191
 0.013,-1.173
 0.019,-1.159
 0.013,-1.142
 0.013,-1.142
 0.013,-1.142
 0.013,-1.140
 0.013,-1.152
 0.019,-1.168
 0.019,-1.191
 0.007,-1.192
 0.013,-1.208
 0.008,-1.204
 0.013,-1.209
 0.007,-1.226
 0.008,-1.227
 0.008,-1.237
 0.013,-1.247
 0.020,-1.264
 0.019,-1.275
 0.025,-1.292
 0.019,-1.294
 0.019,-1.306
 0.008,-1.305
 0.008,-1.295
 0.019,-1.286
 0.013,-1.267
 0.013,-1.269
 0.007,-1.261
 0.007,-1.261
 0.002,-1.256
-0.004,-1.248
-0.005,-1.239
-0.011,-1.220
-0.010,-1.198
-0.028,-1.193
-0.017,-1.169
-0.017,-1.158
-0.011,-1.141
-0.017,-1.135
-0.017,-1.135
-0.011,-1.140
-0.005,-1.147
-0.005,-1.145
-0.005,-1.168
-0.005,-1.181
-0.017,-1.192
-0.005,-1.206
 0.001,-1.211
 0.007,-1.228
 0.007,-1.240
 0.007,-1.250
 0.001,-1.268
 0.001,-1.265
 0.002,-1.267
 0.014,-1.268
 0.014,-1.266
 0.014,-1.268
-0.004,-1.261
-0.010,-1.266
-0.010,-1.268
-0.010,-1.266
-0.016,-1.262
-0.010,-1.268
-0.004,-1.261
-0.004,-1.261
-0.004,-1.260
-0.010,-1.256
-0.004,-1.261
-0.010,-1.279
-0.016,-1.285
-0.010,-1.289
-0.016,-1.298
-0.016,-1.296
-0.028,-1.295
-0.040,-1.306
-0.045,-1.311
-0.051,-1.321
-0.045,-1.326
-0.057,-1.337
-0.063,-1.332
-0.075,-1.330
-0.075,-1.318
-0.081,-1.311
-0.081,-1.289
-0.087,-1.272
-0.099,-1.259
-0.093,-1.256
-0.087,-1.249
-0.087,-1.249
-0.082,-1.244
-0.075,-1.248
-0.070,-1.257
-0.058,-1.256
-0.058,-1.268
-0.052,-1.273
-0.058,-1.299
-0.052,-1.318
-0.046,-1.334
-0.034,-1.358
-0.034,-1.383
-0.028,-1.399
-0.028,-1.413
-0.022,-1.416
-0.021,-1.438
-0.015,-1.444
-0.015,-1.444
-0.004,-1.460
 0.008,-1.471
 0.008,-1.471
 0.020,-1.483
 0.009,-1.491
 0.014,-1.509
 0.020,-1.501
 0.026,-1.508
 0.026,-1.497
 0.020,-1.478
 0.014,-1.465
 0.014,-1.463
 0.008,-1.457
 0.014,-1.452
 0.014,-1.450
 0.002,-1.441
-0.004,-1.434
-0.015,-1.434
-0.016,-1.424
-0.027,-1.410
-0.022,-1.394
-0.028,-1.375
-0.028,-1.365
-0.034,-1.348
-0.034,-1.335
-0.034,-1.315
-0.028,-1.306
-0.040,-1.306
-0.040,-1.295
-0.040,-1.272
-0.040,-1.275
-0.017,-1.262
-0.017,-1.262
-0.023,-1.258
-0.023,-1.256
-0.022,-1.244
-0.029,-1.225
-0.029,-1.225
-0.040,-1.214
-0.040,-1.201
-0.035,-1.187
-0.029,-1.169
-0.029,-1.158
-0.023,-1.153
-0.029,-1.146
-0.023,-1.131
-0.017,-1.111
-0.017,-1.101
-0.017,-1.078
-0.011,-1.071
-0.011,-1.061
-0.023,-1.048
-0.023,-1.048
-0.023,-1.038
-0.023,-1.048
-0.023,-1.038
-0.018,-1.041
-0.029,-1.054
-0.029,-1.056
-0.017,-1.055
-0.017,-1.069
-0.011,-1.072
-0.005,-1.079
-0.006,-1.090
-0.011,-1.093
-0.005,-1.100
 0.007,-1.099
 0.001,-1.094
 0.007,-1.089
 0.007,-1.088
-0.005,-1.090
 0.001,-1.083
-0.005,-1.089
 0.001,-1.096
-0.005,-1.100
-0.005,-1.090
-0.005,-1.089
-0.005,-1.089
-0.011,-1.095
-0.011,-1.082
-0.017,-1.101
 0.007,-1.088
 0.001,-1.095
 0.001,-1.096
 0.001,-1.094
-0.005,-1.100
-0.005,-1.087
-0.005,-1.089
-0.011,-1.097
-0.005,-1.089
-0.005,-1.091
-0.005,-1.079
-0.005,-1.089
 0.001,-1.083
 0.001,-1.071
 0.007,-1.066
 0.001,-1.060
-0.005,-1.065
-0.011,-1.049
-0.017,-1.054
-0.011,-1.049
-0.017,-1.054
-0.005,-1.055
-0.011,-1.074
-0.017,-1.078
-0.017,-1.091
-0.017,-1.101
-0.017,-1.112
-0.035,-1.130
-0.046,-1.150
-0.052,-1.157
-0.034,-1.162
-0.046,-1.163
-0.040,-1.170
-0.046,-1.184
-0.052,-1.194
-0.046,-1.199
-0.040,-1.217
-0.040,-1.217
-0.034,-1.232
-0.034,-1.234
-0.034,-1.244
-0.040,-1.261
-0.034,-1.267
-0.046,-1.276
-0.046,-1.279
-0.040,-1.273
-0.046,-1.279
-0.040,-1.285
-0.046,-1.289
-0.046,-1.315
-0.045,-1.324
-0.057,-1.336
-0.057,-1.349
-0.045,-1.358
-0.057,-1.372
-0.057,-1.370
-0.051,-1.376
-0.063,-1.377
-0.063,-1.387
-0.051,-1.389
-0.057,-1.393
-0.051,-1.397
-0.057,-1.381
-0.051,-1.376
-0.045,-1.385
-0.051,-1.391
-0.039,-1.390
-0.045,-1.384
-0.045,-1.381
-0.051,-1.376
-0.052,-1.352
-0.040,-1.353
-0.039,-1.342
-0.046,-1.335
-0.034,-1.337
-0.034,-1.336
-0.034,-1.337
-0.028,-1.343
-0.040,-1.340
-0.028,-1.331
-0.040,-1.330
-0.034,-1.337
-0.034,-1.349
-0.034,-1.347
-0.034,-1.349
-0.034,-1.347
-0.028,-1.353
-0.028,-1.342
-0.022,-1.346
-0.028,-1.342
-0.022,-1.359
-0.022,-1.361
-0.016,-1.357
-0.010,-1.360
-0.004,-1.367
-0.004,-1.365
-0.004,-1.365
-0.004,-1.365
-0.004,-1.352
-0.004,-1.355
 0.002,-1.348
 0.002,-1.348
-0.004,-1.342
-0.004,-1.351
-0.004,-1.342
-0.022,-1.335
-0.022,-1.348
-0.010,-1.338
-0.010,-1.337
-0.010,-1.339
-0.004,-1.330
-0.016,-1.342
-0.016,-1.355
-0.016,-1.364
-0.010,-1.371
 0.002,-1.383
-0.004,-1.389
-0.016,-1.400
-0.016,-1.421
-0.016,-1.435
-0.016,-1.435
-0.016,-1.448
-0.022,-1.465
-0.016,-1.470
-0.022,-1.489
-0.022,-1.498
-0.022,-1.508
-0.010,-1.497
-0.022,-1.495
-0.028,-1.503
-0.034,-1.508
-0.040,-1.527
-0.052,-1.539
-0.046,-1.554
-0.052,-1.563
-0.046,-1.567
-0.051,-1.585
-0.051,-1.585
-0.046,-1.577
-0.040,-1.585
-0.046,-1.577
-0.052,-1.584
-0.040,-1.572
-0.046,-1.554
-0.040,-1.550
-0.046,-1.541
-0.058,-1.519
-0.046,-1.499
-0.040,-1.481
-0.034,-1.477
-0.034,-1.452
-0.046,-1.453
-0.028,-1.436
-0.034,-1.416
-0.022,-1.417
-0.016,-1.410
-0.022,-1.405
-0.034,-1.394
-0.034,-1.381
-0.017,-1.379
-0.011,-1.371
-0.011,-1.371
-0.017,-1.379
-0.023,-1.383
-0.023,-1.395
-0.011,-1.405
-0.017,-1.411
-0.005,-1.412
-0.005,-1.423
-0.005,-1.425
-0.017,-1.424
-0.010,-1.440
-0.010,-1.453
-0.016,-1.455
-0.022,-1.462
-0.016,-1.456
-0.028,-1.459
-0.022,-1.454
-0.022,-1.452
-0.011,-1.443
-0.005,-1.446
-0.010,-1.428
-0.005,-1.410
 0.001,-1.393
-0.005,-1.389
-0.011,-1.384
-0.017,-1.378
 0.001,-1.385
-0.011,-1.382
-0.005,-1.389
-0.017,-1.388
-0.011,-1.394
-0.011,-1.384
-0.023,-1.383
-0.023,-1.372
-0.017,-1.378
-0.011,-1.383
-0.005,-1.366
-0.011,-1.359
-0.011,-1.348
-0.011,-1.337
-0.005,-1.330
-0.011,-1.325
-0.017,-1.319
-0.017,-1.311
-0.011,-1.304
-0.017,-1.311
-0.011,-1.293
-0.011,-1.290
-0.023,-1.292
-0.011,-1.278
-0.006,-1.273
-0.017,-1.261
-0.017,-1.248
-0.018,-1.240
-0.018,-1.216
-0.018,-1.216
-0.012,-1.210
-0.018,-1.203
-0.018,-1.193
-0.024,-1.174
-0.030,-1.147
-0.036,-1.130
-0.036,-1.117
-0.031,-1.114
-0.031,-1.112
-0.031,-1.125
-0.019,-1.136
-0.019,-1.145
-0.013,-1.165
-0.007,-1.179
 0.005,-1.204
 0.005,-1.216
 0.023,-1.222
 0.029,-1.230
 0.053,-1.228
 0.047,-1.234
 0.047,-1.235
 0.041,-1.228
 0.047,-1.233
 0.041,-1.226
 0.053,-1.216
 0.053,-1.205
 0.053,-1.192
 0.041,-1.183
 0.041,-1.169
 0.047,-1.164
 0.047,-1.154
 0.046,-1.141
 0.046,-1.143
 0.046,-1.130
 0.035,-1.131
 0.040,-1.137
 0.041,-1.146
 0.040,-1.160
 0.058,-1.176
 0.064,-1.194
 0.082,-1.212
 0.076,-1.228
 0.089,-1.251
 0.083,-1.279
 0.083,-1.303
 0.083,-1.315
 0.095,-1.326
 0.101,-1.322
 0.095,-1.326
 0.083,-1.327
 0.083,-1.327
 0.077,-1.319
 0.077,-1.309
 0.065,-1.295
 0.060,-1.280
 0.060,-1.280
 0.054,-1.273
 0.054,-1.274
 0.048,-1.268
 0.042,-1.263
 0.036,-1.258
 0.030,-1.250
 0.018,-1.252
 0.024,-1.245
 0.012,-1.257
 0.000,-1.257
 0.000,-1.255
-0.006,-1.252
-0.006,-1.250
-0.006,-1.262
-0.017,-1.263
-0.017,-1.274
-0.017,-1.276
-0.012,-1.279
-0.017,-1.297
-0.011,-1.302
-0.023,-1.302
-0.023,-1.327
-0.029,-1.320
-0.029,-1.332
-0.029,-1.344
-0.023,-1.348
-0.035,-1.349
-0.052,-1.353
-0.052,-1.353
-0.064,-1.354
-0.070,-1.359
-0.070,-1.372
-0.064,-1.376
-0.064,-1.389
-0.070,-1.395
-0.076,-1.400
-0.082,-1.408
-0.082,-1.405
-0.076,-1.423
-0.076,-1.423
-0.081,-1.426
-0.070,-1.440
-0.076,-1.433
-0.076,-1.446
-0.076,-1.446
-0.076,-1.457
-0.064,-1.471
-0.064,-1.478
-0.063,-1.480
-0.064,-1.471
-0.064,-1.481
-0.046,-1.490
-0.046,-1.487
-0.046,-1.499
-0.052,-1.505
-0.052,-1.503
-0.046,-1.498
-0.046,-1.497
-0.052,-1.493
-0.046,-1.499
-0.040,-1.491
-0.040,-1.494
-0.040,-1.504
-0.040,-1.515
-0.040,-1.516
-0.040,-1.515
-0.040,-1.517
-0.040,-1.504
-0.046,-1.511
-0.040,-1.504
-0.046,-1.498
-0.040,-1.494
-0.040,-1.504
-0.046,-1.486
-0.040,-1.492
-0.052,-1.490
-0.046,-1.498
-0.040,-1.479
-0.040,-1.491
-0.046,-1.476
-0.034,-1.465
-0.040,-1.473
-0.028,-1.459
-0.034,-1.453
-0.034,-1.453
-0.034,-1.450
-0.040,-1.434
-0.028,-1.421
-0.034,-1.407
-0.034,-1.407
-0.034,-1.394
-0.040,-1.402
-0.040,-1.387
-0.040,-1.399
-0.052,-1.389
-0.052,-1.388
-0.046,-1.385
-0.052,-1.389
-0.046,-1.384
-0.052,-1.389
-0.040,-1.388
-0.046,-1.395
-0.046,-1.382
-0.052,-1.389
-0.040,-1.389
-0.052,-1.376
-0.046,-1.372
-0.052,-1.386
-0.046,-1.382
-0.046,-1.372
-0.046,-1.372
-0.046,-1.387
-0.041,-1.377
-0.046,-1.385
-0.046,-1.395
-0.058,-1.381
-0.052,-1.366
-0.041,-1.365
-0.046,-1.349
-0.046,-1.349
-0.052,-1.331
-0.053,-1.332
-0.046,-1.324
-0.058,-1.325
-0.047,-1.326
-0.058,-1.325
-0.053,-1.309
-0.047,-1.313
-0.052,-1.321
-0.047,-1.327
-0.041,-1.318
-0.035,-1.326
-0.029,-1.330
-0.035,-1.338
-0.035,-1.338
-0.046,-1.336
-0.035,-1.350
-0.040,-1.353
-0.046,-1.359
-0.046,-1.372
-0.040,-1.366
-0.040,-1.368
-0.029,-1.366
-0.028,-1.367
-0.028,-1.367
-0.028,-1.365
-0.035,-1.348
-0.028,-1.342
-0.035,-1.338
-0.040,-1.320
-0.040,-1.317
-0.041,-1.297
-0.046,-1.289
-0.035,-1.291
-0.035,-1.281
-0.035,-1.268
-0.041,-1.265
-0.041,-1.263
-0.047,-1.269
-0.053,-1.275
-0.047,-1.290
-0.046,-1.314
-0.040,-1.320
-0.052,-1.354
-0.052,-1.354
-0.052,-1.365
-0.058,-1.384
-0.058,-1.404
-0.058,-1.440
-0.058,-1.466
-0.064,-1.482
-0.070,-1.490
-0.075,-1.492
-0.070,-1.489
-0.070,-1.489
-0.081,-1.485
-0.075,-1.480
-0.075,-1.467
-0.076,-1.457
-0.064,-1.458
-0.075,-1.445
-0.082,-1.454
-0.075,-1.435
-0.076,-1.446
-0.070,-1.440
-0.081,-1.439
-0.076,-1.423
-0.081,-1.428
-0.087,-1.413
-0.082,-1.420
-0.076,-1.423
-0.076,-1.436
-0.070,-1.428
-0.064,-1.435
-0.070,-1.441
-0.070,-1.451
-0.076,-1.469
-0.087,-1.488
-0.093,-1.509
-0.087,-1.530
-0.082,-1.547
-0.082,-1.571
-0.081,-1.568
-0.087,-1.586
-0.081,-1.591
-0.081,-1.600
-0.063,-1.596
-0.069,-1.589
-0.063,-1.596
-0.069,-1.591
-0.069,-1.589
-0.069,-1.591
-0.069,-1.578
-0.063,-1.573
-0.069,-1.558
-0.075,-1.549
-0.075,-1.528
-0.070,-1.498
-0.070,-1.487
-0.058,-1.476
-0.064,-1.469
-0.064,-1.459
-0.064,-1.446
-0.052,-1.435
-0.058,-1.428
-0.058,-1.416
-0.053,-1.413
-0.052,-1.389
-0.047,-1.396
-0.029,-1.391
-0.035,-1.395
-0.023,-1.397
-0.023,-1.395
-0.017,-1.389
-0.011,-1.395
-0.005,-1.375
-0.005,-1.378
-0.017,-1.364
-0.017,-1.353
-0.011,-1.349
-0.017,-1.330
-0.005,-1.321
-0.005,-1.308
-0.011,-1.293
-0.012,-1.269
-0.036,-1.232
-0.042,-1.194
-0.054,-1.145
-0.049,-1.142
-0.043,-1.125
-0.037,-1.130
-0.031,-1.127
-0.031,-1.125
-0.025,-1.152
-0.019,-1.170
-0.013,-1.187
 0.005,-1.207
 0.023,-1.224
 0.029,-1.243
 0.035,-1.283
 0.041,-1.297
 0.041,-1.320
 0.059,-1.336
 0.071,-1.348
 0.083,-1.349
 0.077,-1.354
 0.077,-1.356
 0.083,-1.360
 0.083,-1.373
 0.083,-1.385
 0.089,-1.389
 0.089,-1.391
 0.077,-1.390
 0.084,-1.396
 0.072,-1.397
 0.072,-1.418
 0.078,-1.425
 0.072,-1.428
 0.072,-1.431
 0.072,-1.442
 0.072,-1.441
 0.072,-1.465
 0.060,-1.474
 0.049,-1.488
 0.055,-1.508
 0.043,-1.529
 0.037,-1.548
 0.031,-1.574
 0.013,-1.592
 0.019,-1.609
 0.002,-1.612
-0.004,-1.620
-0.010,-1.625
-0.022,-1.626
-0.033,-1.626
-0.039,-1.618
-0.051,-1.620
-0.045,-1.623
-0.063,-1.621
-0.063,-1.611
-0.069,-1.590
-0.081,-1.568
-0.087,-1.526
-0.111,-1.505
-0.117,-1.475
-0.129,-1.451
-0.135,-1.424
-0.123,-1.400
-0.124,-1.378
-0.123,-1.354
-0.129,-1.334
-0.130,-1.326
-0.124,-1.308
-0.130,-1.316
-0.130,-1.316
-0.130,-1.325
-0.124,-1.321
-0.124,-1.319
-0.130,-1.324
-0.130,-1.314
-0.118,-1.302
-0.118,-1.292
-0.118,-1.278
-0.112,-1.274
-0.100,-1.273
-0.100,-1.283
-0.094,-1.279
-0.094,-1.279
-0.088,-1.275
-0.089,-1.264
-0.077,-1.263
-0.065,-1.264
-0.059,-1.244
-0.047,-1.245
-0.047,-1.222
-0.047,-1.209
-0.041,-1.195
-0.041,-1.170
-0.041,-1.170
-0.036,-1.141
-0.024,-1.130
-0.030,-1.115
-0.024,-1.108
-0.018,-1.114
-0.012,-1.109
-0.006,-1.125
-0.006,-1.137
-0.000,-1.141
-0.006,-1.158
 0.012,-1.176
 0.006,-1.182
-0.000,-1.200
 0.012,-1.210
 0.012,-1.223
 0.018,-1.229
 0.018,-1.239
 0.006,-1.253
 0.012,-1.246
 0.012,-1.258
 0.006,-1.263
 0.000,-1.280
 0.006,-1.276
 0.006,-1.274
 0.001,-1.269
 0.006,-1.274
 0.012,-1.266
 0.006,-1.273
 0.006,-1.261
 0.006,-1.254
 0.012,-1.260
 0.000,-1.259
 0.006,-1.266
 0.000,-1.267
-0.006,-1.274
-0.012,-1.279
-0.017,-1.271
-0.012,-1.269
-0.023,-1.267
-0.035,-1.258
-0.029,-1.264
-0.029,-1.262
-0.029,-1.275
-0.035,-1.267
-0.041,-1.276
-0.041,-1.276
-0.041,-1.273
-0.047,-1.268
-0.041,-1.261
-0.053,-1.262
-0.047,-1.268
-0.053,-1.262
-0.071,-1.270
-0.059,-1.257
-0.071,-1.255
-0.071,-1.255
-0.071,-1.243
-0.077,-1.241
-0.071,-1.234
-0.065,-1.229
-0.065,-1.229
-0.071,-1.222
-0.071,-1.211
-0.077,-1.216
-0.077,-1.205
-0.065,-1.194
-0.065,-1.181
-0.059,-1.177
-0.071,-1.163
-0.065,-1.171
-0.065,-1.171
-0.065,-1.171
-0.059,-1.166
-0.053,-1.159
-0.053,-1.172
-0.059,-1.177
-0.053,-1.193
-0.053,-1.205
-0.035,-1.211
-0.035,-1.223
-0.041,-1.240
-0.023,-1.245
-0.035,-1.246
-0.035,-1.267
-0.023,-1.292
-0.023,-1.316
-0.017,-1.344
-0.005,-1.358
 0.007,-1.367
-0.011,-1.374
 0.001,-1.385
-0.005,-1.388
-0.010,-1.396
-0.004,-1.400
-0.004,-1.402
-0.016,-1.390
-0.010,-1.384
-0.016,-1.390
-0.028,-1.388
-0.034,-1.384
-0.034,-1.373
-0.052,-1.366
-0.052,-1.345
-0.052,-1.332
-0.058,-1.327
-0.070,-1.303
-0.070,-1.290
-0.070,-1.292
-0.082,-1.290
-0.076,-1.286
-0.070,-1.269
-0.082,-1.267
-0.100,-1.263
-0.099,-1.262
-0.100,-1.252
-0.106,-1.248
-0.118,-1.246
-0.118,-1.248
-0.124,-1.239
-0.135,-1.238
-0.129,-1.232
-0.141,-1.231
-0.148,-1.216
-0.142,-1.198
-0.148,-1.206
-0.160,-1.194
-0.154,-1.187
-0.154,-1.199
-0.147,-1.203
-0.147,-1.203
-0.142,-1.199
-0.148,-1.193
-0.148,-1.195
-0.148,-1.193
-0.153,-1.211
-0.141,-1.222
-0.135,-1.238
-0.135,-1.252
-0.117,-1.256
-0.118,-1.269
-0.112,-1.287
-0.105,-1.312
-0.105,-1.324
-0.105,-1.324
-0.111,-1.345
-0.100,-1.357
-0.099,-1.366
-0.099,-1.392
-0.099,-1.401
-0.081,-1.418
-0.093,-1.429
-0.081,-1.439
-0.081,-1.430
-0.087,-1.422
-0.093,-1.430
-0.093,-1.430
-0.093,-1.428
-0.087,-1.437
-0.087,-1.424
-0.087,-1.424
-0.081,-1.419
-0.087,-1.412
-0.093,-1.408
-0.093,-1.395
-0.094,-1.396
-0.088,-1.390
-0.093,-1.382
-0.099,-1.378
-0.087,-1.364
-0.099,-1.365
-0.099,-1.365
-0.100,-1.364
-0.100,-1.368
-0.106,-1.361
-0.100,-1.357
-0.100,-1.369
-0.094,-1.360
-0.100,-1.355
-0.105,-1.346
-0.099,-1.353
-0.106,-1.336
-0.100,-1.319
-0.100,-1.310
-0.100,-1.286
-0.100,-1.286
-0.100,-1.285
-0.094,-1.278
-0.094,-1.281
-0.082,-1.267
-0.089,-1.264
-0.082,-1.259
-0.088,-1.263
-0.094,-1.257
-0.088,-1.250
-0.088,-1.263
-0.082,-1.257
-0.076,-1.249
-0.071,-1.246
-0.065,-1.239
-0.071,-1.246
-0.071,-1.233
-0.071,-1.232
-0.059,-1.224
-0.065,-1.218
-0.059,-1.224
-0.059,-1.224
-0.065,-1.228
-0.053,-1.219
-0.047,-1.211
-0.047,-1.211
-0.047,-1.211
-0.035,-1.210
-0.041,-1.206
-0.041,-1.204
-0.041,-1.217
-0.041,-1.217
-0.035,-1.222
-0.041,-1.242
-0.029,-1.252
-0.029,-1.264
-0.035,-1.269
-0.035,-1.267
-0.029,-1.276
-0.046,-1.268
-0.046,-1.281
-0.040,-1.287
-0.046,-1.280
-0.046,-1.282
-0.052,-1.273
-0.052,-1.273
-0.076,-1.273
-0.082,-1.255
-0.088,-1.241
-0.064,-1.241
-0.076,-1.242
-0.082,-1.236
-0.076,-1.217
-0.088,-1.218
-0.094,-1.209
-0.100,-1.193
-0.106,-1.177
-0.100,-1.170
-0.100,-1.149
-0.112,-1.147
-0.118,-1.154
-0.118,-1.142
-0.118,-1.140
-0.118,-1.142
-0.118,-1.140
-0.118,-1.142
-0.124,-1.148
-0.118,-1.142
-0.119,-1.155
-0.124,-1.158
-0.118,-1.165
-0.118,-1.165
-0.124,-1.169
-0.118,-1.178
-0.118,-1.175
-0.124,-1.193
-0.118,-1.197
-0.112,-1.215
-0.112,-1.217
-0.112,-1.217
-0.106,-1.236
-0.094,-1.247
-0.094,-1.257
-0.088,-1.276
-0.094,-1.278
-0.100,-1.296
-0.099,-1.297
-0.094,-1.301
-0.100,-1.298
-0.088,-1.297
-0.100,-1.298
-0.094,-1.292
-0.088,-1.296
-0.094,-1.304
-0.094,-1.291
-0.100,-1.286
-0.094,-1.280
-0.106,-1.267
-0.100,-1.264
-0.100,-1.261
-0.094,-1.245
-0.088,-1.229
-0.088,-1.215
-0.088,-1.206
-0.088,-1.181
-0.088,-1.193
-0.088,-1.181
-0.095,-1.177
-0.089,-1.174
-0.083,-1.167
-0.083,-1.179
-0.077,-1.183
-0.077,-1.193
-0.071,-1.200
-0.082,-1.197
-0.088,-1.204
-0.083,-1.188
-0.095,-1.187
-0.089,-1.196
-0.071,-1.187
-0.071,-1.200
-0.071,-1.189
-0.071,-1.199
-0.077,-1.194
-0.071,-1.187
-0.065,-1.195
-0.071,-1.188
-0.059,-1.176
-0.053,-1.183
-0.053,-1.171
-0.053,-1.172
-0.047,-1.165
-0.047,-1.163
-0.036,-1.154
-0.035,-1.152
-0.042,-1.148
-0.041,-1.136
-0.048,-1.119
-0.042,-1.105
-0.042,-1.103
-0.048,-1.086
-0.048,-1.086
-0.054,-1.090
-0.060,-1.074
-0.053,-1.066
-0.053,-1.078
-0.053,-1.078
-0.047,-1.095
-0.048,-1.096
-0.036,-1.095
-0.042,-1.103
-0.035,-1.109
-0.047,-1.131
-0.053,-1.138
-0.071,-1.142
-0.071,-1.154
-0.077,-1.159
-0.077,-1.169
-0.071,-1.178
-0.082,-1.187
-0.076,-1.206
-0.070,-1.211
-0.076,-1.217
-0.070,-1.224
-0.058,-1.232
-0.076,-1.240
-0.076,-1.252
-0.070,-1.269
-0.070,-1.271
-0.070,-1.281
-0.070,-1.293
-0.069,-1.282
-0.081,-1.268
-0.093,-1.256
-0.099,-1.226
-0.111,-1.204
-0.123,-1.159
-0.135,-1.135
-0.153,-1.108
-0.154,-1.084
-0.160,-1.067
-0.160,-1.044
-0.160,-1.021
-0.178,-1.016
-0.166,-1.003
-0.172,-1.009
-0.178,-1.003
-0.172,-0.997
-0.166,-1.004
-0.177,-1.014
-0.178,-1.027
-0.178,-1.038
-0.183,-1.054
-0.171,-1.067
-0.171,-1.077
-0.177,-1.097
-0.177,-1.097
-0.171,-1.113
-0.171,-1.125
-0.165,-1.129
-0.153,-1.130
-0.153,-1.130
-0.153,-1.117
-0.147,-1.113
-0.147,-1.101
-0.148,-1.102
-0.142,-1.085
-0.148,-1.089
-0.136,-1.067
-0.136,-1.065
-0.142,-1.050
-0.130,-1.039
-0.130,-1.049
-0.130,-1.051
-0.118,-1.061
-0.112,-1.079
-0.100,-1.091
-0.094,-1.106
-0.088,-1.125
-0.076,-1.135
-0.077,-1.148
-0.070,-1.177
-0.070,-1.198
-0.070,-1.213
-0.064,-1.217
-0.064,-1.231
-0.064,-1.254
-0.064,-1.264
-0.058,-1.259
-0.052,-1.263
-0.052,-1.275
-0.046,-1.268
-0.046,-1.268
-0.052,-1.263
-0.052,-1.250
-0.052,-1.252
-0.058,-1.246
-0.047,-1.245
-0.052,-1.253
-0.058,-1.246
-0.064,-1.241
-0.076,-1.229
-0.076,-1.217
-0.088,-1.218
-0.088,-1.193
-0.094,-1.178
-0.100,-1.160
-0.106,-1.141
-0.101,-1.125
-0.112,-1.111
-0.107,-1.106
-0.107,-1.083
-0.113,-1.079
-0.101,-1.081
-0.101,-1.068
-0.101,-1.081
-0.095,-1.086
-0.107,-1.096
-0.119,-1.097
-0.118,-1.093
-0.124,-1.089
-0.119,-1.072
-0.119,-1.072
-0.107,-1.062
-0.113,-1.055
-0.113,-1.056
-0.107,-1.050
-0.107,-1.037
-0.113,-1.045
-0.107,-1.026
-0.113,-1.022
-0.113,-1.010
-0.113,-1.010
-0.107,-1.016
-0.101,-1.009
-0.107,-1.016
-0.101,-1.021
-0.095,-1.038
-0.089,-1.056
-0.101,-1.064
-0.095,-1.096
-0.095,-1.108
-0.100,-1.126
-0.083,-1.145
-0.082,-1.177
-0.076,-1.206
-0.064,-1.229
-0.058,-1.244
-0.064,-1.263
-0.075,-1.273
-0.076,-1.276
-0.075,-1.274
-0.081,-1.268
-0.093,-1.269
-0.099,-1.237
-0.123,-1.216
-0.123,-1.183
-0.141,-1.142
-0.148,-1.114
-0.159,-1.089
-0.166,-1.062
-0.166,-1.049
-0.154,-1.015
-0.160,-0.987
-0.154,-0.968
-0.160,-0.964
-0.166,-0.958
-0.160,-0.974
-0.165,-0.968
-0.166,-0.980
-0.166,-0.993
-0.184,-0.998
-0.177,-1.015
-0.189,-1.016
-0.183,-1.032
-0.177,-1.038
-0.177,-1.049
-0.177,-1.060
-0.177,-1.072
-0.183,-1.077
-0.183,-1.090
-0.183,-1.090
-0.177,-1.107
-0.189,-1.119
-0.189,-1.117
-0.195,-1.124
-0.201,-1.131
-0.195,-1.124
-0.207,-1.125
-0.201,-1.118
-0.207,-1.113
-0.213,-1.106
-0.212,-1.095
-0.207,-1.090
-0.201,-1.082
-0.207,-1.067
-0.207,-1.044
-0.213,-1.048
-0.213,-1.027
-0.201,-1.015
-0.201,-1.017
-0.201,-1.017
-0.195,-1.021
-0.195,-1.033
-0.189,-1.025
-0.189,-1.037
-0.177,-1.037
-0.183,-1.030
-0.177,-1.038
-0.177,-1.037
-0.177,-1.051
-0.165,-1.050
-0.165,-1.061
-0.171,-1.067
-0.159,-1.066
-0.171,-1.079
-0.166,-1.085
-0.165,-1.095
-0.165,-1.096
-0.159,-1.112
-0.159,-1.125
-0.147,-1.136
-0.141,-1.142
-0.142,-1.154
-0.147,-1.170
-0.141,-1.177
-0.147,-1.193
-0.147,-1.204
-0.147,-1.229
-0.135,-1.240
-0.129,-1.249
-0.123,-1.276
-0.117,-1.303
-0.117,-1.316
-0.117,-1.325
-0.117,-1.338
-0.117,-1.349
-0.128,-1.360
-0.129,-1.373
-0.128,-1.383
-0.134,-1.391
-0.128,-1.407
-0.140,-1.418
-0.140,-1.432
-0.140,-1.429
-0.146,-1.437
-0.146,-1.437
-0.164,-1.419
-0.164,-1.408
-0.164,-1.406
-0.188,-1.395
-0.175,-1.383
-0.187,-1.370
-0.194,-1.355
-0.194,-1.331
-0.200,-1.328
-0.206,-1.332
-0.211,-1.325
-0.211,-1.327
-0.217,-1.331
-0.211,-1.327
-0.218,-1.323
-0.224,-1.327
-0.230,-1.334
-0.229,-1.319
-0.235,-1.326
-0.235,-1.324
-0.229,-1.307
-0.235,-1.314
-0.235,-1.301
-0.241,-1.297
-0.253,-1.296
-0.247,-1.290
-0.259,-1.280
-0.253,-1.274
-0.253,-1.264
-0.253,-1.262
-0.259,-1.245
-0.254,-1.229
-0.253,-1.214
-0.247,-1.210
-0.248,-1.198
-0.248,-1.175
-0.236,-1.177
-0.230,-1.169
-0.236,-1.177
-0.230,-1.181
-0.248,-1.186
-0.242,-1.194
-0.230,-1.193
-0.218,-1.207
-0.218,-1.218
-0.224,-1.223
-0.218,-1.229
-0.218,-1.239
-0.212,-1.245
-0.200,-1.257
-0.200,-1.257
-0.194,-1.263
-0.194,-1.250
-0.206,-1.251
-0.206,-1.250
-0.200,-1.257
-0.206,-1.252
-0.194,-1.239
-0.206,-1.229
-0.200,-1.223
-0.194,-1.216
-0.200,-1.212
-0.188,-1.211
-0.188,-1.200
-0.176,-1.176
-0.182,-1.181
-0.194,-1.159
-0.182,-1.158
-0.182,-1.148
-0.182,-1.135
-0.182,-1.112
-0.177,-1.109
-0.177,-1.097
-0.171,-1.104
-0.177,-1.096
-0.165,-1.108
-0.171,-1.114
-0.159,-1.111
-0.171,-1.112
-0.165,-1.106
-0.165,-1.106
-0.177,-1.096
-0.182,-1.089
-0.177,-1.109
-0.171,-1.102
-0.171,-1.113
-0.177,-1.119
-0.176,-1.117
-0.177,-1.119
-0.177,-1.119
-0.177,-1.107
-0.177,-1.108
-0.171,-1.112
-0.177,-1.096
-0.189,-1.096
-0.183,-1.101
-0.189,-1.097
-0.189,-1.095
-0.183,-1.090
-0.188,-1.106
-0.182,-1.112
-0.201,-1.109
-0.195,-1.114
-0.207,-1.126
-0.200,-1.142
-0.206,-1.160
-0.206,-1.160
-0.218,-1.157
-0.218,-1.159
-0.230,-1.158
-0.230,-1.158
-0.224,-1.154
-0.230,-1.158
-0.230,-1.160
-0.224,-1.164
-0.229,-1.169
-0.230,-1.182
-0.236,-1.176
-0.230,-1.183
-0.236,-1.177
-0.242,-1.182
-0.242,-1.182
-0.230,-1.181
-0.230,-1.183
-0.230,-1.170
-0.224,-1.165
-0.230,-1.171
-0.218,-1.157
-0.224,-1.164
-0.224,-1.163
-0.218,-1.159
-0.218,-1.161
-0.206,-1.160
-0.212,-1.166
-0.206,-1.171
-0.206,-1.171
-0.206,-1.171
-0.194,-1.180
-0.194,-1.182
-0.194,-1.193
-0.200,-1.187
-0.206,-1.194
-0.200,-1.198
-0.194,-1.205
-0.194,-1.218
-0.200,-1.223
-0.200,-1.236
-0.206,-1.227
-0.212,-1.235
-0.217,-1.227
-0.218,-1.239
-0.218,-1.228
-0.212,-1.222
-0.218,-1.218
-0.206,-1.205
-0.212,-1.187
-0.206,-1.171
-0.206,-1.144
-0.206,-1.123
-0.213,-1.096
-0.213,-1.085
-0.219,-1.068
-0.219,-1.056
-0.219,-1.056
-0.213,-1.038
-0.207,-1.032
-0.213,-1.015
-0.213,-0.991
-0.214,-0.980
-0.201,-0.968
-0.207,-0.962
-0.202,-0.957
-0.196,-0.950
-0.202,-0.946
-0.196,-0.940
-0.196,-0.929
-0.184,-0.930
-0.172,-0.940
-0.172,-0.952
-0.172,-0.963
-0.160,-0.975
-0.154,-0.981
-0.153,-1.003
-0.154,-1.017
-0.148,-1.033
-0.136,-1.056
-0.130,-1.073
-0.117,-1.095
-0.112,-1.116
-0.100,-1.127
-0.093,-1.155
-0.081,-1.179
-0.075,-1.194
-0.075,-1.219
-0.081,-1.235
-0.081,-1.245
-0.081,-1.259
-0.092,-1.268
-0.092,-1.270
-0.104,-1.269
-0.110,-1.274
-0.122,-1.264
-0.134,-1.251
-0.140,-1.236
-0.164,-1.223
-0.170,-1.206
-0.176,-1.201
-0.200,-1.199
-0.200,-1.188
-0.211,-1.187
-0.230,-1.182
-0.229,-1.183
-0.235,-1.187
-0.248,-1.178
-0.253,-1.181
-0.271,-1.186
-0.277,-1.183
-0.277,-1.193
-0.283,-1.190
-0.289,-1.217
-0.294,-1.222
-0.295,-1.235
-0.300,-1.238
-0.300,-1.251
-0.300,-1.238
-0.312,-1.239
-0.300,-1.240
-0.312,-1.239
-0.318,-1.246
-0.312,-1.250
-0.323,-1.249
-0.312,-1.251
-0.300,-1.249
-0.312,-1.252
-0.312,-1.240
-0.312,-1.227
-0.312,-1.228
-0.300,-1.215
-0.300,-1.194
-0.295,-1.199
-0.300,-1.194
-0.295,-1.189
-0.282,-1.187
-0.282,-1.198
-0.276,-1.202
-0.276,-1.215
-0.265,-1.218
-0.259,-1.224
-0.259,-1.236
-0.247,-1.247
-0.247,-1.258
-0.253,-1.251
-0.258,-1.265
-0.258,-1.268
-0.252,-1.261
-0.253,-1.263
-0.253,-1.252
-0.253,-1.250
-0.247,-1.246
-0.253,-1.227
-0.253,-1.228
-0.247,-1.211
-0.247,-1.175
-0.242,-1.172
-0.242,-1.160
-0.248,-1.143
-0.236,-1.142
-0.236,-1.129
-0.236,-1.143
-0.230,-1.147
-0.224,-1.154
-0.230,-1.160
-0.218,-1.169
-0.218,-1.182
-0.224,-1.187
-0.218,-1.195
-0.218,-1.208
-0.212,-1.224
-0.212,-1.247
-0.200,-1.269
-0.211,-1.291
-0.200,-1.303
-0.199,-1.301
-0.199,-1.304
-0.205,-1.298
-0.199,-1.304
-0.199,-1.317
-0.199,-1.325
-0.205,-1.332
-0.199,-1.325
-0.211,-1.326
-0.211,-1.315
-0.223,-1.314
-0.235,-1.305
-0.229,-1.297
-0.229,-1.297
-0.235,-1.292
-0.223,-1.278
-0.235,-1.269
-0.235,-1.268
-0.235,-1.269
-0.235,-1.269
-0.229,-1.272
-0.253,-1.274
-0.253,-1.263
-0.259,-1.271
-0.265,-1.276
-0.265,-1.274
-0.277,-1.275
-0.270,-1.279
-0.276,-1.273
-0.259,-1.256
-0.259,-1.244
-0.253,-1.229
-0.259,-1.223
-0.259,-1.223
-0.265,-1.217
-0.259,-1.220
-0.259,-1.233
-0.259,-1.233
-0.277,-1.252
-0.271,-1.258
-0.282,-1.257
-0.289,-1.276
-0.276,-1.285
-0.265,-1.320
-0.252,-1.320
-0.252,-1.331
-0.252,-1.343
-0.252,-1.354
-0.240,-1.368
-0.246,-1.383
-0.246,-1.394
-0.240,-1.403
-0.240,-1.400
-0.234,-1.419
-0.240,-1.426
-0.246,-1.430
-0.240,-1.427
-0.246,-1.430
-0.234,-1.441
-0.228,-1.435
-0.234,-1.428
-0.228,-1.435
-0.234,-1.428
-0.240,-1.436
-0.240,-1.436
-0.228,-1.445
-0.240,-1.449
-0.240,-1.446
-0.252,-1.447
-0.252,-1.449
-0.257,-1.453
-0.258,-1.445
-0.258,-1.442
-0.264,-1.459
-0.258,-1.465
-0.251,-1.468
-0.257,-1.476
-0.263,-1.491
-0.269,-1.510
-0.257,-1.522
-0.269,-1.520
-0.269,-1.536
-0.275,-1.541
-0.269,-1.559
-0.281,-1.582
-0.298,-1.584
-0.292,-1.604
-0.292,-1.614
-0.292,-1.614
-0.304,-1.625
-0.298,-1.619
-0.304,-1.627
-0.304,-1.637
-0.310,-1.643
-0.310,-1.655
-0.315,-1.669
-0.310,-1.678
-0.315,-1.682
-0.328,-1.696
-0.340,-1.684
-0.333,-1.688
-0.340,-1.684
-0.345,-1.676
-0.345,-1.665
-0.351,-1.660
-0.357,-1.629
-0.364,-1.615
-0.369,-1.584
-0.364,-1.568
-0.358,-1.575
-0.357,-1.584
-0.370,-1.585
-0.358,-1.574
-0.364,-1.580
-0.364,-1.581
-0.363,-1.579
-0.352,-1.593
-0.346,-1.585
-0.352,-1.592
-0.340,-1.590
-0.345,-1.583
-0.352,-1.580
-0.339,-1.566
-0.352,-1.567
-0.340,-1.544
-0.339,-1.543
-0.335,-1.529
-0.340,-1.498
-0.340,-1.488
-0.341,-1.465
-0.340,-1.452
-0.335,-1.436
-0.329,-1.429
-0.323,-1.425
-0.329,-1.431
-0.329,-1.429
-0.335,-1.424
-0.322,-1.433
-0.323,-1.434
-0.317,-1.441
-0.310,-1.445
-0.317,-1.441
-0.317,-1.441
-0.306,-1.444
-0.299,-1.461
-0.305,-1.475
-0.293,-1.477
-0.287,-1.492
-0.293,-1.487
-0.287,-1.481
-0.298,-1.479
-0.293,-1.477
-0.293,-1.464
-0.287,-1.460
-0.293,-1.453
-0.299,-1.446
-0.293,-1.452
-0.299,-1.433
-0.311,-1.424
-0.311,-1.424
-0.311,-1.412
-0.317,-1.397
-0.311,-1.366
-0.323,-1.367
-0.323,-1.354
-0.335,-1.330
-0.335,-1.320
-0.329,-1.312
-0.324,-1.309
-0.324,-1.309
-0.323,-1.307
-0.330,-1.304
-0.318,-1.326
-0.312,-1.333
-0.312,-1.345
-0.312,-1.354
-0.306,-1.362
-0.305,-1.371
-0.294,-1.383
-0.288,-1.389
-0.299,-1.388
-0.294,-1.397
-0.305,-1.394
-0.293,-1.407
-0.287,-1.412
-0.293,-1.418
-0.293,-1.430
-0.299,-1.424
-0.299,-1.425
-0.317,-1.430
-0.317,-1.440
-0.311,-1.437
-0.317,-1.417
-0.323,-1.412
-0.329,-1.395
-0.335,-1.388
-0.335,-1.379
-0.323,-1.354
-0.330,-1.338
-0.323,-1.331
-0.323,-1.330
-0.330,-1.304
-0.318,-1.304
-0.324,-1.310
-0.324,-1.310
-0.317,-1.313
-0.318,-1.316
-0.317,-1.301
-0.318,-1.290
-0.323,-1.285
-0.324,-1.274
-0.324,-1.253
-0.330,-1.257
-0.330,-1.258
-0.312,-1.262
-0.312,-1.272
-0.306,-1.279
-0.305,-1.289
-0.300,-1.297
-0.300,-1.310
-0.300,-1.321
-0.294,-1.329
-0.294,-1.349
-0.288,-1.366
-0.288,-1.389
-0.287,-1.400
-0.293,-1.407
-0.293,-1.418
-0.305,-1.452
-0.293,-1.463
-0.299,-1.469
-0.299,-1.471
-0.293,-1.477
-0.287,-1.496
-0.287,-1.496
-0.293,-1.500
-0.287,-1.506
-0.293,-1.497
-0.298,-1.502
-0.299,-1.492
-0.305,-1.486
