-0.126, 3.392
-0.127, 3.390
-0.162, 3.376
-0.162, 3.375
-0.170, 3.346
-0.162, 3.341
-0.180, 3.322
-0.207, 3.332
-0.233, 3.325
-0.233, 3.305
-0.260, 3.303
-0.268, 3.288
-0.295, 3.264
-0.322, 3.240
-0.330, 3.228
-0.348, 3.196
-0.357, 3.184
-0.348, 3.177
-0.330, 3.176
-0.311, 3.188
-0.312, 3.193
-0.303, 3.218
-0.294, 3.225
-0.268, 3.254
-0.259, 3.278
-0.252, 3.328
-0.233, 3.342
-0.225, 3.369
-0.206, 3.380
-0.188, 3.406
-0.171, 3.445
-0.180, 3.489
-0.171, 3.519
-0.154, 3.573
-0.127, 3.608
-0.110, 3.631
-0.110, 3.665
-0.101, 3.678
-0.066, 3.692
-0.066, 3.720
-0.048, 3.740
-0.039, 3.777
-0.039, 3.784
-0.021, 3.784
-0.012, 3.805
-0.022, 3.838
-0.022, 3.838
-0.039, 3.821
-0.040, 3.818
-0.048, 3.801
-0.057, 3.798
-0.066, 3.805
-0.075, 3.784
-0.101, 3.777
-0.110, 3.764
-0.119, 3.777
-0.154, 3.757
-0.154, 3.743
-0.172, 3.723
-0.180, 3.693
-0.217, 3.703
-0.225, 3.687
-0.233, 3.660
-0.242, 3.670
-0.251, 3.677
-0.252, 3.669
-0.252, 3.669
-0.270, 3.672
-0.270, 3.672
-0.277, 3.670
-0.251, 3.663
-0.259, 3.681
-0.269, 3.694
-0.251, 3.714
-0.251, 3.731
-0.243, 3.747
-0.251, 3.734
-0.234, 3.731
-0.224, 3.738
-0.224, 3.752
-0.225, 3.744
-0.207, 3.761
-0.207, 3.747
-0.198, 3.754
-0.189, 3.738
-0.198, 3.734
-0.180, 3.744
-0.189, 3.724
-0.189, 3.710
-0.189, 3.704
-0.198, 3.700
-0.198, 3.680
-0.198, 3.646
-0.197, 3.626
-0.197, 3.591
-0.189, 3.573
-0.206, 3.551
-0.207, 3.522
-0.215, 3.495
-0.224, 3.465
-0.233, 3.444
-0.241, 3.414
-0.250, 3.373
-0.259, 3.352
-0.286, 3.308
-0.294, 3.250
-0.303, 3.218
-0.330, 3.162
-0.348, 3.131
-0.365, 3.077
-0.392, 3.055
-0.383, 3.026
-0.391, 2.982
-0.400, 2.970
-0.399, 2.965
-0.373, 2.980
-0.364, 2.987
-0.347, 2.989
-0.338, 3.016
-0.312, 3.023
-0.303, 3.033
-0.294, 3.055
-0.277, 3.042
-0.268, 3.054
-0.259, 3.025
-0.259, 3.010
-0.232, 2.981
-0.223, 2.971
-0.215, 2.983
-0.196, 2.978
-0.197, 2.983
-0.170, 2.976
-0.188, 2.961
-0.188, 2.925
-0.187, 2.901
-0.179, 2.898
-0.170, 2.869
-0.188, 2.854
-0.196, 2.830
-0.196, 2.791
-0.214, 2.778
-0.213, 2.740
-0.231, 2.723
-0.231, 2.708
-0.248, 2.672
-0.267, 2.659
-0.284, 2.636
-0.292, 2.610
-0.293, 2.595
-0.302, 2.589
-0.303, 2.576
-0.320, 2.559
-0.329, 2.535
-0.338, 2.508
-0.337, 2.470
-0.328, 2.442
-0.345, 2.455
-0.337, 2.434
-0.337, 2.419
-0.346, 2.409
-0.347, 2.396
-0.355, 2.385
-0.346, 2.377
-0.346, 2.358
-0.337, 2.349
-0.356, 2.335
-0.346, 2.307
-0.364, 2.309
-0.346, 2.309
-0.337, 2.280
-0.338, 2.284
-0.337, 2.265
-0.355, 2.231
-0.364, 2.206
-0.346, 2.186
-0.346, 2.155
-0.319, 2.144
-0.346, 2.119
-0.346, 2.119
-0.346, 2.100
-0.356, 2.096
-0.346, 2.069
-0.364, 2.017
-0.355, 1.973
-0.345, 1.961
-0.329, 1.965
-0.319, 1.954
-0.301, 1.935
-0.301, 1.935
-0.292, 1.925
-0.276, 1.932
-0.276, 1.898
-0.258, 1.846
-0.249, 1.820
-0.240, 1.758
-0.214, 1.718
-0.213, 1.666
-0.205, 1.622
-0.187, 1.571
-0.177, 1.527
-0.161, 1.496
-0.142, 1.444
-0.133, 1.400
-0.106, 1.357
-0.097, 1.313
-0.097, 1.298
-0.071, 1.254
-0.071, 1.220
-0.062, 1.193
-0.052, 1.149
-0.044, 1.125
-0.044, 1.091
-0.052, 1.031
-0.026, 0.971
-0.025, 0.902
-0.017, 0.809
-0.025, 0.697
 0.002, 0.568
 0.011, 0.439
 0.038, 0.345
 0.047, 0.268
 0.065, 0.250
 0.083, 0.216
 0.092, 0.207
 0.092, 0.207
 0.110, 0.241
 0.128, 0.258
 0.137, 0.266
 0.136, 0.284
 0.127, 0.310
 0.127, 0.344
 0.127, 0.378
 0.136, 0.404
 0.127, 0.446
 0.118, 0.507
 0.118, 0.558
 0.135, 0.609
 0.135, 0.677
 0.126, 0.788
 0.135, 0.916
 0.161, 1.079
 0.170, 1.258
 0.205, 1.431
 0.214, 1.611
 0.222, 1.772
 0.249, 1.938
 0.230, 2.074
 0.230, 2.196
 0.231, 2.285
 0.221, 2.323
 0.212, 2.384
 0.203, 2.424
 0.185, 2.460
 0.176, 2.483
 0.176, 2.498
 0.158, 2.539
 0.140, 2.556
 0.114, 2.546
 0.087, 2.575
 0.096, 2.585
 0.130, 2.602
 0.148, 2.632
 0.130, 2.666
 0.095, 2.681
 0.077, 2.656
 0.077, 2.656
 0.094, 2.637
 0.059, 2.626
 0.050, 2.602
 0.033, 2.566
-0.003, 2.553
-0.020, 2.517
-0.055, 2.468
-0.091, 2.436
-0.109, 2.402
-0.145, 2.372
-0.153, 2.326
-0.171, 2.273
-0.180, 2.230
-0.197, 2.192
-0.206, 2.169
-0.223, 2.151
-0.242, 2.135
-0.260, 2.122
-0.277, 2.070
-0.295, 2.053
-0.321, 2.041
-0.330, 2.018
-0.339, 2.010
-0.347, 1.964
-0.348, 1.965
-0.356, 1.956
-0.365, 1.966
-0.366, 1.933
-0.374, 1.923
-0.374, 1.908
-0.383, 1.882
-0.374, 1.855
-0.374, 1.839
-0.382, 1.828
-0.365, 1.813
-0.348, 1.813
-0.338, 1.804
-0.338, 1.803
-0.320, 1.802
-0.320, 1.821
-0.312, 1.811
-0.303, 1.837
-0.294, 1.828
-0.284, 1.833
-0.284, 1.834
-0.267, 1.869
-0.241, 1.898
-0.242, 1.952
-0.223, 1.983
-0.206, 2.034
-0.161, 2.107
-0.134, 2.163
-0.117, 2.249
-0.108, 2.310
-0.082, 2.360
-0.082, 2.377
-0.091, 2.371
-0.101, 2.346
-0.100, 2.324
-0.100, 2.324
-0.100, 2.322
-0.109, 2.318
-0.127, 2.305
-0.135, 2.258
-0.135, 2.241
-0.144, 2.211
-0.153, 2.205
-0.144, 2.180
-0.170, 2.169
-0.171, 2.172
-0.180, 2.180
-0.197, 2.197
-0.215, 2.180
-0.223, 2.185
-0.241, 2.187
-0.258, 2.202
-0.276, 2.220
-0.294, 2.221
-0.311, 2.254
-0.347, 2.258
-0.356, 2.262
-0.364, 2.271
-0.383, 2.290
-0.391, 2.315
-0.410, 2.355
-0.411, 2.356
-0.420, 2.366
-0.438, 2.383
-0.462, 2.369
-0.498, 2.369
-0.541, 2.392
-0.560, 2.394
-0.596, 2.413
-0.596, 2.430
-0.615, 2.436
-0.623, 2.442
-0.631, 2.413
-0.614, 2.413
-0.631, 2.411
-0.641, 2.423
-0.622, 2.421
-0.613, 2.429
-0.604, 2.455
-0.587, 2.438
-0.578, 2.447
-0.551, 2.453
-0.560, 2.445
-0.526, 2.466
-0.516, 2.453
-0.508, 2.449
-0.499, 2.439
-0.472, 2.447
-0.445, 2.437
-0.436, 2.443
-0.428, 2.456
-0.401, 2.463
-0.384, 2.446
-0.375, 2.455
-0.365, 2.459
-0.339, 2.438
-0.330, 2.444
-0.321, 2.436
-0.305, 2.457
-0.296, 2.447
-0.305, 2.441
-0.296, 2.447
-0.295, 2.430
-0.278, 2.430
-0.277, 2.422
-0.269, 2.437
-0.278, 2.445
-0.269, 2.437
-0.269, 2.456
-0.277, 2.426
-0.260, 2.428
-0.268, 2.434
-0.242, 2.426
-0.251, 2.453
-0.251, 2.451
-0.260, 2.462
-0.233, 2.468
-0.233, 2.486
-0.225, 2.496
-0.233, 2.502
-0.242, 2.515
-0.251, 2.523
-0.269, 2.521
-0.260, 2.547
-0.269, 2.536
-0.278, 2.532
-0.296, 2.531
-0.304, 2.521
-0.314, 2.533
-0.330, 2.527
-0.340, 2.523
-0.358, 2.541
-0.366, 2.531
-0.384, 2.531
-0.384, 2.527
-0.384, 2.531
-0.384, 2.547
-0.376, 2.558
-0.377, 2.581
-0.385, 2.586
-0.385, 2.571
-0.393, 2.558
-0.393, 2.556
-0.375, 2.573
-0.384, 2.563
-0.385, 2.571
-0.375, 2.575
-0.384, 2.567
-0.349, 2.567
-0.348, 2.563
-0.349, 2.567
-0.340, 2.575
-0.331, 2.567
-0.313, 2.584
-0.322, 2.588
-0.314, 2.616
-0.304, 2.623
-0.295, 2.616
-0.287, 2.645
-0.296, 2.650
-0.296, 2.669
-0.269, 2.694
-0.269, 2.694
-0.278, 2.703
-0.278, 2.701
-0.278, 2.686
-0.278, 2.684
-0.287, 2.692
-0.287, 2.692
-0.269, 2.689
-0.269, 2.696
-0.269, 2.694
-0.269, 2.694
-0.269, 2.694
-0.269, 2.689
-0.260, 2.682
-0.269, 2.709
-0.278, 2.703
-0.270, 2.698
-0.279, 2.705
-0.279, 2.708
-0.269, 2.711
-0.277, 2.699
-0.295, 2.716
-0.312, 2.714
-0.322, 2.747
-0.322, 2.762
-0.331, 2.772
-0.331, 2.791
-0.339, 2.794
-0.331, 2.806
-0.321, 2.828
-0.304, 2.845
-0.305, 2.884
-0.295, 2.891
-0.305, 2.884
-0.304, 2.899
-0.295, 2.904
-0.296, 2.923
-0.304, 2.914
-0.314, 2.945
-0.322, 2.935
-0.322, 2.931
-0.322, 2.936
-0.313, 2.921
-0.322, 2.916
-0.322, 2.931
-0.313, 2.906
-0.305, 2.918
-0.313, 2.889
-0.331, 2.875
-0.322, 2.880
-0.322, 2.880
-0.313, 2.872
-0.330, 2.851
-0.331, 2.840
-0.331, 2.840
-0.340, 2.835
-0.323, 2.822
-0.331, 2.791
-0.322, 2.747
-0.304, 2.741
-0.303, 2.722
-0.304, 2.743
-0.286, 2.741
-0.287, 2.749
-0.269, 2.766
-0.269, 2.747
-0.260, 2.754
-0.250, 2.755
-0.250, 2.762
-0.242, 2.786
-0.224, 2.788
-0.242, 2.793
-0.242, 2.786
-0.251, 2.796
-0.250, 2.811
-0.242, 2.801
-0.251, 2.815
-0.268, 2.813
-0.278, 2.791
-0.295, 2.789
-0.295, 2.769
-0.295, 2.789
-0.312, 2.767
-0.330, 2.755
-0.321, 2.743
-0.330, 2.753
-0.321, 2.745
-0.321, 2.741
-0.330, 2.755
-0.339, 2.762
-0.356, 2.741
-0.348, 2.751
-0.348, 2.751
-0.340, 2.767
-0.331, 2.776
-0.340, 2.767
-0.349, 2.776
-0.348, 2.753
-0.339, 2.743
-0.347, 2.749
-0.338, 2.775
-0.330, 2.789
-0.339, 2.797
-0.349, 2.794
-0.348, 2.791
-0.339, 2.796
-0.339, 2.797
-0.347, 2.802
-0.357, 2.814
-0.349, 2.823
-0.357, 2.814
-0.348, 2.841
-0.348, 2.855
-0.348, 2.875
-0.348, 2.889
-0.366, 2.907
-0.357, 2.919
-0.366, 2.926
-0.358, 2.936
-0.357, 2.933
-0.384, 2.943
-0.366, 2.960
-0.383, 2.973
-0.384, 2.997
-0.393, 2.987
-0.384, 2.992
-0.393, 3.019
-0.383, 3.041
-0.402, 3.063
-0.402, 3.097
-0.375, 3.102
-0.357, 3.119
-0.365, 3.124
-0.366, 3.148
-0.349, 3.165
-0.349, 3.182
-0.376, 3.197
-0.349, 3.199
-0.332, 3.202
-0.340, 3.206
-0.330, 3.228
-0.313, 3.231
-0.305, 3.240
-0.296, 3.238
-0.270, 3.245
-0.260, 3.230
-0.260, 3.247
-0.251, 3.220
-0.261, 3.218
-0.243, 3.198
-0.242, 3.196
-0.260, 3.199
-0.251, 3.189
-0.252, 3.160
-0.251, 3.140
-0.260, 3.130
-0.278, 3.099
-0.286, 3.052
-0.314, 3.033
-0.331, 2.962
-0.349, 2.928
-0.322, 2.869
-0.347, 2.834
-0.347, 2.800
-0.337, 2.771
-0.338, 2.756
-0.357, 2.748
-0.357, 2.733
-0.358, 2.701
-0.366, 2.655
-0.366, 2.601
-0.357, 2.558
-0.347, 2.527
-0.347, 2.512
-0.347, 2.495
-0.375, 2.491
-0.366, 2.487
-0.375, 2.476
-0.392, 2.459
-0.400, 2.429
-0.400, 2.410
-0.427, 2.404
-0.418, 2.393
-0.418, 2.397
-0.427, 2.370
-0.436, 2.362
-0.454, 2.346
-0.444, 2.334
-0.454, 2.327
-0.444, 2.334
-0.445, 2.353
-0.436, 2.346
-0.427, 2.334
-0.436, 2.345
-0.444, 2.334
-0.436, 2.359
-0.427, 2.370
-0.427, 2.370
-0.446, 2.391
-0.454, 2.380
-0.445, 2.403
-0.436, 2.412
-0.409, 2.452
-0.428, 2.473
-0.419, 2.499
-0.419, 2.499
-0.419, 2.518
-0.418, 2.514
-0.409, 2.522
-0.392, 2.539
-0.392, 2.573
-0.375, 2.579
-0.384, 2.567
-0.384, 2.571
-0.375, 2.579
-0.357, 2.558
-0.357, 2.558
-0.347, 2.561
-0.339, 2.556
-0.348, 2.567
-0.348, 2.567
-0.339, 2.560
-0.330, 2.565
-0.339, 2.575
-0.339, 2.590
-0.339, 2.607
-0.331, 2.620
-0.322, 2.626
-0.330, 2.635
-0.330, 2.670
-0.330, 2.684
-0.313, 2.687
-0.330, 2.699
-0.331, 2.704
-0.340, 2.731
-0.340, 2.728
-0.340, 2.731
-0.339, 2.726
-0.348, 2.755
-0.340, 2.765
-0.340, 2.765
-0.340, 2.750
-0.340, 2.765
-0.348, 2.755
-0.340, 2.746
-0.348, 2.734
-0.340, 2.745
-0.339, 2.741
-0.340, 2.745
-0.340, 2.745
-0.340, 2.765
-0.341, 2.769
-0.322, 2.747
-0.314, 2.759
-0.313, 2.740
-0.304, 2.728
-0.304, 2.713
-0.295, 2.718
-0.296, 2.708
-0.295, 2.688
-0.295, 2.669
-0.295, 2.654
-0.277, 2.648
-0.277, 2.614
-0.259, 2.597
-0.259, 2.578
-0.260, 2.585
-0.259, 2.581
-0.260, 2.586
-0.251, 2.578
-0.241, 2.564
-0.241, 2.562
-0.241, 2.560
-0.242, 2.583
-0.242, 2.585
-0.242, 2.583
-0.233, 2.595
-0.250, 2.574
-0.260, 2.585
-0.259, 2.581
-0.268, 2.591
-0.278, 2.603
-0.268, 2.606
-0.286, 2.608
-0.277, 2.618
-0.286, 2.608
-0.287, 2.629
-0.295, 2.616
-0.303, 2.626
-0.302, 2.603
-0.293, 2.608
-0.303, 2.626
-0.304, 2.660
-0.323, 2.685
-0.296, 2.695
-0.313, 2.693
-0.304, 2.700
-0.312, 2.699
-0.321, 2.709
-0.321, 2.726
-0.340, 2.748
-0.322, 2.750
-0.339, 2.730
-0.348, 2.723
-0.357, 2.711
-0.347, 2.680
-0.365, 2.702
-0.374, 2.709
-0.392, 2.697
-0.392, 2.697
-0.419, 2.702
-0.419, 2.687
-0.418, 2.683
-0.428, 2.695
-0.436, 2.685
-0.454, 2.687
-0.455, 2.673
-0.463, 2.661
-0.463, 2.646
-0.472, 2.636
-0.489, 2.617
-0.499, 2.612
-0.489, 2.583
-0.490, 2.568
-0.498, 2.576
-0.489, 2.564
-0.480, 2.576
-0.463, 2.593
-0.463, 2.593
-0.445, 2.591
-0.453, 2.596
-0.427, 2.609
-0.401, 2.636
-0.393, 2.650
-0.393, 2.652
-0.384, 2.638
-0.366, 2.636
-0.356, 2.624
-0.356, 2.624
-0.338, 2.641
-0.339, 2.641
-0.322, 2.647
-0.339, 2.645
-0.322, 2.647
-0.304, 2.645
-0.303, 2.640
-0.313, 2.652
-0.304, 2.660
-0.304, 2.645
-0.313, 2.652
-0.321, 2.658
-0.304, 2.679
-0.294, 2.682
-0.286, 2.711
-0.295, 2.720
-0.277, 2.737
-0.269, 2.732
-0.259, 2.735
-0.259, 2.735
-0.259, 2.769
-0.241, 2.767
-0.242, 2.791
-0.251, 2.798
-0.242, 2.791
-0.251, 2.798
-0.259, 2.803
-0.268, 2.813
-0.269, 2.845
-0.277, 2.855
-0.277, 2.855
-0.295, 2.872
-0.286, 2.884
-0.286, 2.899
-0.305, 2.923
-0.323, 2.940
-0.313, 2.928
-0.322, 2.938
-0.331, 2.938
-0.339, 2.948
-0.331, 2.975
-0.358, 2.985
-0.350, 3.016
-0.367, 3.031
-0.367, 3.048
-0.384, 3.046
-0.375, 3.051
-0.394, 3.073
-0.393, 3.070
-0.411, 3.090
-0.411, 3.090
-0.428, 3.088
-0.420, 3.100
-0.429, 3.107
-0.456, 3.100
-0.429, 3.107
-0.446, 3.105
-0.447, 3.110
-0.446, 3.085
-0.437, 3.098
-0.447, 3.090
-0.464, 3.088
-0.456, 3.103
-0.437, 3.078
-0.438, 3.083
-0.420, 3.066
-0.419, 3.061
-0.411, 3.056
-0.402, 3.063
-0.402, 3.048
-0.384, 3.046
-0.383, 3.024
-0.385, 3.031
-0.376, 3.021
-0.376, 3.009
-0.384, 2.999
-0.384, 2.977
-0.376, 2.990
-0.375, 2.970
-0.375, 2.951
-0.384, 2.963
-0.376, 2.953
-0.384, 2.946
-0.374, 2.931
-0.375, 2.917
-0.374, 2.897
-0.374, 2.878
-0.375, 2.887
-0.375, 2.885
-0.384, 2.860
-0.366, 2.858
-0.365, 2.836
-0.366, 2.839
-0.356, 2.827
-0.366, 2.841
-0.375, 2.833
-0.392, 2.831
-0.366, 2.841
-0.383, 2.838
-0.375, 2.833
-0.392, 2.834
-0.383, 2.790
-0.393, 2.767
-0.392, 2.748
-0.401, 2.738
-0.410, 2.731
-0.409, 2.712
-0.410, 2.682
-0.400, 2.668
-0.427, 2.646
-0.409, 2.624
-0.426, 2.588
-0.427, 2.577
-0.427, 2.577
-0.428, 2.547
-0.419, 2.572
-0.418, 2.550
-0.436, 2.553
-0.434, 2.530
-0.444, 2.522
-0.444, 2.522
-0.434, 2.530
-0.462, 2.543
-0.462, 2.543
-0.472, 2.536
-0.489, 2.519
-0.497, 2.505
-0.506, 2.517
-0.497, 2.524
-0.506, 2.519
-0.524, 2.536
-0.532, 2.525
-0.534, 2.529
-0.550, 2.542
-0.550, 2.542
-0.551, 2.559
-0.550, 2.576
-0.551, 2.561
-0.560, 2.568
-0.577, 2.569
-0.577, 2.586
-0.577, 2.567
-0.578, 2.571
-0.577, 2.567
-0.586, 2.559
-0.595, 2.554
-0.604, 2.542
-0.595, 2.535
-0.575, 2.529
-0.594, 2.531
-0.568, 2.542
-0.577, 2.552
-0.571, 2.550
-0.570, 2.565
-0.588, 2.548
-0.569, 2.529
-0.559, 2.513
-0.568, 2.523
-0.549, 2.521
-0.559, 2.535
-0.560, 2.536
-0.542, 2.534
-0.542, 2.536
-0.533, 2.542
-0.533, 2.542
-0.515, 2.559
-0.506, 2.566
-0.499, 2.580
-0.480, 2.595
-0.471, 2.585
-0.462, 2.612
-0.444, 2.623
-0.445, 2.646
-0.427, 2.661
-0.427, 2.661
-0.418, 2.672
-0.400, 2.685
-0.401, 2.689
-0.373, 2.709
-0.373, 2.712
-0.366, 2.723
-0.356, 2.711
-0.374, 2.714
-0.373, 2.709
-0.365, 2.704
-0.383, 2.723
-0.373, 2.709
-0.374, 2.695
-0.390, 2.708
-0.400, 2.704
-0.410, 2.716
-0.410, 2.716
-0.419, 2.711
-0.427, 2.697
-0.445, 2.697
-0.445, 2.697
-0.452, 2.683
-0.472, 2.688
-0.480, 2.697
-0.489, 2.705
-0.499, 2.700
-0.507, 2.688
-0.517, 2.700
-0.533, 2.678
-0.534, 2.664
-0.543, 2.656
-0.551, 2.627
-0.561, 2.624
-0.569, 2.595
-0.578, 2.569
-0.569, 2.559
-0.568, 2.555
-0.577, 2.550
-0.569, 2.544
-0.570, 2.529
-0.578, 2.519
-0.559, 2.498
-0.569, 2.510
-0.550, 2.489
-0.551, 2.474
-0.560, 2.483
-0.560, 2.483
-0.552, 2.462
-0.551, 2.439
-0.551, 2.439
-0.551, 2.439
-0.523, 2.445
-0.515, 2.439
-0.524, 2.464
-0.515, 2.441
-0.508, 2.452
-0.507, 2.450
-0.508, 2.470
-0.498, 2.490
-0.480, 2.490
-0.480, 2.507
-0.462, 2.522
-0.454, 2.568
-0.454, 2.602
-0.445, 2.629
-0.428, 2.631
-0.418, 2.653
-0.418, 2.638
-0.418, 2.653
-0.418, 2.653
-0.428, 2.665
-0.427, 2.661
-0.437, 2.675
-0.436, 2.670
-0.454, 2.670
-0.463, 2.680
-0.471, 2.684
-0.471, 2.705
-0.462, 2.729
-0.480, 2.731
-0.490, 2.743
-0.489, 2.739
-0.508, 2.741
-0.506, 2.737
-0.506, 2.754
-0.481, 2.766
-0.498, 2.764
-0.508, 2.778
-0.498, 2.783
-0.507, 2.773
-0.498, 2.783
-0.506, 2.788
-0.507, 2.808
-0.497, 2.796
-0.497, 2.796
-0.507, 2.827
-0.516, 2.837
-0.527, 2.834
-0.535, 2.839
-0.526, 2.829
-0.533, 2.834
-0.532, 2.811
-0.543, 2.827
-0.551, 2.832
-0.560, 2.827
-0.561, 2.829
-0.577, 2.825
-0.587, 2.803
-0.586, 2.798
-0.613, 2.774
-0.613, 2.759
-0.622, 2.733
-0.632, 2.710
-0.648, 2.706
-0.648, 2.672
-0.666, 2.657
-0.657, 2.628
-0.657, 2.613
-0.647, 2.601
-0.665, 2.585
-0.648, 2.586
-0.665, 2.585
-0.666, 2.589
-0.657, 2.596
-0.657, 2.596
-0.648, 2.588
-0.656, 2.577
-0.639, 2.562
-0.638, 2.543
-0.638, 2.526
-0.649, 2.537
-0.656, 2.509
-0.666, 2.503
-0.655, 2.490
-0.655, 2.455
-0.665, 2.467
-0.666, 2.469
-0.668, 2.474
-0.676, 2.465
-0.676, 2.446
-0.667, 2.436
-0.672, 2.420
-0.673, 2.404
-0.673, 2.404
-0.674, 2.423
-0.657, 2.444
-0.666, 2.452
-0.667, 2.436
-0.665, 2.433
-0.665, 2.433
-0.666, 2.435
-0.656, 2.423
-0.658, 2.427
-0.657, 2.425
-0.638, 2.423
-0.630, 2.433
-0.639, 2.440
-0.640, 2.444
-0.639, 2.459
-0.639, 2.459
-0.640, 2.461
-0.621, 2.457
-0.639, 2.476
-0.639, 2.474
-0.639, 2.476
-0.631, 2.485
-0.611, 2.480
-0.595, 2.485
-0.612, 2.501
-0.595, 2.501
-0.595, 2.503
-0.585, 2.508
-0.594, 2.482
-0.602, 2.487
-0.603, 2.491
-0.596, 2.504
-0.587, 2.495
-0.597, 2.524
-0.596, 2.539
-0.587, 2.544
-0.586, 2.542
-0.585, 2.555
-0.568, 2.576
-0.569, 2.595
-0.570, 2.615
-0.588, 2.617
-0.578, 2.603
-0.578, 2.605
-0.568, 2.611
-0.568, 2.610
-0.552, 2.632
-0.577, 2.620
-0.578, 2.622
-0.569, 2.630
-0.577, 2.620
-0.578, 2.622
-0.586, 2.628
-0.578, 2.622
-0.595, 2.620
-0.586, 2.628
-0.587, 2.647
-0.604, 2.645
-0.588, 2.649
-0.587, 2.647
-0.587, 2.647
-0.587, 2.647
-0.587, 2.645
-0.596, 2.639
-0.587, 2.630
-0.595, 2.620
-0.578, 2.622
-0.577, 2.618
-0.577, 2.618
-0.568, 2.610
-0.577, 2.618
-0.570, 2.647
-0.570, 2.649
-0.571, 2.653
-0.571, 2.653
-0.570, 2.649
-0.578, 2.656
-0.576, 2.648
-0.560, 2.669
-0.561, 2.673
-0.579, 2.691
-0.589, 2.702
-0.579, 2.691
-0.579, 2.691
-0.595, 2.704
-0.587, 2.713
-0.588, 2.717
-0.587, 2.732
-0.597, 2.727
-0.587, 2.732
-0.587, 2.732
-0.579, 2.757
-0.587, 2.747
-0.579, 2.776
-0.579, 2.793
-0.579, 2.793
-0.570, 2.820
-0.561, 2.823
-0.543, 2.842
-0.552, 2.852
-0.534, 2.869
-0.517, 2.871
-0.507, 2.874
-0.499, 2.903
-0.481, 2.917
-0.490, 2.944
-0.482, 2.956
-0.490, 2.964
-0.491, 2.983
-0.490, 2.978
-0.481, 2.986
-0.464, 2.988
-0.454, 2.995
-0.474, 3.020
-0.465, 3.027
-0.491, 3.054
-0.491, 3.054
-0.490, 3.047
-0.481, 3.054
-0.507, 3.078
-0.508, 3.098
-0.491, 3.120
-0.517, 3.108
-0.527, 3.120
-0.527, 3.120
-0.535, 3.108
-0.526, 3.101
-0.525, 3.096
-0.536, 3.093
-0.536, 3.093
-0.526, 3.066
-0.545, 3.052
-0.534, 3.020
-0.526, 2.998
-0.543, 2.979
-0.542, 2.942
-0.544, 2.930
-0.543, 2.910
-0.554, 2.874
-0.561, 2.844
-0.552, 2.781
-0.552, 2.766
-0.534, 2.730
-0.552, 2.698
-0.544, 2.673
-0.570, 2.615
-0.562, 2.556
-0.560, 2.514
-0.559, 2.479
-0.542, 2.462
-0.551, 2.457
-0.561, 2.434
-0.551, 2.405
-0.551, 2.373
-0.534, 2.356
-0.525, 2.331
-0.517, 2.308
-0.490, 2.296
-0.481, 2.273
-0.481, 2.254
-0.470, 2.240
-0.463, 2.252
-0.463, 2.252
-0.464, 2.256
-0.463, 2.271
-0.445, 2.271
-0.446, 2.273
-0.445, 2.251
-0.436, 2.262
-0.418, 2.260
-0.418, 2.260
-0.410, 2.288
-0.418, 2.328
-0.411, 2.341
-0.401, 2.330
-0.400, 2.326
-0.392, 2.337
-0.391, 2.353
-0.383, 2.381
-0.401, 2.379
-0.410, 2.389
-0.428, 2.391
-0.410, 2.389
-0.437, 2.399
-0.427, 2.421
-0.436, 2.429
-0.436, 2.450
-0.427, 2.456
-0.419, 2.467
-0.401, 2.499
-0.427, 2.526
-0.428, 2.528
-0.444, 2.522
-0.427, 2.539
-0.436, 2.568
-0.437, 2.587
-0.438, 2.610
-0.438, 2.591
-0.438, 2.591
-0.428, 2.579
-0.445, 2.558
-0.453, 2.547
-0.444, 2.571
-0.446, 2.596
-0.455, 2.608
-0.473, 2.606
-0.464, 2.599
-0.472, 2.602
-0.481, 2.612
-0.462, 2.610
-0.489, 2.619
-0.499, 2.631
-0.499, 2.612
-0.508, 2.622
-0.507, 2.637
-0.507, 2.637
-0.508, 2.656
-0.507, 2.654
-0.508, 2.675
-0.508, 2.692
-0.498, 2.680
-0.490, 2.692
-0.507, 2.688
-0.499, 2.700
-0.507, 2.707
-0.507, 2.688
-0.507, 2.673
-0.507, 2.654
-0.525, 2.656
-0.524, 2.637
-0.515, 2.627
-0.524, 2.603
-0.523, 2.579
-0.541, 2.567
-0.524, 2.568
-0.516, 2.597
-0.526, 2.611
-0.526, 2.591
-0.526, 2.591
-0.507, 2.570
-0.515, 2.540
-0.498, 2.542
-0.498, 2.541
-0.499, 2.545
-0.508, 2.538
-0.499, 2.530
-0.490, 2.521
-0.480, 2.490
-0.471, 2.498
-0.471, 2.502
-0.471, 2.501
-0.472, 2.486
-0.454, 2.484
-0.472, 2.469
-0.481, 2.460
-0.471, 2.431
-0.489, 2.433
-0.515, 2.422
-0.552, 2.409
-0.579, 2.384
-0.569, 2.373
-0.586, 2.356
-0.577, 2.362
-0.595, 2.364
-0.604, 2.339
-0.621, 2.320
-0.623, 2.308
-0.640, 2.288
-0.632, 2.265
-0.641, 2.257
-0.658, 2.238
-0.684, 2.212
-0.656, 2.198
-0.665, 2.192
-0.657, 2.201
-0.658, 2.204
-0.659, 2.190
-0.677, 2.206
-0.668, 2.198
-0.649, 2.195
-0.647, 2.190
-0.648, 2.209
-0.629, 2.224
-0.631, 2.263
-0.623, 2.274
-0.614, 2.280
-0.623, 2.290
-0.613, 2.295
-0.613, 2.313
-0.595, 2.345
-0.596, 2.348
-0.597, 2.352
-0.596, 2.348
-0.587, 2.358
-0.578, 2.365
-0.550, 2.369
-0.533, 2.373
-0.542, 2.380
-0.543, 2.384
-0.517, 2.391
-0.525, 2.382
-0.508, 2.384
-0.507, 2.380
-0.507, 2.365
-0.489, 2.363
-0.489, 2.344
-0.481, 2.340
-0.471, 2.346
-0.454, 2.347
-0.445, 2.340
-0.454, 2.328
-0.445, 2.340
-0.453, 2.344
-0.444, 2.336
-0.462, 2.353
-0.454, 2.363
-0.454, 2.383
-0.445, 2.389
-0.464, 2.410
-0.454, 2.416
-0.454, 2.397
-0.454, 2.416
-0.453, 2.414
-0.454, 2.416
-0.463, 2.425
-0.481, 2.443
-0.473, 2.452
-0.481, 2.458
-0.489, 2.467
-0.481, 2.477
-0.498, 2.475
-0.499, 2.494
-0.507, 2.517
-0.499, 2.528
-0.508, 2.536
-0.507, 2.551
-0.508, 2.570
-0.507, 2.585
-0.517, 2.597
-0.491, 2.608
-0.508, 2.607
-0.500, 2.616
-0.525, 2.620
-0.525, 2.639
-0.525, 2.639
-0.543, 2.637
-0.561, 2.659
-0.552, 2.664
-0.561, 2.658
-0.561, 2.658
-0.561, 2.639
-0.544, 2.641
-0.542, 2.618
-0.551, 2.628
-0.561, 2.639
-0.561, 2.639
-0.579, 2.641
-0.577, 2.618
-0.587, 2.613
-0.587, 2.613
-0.596, 2.605
-0.597, 2.609
-0.614, 2.588
-0.606, 2.600
-0.605, 2.580
-0.613, 2.569
-0.623, 2.564
-0.630, 2.569
-0.632, 2.556
-0.640, 2.547
-0.648, 2.535
-0.658, 2.530
-0.658, 2.528
-0.667, 2.522
-0.685, 2.505
-0.684, 2.486
-0.686, 2.490
-0.683, 2.467
-0.693, 2.460
-0.693, 2.460
-0.701, 2.450
-0.702, 2.454
-0.701, 2.433
-0.710, 2.443
-0.693, 2.425
-0.693, 2.425
-0.693, 2.410
-0.692, 2.406
-0.676, 2.393
-0.676, 2.393
-0.666, 2.381
-0.666, 2.366
-0.648, 2.347
-0.639, 2.339
-0.640, 2.324
-0.648, 2.313
-0.658, 2.292
-0.639, 2.286
-0.639, 2.252
-0.648, 2.244
-0.648, 2.244
-0.640, 2.240
-0.632, 2.232
-0.624, 2.224
-0.623, 2.223
-0.603, 2.183
-0.603, 2.183
-0.601, 2.196
-0.603, 2.218
-0.596, 2.247
-0.586, 2.253
-0.587, 2.257
-0.568, 2.270
-0.568, 2.270
-0.551, 2.287
-0.550, 2.303
-0.560, 2.316
-0.552, 2.340
-0.543, 2.333
-0.543, 2.367
-0.524, 2.380
-0.516, 2.392
-0.524, 2.396
-0.533, 2.424
-0.516, 2.460
-0.516, 2.475
-0.508, 2.504
-0.498, 2.527
-0.499, 2.546
-0.498, 2.561
-0.498, 2.576
-0.499, 2.614
-0.498, 2.629
-0.498, 2.646
-0.499, 2.667
-0.507, 2.673
-0.498, 2.680
-0.506, 2.703
-0.507, 2.722
-0.508, 2.741
-0.535, 2.785
-0.536, 2.809
-0.544, 2.829
-0.553, 2.856
-0.562, 2.866
-0.578, 2.857
-0.578, 2.891
-0.596, 2.928
-0.598, 2.952
-0.607, 2.962
-0.615, 2.965
-0.616, 2.967
-0.614, 2.962
-0.632, 2.980
-0.624, 2.991
-0.641, 2.989
-0.625, 3.011
-0.632, 3.016
-0.651, 3.036
-0.642, 3.040
-0.632, 3.048
-0.624, 3.060
-0.641, 3.058
-0.634, 3.053
-0.625, 3.062
-0.632, 3.048
-0.634, 3.053
-0.623, 3.055
-0.624, 3.058
-0.633, 3.067
-0.633, 3.067
-0.617, 3.055
-0.624, 3.040
-0.625, 3.043
-0.616, 3.035
-0.615, 3.031
-0.597, 3.013
-0.579, 2.996
-0.589, 2.991
-0.590, 2.994
-0.589, 2.976
-0.581, 2.971
-0.563, 2.949
-0.563, 2.915
-0.553, 2.888
-0.543, 2.857
-0.535, 2.852
-0.517, 2.834
-0.526, 2.795
-0.518, 2.770
-0.499, 2.715
-0.508, 2.690
-0.507, 2.671
-0.516, 2.629
-0.508, 2.587
-0.499, 2.578
-0.508, 2.557
-0.516, 2.527
-0.507, 2.519
-0.507, 2.519
-0.507, 2.500
-0.508, 2.504
-0.507, 2.500
-0.508, 2.504
-0.508, 2.488
-0.516, 2.475
-0.517, 2.477
-0.517, 2.477
-0.525, 2.468
-0.516, 2.460
-0.525, 2.468
-0.534, 2.477
-0.542, 2.466
-0.552, 2.478
-0.552, 2.495
-0.560, 2.502
-0.560, 2.502
-0.569, 2.476
-0.587, 2.478
-0.587, 2.480
-0.587, 2.478
-0.606, 2.480
-0.605, 2.495
-0.623, 2.512
-0.623, 2.512
-0.639, 2.491
-0.640, 2.495
-0.640, 2.510
-0.640, 2.495
-0.649, 2.505
-0.658, 2.512
-0.658, 2.512
-0.675, 2.526
-0.667, 2.520
-0.659, 2.531
-0.658, 2.547
-0.667, 2.556
-0.667, 2.571
-0.667, 2.591
-0.667, 2.590
-0.666, 2.621
-0.667, 2.640
-0.675, 2.663
-0.685, 2.691
-0.685, 2.711
-0.675, 2.733
-0.668, 2.762
-0.667, 2.777
-0.668, 2.796
-0.695, 2.823
-0.685, 2.845
-0.678, 2.857
-0.676, 2.870
-0.685, 2.897
-0.686, 2.916
-0.702, 2.929
-0.694, 2.955
-0.711, 2.970
-0.703, 2.982
-0.714, 3.014
-0.696, 3.031
-0.698, 3.070
-0.687, 3.072
-0.686, 3.087
-0.676, 3.109
-0.657, 3.121
-0.642, 3.145
-0.651, 3.155
-0.652, 3.175
-0.651, 3.190
-0.624, 3.194
-0.624, 3.214
-0.606, 3.211
-0.607, 3.216
-0.616, 3.226
-0.607, 3.216
-0.590, 3.233
-0.570, 3.225
-0.580, 3.221
-0.562, 3.223
-0.570, 3.228
-0.571, 3.233
-0.562, 3.223
-0.571, 3.213
-0.571, 3.214
-0.544, 3.201
-0.545, 3.206
-0.544, 3.203
-0.536, 3.196
-0.527, 3.189
-0.517, 3.176
-0.535, 3.179
-0.535, 3.193
-0.527, 3.189
-0.535, 3.193
-0.525, 3.198
-0.554, 3.213
-0.527, 3.220
-0.537, 3.235
-0.547, 3.265
-0.537, 3.270
-0.537, 3.272
-0.527, 3.271
-0.526, 3.252
-0.509, 3.254
-0.509, 3.254
-0.509, 3.257
-0.491, 3.274
-0.501, 3.267
-0.491, 3.274
-0.500, 3.261
-0.492, 3.257
-0.491, 3.254
-0.491, 3.240
-0.491, 3.240
-0.482, 3.210
-0.492, 3.223
-0.500, 3.227
-0.500, 3.213
-0.501, 3.198
-0.482, 3.176
-0.474, 3.188
-0.482, 3.178
-0.482, 3.179
-0.473, 3.171
-0.473, 3.168
-0.491, 3.171
-0.481, 3.159
-0.500, 3.161
-0.500, 3.162
-0.507, 3.164
-0.517, 3.179
-0.526, 3.186
-0.544, 3.189
-0.544, 3.203
-0.569, 3.188
-0.571, 3.213
-0.589, 3.230
-0.590, 3.236
-0.617, 3.246
-0.633, 3.258
-0.634, 3.278
-0.641, 3.262
-0.650, 3.270
-0.659, 3.299
-0.660, 3.316
-0.670, 3.332
-0.661, 3.336
-0.661, 3.336
-0.659, 3.331
-0.668, 3.355
-0.687, 3.378
-0.678, 3.388
-0.687, 3.398
-0.679, 3.422
-0.678, 3.436
-0.688, 3.449
-0.696, 3.453
-0.704, 3.461
-0.713, 3.471
-0.696, 3.488
-0.697, 3.493
-0.705, 3.515
-0.706, 3.518
-0.697, 3.527
-0.714, 3.539
-0.697, 3.542
-0.704, 3.560
-0.688, 3.566
-0.680, 3.579
-0.697, 3.576
-0.671, 3.572
-0.670, 3.551
-0.652, 3.549
-0.651, 3.529
-0.640, 3.496
-0.616, 3.494
-0.607, 3.487
-0.600, 3.468
-0.600, 3.454
-0.581, 3.414
-0.572, 3.390
-0.562, 3.357
-0.544, 3.320
-0.526, 3.303
-0.534, 3.293
-0.518, 3.267
-0.509, 3.257
-0.518, 3.233
-0.518, 3.218
-0.517, 3.193
-0.508, 3.186
-0.499, 3.176
-0.518, 3.164
-0.509, 3.174
-0.518, 3.164
-0.509, 3.157
-0.509, 3.154
-0.526, 3.152
-0.527, 3.172
-0.535, 3.159
-0.535, 3.181
-0.544, 3.189
-0.536, 3.198
-0.545, 3.208
-0.535, 3.230
-0.544, 3.257
-0.562, 3.289
-0.562, 3.309
-0.572, 3.336
-0.571, 3.333
-0.590, 3.353
-0.588, 3.364
-0.598, 3.377
-0.607, 3.404
-0.597, 3.406
-0.615, 3.409
-0.614, 3.423
-0.624, 3.419
-0.626, 3.441
-0.643, 3.459
-0.663, 3.482
-0.644, 3.493
-0.652, 3.483
-0.668, 3.495
-0.666, 3.503
-0.668, 3.529
-0.669, 3.549
-0.679, 3.562
-0.688, 3.572
-0.687, 3.566
-0.688, 3.586
-0.695, 3.587
-0.686, 3.580
-0.714, 3.610
-0.705, 3.600
-0.706, 3.606
-0.705, 3.617
-0.713, 3.604
-0.713, 3.639
-0.713, 3.638
-0.733, 3.648
-0.723, 3.655
-0.733, 3.648
-0.732, 3.662
-0.722, 3.649
-0.723, 3.669
-0.722, 3.666
-0.723, 3.669
-0.724, 3.672
-0.722, 3.683
-0.714, 3.679
-0.722, 3.683
-0.714, 3.679
-0.723, 3.703
-0.731, 3.690
-0.722, 3.683
-0.713, 3.673
-0.723, 3.686
-0.714, 3.679
-0.715, 3.699
-0.716, 3.685
-0.706, 3.689
-0.714, 3.679
-0.687, 3.666
-0.703, 3.677
-0.705, 3.686
-0.696, 3.676
-0.688, 3.689
-0.680, 3.699
-0.679, 3.678
-0.679, 3.679
-0.678, 3.672
-0.661, 3.675
-0.679, 3.679
-0.661, 3.675
-0.662, 3.682
-0.652, 3.668
-0.652, 3.668
-0.661, 3.661
-0.651, 3.648
-0.661, 3.627
-0.652, 3.617
-0.652, 3.600
-0.652, 3.586
-0.634, 3.548
-0.644, 3.527
-0.634, 3.514
-0.625, 3.470
-0.652, 3.449
-0.642, 3.433
-0.651, 3.412
-0.660, 3.385
-0.660, 3.385
-0.669, 3.378
-0.677, 3.382
-0.669, 3.392
-0.660, 3.399
-0.669, 3.392
-0.661, 3.439
-0.662, 3.459
-0.663, 3.482
-0.644, 3.476
-0.635, 3.466
-0.634, 3.463
-0.606, 3.464
-0.616, 3.480
-0.608, 3.490
-0.590, 3.490
-0.591, 3.493
-0.598, 3.477
-0.581, 3.480
-0.581, 3.480
-0.581, 3.480
-0.572, 3.473
-0.572, 3.470
-0.582, 3.500
-0.563, 3.479
-0.563, 3.479
-0.554, 3.489
-0.554, 3.470
-0.537, 3.472
-0.535, 3.484
-0.536, 3.469
-0.546, 3.482
-0.545, 3.477
-0.546, 3.482
-0.537, 3.472
-0.545, 3.462
-0.546, 3.465
-0.554, 3.435
-0.555, 3.441
-0.554, 3.421
-0.563, 3.411
-0.572, 3.404
-0.580, 3.394
-0.591, 3.393
-0.589, 3.367
-0.605, 3.345
-0.606, 3.330
-0.606, 3.313
-0.626, 3.322
-0.626, 3.321
-0.644, 3.305
-0.644, 3.305
-0.642, 3.279
-0.642, 3.265
-0.641, 3.245
-0.659, 3.231
-0.642, 3.234
-0.633, 3.189
-0.643, 3.170
-0.633, 3.138
-0.650, 3.087
-0.641, 3.077
-0.658, 3.038
-0.650, 3.036
-0.650, 3.018
-0.659, 2.994
-0.651, 3.004
-0.684, 2.980
-0.668, 2.967
-0.676, 2.955
-0.685, 2.965
-0.686, 2.970
-0.712, 2.941
-0.713, 2.946
-0.721, 2.916
-0.729, 2.890
-0.730, 2.872
-0.720, 2.863
-0.730, 2.840
-0.738, 2.829
-0.737, 2.826
-0.720, 2.814
-0.702, 2.811
-0.722, 2.818
-0.720, 2.779
-0.719, 2.760
-0.719, 2.741
-0.718, 2.756
-0.729, 2.755
-0.722, 2.769
-0.740, 2.752
-0.739, 2.749
-0.745, 2.733
-0.745, 2.733
-0.736, 2.739
-0.736, 2.758
-0.756, 2.779
-0.747, 2.804
-0.757, 2.818
-0.747, 2.823
-0.756, 2.831
-0.748, 2.843
-0.746, 2.853
-0.737, 2.880
-0.729, 2.907
-0.739, 2.919
-0.730, 2.946
-0.720, 2.965
-0.703, 2.985
-0.711, 3.007
-0.711, 3.026
-0.721, 3.070
-0.712, 3.095
-0.695, 3.097
-0.694, 3.129
-0.694, 3.163
-0.686, 3.193
-0.676, 3.214
-0.695, 3.234
-0.694, 3.266
-0.676, 3.297
-0.676, 3.331
-0.675, 3.345
-0.677, 3.371
-0.695, 3.388
-0.696, 3.408
-0.679, 3.445
-0.686, 3.449
-0.687, 3.469
-0.695, 3.457
-0.694, 3.451
-0.703, 3.478
-0.712, 3.468
-0.714, 3.493
-0.722, 3.501
-0.740, 3.484
-0.740, 3.487
-0.730, 3.468
-0.757, 3.481
-0.739, 3.478
-0.757, 3.481
-0.758, 3.501
-0.766, 3.488
-0.775, 3.484
-0.775, 3.498
-0.757, 3.515
-0.758, 3.535
-0.766, 3.522
-0.767, 3.528
-0.776, 3.535
-0.792, 3.516
-0.766, 3.525
-0.764, 3.517
-0.775, 3.498
-0.775, 3.498
-0.775, 3.498
-0.758, 3.501
-0.766, 3.488
-0.766, 3.491
-0.774, 3.478
-0.765, 3.468
-0.775, 3.464
-0.773, 3.461
-0.795, 3.473
-0.795, 3.473
-0.812, 3.453
-0.794, 3.453
-0.808, 3.425
-0.799, 3.415
-0.799, 3.415
-0.809, 3.444
-0.803, 3.460
-0.801, 3.454
-0.812, 3.470
-0.802, 3.474
-0.801, 3.488
-0.793, 3.499
-0.792, 3.495
-0.784, 3.508
-0.784, 3.525
-0.783, 3.506
-0.776, 3.518
-0.756, 3.512
-0.758, 3.535
-0.740, 3.518
-0.748, 3.508
-0.731, 3.511
-0.730, 3.488
-0.731, 3.491
-0.731, 3.491
-0.721, 3.464
-0.704, 3.466
-0.704, 3.464
-0.714, 3.459
-0.712, 3.454
-0.722, 3.447
-0.722, 3.432
-0.721, 3.427
-0.721, 3.413
-0.712, 3.417
-0.712, 3.402
-0.732, 3.391
-0.731, 3.391
-0.759, 3.369
-0.758, 3.347
-0.765, 3.317
-0.766, 3.303
-0.782, 3.278
-0.802, 3.252
-0.811, 3.245
-0.821, 3.237
-0.838, 3.220
-0.836, 3.196
-0.828, 3.191
-0.817, 3.193
-0.827, 3.205
-0.811, 3.228
-0.819, 3.232
-0.812, 3.228
-0.784, 3.232
-0.775, 3.242
-0.775, 3.242
-0.757, 3.239
-0.749, 3.269
-0.731, 3.283
-0.722, 3.276
-0.706, 3.281
-0.695, 3.283
-0.678, 3.285
-0.651, 3.275
-0.651, 3.275
-0.634, 3.278
-0.607, 3.265
-0.599, 3.277
-0.563, 3.291
-0.554, 3.284
-0.545, 3.277
-0.527, 3.274
-0.510, 3.262
-0.500, 3.247
-0.490, 3.235
-0.491, 3.240
-0.482, 3.247
-0.475, 3.228
-0.456, 3.227
-0.448, 3.218
-0.457, 3.210
-0.446, 3.193
-0.438, 3.203
-0.419, 3.217
-0.428, 3.210
-0.412, 3.232
-0.420, 3.236
-0.412, 3.252
-0.421, 3.276
-0.430, 3.283
-0.430, 3.283
-0.438, 3.288
-0.438, 3.293
-0.447, 3.301
-0.447, 3.301
-0.439, 3.330
-0.447, 3.335
-0.456, 3.342
-0.464, 3.346
-0.474, 3.359
-0.475, 3.379
-0.474, 3.376
-0.484, 3.409
-0.492, 3.413
-0.483, 3.420
-0.483, 3.438
-0.491, 3.442
-0.492, 3.434
-0.492, 3.431
-0.518, 3.418
-0.500, 3.401
-0.499, 3.395
-0.518, 3.384
-0.545, 3.394
-0.563, 3.377
-0.571, 3.350
-0.579, 3.338
-0.608, 3.319
-0.608, 3.304
-0.635, 3.297
-0.644, 3.290
-0.652, 3.261
-0.652, 3.261
-0.668, 3.238
-0.668, 3.238
-0.677, 3.246
-0.694, 3.263
-0.688, 3.278
-0.687, 3.295
-0.696, 3.271
-0.714, 3.288
-0.704, 3.273
-0.722, 3.276
-0.704, 3.292
-0.722, 3.276
-0.723, 3.295
-0.721, 3.290
-0.714, 3.305
-0.723, 3.295
-0.723, 3.295
-0.723, 3.295
-0.712, 3.297
-0.722, 3.310
-0.722, 3.310
-0.731, 3.320
-0.723, 3.295
-0.730, 3.300
-0.740, 3.313
-0.739, 3.307
-0.739, 3.307
-0.713, 3.334
-0.721, 3.339
-0.704, 3.344
-0.694, 3.348
-0.704, 3.341
-0.687, 3.364
-0.669, 3.361
-0.662, 3.359
-0.662, 3.359
-0.643, 3.356
-0.643, 3.356
-0.615, 3.338
-0.624, 3.333
-0.607, 3.350
-0.599, 3.346
-0.599, 3.349
-0.598, 3.343
-0.599, 3.349
-0.589, 3.319
-0.589, 3.299
-0.598, 3.309
-0.579, 3.306
-0.581, 3.311
-0.562, 3.308
-0.571, 3.299
-0.563, 3.294
-0.562, 3.289
-0.554, 3.284
-0.554, 3.284
-0.553, 3.267
-0.545, 3.277
-0.543, 3.252
-0.545, 3.243
-0.545, 3.243
-0.563, 3.223
-0.554, 3.216
-0.535, 3.193
-0.544, 3.189
-0.536, 3.182
-0.536, 3.164
-0.527, 3.174
-0.535, 3.159
-0.535, 3.145
-0.526, 3.152
-0.526, 3.152
-0.545, 3.160
-0.545, 3.174
-0.564, 3.197
-0.554, 3.184
-0.562, 3.172
-0.562, 3.189
-0.578, 3.181
-0.571, 3.199
-0.571, 3.199
-0.598, 3.189
-0.599, 3.194
-0.615, 3.172
-0.616, 3.192
-0.624, 3.179
-0.633, 3.189
-0.625, 3.199
-0.633, 3.189
-0.634, 3.175
-0.651, 3.189
-0.660, 3.180
-0.678, 3.182
-0.677, 3.177
-0.678, 3.182
-0.678, 3.182
-0.687, 3.190
-0.696, 3.185
-0.695, 3.180
-0.696, 3.166
-0.686, 3.170
-0.695, 3.180
-0.687, 3.192
-0.686, 3.172
-0.705, 3.175
-0.704, 3.173
-0.695, 3.180
-0.696, 3.165
-0.693, 3.158
-0.704, 3.156
-0.695, 3.180
-0.687, 3.192
-0.688, 3.198
-0.695, 3.183
-0.687, 3.193
-0.686, 3.190
-0.695, 3.197
-0.695, 3.197
-0.676, 3.194
-0.705, 3.210
-0.695, 3.217
-0.705, 3.210
-0.705, 3.210
-0.695, 3.214
-0.705, 3.210
-0.686, 3.207
-0.686, 3.207
-0.687, 3.227
-0.686, 3.224
-0.687, 3.227
-0.669, 3.224
-0.677, 3.214
-0.659, 3.231
-0.668, 3.238
-0.661, 3.236
-0.660, 3.251
-0.651, 3.243
-0.651, 3.243
-0.642, 3.214
-0.634, 3.226
-0.633, 3.206
-0.642, 3.199
-0.643, 3.185
-0.633, 3.172
-0.634, 3.160
-0.624, 3.148
-0.624, 3.114
-0.624, 3.114
-0.622, 3.089
-0.606, 3.077
-0.614, 3.067
-0.607, 3.047
-0.617, 3.043
-0.616, 3.023
-0.616, 2.989
-0.614, 2.984
-0.605, 2.940
-0.605, 2.940
-0.613, 2.911
-0.624, 2.908
-0.623, 2.889
-0.614, 2.879
-0.615, 2.866
-0.605, 2.837
-0.606, 2.822
-0.614, 2.813
-0.614, 2.796
-0.624, 2.791
-0.623, 2.786
-0.614, 2.778
-0.614, 2.776
-0.605, 2.786
-0.605, 2.786
-0.613, 2.793
-0.595, 2.828
-0.595, 2.862
-0.604, 2.872
-0.596, 2.915
-0.595, 2.913
-0.614, 2.935
-0.613, 2.933
-0.632, 2.918
-0.658, 2.926
-0.692, 2.904
-0.702, 2.899
-0.728, 2.889
-0.738, 2.882
-0.772, 2.863
-0.806, 2.859
-0.799, 2.856
-0.826, 2.866
-0.837, 2.878
-0.854, 2.895
-0.870, 2.907
-0.899, 2.939
-0.890, 2.964
-0.889, 2.995
-0.898, 3.020
-0.896, 3.032
-0.897, 3.069
-0.905, 3.094
-0.917, 3.128
-0.901, 3.150
-0.890, 3.135
-0.882, 3.128
-0.871, 3.113
-0.871, 3.113
-0.853, 3.113
-0.861, 3.103
-0.873, 3.120
-0.854, 3.118
-0.836, 3.115
-0.809, 3.139
-0.790, 3.137
-0.792, 3.144
-0.792, 3.142
-0.810, 3.159
-0.818, 3.183
-0.834, 3.213
-0.846, 3.247
-0.838, 3.292
-0.837, 3.306
-0.846, 3.348
-0.843, 3.356
-0.837, 3.372
-0.820, 3.409
-0.830, 3.404
-0.819, 3.406
-0.808, 3.405
-0.801, 3.423
-0.794, 3.418
-0.785, 3.411
-0.777, 3.421
-0.758, 3.418
-0.769, 3.434
-0.766, 3.388
-0.763, 3.344
-0.771, 3.334
-0.780, 3.324
-0.783, 3.335
-0.794, 3.367
-0.805, 3.348
-0.804, 3.328
-0.784, 3.303
-0.766, 3.303
-0.764, 3.280
-0.757, 3.261
-0.748, 3.254
-0.739, 3.259
-0.722, 3.264
-0.712, 3.268
-0.713, 3.288
-0.704, 3.295
-0.694, 3.316
-0.678, 3.325
-0.650, 3.343
-0.650, 3.378
-0.624, 3.404
-0.606, 3.421
-0.580, 3.454
-0.562, 3.485
-0.554, 3.495
-0.536, 3.492
-0.525, 3.473
-0.500, 3.472
-0.508, 3.462
-0.509, 3.448
-0.508, 3.448
-0.516, 3.418
-0.518, 3.407
-0.508, 3.376
-0.554, 3.326
-0.609, 3.263
-0.654, 3.185
-0.662, 3.087
-0.658, 3.004
-0.658, 2.935
-0.676, 2.904
-0.649, 2.843
-0.659, 2.823
-0.632, 2.811
-0.605, 2.801
-0.596, 2.827
-0.578, 2.827
-0.553, 2.858
-0.517, 2.856
-0.491, 2.883
-0.472, 2.912
-0.454, 2.927
-0.437, 2.931
-0.419, 2.963
-0.411, 2.975
-0.420, 2.987
-0.401, 2.982
-0.393, 2.994
-0.401, 2.982
-0.410, 2.958
-0.419, 2.951
-0.419, 2.931
-0.411, 2.926
-0.419, 2.914
-0.437, 2.917
-0.428, 2.889
-0.454, 2.880
-0.446, 2.875
-0.437, 2.860
-0.446, 2.855
-0.454, 2.846
-0.463, 2.819
-0.481, 2.787
-0.508, 2.778
-0.490, 2.746
-0.499, 2.736
-0.508, 2.709
-0.517, 2.687
-0.525, 2.673
-0.542, 2.656
-0.542, 2.656
-0.560, 2.639
-0.561, 2.643
-0.569, 2.649
-0.569, 2.634
-0.588, 2.636
-0.587, 2.617
-0.605, 2.619
-0.605, 2.600
-0.615, 2.577
-0.650, 2.543
-0.658, 2.531
-0.685, 2.509
-0.675, 2.495
-0.693, 2.498
-0.693, 2.498
-0.702, 2.488
-0.703, 2.492
-0.701, 2.469
-0.710, 2.461
-0.720, 2.454
-0.711, 2.446
-0.712, 2.448
-0.711, 2.429
-0.712, 2.414
-0.720, 2.385
-0.736, 2.365
-0.728, 2.359
-0.719, 2.349
-0.727, 2.340
-0.718, 2.330
-0.727, 2.340
-0.712, 2.345
-0.711, 2.326
-0.722, 2.322
-0.721, 2.320
-0.712, 2.276
-0.703, 2.267
-0.709, 2.253
-0.710, 2.239
-0.693, 2.240
-0.694, 2.223
-0.676, 2.208
-0.683, 2.178
-0.684, 2.162
-0.675, 2.136
-0.666, 2.126
-0.657, 2.137
-0.639, 2.151
-0.630, 2.162
-0.639, 2.170
-0.630, 2.177
-0.631, 2.181
-0.622, 2.171
-0.614, 2.182
-0.613, 2.163
-0.639, 2.135
-0.630, 2.143
-0.620, 2.149
-0.613, 2.145
-0.622, 2.137
-0.621, 2.135
-0.613, 2.129
-0.621, 2.118
-0.622, 2.103
-0.612, 2.092
-0.612, 2.092
-0.612, 2.076
-0.620, 2.081
-0.621, 2.050
-0.622, 2.068
-0.622, 2.053
-0.632, 2.046
-0.631, 2.027
-0.640, 2.036
-0.630, 2.023
-0.647, 2.039
-0.638, 2.048
-0.647, 2.057
-0.649, 2.079
-0.658, 2.087
-0.666, 2.076
-0.657, 2.084
-0.665, 2.108
-0.666, 2.128
-0.657, 2.154
-0.666, 2.162
-0.667, 2.181
-0.675, 2.170
-0.666, 2.197
-0.665, 2.212
-0.638, 2.237
-0.666, 2.265
-0.657, 2.290
-0.668, 2.303
-0.649, 2.301
-0.657, 2.292
-0.657, 2.292
-0.665, 2.280
-0.684, 2.282
-0.674, 2.288
-0.683, 2.263
-0.694, 2.276
-0.684, 2.265
-0.684, 2.265
-0.674, 2.254
-0.666, 2.263
-0.667, 2.282
-0.667, 2.282
-0.669, 2.305
-0.668, 2.320
-0.676, 2.326
-0.667, 2.318
-0.656, 2.321
-0.675, 2.341
-0.666, 2.349
-0.675, 2.341
-0.676, 2.345
-0.675, 2.341
-0.668, 2.320
-0.658, 2.309
-0.657, 2.290
-0.686, 2.251
-0.701, 2.211
-0.719, 2.194
-0.718, 2.175
-0.711, 2.170
-0.729, 2.172
-0.729, 2.153
-0.730, 2.157
-0.712, 2.138
-0.729, 2.136
-0.702, 2.127
-0.700, 2.124
-0.693, 2.119
-0.675, 2.136
-0.676, 2.120
-0.686, 2.131
-0.675, 2.101
-0.668, 2.095
-0.649, 2.075
-0.630, 2.056
-0.622, 2.048
-0.612, 2.056
-0.597, 2.045
-0.588, 2.052
-0.588, 2.052
-0.579, 2.062
-0.551, 2.049
-0.543, 2.024
-0.523, 2.021
-0.516, 2.015
-0.507, 2.007
-0.498, 1.997
-0.499, 2.000
-0.507, 1.990
-0.508, 1.974
-0.516, 1.965
-0.516, 1.929
-0.534, 1.932
-0.543, 1.904
-0.551, 1.895
-0.569, 1.896
-0.605, 1.861
-0.633, 1.839
-0.622, 1.826
-0.657, 1.826
-0.667, 1.819
-0.684, 1.818
-0.702, 1.820
-0.693, 1.810
-0.702, 1.785
-0.702, 1.785
-0.692, 1.758
-0.701, 1.734
-0.719, 1.715
-0.693, 1.674
-0.711, 1.657
-0.736, 1.646
-0.727, 1.638
-0.744, 1.637
-0.763, 1.656
-0.782, 1.658
-0.782, 1.658
-0.810, 1.652
-0.808, 1.615
-0.817, 1.589
-0.816, 1.571
-0.823, 1.544
-0.834, 1.520
-0.834, 1.520
-0.834, 1.504
-0.843, 1.478
-0.842, 1.476
-0.834, 1.469
-0.824, 1.459
-0.807, 1.460
-0.799, 1.435
-0.789, 1.424
-0.781, 1.400
-0.770, 1.390
-0.788, 1.372
-0.797, 1.381
-0.805, 1.389
-0.816, 1.383
-0.842, 1.408
-0.834, 1.418
-0.843, 1.427
-0.851, 1.451
-0.852, 1.469
-0.860, 1.494
-0.860, 1.512
-0.870, 1.538
-0.887, 1.572
-0.897, 1.582
-0.913, 1.597
-0.915, 1.599
-0.924, 1.607
-0.921, 1.587
-0.931, 1.597
-0.931, 1.613
-0.942, 1.625
-0.953, 1.653
-0.960, 1.660
-0.960, 1.660
-0.967, 1.666
-0.958, 1.674
-0.975, 1.691
-0.967, 1.735
-0.969, 1.754
-0.950, 1.770
-0.969, 1.771
-0.961, 1.798
-0.959, 1.795
-0.951, 1.804
-0.941, 1.812
-0.933, 1.787
-0.942, 1.796
-0.940, 1.794
-0.932, 1.804
-0.906, 1.812
-0.915, 1.804
-0.915, 1.838
-0.915, 1.838
-0.916, 1.857
-0.906, 1.881
-0.915, 1.890
-0.897, 1.907
-0.914, 1.906
-0.907, 1.933
-0.905, 1.965
-0.889, 1.985
-0.870, 2.034
-0.870, 2.069
-0.855, 2.123
-0.843, 2.162
-0.844, 2.196
-0.844, 2.231
-0.826, 2.282
-0.820, 2.331
-0.793, 2.355
-0.794, 2.392
-0.793, 2.424
-0.774, 2.437
-0.765, 2.462
-0.755, 2.485
-0.739, 2.525
-0.731, 2.569
-0.731, 2.586
-0.740, 2.612
-0.712, 2.618
-0.713, 2.620
-0.703, 2.642
-0.684, 2.655
-0.695, 2.686
-0.686, 2.711
-0.678, 2.722
-0.687, 2.732
-0.695, 2.735
-0.677, 2.752
-0.685, 2.777
-0.660, 2.789
-0.669, 2.798
-0.660, 2.806
-0.652, 2.835
-0.642, 2.840
-0.661, 2.843
-0.651, 2.850
-0.642, 2.855
-0.652, 2.850
-0.660, 2.857
-0.687, 2.850
-0.670, 2.850
-0.678, 2.838
-0.669, 2.831
-0.676, 2.816
-0.678, 2.823
-0.679, 2.825
-0.679, 2.810
-0.671, 2.805
-0.679, 2.774
-0.669, 2.747
-0.660, 2.718
-0.668, 2.691
-0.670, 2.663
-0.660, 2.634
-0.652, 2.612
-0.643, 2.602
-0.651, 2.558
-0.661, 2.551
-0.660, 2.532
-0.660, 2.499
-0.651, 2.490
-0.650, 2.486
-0.659, 2.478
-0.667, 2.469
-0.668, 2.454
-0.659, 2.478
-0.659, 2.461
-0.659, 2.461
-0.658, 2.459
-0.660, 2.463
-0.651, 2.455
-0.641, 2.463
-0.643, 2.467
-0.615, 2.436
-0.598, 2.440
-0.606, 2.428
-0.606, 2.394
-0.615, 2.387
-0.596, 2.366
-0.606, 2.344
-0.624, 2.326
-0.596, 2.297
-0.597, 2.265
-0.587, 2.253
-0.579, 2.249
-0.571, 2.243
-0.580, 2.233
-0.562, 2.216
-0.543, 2.211
-0.561, 2.213
-0.552, 2.205
-0.561, 2.197
-0.553, 2.207
-0.561, 2.178
-0.552, 2.188
-0.552, 2.169
-0.561, 2.161
-0.571, 2.155
-0.616, 2.130
-0.606, 2.120
-0.613, 2.142
-0.605, 2.151
-0.596, 2.160
-0.605, 2.170
-0.607, 2.173
-0.607, 2.173
-0.615, 2.181
-0.633, 2.164
-0.632, 2.160
-0.633, 2.164
-0.615, 2.181
-0.625, 2.173
-0.616, 2.182
-0.606, 2.171
-0.588, 2.205
-0.561, 2.244
-0.570, 2.270
-0.552, 2.305
-0.534, 2.337
-0.509, 2.386
-0.491, 2.418
-0.464, 2.443
-0.437, 2.467
-0.428, 2.507
-0.420, 2.522
-0.421, 2.541
-0.412, 2.553
-0.394, 2.570
-0.411, 2.564
-0.411, 2.564
-0.428, 2.543
-0.464, 2.545
-0.465, 2.565
-0.464, 2.545
-0.474, 2.544
-0.492, 2.525
-0.509, 2.523
-0.518, 2.515
-0.544, 2.504
-0.546, 2.527
-0.554, 2.516
-0.571, 2.514
-0.589, 2.514
-0.597, 2.520
-0.607, 2.531
-0.633, 2.539
-0.651, 2.556
-0.678, 2.566
-0.686, 2.571
-0.696, 2.602
-0.696, 2.617
-0.705, 2.627
-0.705, 2.644
-0.694, 2.665
-0.695, 2.718
-0.686, 2.743
-0.687, 2.796
-0.669, 2.848
-0.651, 2.897
-0.634, 2.935
-0.616, 2.950
-0.606, 2.940
-0.608, 2.930
-0.599, 2.920
-0.601, 2.910
-0.600, 2.888
-0.591, 2.861
-0.590, 2.859
-0.597, 2.828
-0.598, 2.813
-0.589, 2.803
-0.572, 2.790
-0.590, 2.773
-0.571, 2.737
-0.581, 2.729
-0.571, 2.700
-0.580, 2.676
-0.580, 2.641
-0.589, 2.617
-0.572, 2.601
-0.579, 2.588
-0.562, 2.573
-0.554, 2.565
-0.544, 2.554
-0.545, 2.542
-0.544, 2.521
-0.536, 2.515
-0.527, 2.506
-0.526, 2.487
-0.509, 2.504
-0.509, 2.504
-0.500, 2.515
-0.500, 2.531
-0.509, 2.538
-0.492, 2.559
-0.482, 2.563
-0.474, 2.557
-0.492, 2.574
-0.473, 2.572
-0.483, 2.567
-0.473, 2.538
-0.483, 2.530
-0.474, 2.542
-0.483, 2.515
-0.466, 2.502
-0.474, 2.488
-0.456, 2.456
-0.455, 2.418
-0.481, 2.389
-0.472, 2.382
-0.499, 2.373
-0.499, 2.357
-0.499, 2.357
-0.499, 2.338
-0.509, 2.334
-0.517, 2.325
-0.527, 2.319
-0.527, 2.319
-0.508, 2.315
-0.509, 2.317
-0.508, 2.332
-0.518, 2.327
-0.536, 2.327
-0.527, 2.317
-0.553, 2.310
-0.562, 2.299
-0.588, 2.291
-0.597, 2.282
-0.605, 2.255
-0.625, 2.259
-0.650, 2.248
-0.651, 2.267
-0.650, 2.248
-0.659, 2.256
-0.668, 2.250
-0.668, 2.248
-0.687, 2.252
-0.687, 2.250
-0.693, 2.237
