-0.592,-1.141
-0.600,-1.164
-0.609,-1.222
-0.601,-1.261
-0.601,-1.311
-0.626,-1.351
-0.633,-1.388
-0.642,-1.447
-0.649,-1.468
-0.666,-1.484
-0.675,-1.508
-0.674,-1.506
-0.699,-1.517
-0.715,-1.515
-0.724,-1.524
-0.741,-1.509
-0.755,-1.504
-0.772,-1.506
-0.780,-1.497
-0.789,-1.505
-0.790,-1.491
-0.797,-1.498
-0.790,-1.493
-0.781,-1.483
-0.788,-1.504
-0.779,-1.493
-0.786,-1.483
-0.797,-1.451
-0.791,-1.415
-0.792,-1.402
-0.793,-1.388
-0.808,-1.369
-0.799,-1.360
-0.812,-1.352
-0.827,-1.333
-0.829,-1.322
-0.828,-1.304
-0.837,-1.314
-0.845,-1.320
-0.878,-1.337
-0.879,-1.354
-0.895,-1.370
-0.913,-1.389
-0.920,-1.427
-0.929,-1.451
-0.945,-1.467
-0.943,-1.495
-0.969,-1.506
-0.961,-1.513
-0.985,-1.522
-0.986,-1.539
-1.009,-1.544
-1.035,-1.539
-1.051,-1.523
-1.067,-1.521
-1.075,-1.514
-1.073,-1.493
-1.082,-1.471
-1.090,-1.430
-1.100,-1.409
-1.102,-1.380
-1.082,-1.328
-1.066,-1.281
-1.046,-1.259
-1.039,-1.221
-1.017,-1.203
-1.019,-1.172
-1.030,-1.154
-1.022,-1.162
-1.021,-1.177
-1.003,-1.190
-1.000,-1.200
-0.983,-1.216
-0.975,-1.223
-0.959,-1.225
-0.935,-1.234
-0.942,-1.255
-0.944,-1.258
-0.928,-1.290
-0.928,-1.308
-0.914,-1.327
-0.896,-1.340
-0.888,-1.349
-0.862,-1.339
-0.870,-1.330
-0.855,-1.333
-0.846,-1.339
-0.855,-1.349
-0.830,-1.341
-0.838,-1.364
-0.822,-1.365
-0.821,-1.378
-0.813,-1.419
-0.821,-1.426
-0.813,-1.419
-0.822,-1.427
-0.813,-1.419
-0.830,-1.420
-0.830,-1.420
-0.837,-1.410
-0.812,-1.415
-0.818,-1.419
-0.829,-1.403
-0.823,-1.383
-0.800,-1.363
-0.810,-1.374
-0.808,-1.369
-0.798,-1.374
-0.812,-1.369
-0.795,-1.368
-0.763,-1.354
-0.746,-1.352
-0.756,-1.364
-0.755,-1.363
-0.764,-1.371
-0.789,-1.398
-0.797,-1.389
-0.814,-1.406
-0.830,-1.404
-0.839,-1.413
-0.871,-1.413
-0.877,-1.417
-0.896,-1.453
-0.920,-1.443
-0.936,-1.442
-0.937,-1.444
-0.952,-1.442
-0.962,-1.421
-0.961,-1.403
-0.985,-1.394
-0.968,-1.393
-0.975,-1.398
-0.994,-1.403
-0.985,-1.394
-0.994,-1.403
-0.995,-1.389
-1.001,-1.361
-1.023,-1.366
-1.023,-1.348
-1.042,-1.353
-1.045,-1.342
-1.037,-1.335
-1.065,-1.332
-1.047,-1.313
-1.036,-1.317
-1.042,-1.321
-1.055,-1.316
-1.049,-1.295
-1.049,-1.295
-1.033,-1.297
-1.034,-1.298
-1.025,-1.305
-1.027,-1.307
-1.009,-1.306
-1.010,-1.323
-1.011,-1.341
-1.018,-1.330
-1.020,-1.333
-1.019,-1.316
-1.027,-1.309
-1.002,-1.300
-0.993,-1.306
-0.986,-1.284
-0.969,-1.251
-0.970,-1.237
-0.954,-1.238
-0.953,-1.235
-0.929,-1.246
-0.919,-1.250
-0.920,-1.267
-0.904,-1.267
-0.902,-1.266
-0.904,-1.269
-0.903,-1.252
-0.911,-1.259
-0.902,-1.249
-0.909,-1.256
-0.904,-1.237
-0.897,-1.216
-0.908,-1.211
-0.875,-1.197
-0.882,-1.185
-0.872,-1.191
-0.862,-1.178
-0.853,-1.170
-0.837,-1.154
-0.837,-1.154
-0.830,-1.150
-0.822,-1.141
-0.822,-1.126
-0.815,-1.119
-0.814,-1.134
-0.824,-1.128
-0.805,-1.125
-0.815,-1.119
-0.799,-1.103
-0.797,-1.101
-0.782,-1.088
-0.790,-1.047
-0.774,-1.031
-0.799,-1.025
-0.789,-1.014
-0.806,-1.015
-0.798,-0.991
-0.806,-0.983
-0.824,-0.952
-0.830,-0.925
-0.840,-0.920
-0.847,-0.895
-0.855,-0.886
-0.864,-0.864
-0.854,-0.852
-0.838,-0.821
-0.838,-0.790
-0.832,-0.785
-0.826,-0.763
-0.809,-0.748
-0.811,-0.750
-0.793,-0.732
-0.791,-0.730
-0.774,-0.712
-0.773,-0.711
-0.749,-0.705
-0.740,-0.711
-0.749,-0.705
-0.742,-0.697
-0.740,-0.711
-0.742,-0.714
-0.750,-0.722
-0.774,-0.729
-0.801,-0.739
-0.815,-0.753
-0.833,-0.754
-0.839,-0.775
-0.856,-0.760
-0.889,-0.745
-0.872,-0.744
-0.899,-0.738
-0.906,-0.729
-0.914,-0.721
-0.922,-0.713
-0.945,-0.686
-0.954,-0.664
-0.986,-0.646
-0.996,-0.640
-1.022,-0.633
-1.037,-0.632
-1.054,-0.616
-1.042,-0.605
-1.058,-0.604
-1.060,-0.606
-1.054,-0.584
-1.042,-0.573
-1.034,-0.565
-1.017,-0.565
-1.030,-0.562
-1.033,-0.581
-1.026,-0.573
-1.025,-0.556
-1.026,-0.541
-1.028,-0.511
-1.027,-0.496
-1.022,-0.474
-1.028,-0.480
-1.020,-0.456
-1.029,-0.465
-1.044,-0.479
-1.046,-0.481
-1.045,-0.464
-1.045,-0.464
-1.046,-0.449
-1.036,-0.456
-1.029,-0.465
-1.036,-0.456
-1.037,-0.473
-1.047,-0.466
-1.045,-0.464
-1.045,-0.464
-1.059,-0.463
-1.075,-0.478
-1.085,-0.456
-1.101,-0.440
-1.127,-0.465
-1.152,-0.457
-1.174,-0.478
-1.172,-0.493
-1.179,-0.484
-1.177,-0.481
-1.171,-0.474
-1.165,-0.484
-1.157,-0.493
-1.145,-0.514
-1.127,-0.544
-1.124,-0.557
-1.123,-0.588
-1.124,-0.605
-1.123,-0.652
-1.133,-0.694
-1.150,-0.742
-1.184,-0.790
-1.183,-0.854
-1.174,-0.909
-1.176,-0.974
-1.183,-1.045
-1.183,-1.109
-1.183,-1.173
-1.189,-1.210
-1.181,-1.251
-1.172,-1.274
-1.171,-1.288
-1.174,-1.292
-1.163,-1.297
-1.149,-1.285
-1.156,-1.274
-1.148,-1.267
-1.142,-1.246
-1.123,-1.227
-1.116,-1.204
-1.124,-1.163
-1.116,-1.140
-1.117,-1.125
-1.104,-1.080
-1.089,-1.049
-1.090,-1.003
-1.077,-0.960
-1.064,-0.900
-1.063,-0.851
-1.064,-0.804
-1.044,-0.784
-1.050,-0.757
-1.049,-0.740
-1.056,-0.716
-1.068,-0.712
-1.066,-0.709
-1.091,-0.734
-1.109,-0.735
-1.108,-0.749
-1.118,-0.744
-1.126,-0.735
-1.135,-0.744
-1.152,-0.745
-1.157,-0.749
-1.159,-0.751
-1.149,-0.757
-1.167,-0.758
-1.159,-0.751
-1.150,-0.742
-1.143,-0.735
-1.142,-0.718
-1.143,-0.703
-1.143,-0.703
-1.125,-0.686
-1.135,-0.679
-1.126,-0.671
-1.118,-0.663
-1.111,-0.672
-1.101,-0.678
-1.094,-0.672
-1.085,-0.678
-1.075,-0.685
-1.075,-0.685
-1.083,-0.692
-1.087,-0.696
-1.089,-0.698
-1.091,-0.733
-1.115,-0.740
-1.111,-0.767
-1.110,-0.814
-1.083,-0.835
-1.092,-0.828
-1.061,-0.830
-1.068,-0.836
-1.094,-0.878
-1.093,-0.893
-1.085,-0.933
-1.088,-0.951
-1.103,-0.950
-1.113,-0.976
-1.127,-0.989
-1.144,-1.006
-1.161,-1.006
-1.159,-1.003
-1.177,-1.006
-1.176,-0.989
-1.201,-0.981
-1.226,-0.958
-1.234,-0.949
-1.244,-0.959
-1.258,-0.940
-1.267,-0.949
-1.276,-0.941
-1.273,-0.939
-1.309,-0.941
-1.282,-0.931
-1.292,-0.925
-1.275,-0.925
-1.264,-0.930
-1.267,-0.933
-1.267,-0.933
-1.276,-0.941
-1.260,-0.943
-1.251,-0.965
-1.241,-0.971
-1.220,-0.982
-1.231,-0.993
-1.211,-0.991
-1.213,-0.977
-1.207,-0.971
-1.189,-0.970
-1.188,-0.985
-1.177,-0.974
-1.156,-0.968
-1.158,-0.954
-1.142,-0.940
-1.160,-0.941
-1.144,-0.942
-1.142,-0.940
-1.128,-0.942
-1.112,-0.943
-1.080,-0.944
-1.080,-0.944
-1.062,-0.942
-1.063,-0.943
-1.029,-0.958
-1.044,-0.957
-1.039,-0.952
-1.045,-0.942
-1.048,-0.930
-1.030,-0.911
-1.030,-0.911
-1.021,-0.903
-1.028,-0.877
-1.039,-0.872
-1.038,-0.855
-1.055,-0.855
-1.047,-0.832
-1.061,-0.845
-1.063,-0.847
-1.071,-0.839
-1.064,-0.849
-1.064,-0.849
-1.078,-0.845
-1.080,-0.847
-1.087,-0.855
-1.105,-0.856
-1.089,-0.857
-1.086,-0.869
-1.105,-0.856
-1.094,-0.861
-1.101,-0.851
-1.094,-0.845
-1.103,-0.821
-1.091,-0.795
-1.099,-0.771
-1.092,-0.748
-1.083,-0.755
-1.079,-0.751
-1.094,-0.749
-1.092,-0.715
-1.102,-0.709
-1.113,-0.672
-1.095,-0.671
-1.097,-0.673
-1.104,-0.663
-1.111,-0.671
-1.120,-0.679
-1.119,-0.694
-1.130,-0.704
-1.130,-0.704
-1.129,-0.720
-1.138,-0.729
-1.120,-0.743
-1.138,-0.761
-1.144,-0.782
-1.145,-0.799
-1.146,-0.816
-1.152,-0.821
-1.162,-0.816
-1.154,-0.823
-1.154,-0.823
-1.153,-0.839
-1.160,-0.845
-1.162,-0.848
-1.177,-0.846
-1.178,-0.864
-1.179,-0.864
-1.175,-0.876
-1.177,-0.878
-1.169,-0.886
-1.169,-0.886
-1.171,-0.872
-1.161,-0.862
-1.187,-0.856
-1.193,-0.845
-1.199,-0.835
-1.199,-0.834
-1.197,-0.817
-1.212,-0.799
-1.229,-0.768
-1.240,-0.763
-1.249,-0.756
-1.246,-0.752
-1.253,-0.760
-1.248,-0.755
-1.256,-0.747
-1.258,-0.733
-1.275,-0.733
-1.276,-0.734
-1.282,-0.724
-1.300,-0.725
-1.325,-0.718
-1.333,-0.709
-1.345,-0.721
-1.360,-0.720
-1.384,-0.743
-1.384,-0.743
-1.398,-0.756
-1.424,-0.782
-1.422,-0.780
-1.414,-0.788
-1.416,-0.789
-1.414,-0.804
-1.416,-0.821
-1.398,-0.820
-1.407,-0.829
-1.383,-0.821
-1.397,-0.803
-1.375,-0.798
-1.374,-0.781
-1.366,-0.774
-1.342,-0.767
-1.331,-0.756
-1.308,-0.750
-1.298,-0.740
-1.301,-0.742
-1.293,-0.735
-1.292,-0.750
-1.285,-0.776
-1.284,-0.790
-1.266,-0.820
-1.265,-0.835
-1.262,-0.833
-1.253,-0.824
-1.263,-0.801
-1.257,-0.812
-1.257,-0.812
-1.261,-0.832
-1.244,-0.847
-1.248,-0.851
-1.248,-0.867
-1.250,-0.869
-1.267,-0.885
-1.260,-0.911
-1.274,-0.940
-1.274,-0.972
-1.275,-1.005
-1.299,-1.044
-1.302,-1.096
-1.319,-1.128
-1.318,-1.158
-1.325,-1.198
-1.330,-1.218
-1.333,-1.253
-1.315,-1.267
-1.316,-1.269
-1.326,-1.263
-1.315,-1.283
-1.333,-1.285
-1.324,-1.276
-1.315,-1.283
-1.333,-1.284
-1.339,-1.274
-1.340,-1.276
-1.347,-1.265
-1.348,-1.251
-1.340,-1.228
-1.339,-1.210
-1.349,-1.205
-1.341,-1.181
-1.342,-1.197
-1.342,-1.197
-1.314,-1.170
-1.329,-1.168
-1.321,-1.144
-1.332,-1.139
-1.319,-1.112
-1.320,-1.113
-1.348,-1.109
-1.338,-1.098
-1.351,-1.094
-1.348,-1.091
-1.352,-1.095
-1.345,-1.071
-1.354,-1.050
-1.366,-1.061
-1.357,-1.068
-1.372,-1.067
-1.358,-1.086
-1.339,-1.083
-1.341,-1.084
-1.326,-1.086
-1.324,-1.100
-1.318,-1.110
-1.308,-1.116
-1.324,-1.132
-1.325,-1.150
-1.331,-1.138
-1.351,-1.142
-1.341,-1.148
-1.357,-1.164
-1.366,-1.172
-1.356,-1.178
-1.367,-1.174
-1.366,-1.172
-1.375,-1.197
-1.384,-1.206
-1.373,-1.211
-1.382,-1.236
-1.365,-1.251
-1.365,-1.251
-1.366,-1.268
-1.365,-1.251
-1.391,-1.245
-1.367,-1.238
-1.366,-1.236
-1.364,-1.233
-1.361,-1.230
-1.365,-1.219
-1.366,-1.204
-1.368,-1.207
-1.371,-1.210
-1.370,-1.193
-1.370,-1.193
-1.365,-1.187
-1.362,-1.184
-1.339,-1.163
-1.331,-1.138
-1.333,-1.141
-1.323,-1.131
-1.325,-1.148
-1.324,-1.164
-1.316,-1.171
-1.318,-1.174
-1.309,-1.182
-1.309,-1.182
-1.318,-1.206
-1.324,-1.212
-1.327,-1.231
-1.315,-1.235
-1.341,-1.260
-1.350,-1.254
-1.348,-1.283
-1.359,-1.295
-1.357,-1.291
-1.366,-1.300
-1.375,-1.309
-1.365,-1.315
-1.366,-1.300
-1.348,-1.299
-1.357,-1.307
-1.349,-1.284
-1.356,-1.290
-1.374,-1.291
-1.381,-1.298
-1.383,-1.300
-1.375,-1.277
-1.399,-1.268
-1.392,-1.262
-1.396,-1.265
-1.405,-1.258
-1.414,-1.234
-1.415,-1.220
-1.419,-1.208
-1.428,-1.185
-1.437,-1.194
-1.437,-1.178
-1.440,-1.163
-1.447,-1.154
-1.445,-1.120
-1.455,-1.098
-1.474,-1.084
-1.488,-1.066
-1.490,-1.068
-1.489,-1.051
-1.498,-1.044
-1.523,-1.036
-1.520,-1.018
-1.533,-1.014
-1.541,-1.005
-1.532,-0.997
-1.548,-0.981
-1.546,-0.962
-1.556,-0.940
-1.565,-0.933
-1.556,-0.908
-1.566,-0.886
-1.547,-0.868
-1.564,-0.852
-1.555,-0.827
-1.555,-0.827
-1.556,-0.812
-1.556,-0.797
-1.550,-0.774
-1.547,-0.772
-1.539,-0.780
-1.524,-0.781
-1.530,-0.771
-1.509,-0.782
-1.507,-0.765
-1.492,-0.766
-1.476,-0.750
-1.472,-0.763
-1.457,-0.764
-1.457,-0.764
-1.443,-0.767
-1.430,-0.754
-1.429,-0.769
-1.406,-0.763
-1.403,-0.760
-1.384,-0.758
-1.366,-0.757
-1.365,-0.740
-1.367,-0.742
-1.367,-0.710
-1.376,-0.718
-1.376,-0.718
-1.374,-0.716
-1.378,-0.703
-1.378,-0.703
-1.386,-0.696
-1.386,-0.664
-1.385,-0.663
-1.394,-0.623
-1.393,-0.606
-1.384,-0.582
-1.369,-0.551
-1.359,-0.526
-1.363,-0.497
-1.353,-0.472
-1.361,-0.463
-1.353,-0.456
-1.335,-0.438
-1.329,-0.417
-1.313,-0.401
-1.321,-0.393
-1.313,-0.401
-1.302,-0.375
-1.296,-0.384
-1.287,-0.376
-1.296,-0.353
-1.274,-0.346
-1.288,-0.329
-1.304,-0.329
-1.300,-0.310
-1.325,-0.302
-1.338,-0.265
-1.324,-0.218
-1.335,-0.196
-1.336,-0.179
-1.351,-0.163
-1.341,-0.170
-1.335,-0.167
-1.327,-0.160
-1.343,-0.159
-1.336,-0.152
-1.329,-0.177
-1.344,-0.208
-1.363,-0.225
-1.353,-0.232
-1.354,-0.248
-1.355,-0.265
-1.371,-0.264
-1.397,-0.289
-1.388,-0.297
-1.412,-0.288
-1.437,-0.280
-1.453,-0.280
-1.461,-0.272
-1.460,-0.255
-1.461,-0.272
-1.461,-0.272
-1.444,-0.271
-1.446,-0.273
-1.438,-0.280
-1.445,-0.288
-1.437,-0.296
-1.417,-0.326
-1.419,-0.328
-1.419,-0.360
-1.428,-0.352
-1.422,-0.361
-1.410,-0.383
-1.418,-0.407
-1.414,-0.436
-1.424,-0.461
-1.420,-0.456
-1.430,-0.465
-1.442,-0.475
-1.449,-0.467
-1.455,-0.457
-1.453,-0.456
-1.448,-0.453
-1.473,-0.461
-1.474,-0.446
-1.466,-0.454
-1.484,-0.471
-1.498,-0.469
-1.510,-0.479
-1.517,-0.486
-1.517,-0.486
-1.527,-0.496
-1.542,-0.510
-1.544,-0.527
-1.550,-0.550
-1.566,-0.566
-1.560,-0.559
-1.564,-0.581
-1.558,-0.574
-1.573,-0.573
-1.573,-0.573
-1.567,-0.583
-1.564,-0.581
-1.576,-0.607
-1.558,-0.606
-1.564,-0.613
-1.566,-0.629
-1.547,-0.612
-1.549,-0.614
-1.542,-0.622
-1.549,-0.614
-1.549,-0.614
-1.560,-0.626
-1.570,-0.635
-1.581,-0.628
-1.576,-0.623
-1.588,-0.617
-1.588,-0.617
-1.604,-0.633
-1.600,-0.646
-1.614,-0.660
-1.628,-0.675
-1.627,-0.674
-1.630,-0.676
-1.637,-0.683
-1.648,-0.709
-1.649,-0.726
-1.637,-0.747
-1.649,-0.757
-1.649,-0.789
-1.648,-0.804
-1.651,-0.839
-1.655,-0.844
-1.658,-0.878
-1.640,-0.909
-1.640,-0.941
-1.649,-0.965
-1.646,-0.995
-1.640,-1.005
-1.614,-1.012
-1.605,-1.019
-1.607,-1.037
-1.596,-1.043
-1.607,-1.037
-1.614,-1.044
-1.614,-1.044
-1.616,-1.029
-1.604,-1.034
-1.614,-1.044
-1.614,-1.044
-1.613,-1.059
-1.611,-1.073
-1.610,-1.088
-1.605,-1.083
-1.599,-1.077
-1.578,-1.073
-1.580,-1.074
-1.576,-1.088
-1.560,-1.088
-1.554,-1.098
-1.544,-1.088
-1.529,-1.090
-1.520,-1.065
-1.516,-1.045
-1.498,-1.044
-1.490,-1.036
-1.474,-1.021
-1.465,-1.028
-1.477,-1.007
-1.468,-0.999
-1.459,-0.990
-1.460,-0.975
-1.458,-0.941
-1.459,-0.926
-1.458,-0.909
-1.450,-0.902
-1.461,-0.880
-1.458,-0.877
-1.476,-0.862
-1.483,-0.854
-1.508,-0.845
-1.509,-0.846
-1.524,-0.845
-1.541,-0.846
-1.533,-0.821
-1.557,-0.828
-1.567,-0.838
-1.573,-0.860
-1.582,-0.869
-1.591,-0.861
-1.582,-0.869
-1.585,-0.871
-1.581,-0.885
-1.581,-0.885
-1.571,-0.875
-1.580,-0.868
-1.568,-0.871
-1.576,-0.863
-1.579,-0.866
-1.579,-0.866
-1.577,-0.864
-1.567,-0.854
-1.570,-0.842
-1.555,-0.811
-1.555,-0.780
-1.555,-0.748
-1.558,-0.718
-1.556,-0.701
-1.543,-0.671
-1.534,-0.647
-1.526,-0.622
-1.519,-0.616
-1.525,-0.590
-1.519,-0.584
-1.525,-0.574
-1.516,-0.566
-1.518,-0.551
-1.524,-0.558
-1.519,-0.552
-1.509,-0.559
-1.493,-0.543
-1.485,-0.551
-1.475,-0.542
-1.460,-0.543
-1.460,-0.543
-1.443,-0.543
-1.445,-0.544
-1.434,-0.551
-1.443,-0.543
-1.443,-0.527
-1.452,-0.520
-1.470,-0.520
-1.451,-0.535
-1.468,-0.536
-1.467,-0.551
-1.474,-0.558
-1.485,-0.583
-1.481,-0.596
-1.489,-0.621
-1.522,-0.620
-1.543,-0.623
-1.547,-0.610
-1.554,-0.618
-1.565,-0.611
-1.569,-0.616
-1.581,-0.645
-1.605,-0.637
-1.626,-0.642
-1.656,-0.637
-1.665,-0.662
-1.672,-0.669
-1.691,-0.687
-1.693,-0.706
-1.694,-0.755
-1.719,-0.763
-1.721,-0.780
-1.708,-0.799
-1.721,-0.812
-1.715,-0.822
-1.721,-0.828
-1.729,-0.836
-1.714,-0.837
-1.721,-0.844
-1.706,-0.846
-1.712,-0.852
-1.703,-0.843
-1.697,-0.853
-1.687,-0.843
-1.688,-0.845
-1.680,-0.836
-1.672,-0.845
-1.665,-0.837
-1.654,-0.844
-1.639,-0.845
-1.630,-0.852
-1.614,-0.868
-1.600,-0.887
-1.608,-0.894
-1.593,-0.896
-1.573,-0.909
-1.553,-0.938
-1.544,-0.945
-1.544,-0.977
-1.566,-0.966
-1.561,-0.977
-1.571,-0.987
-1.565,-1.029
-1.550,-1.047
-1.549,-1.062
-1.530,-1.075
-1.536,-1.081
-1.522,-1.084
-1.513,-1.091
-1.509,-1.119
-1.492,-1.135
-1.473,-1.148
-1.473,-1.180
-1.481,-1.172
-1.501,-1.176
-1.510,-1.168
-1.526,-1.184
-1.525,-1.167
-1.539,-1.148
-1.557,-1.149
-1.557,-1.117
-1.557,-1.117
-1.565,-1.110
-1.572,-1.084
-1.584,-1.063
-1.582,-1.046
-1.582,-1.014
-1.583,-0.998
-1.579,-0.979
-1.582,-0.982
-1.557,-0.973
-1.556,-0.972
-1.550,-0.966
-1.548,-0.949
-1.551,-0.951
-1.551,-0.919
-1.548,-0.917
-1.558,-0.893
-1.544,-0.897
-1.555,-0.891
-1.541,-0.878
-1.520,-0.873
-1.532,-0.852
-1.522,-0.874
-1.514,-0.883
-1.502,-0.888
-1.491,-0.909
-1.482,-0.884
-1.472,-0.891
-1.460,-0.878
-1.450,-0.870
-1.441,-0.861
-1.444,-0.864
-1.425,-0.861
-1.428,-0.848
-1.412,-0.848
-1.395,-0.832
-1.396,-0.817
-1.387,-0.776
-1.379,-0.784
-1.369,-0.743
-1.369,-0.727
-1.370,-0.696
-1.362,-0.672
-1.363,-0.625
-1.371,-0.584
-1.361,-0.543
-1.380,-0.529
-1.387,-0.503
-1.413,-0.496
-1.429,-0.480
-1.429,-0.480
-1.437,-0.472
-1.444,-0.479
-1.455,-0.473
-1.446,-0.464
-1.446,-0.464
-1.438,-0.473
-1.433,-0.469
-1.442,-0.478
-1.467,-0.470
-1.462,-0.480
-1.449,-0.482
-1.457,-0.490
-1.467,-0.515
-1.490,-0.522
-1.502,-0.551
-1.510,-0.559
-1.514,-0.564
-1.527,-0.558
-1.543,-0.558
-1.552,-0.567
-1.553,-0.552
-1.559,-0.558
-1.577,-0.543
-1.585,-0.534
-1.585,-0.518
-1.604,-0.520
-1.618,-0.502
-1.627,-0.511
-1.626,-0.495
-1.641,-0.494
-1.644,-0.495
-1.641,-0.494
-1.661,-0.495
-1.661,-0.511
-1.676,-0.510
-1.676,-0.510
-1.665,-0.517
-1.684,-0.535
-1.666,-0.534
-1.667,-0.550
-1.669,-0.568
-1.658,-0.573
-1.668,-0.583
-1.659,-0.606
-1.657,-0.621
-1.660,-0.623
-1.659,-0.638
-1.650,-0.646
-1.647,-0.676
-1.646,-0.692
-1.650,-0.710
-1.644,-0.719
-1.656,-0.746
-1.656,-0.762
-1.656,-0.778
-1.636,-0.792
-1.614,-0.803
-1.606,-0.796
-1.599,-0.789
-1.583,-0.773
-1.569,-0.759
-1.566,-0.757
-1.577,-0.751
-1.559,-0.750
-1.559,-0.750
-1.562,-0.752
-1.568,-0.758
-1.580,-0.769
-1.577,-0.783
-1.577,-0.783
-1.588,-0.776
-1.576,-0.765
-1.586,-0.759
-1.568,-0.758
-1.592,-0.765
-1.595,-0.768
-1.592,-0.765
-1.604,-0.776
-1.628,-0.767
-1.618,-0.774
-1.627,-0.782
-1.647,-0.771
-1.650,-0.773
-1.660,-0.782
-1.667,-0.789
-1.670,-0.791
-1.665,-0.804
-1.692,-0.830
-1.683,-0.837
-1.683,-0.869
-1.685,-0.886
-1.695,-0.897
-1.698,-0.916
-1.692,-0.925
-1.702,-0.935
-1.696,-0.961
-1.704,-0.984
-1.722,-1.018
-1.717,-1.030
-1.705,-1.051
-1.729,-1.058
-1.718,-1.064
-1.730,-1.091
-1.739,-1.084
-1.748,-1.108
-1.741,-1.117
-1.754,-1.130
-1.749,-1.142
-1.757,-1.165
-1.755,-1.179
-1.758,-1.214
-1.755,-1.243
-1.749,-1.269
-1.757,-1.293
-1.757,-1.325
-1.756,-1.341
-1.753,-1.337
-1.757,-1.325
-1.739,-1.323
-1.746,-1.330
-1.748,-1.316
-1.755,-1.323
-1.733,-1.318
-1.733,-1.318
-1.731,-1.300
-1.725,-1.295
-1.697,-1.283
-1.715,-1.284
-1.706,-1.276
-1.706,-1.260
-1.701,-1.239
-1.706,-1.212
-1.707,-1.197
-1.688,-1.178
-1.692,-1.167
-1.697,-1.155
-1.691,-1.133
-1.703,-1.129
-1.696,-1.121
-1.700,-1.126
-1.693,-1.119
-1.678,-1.105
-1.670,-1.113
-1.663,-1.106
-1.666,-1.109
-1.661,-1.104
-1.657,-1.116
-1.657,-1.116
-1.649,-1.125
-1.640,-1.132
-1.644,-1.137
-1.625,-1.150
-1.626,-1.167
-1.603,-1.176
-1.592,-1.182
-1.595,-1.185
-1.575,-1.166
-1.585,-1.175
-1.583,-1.174
-1.589,-1.179
-1.584,-1.191
-1.592,-1.182
-1.620,-1.194
-1.628,-1.185
-1.626,-1.199
-1.643,-1.183
-1.646,-1.202
-1.662,-1.218
-1.653,-1.225
-1.671,-1.226
-1.661,-1.217
-1.677,-1.200
-1.679,-1.218
-1.685,-1.208
-1.706,-1.212
-1.703,-1.209
-1.716,-1.190
-1.720,-1.194
-1.760,-1.184
-1.761,-1.169
-1.758,-1.166
-1.761,-1.169
-1.753,-1.176
-1.754,-1.178
-1.734,-1.191
-1.736,-1.177
-1.726,-1.168
-1.722,-1.164
-1.733,-1.174
-1.724,-1.181
-1.733,-1.206
-1.745,-1.217
-1.748,-1.220
-1.740,-1.229
-1.757,-1.245
-1.752,-1.257
-1.749,-1.270
-1.751,-1.255
-1.740,-1.245
-1.730,-1.251
-1.731,-1.236
-1.737,-1.242
-1.724,-1.261
-1.733,-1.254
-1.733,-1.254
-1.736,-1.257
-1.733,-1.254
-1.742,-1.278
-1.740,-1.293
-1.738,-1.307
-1.722,-1.323
-1.720,-1.338
-1.724,-1.373
-1.707,-1.389
-1.707,-1.421
-1.692,-1.439
-1.697,-1.460
-1.706,-1.501
-1.703,-1.530
-1.709,-1.551
-1.705,-1.580
-1.714,-1.588
-1.719,-1.578
-1.727,-1.571
-1.727,-1.587
-1.735,-1.578
-1.745,-1.586
-1.745,-1.586
-1.769,-1.577
-1.785,-1.577
-1.812,-1.571
-1.809,-1.568
-1.838,-1.596
-1.845,-1.603
-1.847,-1.637
-1.849,-1.655
-1.838,-1.660
-1.847,-1.669
-1.856,-1.694
-1.853,-1.690
-1.845,-1.683
-1.851,-1.672
-1.871,-1.692
-1.871,-1.660
-1.854,-1.644
-1.873,-1.646
-1.878,-1.635
-1.887,-1.612
-1.886,-1.594
-1.891,-1.583
-1.911,-1.571
-1.899,-1.542
-1.904,-1.532
-1.896,-1.508
-1.887,-1.484
-1.898,-1.462
-1.904,-1.435
-1.889,-1.421
-1.896,-1.380
-1.887,-1.372
-1.898,-1.334
-1.895,-1.331
-1.879,-1.315
-1.886,-1.290
-1.870,-1.258
-1.864,-1.221
-1.847,-1.173
-1.852,-1.161
-1.854,-1.114
-1.861,-1.090
-1.842,-1.055
-1.828,-1.026
-1.830,-1.012
-1.821,-0.971
-1.828,-0.962
-1.809,-0.943
-1.800,-0.934
-1.776,-0.927
-1.785,-0.920
-1.768,-0.903
-1.769,-0.888
-1.755,-0.892
-1.770,-0.891
-1.770,-0.859
-1.779,-0.835
-1.793,-0.815
-1.818,-0.791
-1.845,-0.785
-1.864,-0.805
-1.870,-0.811
-1.883,-0.806
-1.874,-0.813
-1.901,-0.807
-1.923,-0.813
-1.930,-0.836
-1.952,-0.840
-1.950,-0.854
-1.974,-0.878
-1.988,-0.908
-2.038,-0.924
-2.051,-0.935
-2.054,-0.924
-2.040,-0.943
-2.033,-0.938
-2.038,-0.929
-2.060,-0.900
-2.067,-0.876
-2.071,-0.846
-2.066,-0.824
-2.053,-0.795
-2.064,-0.753
-2.068,-0.723
-2.066,-0.706
-2.066,-0.709
-2.044,-0.710
-2.011,-0.678
-2.014,-0.648
-2.022,-0.620
-2.031,-0.613
-2.029,-0.628
-2.038,-0.620
-2.019,-0.587
-2.047,-0.581
-2.073,-0.573
-2.080,-0.580
-2.109,-0.590
-2.114,-0.597
-2.107,-0.637
-2.083,-0.650
-2.068,-0.670
-2.074,-0.689
-2.078,-0.691
-2.067,-0.726
-2.067,-0.758
-2.045,-0.787
-2.039,-0.829
-2.028,-0.835
-2.015,-0.854
-1.999,-0.870
-1.980,-0.901
-1.955,-0.925
-1.933,-0.969
-1.926,-1.010
-1.897,-1.044
-1.871,-1.084
-1.848,-1.126
-1.829,-1.155
-1.806,-1.230
-1.770,-1.291
-1.758,-1.375
-1.752,-1.417
-1.737,-1.435
-1.728,-1.460
-1.715,-1.480
-1.698,-1.496
-1.682,-1.512
-1.665,-1.527
-1.664,-1.541
-1.646,-1.539
-1.646,-1.539
-1.627,-1.538
-1.624,-1.534
-1.616,-1.559
-1.582,-1.558
-1.572,-1.563
-1.567,-1.576
-1.543,-1.553
-1.547,-1.542
-1.529,-1.540
-1.526,-1.553
-1.535,-1.562
-1.533,-1.558
-1.560,-1.569
-1.560,-1.568
-1.575,-1.566
-1.594,-1.554
-1.590,-1.533
-1.623,-1.532
-1.639,-1.516
-1.647,-1.507
-1.686,-1.514
-1.684,-1.528
-1.708,-1.551
-1.705,-1.548
-1.720,-1.546
-1.739,-1.533
-1.763,-1.524
-1.775,-1.536
-1.784,-1.529
-1.805,-1.532
-1.836,-1.546
-1.833,-1.559
-1.880,-1.557
-1.900,-1.544
-1.894,-1.539
-1.929,-1.556
-1.907,-1.583
-1.923,-1.599
-1.922,-1.613
-1.909,-1.633
-1.902,-1.658
-1.892,-1.681
-1.892,-1.713
-1.892,-1.745
-1.908,-1.777
-1.905,-1.806
-1.910,-1.811
-1.913,-1.831
-1.930,-1.815
-1.919,-1.804
-1.936,-1.788
-1.942,-1.760
-1.976,-1.762
-1.978,-1.716
-1.995,-1.684
-2.006,-1.663
-2.011,-1.620
-2.029,-1.621
-2.029,-1.589
-2.042,-1.569
-2.069,-1.564
-2.082,-1.544
-2.095,-1.525
-2.119,-1.499
-2.117,-1.466
-2.137,-1.453
-2.143,-1.426
-2.145,-1.412
-2.128,-1.396
-2.126,-1.378
-2.128,-1.364
-2.121,-1.358
-2.114,-1.351
-2.117,-1.338
-2.103,-1.323
-2.099,-1.303
-2.083,-1.288
-2.070,-1.275
-2.068,-1.257
-2.055,-1.261
-2.037,-1.260
-2.015,-1.256
-2.015,-1.256
-2.003,-1.259
-2.002,-1.275
-1.997,-1.285
-1.988,-1.292
-1.972,-1.309
-1.972,-1.309
-1.971,-1.309
-1.990,-1.310
-2.004,-1.308
-2.023,-1.310
-2.021,-1.324
-2.019,-1.339
-2.023,-1.342
-2.003,-1.323
-2.012,-1.331
-2.012,-1.299
-2.012,-1.299
-2.006,-1.262
-2.004,-1.244
-1.980,-1.237
-1.979,-1.204
-1.977,-1.186
-1.965,-1.173
-1.954,-1.163
-1.948,-1.157
-1.932,-1.142
-1.921,-1.147
-1.916,-1.142
-1.895,-1.139
-1.899,-1.158
-1.899,-1.158
-1.870,-1.194
-1.881,-1.189
-1.863,-1.187
-1.859,-1.183
-1.853,-1.177
-1.862,-1.170
-1.849,-1.157
-1.844,-1.136
-1.850,-1.142
-1.830,-1.124
-1.819,-1.098
-1.824,-1.070
-1.806,-1.036
-1.817,-1.014
-1.833,-0.998
-1.821,-0.987
-1.825,-0.974
-1.824,-0.958
-1.843,-0.943
-1.842,-0.959
-1.857,-0.957
-1.860,-0.960
-1.850,-0.950
-1.859,-0.943
-1.850,-0.950
-1.865,-0.949
-1.868,-0.951
-1.866,-0.950
-1.875,-0.958
-1.866,-0.966
-1.857,-0.957
-1.857,-0.957
-1.865,-0.949
-1.883,-0.950
-1.892,-0.942
-1.890,-0.957
-1.875,-0.959
-1.881,-0.964
-1.881,-0.965
-1.875,-0.958
-1.872,-0.956
-1.877,-0.944
-1.882,-0.934
-1.898,-0.948
-1.888,-0.940
-1.903,-0.938
-1.901,-0.903
-1.912,-0.864
-1.924,-0.843
-1.924,-0.827
-1.919,-0.808
-1.932,-0.789
-1.920,-0.763
-1.929,-0.755
-1.923,-0.733
-1.914,-0.724
-1.900,-0.710
-1.897,-0.709
-1.889,-0.716
-1.874,-0.717
-1.874,-0.717
-1.879,-0.704
-1.876,-0.686
-1.892,-0.702
-1.892,-0.686
-1.881,-0.677
-1.876,-0.670
-1.874,-0.653
-1.885,-0.647
-1.877,-0.623
-1.874,-0.621
-1.876,-0.606
-1.874,-0.589
-1.874,-0.589
-1.857,-0.606
-1.874,-0.589
-1.884,-0.599
-1.874,-0.589
-1.876,-0.590
-1.876,-0.590
-1.874,-0.605
-1.867,-0.614
-1.883,-0.598
-1.892,-0.606
-1.901,-0.599
-1.890,-0.605
-1.882,-0.613
-1.878,-0.611
-1.882,-0.613
-1.896,-0.608
-1.912,-0.592
-1.901,-0.595
-1.899,-0.610
-1.898,-0.625
-1.885,-0.615
-1.887,-0.619
-1.873,-0.620
-1.856,-0.605
-1.856,-0.605
-1.851,-0.614
-1.832,-0.613
-1.836,-0.615
-1.832,-0.645
-1.836,-0.647
-1.836,-0.647
-1.834,-0.662
-1.837,-0.664
-1.834,-0.662
-1.843,-0.687
-1.835,-0.695
-1.825,-0.718
-1.837,-0.728
-1.817,-0.710
-1.842,-0.718
-1.828,-0.704
-1.834,-0.694
-1.845,-0.704
-1.841,-0.702
-1.834,-0.694
-1.834,-0.710
-1.832,-0.709
-1.827,-0.719
-1.842,-0.717
-1.859,-0.735
-1.861,-0.752
-1.858,-0.749
-1.861,-0.784
-1.867,-0.790
-1.856,-0.796
-1.855,-0.795
-1.854,-0.779
-1.854,-0.776
-1.848,-0.770
-1.833,-0.787
-1.842,-0.780
-1.821,-0.809
-1.803,-0.808
-1.789,-0.828
-1.772,-0.828
-1.765,-0.836
-1.765,-0.852
-1.762,-0.865
-1.761,-0.879
-1.761,-0.879
-1.753,-0.888
-1.750,-0.886
-1.761,-0.879
-1.761,-0.879
-1.770,-0.872
-1.788,-0.873
-1.768,-0.887
-1.786,-0.888
-1.792,-0.878
-1.784,-0.871
-1.802,-0.856
-1.808,-0.862
-1.819,-0.855
-1.833,-0.870
-1.833,-0.870
-1.843,-0.879
-1.867,-0.886
-1.877,-0.896
-1.899,-0.902
-1.909,-0.910
-1.918,-0.935
-1.940,-0.957
-1.949,-0.981
-1.964,-0.996
-1.982,-1.029
-1.982,-1.061
-1.969,-1.066
-1.972,-1.084
-1.980,-1.076
-1.976,-1.103
-1.980,-1.106
-1.969,-1.096
-1.982,-1.123
-1.985,-1.128
-1.998,-1.141
-1.989,-1.148
-2.002,-1.129
-2.024,-1.133
-2.022,-1.148
-2.015,-1.141
-2.015,-1.141
-2.004,-1.163
-2.025,-1.181
-2.015,-1.173
-2.024,-1.165
-2.035,-1.159
-2.039,-1.164
-2.042,-1.167
-2.048,-1.156
-2.057,-1.133
-2.066,-1.126
-2.064,-1.108
-2.059,-1.118
-2.064,-1.108
-2.055,-1.116
-2.057,-1.101
-2.039,-1.100
-2.033,-1.094
-2.031,-1.077
-2.039,-1.100
-2.033,-1.110
-2.037,-1.114
-2.050,-1.126
-2.050,-1.142
-2.048,-1.157
-2.042,-1.151
-2.039,-1.132
-2.041,-1.149
-2.037,-1.146
-2.038,-1.148
-2.033,-1.158
-2.009,-1.167
-2.022,-1.163
-2.013,-1.170
-2.013,-1.186
-2.011,-1.185
-1.980,-1.188
-1.971,-1.179
-1.962,-1.186
-1.945,-1.186
-1.940,-1.197
-1.947,-1.204
-1.925,-1.230
-1.923,-1.245
-1.925,-1.246
-1.929,-1.265
-1.909,-1.279
-1.919,-1.289
-1.925,-1.294
-1.917,-1.303
-1.917,-1.303
-1.916,-1.286
-1.919,-1.289
-1.916,-1.286
-1.925,-1.278
-1.942,-1.278
-1.930,-1.284
-1.925,-1.294
-1.949,-1.285
-1.942,-1.278
-1.943,-1.264
-1.922,-1.259
-1.925,-1.262
-1.932,-1.238
-1.925,-1.230
-1.936,-1.208
-1.933,-1.189
-1.943,-1.200
-1.940,-1.197
-1.936,-1.194
-1.938,-1.195
-1.955,-1.195
-1.962,-1.201
-1.963,-1.202
-1.982,-1.220
-1.991,-1.213
-1.992,-1.231
-2.008,-1.246
-2.003,-1.259
-1.995,-1.266
-2.006,-1.260
-2.002,-1.257
-2.008,-1.246
-2.000,-1.254
-1.991,-1.262
-1.993,-1.247
-1.991,-1.262
-2.009,-1.263
-1.991,-1.262
-1.998,-1.269
-1.993,-1.279
-1.998,-1.269
-1.993,-1.247
-1.991,-1.230
-1.975,-1.214
-1.984,-1.191
-1.980,-1.188
-1.984,-1.191
-1.982,-1.173
-1.989,-1.180
-1.993,-1.183
-1.991,-1.166
-1.967,-1.159
-1.949,-1.141
-1.925,-1.134
-1.918,-1.127
-1.925,-1.102
-1.922,-1.098
-1.942,-1.086
-1.915,-1.092
-1.915,-1.092
-1.918,-1.097
-1.923,-1.117
-1.918,-1.127
-1.924,-1.131
-1.910,-1.134
-1.915,-1.156
-1.923,-1.179
-1.909,-1.166
-1.896,-1.155
-1.889,-1.148
-1.880,-1.123
-1.893,-1.118
-1.883,-1.110
-1.874,-1.117
-1.860,-1.119
-1.849,-1.109
-1.853,-1.112
-1.845,-1.120
-1.838,-1.113
-1.847,-1.122
-1.834,-1.110
-1.828,-1.104
-1.843,-1.103
-1.818,-1.094
-1.812,-1.056
-1.801,-1.046
-1.805,-1.017
-1.794,-1.007
-1.794,-1.007
-1.803,-1.000
-1.793,-0.990
-1.777,-0.975
-1.777,-0.943
-1.778,-0.927
-1.787,-0.920
-1.785,-0.902
-1.790,-0.890
-1.787,-0.888
-1.787,-0.888
-1.779,-0.880
-1.791,-0.893
-1.800,-0.901
-1.802,-0.886
-1.796,-0.896
-1.792,-0.875
-1.799,-0.867
-1.817,-0.868
-1.808,-0.859
-1.805,-0.857
-1.811,-0.831
-1.797,-0.835
-1.809,-0.830
-1.800,-0.805
-1.793,-0.782
-1.805,-0.777
-1.802,-0.758
-1.787,-0.760
-1.787,-0.760
-1.787,-0.760
-1.781,-0.737
-1.778,-0.735
-1.789,-0.713
-1.796,-0.704
-1.797,-0.705
-1.797,-0.705
-1.785,-0.710
-1.805,-0.696
-1.803,-0.711
-1.827,-0.703
-1.830,-0.705
-1.827,-0.703
-1.820,-0.711
-1.828,-0.704
-1.836,-0.695
-1.830,-0.689
-1.844,-0.686
-1.847,-0.689
-1.836,-0.695
-1.836,-0.695
-1.854,-0.696
-1.842,-0.669
-1.847,-0.673
-1.845,-0.656
-1.842,-0.654
-1.851,-0.662
-1.833,-0.661
-1.838,-0.648
-1.841,-0.634
-1.843,-0.635
-1.844,-0.620
-1.838,-0.616
-1.836,-0.631
-1.832,-0.645
-1.832,-0.645
-1.836,-0.647
-1.834,-0.662
-1.847,-0.673
-1.828,-0.704
-1.842,-0.734
-1.845,-0.768
-1.843,-0.799
-1.857,-0.827
-1.863,-0.865
-1.863,-0.897
-1.863,-0.945
-1.852,-0.967
-1.854,-0.985
-1.845,-1.024
-1.852,-1.031
-1.854,-1.049
-1.860,-1.055
-1.878,-1.088
-1.876,-1.103
-1.876,-1.119
-1.894,-1.120
-1.900,-1.126
-1.911,-1.120
-1.901,-1.111
-1.925,-1.102
-1.938,-1.081
-1.934,-1.079
-1.929,-1.073
-1.934,-1.047
-1.942,-1.022
-1.927,-1.023
-1.933,-0.997
-1.953,-0.984
-1.956,-0.988
-1.955,-0.971
-1.975,-0.958
-1.993,-0.959
-2.000,-0.964
-2.007,-0.971
-2.015,-0.994
-2.021,-1.000
-2.013,-0.995
-2.013,-1.011
-2.004,-1.003
-2.015,-0.997
-2.011,-0.992
-2.000,-0.998
-2.002,-1.015
-2.008,-1.021
-2.006,-1.036
-2.001,-1.046
-2.009,-1.039
-2.013,-1.041
-2.021,-1.065
-2.026,-1.087
-2.017,-1.110
-2.022,-1.116
-2.018,-1.128
-2.009,-1.135
-2.018,-1.128
-2.028,-1.136
-2.008,-1.117
-2.009,-1.135
-2.008,-1.118
-1.998,-1.109
-2.002,-1.096
-1.991,-1.070
-1.995,-1.072
-1.975,-1.054
-1.967,-1.046
-1.969,-1.032
-1.942,-1.038
-1.944,-1.023
-1.935,-1.015
-1.937,-1.016
-1.922,-1.001
-1.933,-0.997
-1.908,-0.989
-1.913,-0.979
-1.913,-0.979
-1.922,-0.969
-1.898,-0.946
-1.920,-0.950
-1.901,-0.949
-1.889,-0.970
-1.895,-0.976
-1.873,-0.972
-1.867,-0.966
-1.858,-0.957
-1.860,-0.959
-1.862,-0.976
-1.869,-0.983
-1.878,-0.992
-1.876,-1.006
-1.876,-1.006
-1.863,-1.025
-1.870,-1.033
-1.889,-1.050
-1.880,-1.073
-1.886,-1.079
-1.894,-1.104
-1.907,-1.117
-1.911,-1.152
-1.920,-1.176
-1.920,-1.192
-1.920,-1.209
-1.925,-1.230
-1.934,-1.239
-1.934,-1.239
-1.934,-1.239
-1.936,-1.225
-1.958,-1.230
-1.960,-1.248
-1.966,-1.253
-1.974,-1.246
-1.986,-1.240
-1.999,-1.221
-2.002,-1.224
-2.026,-1.215
-2.015,-1.205
-2.031,-1.205
-2.035,-1.209
-2.057,-1.197
-2.060,-1.184
-2.072,-1.178
-2.075,-1.213
-2.079,-1.201
-2.080,-1.235
-2.073,-1.229
-2.062,-1.251
-2.055,-1.244
-2.062,-1.251
-2.058,-1.263
-2.042,-1.263
-2.042,-1.295
-2.033,-1.318
-2.031,-1.317
-2.026,-1.343
-2.035,-1.352
-2.044,-1.377
-2.036,-1.386
-2.033,-1.415
-2.042,-1.423
-2.049,-1.430
-2.047,-1.445
-2.049,-1.463
-2.054,-1.484
-2.058,-1.520
-2.065,-1.527
-2.065,-1.559
-2.067,-1.544
-2.073,-1.550
-2.093,-1.537
-2.091,-1.519
-2.089,-1.501
-2.082,-1.494
-2.078,-1.491
-2.090,-1.485
-2.106,-1.469
-2.122,-1.469
-2.134,-1.464
-2.141,-1.455
-2.134,-1.464
-2.146,-1.444
-2.170,-1.451
-2.181,-1.429
-2.189,-1.420
-2.180,-1.411
-2.189,-1.388
-2.204,-1.386
-2.188,-1.370
-2.180,-1.364
-2.180,-1.364
-2.161,-1.346
-2.172,-1.340
-2.165,-1.333
-2.147,-1.332
-2.151,-1.335
-2.140,-1.325
-2.140,-1.325
-2.153,-1.305
-2.142,-1.310
-2.153,-1.289
-2.167,-1.287
-2.191,-1.294
-2.210,-1.295
-2.213,-1.283
-2.208,-1.294
-2.210,-1.295
-2.201,-1.302
-2.219,-1.304
-2.206,-1.308
-2.217,-1.318
-2.234,-1.334
-2.232,-1.349
-2.241,-1.357
-2.230,-1.363
-2.259,-1.375
-2.241,-1.374
-2.239,-1.388
-2.250,-1.382
-2.274,-1.405
-2.283,-1.414
-2.281,-1.412
-2.279,-1.395
-2.286,-1.402
-2.284,-1.400
-2.306,-1.389
-2.294,-1.376
-2.310,-1.360
-2.324,-1.356
-2.322,-1.354
-2.329,-1.346
-2.323,-1.325
-2.301,-1.320
-2.303,-1.306
-2.303,-1.306
-2.314,-1.316
-2.323,-1.325
-2.330,-1.332
-2.333,-1.333
-2.326,-1.345
-2.331,-1.348
-2.316,-1.350
-2.335,-1.351
-2.320,-1.353
-2.298,-1.348
-2.293,-1.359
-2.265,-1.348
-2.272,-1.372
-2.267,-1.366
-2.272,-1.372
-2.283,-1.382
-2.274,-1.389
-2.274,-1.421
-2.276,-1.423
-2.272,-1.436
-2.267,-1.430
-2.265,-1.445
-2.274,-1.453
-2.250,-1.462
-2.246,-1.459
-2.241,-1.470
-2.234,-1.479
-2.223,-1.500
-2.232,-1.493
-2.210,-1.504
-2.221,-1.515
-2.216,-1.525
-2.217,-1.527
-2.214,-1.523
-2.221,-1.531
-2.268,-1.543
-2.264,-1.539
-2.258,-1.550
-2.282,-1.557
-2.278,-1.553
-2.278,-1.553
-2.285,-1.560
-2.287,-1.562
-2.291,-1.566
-2.289,-1.548
-2.284,-1.558
-2.301,-1.542
-2.308,-1.549
-2.328,-1.569
-2.324,-1.565
-2.359,-1.583
-2.357,-1.597
-2.372,-1.595
-2.366,-1.590
-2.381,-1.588
-2.394,-1.617
-2.376,-1.631
-2.365,-1.652
-2.360,-1.663
-2.346,-1.650
-2.350,-1.654
-2.341,-1.629
-2.348,-1.620
-2.343,-1.599
-2.322,-1.595
-2.327,-1.599
-2.325,-1.565
-2.312,-1.569
-2.319,-1.544
-2.302,-1.528
-2.301,-1.526
-2.296,-1.505
-2.289,-1.514
-2.300,-1.508
-2.280,-1.521
-2.280,-1.521
-2.266,-1.509
-2.271,-1.514
-2.283,-1.492
-2.278,-1.489
-2.265,-1.507
-2.266,-1.509
-2.264,-1.507
-2.268,-1.510
-2.266,-1.493
-2.270,-1.496
-2.270,-1.496
-2.252,-1.494
-2.280,-1.489
-2.275,-1.485
-2.285,-1.478
-2.276,-1.469
-2.283,-1.476
-2.271,-1.464
-2.257,-1.452
-2.278,-1.439
-2.261,-1.423
-2.269,-1.414
-2.271,-1.400
-2.248,-1.395
-2.252,-1.366
-2.243,-1.341
-2.250,-1.316
-2.238,-1.304
-2.219,-1.286
-2.210,-1.293
-2.206,-1.290
-2.197,-1.298
-2.203,-1.286
-2.195,-1.279
-2.201,-1.268
-2.203,-1.269
-2.209,-1.275
-2.190,-1.290
-2.166,-1.315
-2.166,-1.315
-2.159,-1.308
-2.149,-1.315
-2.163,-1.311
-2.168,-1.317
-2.170,-1.335
-2.161,-1.342
-2.177,-1.358
-2.181,-1.361
-2.170,-1.367
-2.172,-1.368
-2.163,-1.360
-2.177,-1.358
-2.179,-1.359
-2.210,-1.341
-2.205,-1.320
-2.190,-1.289
-2.196,-1.263
-2.189,-1.240
-2.168,-1.221
-2.154,-1.190
-2.146,-1.167
-2.128,-1.134
-2.115,-1.121
-2.109,-1.100
-2.113,-1.103
-2.106,-1.080
-2.109,-1.068
-2.109,-1.068
-2.126,-1.052
-2.146,-1.055
-2.148,-1.040
-2.167,-1.025
-2.180,-1.020
-2.183,-0.993
-2.209,-0.985
-2.221,-0.967
-2.227,-0.957
-2.236,-0.933
-2.255,-0.922
-2.276,-0.908
-2.285,-0.901
-2.309,-0.892
-2.320,-0.886
-2.334,-0.900
-2.355,-0.886
-2.362,-0.878
-2.377,-0.876
-2.405,-0.870
-2.400,-0.852
-2.402,-0.853
-2.412,-0.845
-2.417,-0.851
-2.421,-0.854
-2.410,-0.844
-2.419,-0.837
-2.417,-0.819
-2.398,-0.818
-2.402,-0.789
-2.384,-0.788
-2.403,-0.757
-2.396,-0.749
-2.370,-0.741
-2.407,-0.743
-2.408,-0.715
-2.425,-0.666
-2.423,-0.617
-2.409,-0.570
-2.409,-0.534
-2.419,-0.510
-2.438,-0.511
-2.440,-0.484
-2.450,-0.482
-2.458,-0.473
-2.472,-0.440
-2.486,-0.402
-2.502,-0.386
-2.516,-0.385
-2.537,-0.370
-2.542,-0.361
-2.546,-0.363
-2.549,-0.347
-2.546,-0.347
-2.565,-0.363
-2.570,-0.354
-2.572,-0.371
-2.579,-0.378
-2.567,-0.385
-2.555,-0.403
-2.550,-0.402
-2.538,-0.403
-2.512,-0.411
-2.503,-0.419
-2.491,-0.405
-2.468,-0.402
-2.453,-0.403
-2.430,-0.380
-2.411,-0.363
-2.406,-0.356
-2.376,-0.331
-2.360,-0.315
-2.358,-0.298
-2.327,-0.283
-2.326,-0.278
-2.309,-0.245
-2.297,-0.247
-2.290,-0.239
-2.267,-0.238
-2.267,-0.238
-2.237,-0.228
-2.237,-0.228
-2.213,-0.221
-2.202,-0.244
-2.181,-0.253
-2.171,-0.261
-2.133,-0.286
-2.100,-0.302
-2.091,-0.326
-2.095,-0.360
-2.081,-0.382
-2.083,-0.399
-2.076,-0.423
-2.064,-0.446
-2.059,-0.455
-2.041,-0.455
-2.043,-0.472
-2.042,-0.472
-2.041,-0.503
-2.035,-0.528
-2.015,-0.543
-1.999,-0.559
-1.999,-0.575
-2.006,-0.582
-2.002,-0.593
-2.017,-0.592
-2.024,-0.615
-2.030,-0.638
-2.042,-0.652
-2.046,-0.654
-2.055,-0.646
-2.046,-0.650
-2.050,-0.636
-2.055,-0.642
-2.048,-0.651
-2.041,-0.663
-2.030,-0.654
-2.030,-0.654
-2.019,-0.644
-2.032,-0.639
-2.023,-0.646
-2.024,-0.647
-2.033,-0.656
-2.023,-0.678
-2.010,-0.697
-2.008,-0.712
-1.993,-0.729
-1.993,-0.745
-1.975,-0.776
-1.958,-0.792
-1.949,-0.800
-1.942,-0.808
-1.916,-0.832
-1.883,-0.832
-1.861,-0.826
-1.841,-0.840
-1.802,-0.834
-1.777,-0.842
-1.759,-0.857
-1.753,-0.851
-1.718,-0.834
-1.713,-0.844
-1.696,-0.844
-1.653,-0.834
-1.637,-0.850
-1.616,-0.847
-1.593,-0.857
-1.587,-0.835
-1.563,-0.844
-1.569,-0.848
-1.543,-0.856
-1.527,-0.856
-1.523,-0.869
-1.493,-0.889
-1.494,-0.874
-1.493,-0.873
-1.496,-0.891
-1.480,-0.892
-1.488,-0.900
-1.506,-0.917
-1.487,-0.931
-1.488,-0.948
-1.473,-0.949
-1.464,-0.957
-1.465,-0.942
-1.455,-0.948
-1.455,-0.948
-1.448,-0.941
-1.439,-0.948
-1.450,-0.943
-1.439,-0.948
-1.457,-0.949
-1.465,-0.942
-1.479,-0.955
-1.506,-0.965
-1.520,-0.962
-1.521,-0.980
-1.530,-0.988
-1.554,-0.995
-1.563,-1.020
-1.578,-1.035
-1.596,-1.052
-1.612,-1.052
-1.611,-1.066
-1.651,-1.074
-1.657,-1.079
-1.686,-1.091
-1.705,-1.077
-1.714,-1.070
-1.743,-1.065
-1.756,-1.078
-1.762,-1.068
-1.792,-1.065
-1.805,-1.078
-1.825,-1.065
-1.849,-1.056
-1.867,-1.057
-1.869,-1.074
-1.858,-1.064
-1.869,-1.074
-1.891,-1.080
-1.894,-1.099
-1.903,-1.092
-1.918,-1.090
-1.929,-1.116
-1.933,-1.121
-1.951,-1.122
-1.944,-1.131
-1.956,-1.144
-1.960,-1.147
-1.990,-1.143
-1.993,-1.146
-2.017,-1.137
-2.023,-1.143
-2.050,-1.137
-2.055,-1.127
-2.074,-1.128
-2.076,-1.114
-2.088,-1.111
-2.083,-1.089
-2.088,-1.078
-2.090,-1.064
-2.075,-1.033
-2.064,-1.023
-2.061,-1.003
-2.047,-0.991
-2.029,-0.974
-2.029,-0.958
-2.002,-0.949
-1.992,-0.938
-2.003,-0.915
-1.990,-0.902
-2.023,-0.902
-2.001,-0.898
-2.014,-0.911
-2.009,-0.924
-2.011,-0.909
-2.014,-0.912
-2.020,-0.918
-2.024,-0.920
-2.022,-0.935
-2.022,-0.935
-2.025,-0.937
-2.023,-0.952
-2.027,-0.955
-2.042,-0.953
-2.042,-0.969
-2.042,-0.969
-2.029,-0.974
-2.026,-0.985
-2.014,-0.992
-2.000,-0.993
-1.992,-1.002
-1.998,-1.008
-2.000,-1.025
-1.989,-1.031
-1.956,-1.032
-1.965,-1.040
-1.939,-1.048
-1.952,-1.043
-1.948,-1.040
-1.950,-1.058
-1.950,-1.058
-1.956,-1.064
-1.941,-1.065
-1.932,-1.073
-1.934,-1.090
-1.935,-1.075
-1.932,-1.073
-1.941,-1.065
-1.943,-1.068
-1.961,-1.070
-1.974,-1.065
-1.985,-1.075
-1.999,-1.088
-2.014,-1.102
-2.029,-1.133
-2.034,-1.155
-2.029,-1.199
-2.029,-1.199
-2.036,-1.206
-2.046,-1.216
-2.049,-1.218
-2.036,-1.238
-2.041,-1.259
-2.045,-1.263
-2.037,-1.256
-2.032,-1.266
-2.039,-1.273
-2.025,-1.307
-2.023,-1.321
-1.999,-1.330
-2.014,-1.329
-2.004,-1.320
-2.025,-1.307
-2.025,-1.307
-2.032,-1.298
-2.041,-1.291
-2.037,-1.255
-2.032,-1.250
-2.037,-1.223
-2.039,-1.209
-2.041,-1.194
-2.039,-1.177
-2.034,-1.171
-2.030,-1.168
-2.032,-1.186
-2.022,-1.177
-2.037,-1.175
-2.032,-1.186
-2.047,-1.184
-2.065,-1.185
-2.063,-1.200
-2.057,-1.211
-2.061,-1.214
-2.063,-1.200
-2.061,-1.197
-2.080,-1.182
-2.061,-1.197
-2.071,-1.206
-2.064,-1.201
-2.063,-1.200
-2.045,-1.199
-2.035,-1.190
-2.023,-1.177
-1.995,-1.183
-1.999,-1.186
-1.981,-1.185
-1.972,-1.192
-1.968,-1.188
-1.973,-1.177
-2.008,-1.195
-2.008,-1.195
-2.005,-1.192
-2.025,-1.178
-2.040,-1.177
-2.048,-1.169
-2.039,-1.161
-2.039,-1.161
-2.041,-1.146
-2.047,-1.152
-2.056,-1.145
-2.049,-1.137
-2.063,-1.136
-2.075,-1.130
-2.089,-1.128
-2.124,-1.129
-2.142,-1.131
-2.153,-1.126
-2.173,-1.129
-2.197,-1.120
-2.206,-1.129
-2.213,-1.104
-2.219,-1.110
-2.223,-1.113
-2.211,-1.102
-2.244,-1.118
-2.249,-1.124
-2.266,-1.108
-2.272,-1.128
-2.281,-1.121
-2.311,-1.116
-2.313,-1.117
-2.318,-1.107
-2.316,-1.122
-2.324,-1.100
-2.333,-1.093
-2.326,-1.085
-2.310,-1.070
-2.321,-1.063
-2.310,-1.069
-2.310,-1.070
-2.312,-1.055
-2.308,-1.052
-2.305,-1.048
-2.295,-1.039
-2.288,-1.048
-2.299,-1.042
-2.286,-1.030
-2.297,-1.024
-2.293,-1.022
-2.295,-1.007
-2.297,-0.992
-2.295,-0.975
-2.290,-0.969
-2.286,-0.966
-2.305,-0.951
-2.305,-0.935
-2.300,-0.933
-2.295,-0.911
-2.303,-0.902
-2.304,-0.903
-2.288,-0.887
-2.293,-0.893
-2.288,-0.871
-2.293,-0.861
-2.286,-0.854
-2.281,-0.848
-2.293,-0.829
-2.293,-0.809
-2.286,-0.790
-2.301,-0.788
-2.293,-0.765
-2.277,-0.749
-2.276,-0.729
-2.276,-0.729
-2.278,-0.714
-2.278,-0.698
-2.265,-0.687
-2.265,-0.687
-2.251,-0.677
-2.254,-0.662
-2.263,-0.638
-2.261,-0.621
-2.249,-0.607
-2.254,-0.597
-2.247,-0.590
-2.247,-0.590
-2.246,-0.590
-2.234,-0.576
-2.225,-0.583
-2.225,-0.583
-2.232,-0.591
-2.230,-0.574
-2.225,-0.583
-2.221,-0.582
-2.216,-0.591
-2.199,-0.591
-2.197,-0.590
-2.192,-0.584
-2.197,-0.590
-2.199,-0.591
-2.183,-0.591
-2.197,-0.590
-2.201,-0.592
-2.197,-0.590
-2.190,-0.615
-2.190,-0.615
-2.195,-0.605
-2.199,-0.607
-2.197,-0.622
-2.214,-0.638
-2.218,-0.640
-2.216,-0.655
-2.223,-0.679
-2.208,-0.699
-2.203,-0.725
-2.207,-0.727
-2.199,-0.752
-2.200,-0.765
-2.198,-0.796
-2.207,-0.821
-2.194,-0.858
-2.186,-0.885
-2.179,-0.894
-2.175,-0.892
-2.179,-0.894
-2.179,-0.894
-2.170,-0.902
-2.167,-0.929
-2.155,-0.935
-2.172,-0.951
-2.167,-0.961
-2.174,-0.968
-2.168,-0.994
-2.159,-1.002
-2.167,-1.025
-2.157,-1.033
-2.163,-1.055
-2.157,-1.049
-2.165,-1.040
-2.165,-1.040
-2.159,-1.034
-2.165,-1.040
-2.183,-1.041
-2.179,-1.038
-2.190,-1.048
-2.190,-1.048
-2.198,-1.040
-2.216,-1.057
-2.231,-1.039
-2.238,-1.047
-2.240,-1.032
-2.236,-1.029
-2.249,-1.025
-2.263,-1.023
-2.263,-1.023
-2.259,-1.020
-2.274,-1.019
-2.280,-1.007
-2.292,-1.001
-2.295,-0.987
-2.305,-0.996
-2.319,-0.994
-2.336,-1.010
-2.354,-0.998
-2.368,-0.996
-2.377,-0.989
-2.401,-0.980
-2.395,-1.006
-2.410,-1.004
-2.421,-1.030
-2.412,-1.038
-2.410,-1.053
-2.414,-1.055
-2.405,-1.079
-2.407,-1.112
-2.400,-1.137
-2.403,-1.174
-2.405,-1.191
-2.394,-1.213
-2.415,-1.232
-2.405,-1.239
-2.420,-1.238
-2.408,-1.257
-2.403,-1.254
-2.389,-1.272
-2.405,-1.271
-2.387,-1.286
-2.373,-1.288
-2.370,-1.270
-2.363,-1.279
-2.323,-1.288
-2.286,-1.301
-2.267,-1.314
-2.237,-1.302
-2.208,-1.321
-2.197,-1.327
-2.193,-1.356
-2.199,-1.361
-2.190,-1.368
-2.196,-1.389
-2.191,-1.400
-2.203,-1.412
-2.214,-1.423
-2.217,-1.427
-2.223,-1.432
-2.230,-1.439
-2.228,-1.437
-2.239,-1.448
-2.230,-1.455
-2.258,-1.466
-2.259,-1.466
-2.247,-1.471
-2.242,-1.482
-2.239,-1.480
-2.251,-1.475
-2.260,-1.483
-2.249,-1.489
-2.260,-1.516
-2.258,-1.530
-2.273,-1.528
-2.266,-1.521
-2.273,-1.528
-2.284,-1.522
-2.282,-1.537
-2.282,-1.537
-2.292,-1.546
-2.280,-1.551
-2.266,-1.569
-2.255,-1.574
-2.250,-1.585
-2.252,-1.603
-2.224,-1.609
-2.219,-1.620
-2.208,-1.625
-2.198,-1.632
-2.171,-1.638
-2.171,-1.638
-2.168,-1.634
-2.170,-1.652
-2.181,-1.647
-2.209,-1.657
-2.222,-1.670
-2.247,-1.679
-2.258,-1.689
-2.266,-1.680
-2.284,-1.681
-2.299,-1.679
-2.328,-1.692
-2.332,-1.679
-2.350,-1.681
-2.350,-1.681
-2.346,-1.693
-2.353,-1.683
-2.334,-1.681
-2.327,-1.674
-2.320,-1.683
-2.292,-1.688
-2.294,-1.706
-2.275,-1.705
-2.285,-1.713
-2.268,-1.730
-2.276,-1.753
-2.271,-1.764
-2.252,-1.778
-2.261,-1.787
-2.252,-1.810
-2.250,-1.824
-2.245,-1.836
-2.233,-1.840
-2.228,-1.852
-2.204,-1.845
-2.176,-1.866
-2.171,-1.878
-2.141,-1.880
-2.139,-1.894
-2.125,-1.897
-2.110,-1.899
-2.125,-1.898
-2.116,-1.905
-2.110,-1.901
-2.120,-1.909
-2.122,-1.910
-2.127,-1.899
-2.114,-1.869
-2.109,-1.865
-2.109,-1.833
-2.105,-1.828
-2.120,-1.828
-2.110,-1.818
-2.136,-1.828
-2.138,-1.813
-2.138,-1.829
-2.140,-1.832
-2.138,-1.829
-2.162,-1.836
-2.160,-1.834
-2.172,-1.830
-2.195,-1.836
-2.209,-1.834
-2.220,-1.845
-2.239,-1.847
-2.268,-1.842
-2.277,-1.851
-2.280,-1.854
-2.306,-1.863
-2.322,-1.879
-2.339,-1.895
-2.369,-1.908
-2.376,-1.915
-2.371,-1.926
-2.378,-1.933
-2.362,-1.950
-2.362,-1.982
-2.367,-1.986
-2.381,-2.000
-2.364,-2.016
-2.364,-2.032
-2.370,-2.055
-2.356,-2.106
-2.345,-2.126
-2.342,-2.138
-2.321,-2.118
-2.309,-2.106
-2.304,-2.086
-2.283,-2.081
-2.285,-2.067
-2.266,-2.049
-2.254,-2.038
-2.235,-2.036
-2.230,-2.031
-2.216,-2.017
-2.212,-2.013
-2.228,-2.029
-2.210,-2.027
-2.219,-2.020
-2.197,-2.015
-2.195,-2.013
-2.183,-2.017
-2.170,-2.020
-2.169,-2.020
-2.146,-2.013
-2.135,-2.002
-2.127,-1.979
-2.109,-1.961
-2.122,-1.974
-2.098,-1.968
-2.087,-1.956
-2.080,-1.950
-2.069,-1.954
-2.060,-1.945
-2.027,-1.930
-2.021,-1.925
-2.010,-1.931
-1.977,-1.899
-1.971,-1.927
-1.953,-1.925
-1.955,-1.925
-1.946,-1.917
-1.959,-1.896
-1.977,-1.866
-1.979,-1.884
-1.994,-1.882
-2.023,-1.863
-2.037,-1.860
-2.054,-1.876
-2.072,-1.878
-2.078,-1.899
-2.091,-1.912
-2.096,-1.901
