 0.477,-4.127
 0.477,-4.160
 0.466,-4.196
 0.487,-4.229
 0.489,-4.308
 0.501,-4.322
 0.524,-4.328
 0.536,-4.365
 0.558,-4.375
 0.558,-4.404
 0.581,-4.381
 0.569,-4.383
 0.614,-4.390
 0.625,-4.392
 0.660,-4.390
 0.660,-4.390
 0.671,-4.398
 0.683,-4.412
 0.670,-4.414
 0.684,-4.441
 0.695,-4.449
 0.660,-4.495
 0.638,-4.524
 0.614,-4.540
 0.615,-4.613
 0.615,-4.628
 0.627,-4.649
 0.628,-4.677
 0.614,-4.695
 0.593,-4.723
 0.570,-4.745
 0.547,-4.783
 0.536,-4.776
 0.524,-4.799
 0.549,-4.819
 0.583,-4.849
 0.582,-4.865
 0.583,-4.894
 0.616,-4.895
 0.605,-4.938
 0.629,-4.938
 0.628,-4.954
 0.628,-4.999
 0.605,-5.058
 0.585,-5.110
 0.585,-5.131
 0.562,-5.153
 0.541,-5.183
 0.529,-5.205
 0.542,-5.249
 0.553,-5.279
 0.598,-5.295
 0.600,-5.309
 0.620,-5.251
 0.645,-5.243
 0.666,-5.191
 0.677,-5.111
 0.712,-5.037
 0.746,-4.984
 0.769,-4.947
 0.791,-4.896
 0.790,-4.823
 0.802,-4.815
 0.776,-4.773
 0.790,-4.756
 0.779,-4.726
 0.756,-4.703
 0.734,-4.664
 0.721,-4.643
 0.711,-4.680
 0.698,-4.666
 0.688,-4.657
 0.701,-4.618
 0.699,-4.544
 0.712,-4.520
 0.699,-4.500
 0.711,-4.486
 0.710,-4.464
 0.720,-4.438
 0.709,-4.435
 0.708,-4.407
 0.707,-4.379
 0.719,-4.349
 0.708,-4.313
 0.720,-4.288
 0.732,-4.258
 0.721,-4.249
 0.699,-4.255
 0.697,-4.243
 0.686,-4.235
 0.663,-4.273
 0.651,-4.259
 0.652,-4.287
 0.652,-4.288
 0.654,-4.283
 0.653,-4.299
 0.653,-4.315
 0.642,-4.313
 0.628,-4.326
 0.618,-4.323
 0.652,-4.332
 0.652,-4.354
 0.642,-4.374
 0.651,-4.370
 0.641,-4.413
 0.652,-4.449
 0.641,-4.457
 0.664,-4.508
 0.651,-4.532
 0.652,-4.560
 0.640,-4.590
 0.651,-4.643
 0.641,-4.680
 0.651,-4.748
 0.640,-4.791
 0.641,-4.813
 0.629,-4.843
 0.641,-4.902
 0.640,-4.933
 0.630,-4.999
 0.619,-5.006
 0.620,-5.035
 0.621,-5.049
 0.598,-5.042
 0.586,-5.050
 0.586,-5.043
 0.574,-5.028
 0.574,-4.984
 0.596,-4.939
 0.610,-4.907
 0.643,-4.864
 0.687,-4.858
 0.710,-4.836
 0.719,-4.830
 0.708,-4.823
 0.673,-4.780
 0.629,-4.748
 0.630,-4.716
 0.629,-4.687
 0.608,-4.700
 0.607,-4.687
 0.595,-4.701
 0.573,-4.707
 0.549,-4.716
 0.561,-4.737
 0.550,-4.745
 0.539,-4.737
 0.562,-4.721
 0.561,-4.686
 0.539,-4.692
 0.561,-4.686
 0.572,-4.694
 0.595,-4.701
 0.583,-4.702
 0.584,-4.715
 0.606,-4.709
 0.606,-4.709
 0.607,-4.693
 0.641,-4.657
 0.641,-4.663
 0.663,-4.657
 0.674,-4.665
 0.709,-4.702
 0.719,-4.682
 0.756,-4.693
 0.789,-4.679
 0.811,-4.695
 0.834,-4.718
 0.833,-4.711
 0.845,-4.704
 0.868,-4.682
 0.879,-4.674
 0.914,-4.666
 0.901,-4.668
 0.903,-4.680
 0.912,-4.654
 0.913,-4.660
 0.914,-4.644
 0.925,-4.630
 0.915,-4.628
 0.902,-4.607
 0.902,-4.607
 0.880,-4.613
 0.878,-4.600
 0.880,-4.613
 0.868,-4.577
 0.846,-4.599
 0.835,-4.596
 0.823,-4.620
 0.801,-4.627
 0.788,-4.650
 0.776,-4.636
 0.766,-4.650
 0.763,-4.631
 0.765,-4.666
 0.754,-4.674
 0.730,-4.668
 0.720,-4.688
 0.697,-4.681
 0.675,-4.732
 0.675,-4.732
 0.664,-4.730
 0.642,-4.736
 0.640,-4.739
 0.641,-4.768
 0.617,-4.761
 0.595,-4.762
 0.608,-4.760
 0.595,-4.761
 0.574,-4.774
 0.573,-4.790
 0.551,-4.812
 0.552,-4.863
 0.540,-4.864
 0.529,-4.891
 0.541,-4.877
 0.528,-4.879
 0.528,-4.878
 0.516,-4.857
 0.529,-4.863
 0.539,-4.842
 0.539,-4.842
 0.528,-4.834
 0.550,-4.828
 0.552,-4.841
 0.563,-4.782
 0.551,-4.767
 0.562,-4.760
 0.560,-4.763
 0.574,-4.790
 0.585,-4.776
 0.540,-4.760
 0.563,-4.766
 0.551,-4.761
 0.562,-4.753
 0.562,-4.747
 0.562,-4.738
 0.564,-4.735
 0.575,-4.736
 0.586,-4.766
 0.597,-4.746
 0.608,-4.754
 0.607,-4.770
 0.606,-4.741
 0.608,-4.754
 0.596,-4.723
 0.608,-4.738
 0.608,-4.744
 0.618,-4.740
 0.620,-4.759
 0.619,-4.746
 0.619,-4.746
 0.631,-4.783
 0.641,-4.762
 0.665,-4.798
 0.676,-4.799
 0.664,-4.813
 0.664,-4.813
 0.663,-4.807
 0.664,-4.813
 0.675,-4.821
 0.653,-4.865
 0.688,-4.880
 0.675,-4.866
 0.654,-4.901
 0.642,-4.879
 0.642,-4.880
 0.653,-4.872
 0.664,-4.873
 0.642,-4.880
 0.654,-4.850
 0.643,-4.848
 0.655,-4.840
 0.653,-4.821
 0.642,-4.836
 0.641,-4.829
 0.629,-4.814
 0.596,-4.813
 0.596,-4.784
 0.598,-4.781
 0.596,-4.768
 0.608,-4.783
 0.597,-4.797
 0.608,-4.798
 0.620,-4.819
 0.608,-4.798
 0.619,-4.835
 0.596,-4.812
 0.619,-4.806
 0.609,-4.834
 0.607,-4.814
 0.607,-4.821
 0.585,-4.827
 0.596,-4.828
 0.575,-4.841
 0.562,-4.842
 0.551,-4.835
 0.529,-4.841
 0.539,-4.820
 0.506,-4.818
 0.505,-4.805
 0.461,-4.811
 0.460,-4.789
 0.448,-4.768
 0.438,-4.757
 0.450,-4.743
 0.450,-4.727
 0.426,-4.736
 0.415,-4.715
 0.404,-4.708
 0.414,-4.687
 0.415,-4.700
 0.426,-4.692
 0.426,-4.663
 0.438,-4.684
 0.448,-4.701
 0.460,-4.722
 0.449,-4.714
 0.460,-4.722
 0.461,-4.735
 0.495,-4.721
 0.506,-4.707
 0.506,-4.706
 0.516,-4.702
 0.517,-4.715
 0.550,-4.678
 0.562,-4.693
 0.574,-4.685
 0.595,-4.650
 0.597,-4.663
 0.619,-4.657
 0.631,-4.672
 0.654,-4.678
 0.652,-4.687
 0.654,-4.694
 0.665,-4.702
 0.687,-4.725
 0.700,-4.739
 0.734,-4.747
 0.724,-4.774
 0.735,-4.776
 0.723,-4.790
 0.712,-4.798
 0.734,-4.792
 0.712,-4.798
 0.723,-4.783
 0.713,-4.805
 0.737,-4.811
 0.712,-4.798
 0.725,-4.797
 0.734,-4.792
 0.734,-4.792
 0.723,-4.828
 0.734,-4.830
 0.746,-4.851
 0.745,-4.838
 0.756,-4.874
 0.756,-4.875
 0.778,-4.868
 0.780,-4.881
 0.791,-4.889
 0.781,-4.910
 0.792,-4.918
 0.791,-4.933
 0.781,-4.933
 0.791,-4.933
 0.792,-4.963
 0.803,-4.970
 0.790,-4.949
 0.802,-4.926
 0.826,-4.888
 0.816,-4.887
 0.826,-4.888
 0.812,-4.905
 0.815,-4.903
 0.801,-4.875
 0.801,-4.853
 0.802,-4.837
 0.790,-4.822
 0.781,-4.828
 0.768,-4.822
 0.745,-4.845
 0.723,-4.851
 0.723,-4.851
 0.701,-4.857
 0.688,-4.858
 0.677,-4.895
 0.678,-4.917
 0.654,-4.925
 0.633,-4.961
 0.609,-4.954
 0.598,-4.991
 0.576,-5.013
 0.564,-5.020
 0.554,-5.042
 0.542,-5.071
 0.531,-5.086
 0.508,-5.108
 0.485,-5.123
 0.462,-5.145
 0.484,-5.124
 0.474,-5.093
 0.486,-5.099
 0.474,-5.062
 0.485,-5.070
 0.496,-5.086
 0.496,-5.087
 0.496,-5.087
 0.495,-5.073
 0.496,-5.071
 0.485,-5.079
 0.485,-5.079
 0.474,-5.071
 0.495,-5.013
 0.497,-5.011
 0.531,-4.975
 0.553,-4.969
 0.565,-4.961
 0.575,-4.940
 0.576,-4.953
 0.587,-4.954
 0.565,-4.961
 0.575,-4.968
 0.552,-4.946
 0.519,-4.944
 0.530,-4.945
 0.508,-4.946
 0.508,-4.930
 0.450,-4.931
 0.416,-4.945
 0.394,-4.915
 0.371,-4.938
 0.395,-4.929
 0.417,-4.913
 0.395,-4.904
 0.405,-4.892
 0.394,-4.900
 0.383,-4.914
 0.393,-4.887
 0.405,-4.892
 0.416,-4.827
 0.417,-4.818
 0.417,-4.818
 0.405,-4.819
 0.440,-4.802
 0.450,-4.759
 0.439,-4.773
 0.450,-4.765
 0.472,-4.775
 0.496,-4.782
 0.484,-4.789
 0.507,-4.774
 0.531,-4.780
 0.540,-4.776
 0.542,-4.811
 0.563,-4.798
 0.575,-4.812
 0.610,-4.827
 0.609,-4.843
 0.644,-4.842
 0.620,-4.835
 0.620,-4.835
 0.644,-4.842
 0.665,-4.807
 0.656,-4.834
 0.678,-4.812
 0.679,-4.796
 0.701,-4.835
 0.688,-4.836
 0.689,-4.858
 0.676,-4.859
 0.700,-4.866
 0.689,-4.865
 0.688,-4.836
 0.679,-4.857
 0.666,-4.858
 0.655,-4.851
 0.679,-4.857
 0.654,-4.866
 0.668,-4.893
 0.667,-4.887
 0.690,-4.909
 0.679,-4.901
 0.688,-4.896
 0.689,-4.925
 0.700,-4.910
 0.689,-4.925
 0.690,-4.931
 0.666,-4.925
 0.655,-4.939
 0.666,-4.940
 0.656,-4.962
 0.645,-4.961
 0.644,-4.969
 0.622,-4.976
 0.621,-4.969
 0.622,-4.998
 0.621,-5.013
 0.644,-5.036
 0.669,-5.034
 0.668,-5.005
 0.669,-5.034
 0.657,-5.042
 0.644,-5.014
 0.622,-5.043
 0.621,-5.029
 0.598,-5.007
 0.599,-5.020
 0.587,-4.999
 0.588,-5.012
 0.587,-4.999
 0.565,-5.005
 0.553,-5.019
 0.564,-5.021
 0.554,-5.042
 0.530,-5.050
 0.520,-5.071
 0.520,-5.094
 0.486,-5.101
 0.475,-5.122
 0.474,-5.108
 0.463,-5.146
 0.452,-5.160
 0.451,-5.191
 0.453,-5.227
 0.476,-5.204
 0.464,-5.219
 0.488,-5.226
 0.509,-5.213
 0.509,-5.198
 0.520,-5.176
 0.554,-5.191
 0.554,-5.184
 0.553,-5.162
 0.567,-5.153
 0.578,-5.122
 0.566,-5.123
 0.566,-5.123
 0.564,-5.109
 0.554,-5.102
 0.587,-5.081
 0.565,-5.043
 0.565,-5.027
 0.542,-5.020
 0.554,-4.997
 0.553,-4.968
 0.553,-4.968
 0.588,-4.967
 0.599,-4.969
 0.599,-4.953
 0.587,-4.954
 0.587,-4.939
 0.610,-4.917
 0.609,-4.910
 0.644,-4.931
 0.631,-4.888
 0.621,-4.880
 0.621,-4.864
 0.620,-4.851
 0.610,-4.857
 0.610,-4.827
 0.610,-4.828
 0.621,-4.819
 0.598,-4.813
 0.622,-4.804
 0.608,-4.776
 0.609,-4.761
 0.609,-4.738
 0.597,-4.740
 0.598,-4.708
 0.621,-4.669
 0.599,-4.676
 0.609,-4.655
 0.596,-4.657
 0.574,-4.657
 0.573,-4.644
 0.563,-4.620
 0.552,-4.574
 0.539,-4.559
 0.541,-4.550
 0.540,-4.537
 0.529,-4.551
 0.540,-4.543
 0.528,-4.529
 0.529,-4.535
 0.539,-4.531
 0.528,-4.523
 0.517,-4.521
 0.505,-4.500
 0.506,-4.513
 0.493,-4.486
 0.483,-4.506
 0.460,-4.484
 0.459,-4.455
 0.460,-4.468
 0.470,-4.447
 0.460,-4.439
 0.460,-4.439
 0.436,-4.433
 0.437,-4.445
 0.436,-4.433
 0.414,-4.423
 0.425,-4.430
 0.390,-4.405
 0.391,-4.416
 0.401,-4.396
 0.402,-4.402
 0.437,-4.400
 0.414,-4.378
 0.437,-4.406
 0.447,-4.380
 0.425,-4.386
 0.447,-4.380
 0.424,-4.374
 0.425,-4.386
 0.424,-4.358
 0.436,-4.350
 0.425,-4.370
 0.435,-4.366
 0.448,-4.364
 0.436,-4.388
 0.448,-4.408
 0.425,-4.431
 0.425,-4.447
 0.403,-4.497
 0.403,-4.513
 0.369,-4.550
 0.392,-4.572
 0.358,-4.602
 0.370,-4.623
 0.381,-4.625
 0.369,-4.639
 0.393,-4.645
 0.403,-4.625
 0.404,-4.654
 0.426,-4.647
 0.427,-4.631
 0.427,-4.631
 0.438,-4.639
 0.450,-4.638
 0.449,-4.654
 0.462,-4.668
 0.462,-4.668
 0.449,-4.670
 0.461,-4.684
 0.471,-4.679
 0.494,-4.686
 0.495,-4.699
 0.495,-4.699
 0.518,-4.721
 0.518,-4.737
 0.541,-4.760
 0.529,-4.768
 0.528,-4.761
 0.554,-4.803
 0.552,-4.790
 0.553,-4.819
 0.542,-4.833
 0.541,-4.805
 0.553,-4.826
 0.564,-4.827
 0.564,-4.834
 0.587,-4.856
 0.563,-4.865
 0.564,-4.878
 0.563,-4.865
 0.564,-4.878
 0.565,-4.856
 0.552,-4.857
 0.553,-4.825
 0.540,-4.782
 0.564,-4.789
 0.540,-4.782
 0.540,-4.753
 0.518,-4.744
 0.540,-4.715
 0.540,-4.699
 0.529,-4.691
 0.517,-4.693
 0.495,-4.677
 0.482,-4.656
 0.471,-4.648
 0.471,-4.648
 0.470,-4.635
 0.483,-4.624
 0.483,-4.601
 0.472,-4.600
 0.471,-4.587
 0.436,-4.589
 0.448,-4.603
 0.447,-4.591
 0.436,-4.589
 0.436,-4.588
 0.425,-4.580
 0.415,-4.601
 0.425,-4.580
 0.414,-4.579
 0.437,-4.579
 0.436,-4.566
 0.425,-4.587
 0.436,-4.589
 0.426,-4.609
 0.414,-4.623
 0.426,-4.625
 0.414,-4.639
 0.436,-4.633
 0.414,-4.639
 0.414,-4.639
 0.403,-4.647
 0.426,-4.653
 0.414,-4.633
 0.438,-4.640
 0.449,-4.631
 0.437,-4.611
 0.461,-4.601
 0.460,-4.589
 0.448,-4.559
 0.437,-4.550
 0.459,-4.544
 0.449,-4.542
 0.459,-4.506
 0.472,-4.532
 0.472,-4.532
 0.470,-4.514
 0.471,-4.520
 0.459,-4.516
 0.459,-4.500
 0.471,-4.492
 0.460,-4.484
 0.472,-4.482
 0.448,-4.469
 0.449,-4.476
 0.460,-4.484
 0.425,-4.491
 0.460,-4.512
 0.437,-4.506
 0.438,-4.534
 0.415,-4.556
 0.414,-4.588
 0.404,-4.609
 0.391,-4.610
 0.404,-4.653
 0.381,-4.675
 0.392,-4.721
 0.371,-4.795
 0.381,-4.818
 0.371,-4.839
 0.383,-4.854
 0.382,-4.870
 0.394,-4.891
 0.383,-4.914
 0.394,-4.906
 0.405,-4.892
 0.359,-4.863
 0.360,-4.854
 0.371,-4.848
 0.371,-4.877
 0.383,-4.838
 0.360,-4.815
 0.371,-4.808
 0.382,-4.780
 0.371,-4.788
 0.371,-4.788
 0.370,-4.737
 0.382,-4.720
 0.370,-4.699
 0.359,-4.698
 0.382,-4.675
 0.382,-4.647
 0.404,-4.631
 0.415,-4.639
 0.393,-4.639
 0.415,-4.639
 0.404,-4.602
 0.404,-4.586
 0.403,-4.558
 0.392,-4.572
 0.404,-4.558
 0.380,-4.552
 0.381,-4.548
 0.381,-4.519
 0.392,-4.511
 0.381,-4.519
 0.381,-4.535
 0.381,-4.520
 0.392,-4.527
 0.392,-4.511
 0.382,-4.532
 0.392,-4.511
 0.382,-4.532
 0.358,-4.541
 0.370,-4.572
 0.369,-4.588
 0.357,-4.589
 0.381,-4.609
 0.370,-4.600
 0.382,-4.615
 0.393,-4.623
 0.393,-4.639
 0.381,-4.669
 0.392,-4.671
 0.404,-4.647
 0.404,-4.676
 0.416,-4.661
 0.416,-4.690
 0.403,-4.663
 0.427,-4.698
 0.404,-4.675
 0.404,-4.691
 0.416,-4.690
 0.404,-4.691
 0.404,-4.676
 0.404,-4.698
 0.404,-4.707
 0.393,-4.706
 0.403,-4.663
 0.381,-4.653
 0.404,-4.631
 0.403,-4.619
 0.393,-4.645
 0.404,-4.602
 0.392,-4.617
 0.381,-4.609
 0.404,-4.647
 0.405,-4.660
 0.392,-4.632
 0.392,-4.617
 0.393,-4.623
 0.381,-4.641
 0.381,-4.653
 0.393,-4.655
 0.372,-4.696
 0.383,-4.688
 0.394,-4.706
 0.394,-4.734
 0.404,-4.730
 0.393,-4.744
 0.382,-4.736
 0.404,-4.730
 0.406,-4.727
 0.393,-4.728
 0.383,-4.749
 0.406,-4.765
 0.371,-4.766
 0.383,-4.765
 0.394,-4.728
 0.383,-4.743
 0.418,-4.735
 0.428,-4.714
 0.417,-4.690
 0.416,-4.655
 0.416,-4.633
 0.417,-4.617
 0.405,-4.597
 0.406,-4.593
 0.406,-4.565
 0.405,-4.542
 0.417,-4.557
 0.416,-4.544
 0.417,-4.573
 0.427,-4.552
 0.405,-4.558
 0.394,-4.579
 0.382,-4.580
 0.371,-4.572
 0.371,-4.572
 0.394,-4.578
 0.395,-4.607
 0.383,-4.647
 0.360,-4.653
 0.360,-4.624
 0.360,-4.647
 0.338,-4.653
 0.337,-4.647
 0.315,-4.659
 0.349,-4.661
 0.326,-4.683
 0.327,-4.712
 0.337,-4.691
 0.338,-4.681
 0.327,-4.660
 0.338,-4.697
 0.327,-4.689
 0.338,-4.713
 0.339,-4.720
 0.338,-4.713
 0.339,-4.720
 0.338,-4.697
 0.349,-4.699
 0.350,-4.712
 0.338,-4.691
 0.338,-4.675
 0.349,-4.683
 0.326,-4.677
 0.349,-4.683
 0.349,-4.661
 0.350,-4.667
 0.326,-4.683
 0.371,-4.671
 0.372,-4.684
 0.394,-4.655
 0.406,-4.644
 0.429,-4.606
 0.417,-4.607
 0.406,-4.616
 0.405,-4.603
 0.393,-4.589
 0.382,-4.581
 0.371,-4.572
 0.349,-4.546
 0.337,-4.531
 0.348,-4.540
 0.325,-4.556
 0.336,-4.551
 0.314,-4.564
 0.302,-4.549
 0.280,-4.555
 0.257,-4.577
 0.245,-4.557
 0.246,-4.570
 0.211,-4.570
 0.189,-4.593
 0.189,-4.615
 0.166,-4.631
 0.155,-4.651
 0.166,-4.637
 0.133,-4.651
 0.121,-4.675
 0.098,-4.668
 0.110,-4.696
 0.121,-4.675
 0.099,-4.710
 0.111,-4.724
 0.088,-4.733
 0.053,-4.754
 0.053,-4.740
 0.042,-4.777
 0.042,-4.761
 0.053,-4.753
 0.053,-4.766
 0.064,-4.762
 0.076,-4.777
 0.088,-4.762
 0.088,-4.749
 0.111,-4.769
 0.133,-4.750
 0.134,-4.763
 0.133,-4.718
 0.122,-4.704
 0.133,-4.718
 0.144,-4.720
 0.167,-4.682
 0.178,-4.674
 0.190,-4.644
 0.201,-4.658
 0.212,-4.660
 0.201,-4.674
 0.213,-4.666
 0.212,-4.654
 0.213,-4.666
 0.212,-4.653
 0.235,-4.660
 0.246,-4.652
 0.246,-4.668
 0.258,-4.644
 0.280,-4.638
 0.280,-4.638
 0.292,-4.637
 0.281,-4.616
 0.280,-4.622
 0.268,-4.579
 0.280,-4.610
 0.280,-4.610
 0.291,-4.596
 0.292,-4.570
 0.303,-4.539
 0.315,-4.531
 0.314,-4.519
 0.313,-4.513
 0.302,-4.505
 0.313,-4.485
 0.313,-4.469
 0.302,-4.444
 0.301,-4.393
 0.302,-4.361
 0.301,-4.332
 0.323,-4.305
 0.312,-4.296
 0.312,-4.268
 0.300,-4.266
 0.323,-4.260
 0.312,-4.280
 0.323,-4.288
 0.323,-4.276
 0.312,-4.296
 0.312,-4.313
 0.301,-4.288
 0.290,-4.302
 0.267,-4.290
 0.267,-4.319
 0.267,-4.290
 0.256,-4.310
 0.267,-4.318
 0.255,-4.320
 0.244,-4.324
 0.255,-4.304
 0.245,-4.318
 0.233,-4.326
 0.199,-4.334
 0.222,-4.324
 0.222,-4.312
 0.210,-4.309
 0.222,-4.329
 0.210,-4.309
 0.210,-4.338
 0.222,-4.340
 0.210,-4.326
 0.210,-4.325
 0.233,-4.320
 0.233,-4.332
 0.233,-4.348
 0.233,-4.360
 0.233,-4.376
 0.256,-4.409
 0.257,-4.466
 0.257,-4.482
 0.246,-4.503
 0.246,-4.502
 0.246,-4.490
 0.258,-4.533
 0.246,-4.512
 0.246,-4.513
 0.246,-4.496
 0.246,-4.468
 0.235,-4.450
 0.234,-4.437
 0.246,-4.435
 0.246,-4.436
 0.223,-4.446
 0.201,-4.480
 0.201,-4.474
 0.178,-4.480
 0.190,-4.516
 0.179,-4.524
 0.202,-4.531
 0.190,-4.532
 0.179,-4.585
 0.167,-4.615
 0.167,-4.641
 0.156,-4.668
 0.156,-4.623
 0.145,-4.672
 0.133,-4.702
 0.099,-4.675
 0.110,-4.702
 0.110,-4.677
 0.110,-4.689
 0.087,-4.696
 0.099,-4.697
 0.087,-4.740
 0.076,-4.770
 0.065,-4.807
 0.042,-4.880
 0.020,-4.956
 0.020,-4.998
 0.043,-5.029
 0.031,-5.073
 0.043,-5.096
 0.032,-5.119
 0.055,-5.171
 0.066,-5.194
 0.055,-5.216
 0.054,-5.223
 0.055,-5.216
 0.055,-5.245
 0.077,-5.276
 0.078,-5.298
 0.066,-5.313
 0.067,-5.335
 0.044,-5.364
 0.033,-5.387
 0.056,-5.417
 0.056,-5.401
 0.044,-5.431
 0.055,-5.424
 0.055,-5.409
 0.078,-5.432
 0.090,-5.439
 0.112,-5.417
 0.124,-5.394
 0.135,-5.350
 0.169,-5.343
 0.181,-5.306
 0.191,-5.255
 0.203,-5.248
 0.236,-5.152
 0.225,-5.136
 0.236,-5.084
 0.248,-5.025
 0.259,-5.002
 0.270,-4.965
 0.258,-4.979
 0.270,-4.965
 0.281,-4.944
 0.270,-4.949
 0.269,-4.914
 0.258,-4.935
 0.270,-4.920
 0.246,-4.891
 0.258,-4.890
 0.257,-4.832
 0.247,-4.853
 0.246,-4.831
 0.245,-4.818
 0.235,-4.823
 0.246,-4.802
 0.246,-4.786
 0.235,-4.778
 0.223,-4.757
 0.235,-4.807
 0.223,-4.802
 0.201,-4.802
 0.189,-4.816
 0.178,-4.824
 0.179,-4.853
 0.167,-4.854
 0.190,-4.867
 0.191,-4.880
 0.190,-4.883
 0.179,-4.904
 0.179,-4.890
 0.179,-4.891
 0.190,-4.883
 0.178,-4.839
 0.167,-4.845
 0.190,-4.809
 0.167,-4.816
 0.167,-4.800
 0.167,-4.771
 0.167,-4.784
 0.178,-4.763
 0.167,-4.755
 0.155,-4.769
 0.155,-4.741
 0.167,-4.739
 0.167,-4.726
 0.155,-4.741
 0.167,-4.726
 0.144,-4.704
 0.156,-4.703
 0.166,-4.704
 0.144,-4.704
 0.155,-4.696
 0.144,-4.704
 0.132,-4.703
 0.132,-4.718
 0.144,-4.733
 0.144,-4.733
 0.121,-4.742
 0.110,-4.763
 0.087,-4.756
 0.077,-4.770
 0.077,-4.770
 0.088,-4.778
 0.099,-4.783
 0.099,-4.783
 0.099,-4.799
 0.111,-4.829
 0.099,-4.815
 0.122,-4.822
 0.122,-4.808
 0.111,-4.830
 0.122,-4.821
 0.099,-4.770
 0.099,-4.783
 0.110,-4.778
 0.110,-4.762
 0.121,-4.754
 0.133,-4.740
 0.133,-4.724
 0.133,-4.740
 0.144,-4.732
 0.156,-4.731
 0.155,-4.705
 0.156,-4.719
 0.167,-4.704
 0.167,-4.688
 0.167,-4.672
 0.167,-4.643
 0.167,-4.650
 0.167,-4.621
 0.155,-4.613
 0.189,-4.599
 0.177,-4.601
 0.189,-4.599
 0.189,-4.570
 0.200,-4.563
 0.189,-4.555
 0.189,-4.526
 0.190,-4.532
 0.212,-4.520
 0.212,-4.533
 0.212,-4.494
 0.234,-4.488
 0.235,-4.517
 0.223,-4.512
 0.223,-4.496
 0.223,-4.496
 0.234,-4.476
 0.223,-4.496
 0.223,-4.468
 0.211,-4.466
 0.211,-4.466
 0.211,-4.437
 0.200,-4.457
 0.200,-4.445
 0.200,-4.458
 0.177,-4.435
 0.176,-4.429
 0.188,-4.427
 0.176,-4.400
 0.154,-4.406
 0.154,-4.384
 0.153,-4.333
 0.142,-4.315
 0.153,-4.272
 0.118,-4.280
 0.118,-4.264
 0.118,-4.236
 0.107,-4.256
 0.084,-4.227
 0.084,-4.233
 0.073,-4.247
 0.062,-4.272
 0.073,-4.286
 0.062,-4.316
 0.051,-4.347
 0.040,-4.383
 0.040,-4.399
 0.052,-4.409
 0.064,-4.395
 0.053,-4.403
 0.053,-4.420
 0.053,-4.430
 0.041,-4.444
 0.053,-4.401
 0.030,-4.397
 0.041,-4.367
 0.041,-4.366
 0.053,-4.381
 0.053,-4.352
 0.053,-4.353
 0.053,-4.353
 0.042,-4.361
 0.042,-4.367
 0.042,-4.383
 0.054,-4.397
 0.042,-4.411
 0.043,-4.422
 0.043,-4.456
 0.032,-4.480
 0.032,-4.509
 0.021,-4.545
 0.032,-4.569
 0.009,-4.575
 0.032,-4.569
 0.021,-4.606
 0.009,-4.575
 0.020,-4.583
 0.032,-4.582
 0.032,-4.569
 0.009,-4.591
-0.003,-4.561
 0.008,-4.541
 0.008,-4.553
 0.032,-4.525
 0.031,-4.514
 0.043,-4.513
 0.031,-4.502
 0.031,-4.515
 0.042,-4.510
 0.043,-4.533
 0.054,-4.525
 0.042,-4.511
 0.054,-4.493
 0.066,-4.494
 0.054,-4.509
 0.066,-4.495
 0.077,-4.503
 0.076,-4.537
 0.076,-4.525
 0.088,-4.523
 0.099,-4.532
 0.100,-4.525
 0.111,-4.546
 0.122,-4.503
 0.157,-4.496
 0.158,-4.474
 0.169,-4.459
 0.169,-4.443
 0.158,-4.451
 0.158,-4.480
 0.158,-4.502
 0.158,-4.512
 0.147,-4.555
 0.147,-4.571
 0.136,-4.591
 0.113,-4.613
 0.113,-4.645
 0.113,-4.703
 0.101,-4.719
 0.090,-4.750
 0.102,-4.777
 0.101,-4.770
 0.112,-4.776
 0.101,-4.755
 0.112,-4.791
 0.101,-4.777
 0.089,-4.772
 0.112,-4.762
 0.100,-4.719
 0.112,-4.718
 0.123,-4.710
 0.100,-4.703
 0.100,-4.688
 0.111,-4.651
 0.111,-4.651
 0.100,-4.643
 0.054,-4.614
 0.031,-4.604
 0.020,-4.584
-0.014,-4.598
-0.037,-4.604
-0.014,-4.613
-0.014,-4.626
-0.014,-4.597
-0.002,-4.612
-0.014,-4.626
-0.025,-4.621
-0.025,-4.634
-0.025,-4.622
-0.025,-4.606
-0.036,-4.626
-0.048,-4.628
-0.071,-4.663
-0.082,-4.670
-0.116,-4.700
-0.116,-4.723
-0.104,-4.724
-0.104,-4.753
-0.093,-4.732
-0.059,-4.731
-0.060,-4.699
-0.060,-4.708
-0.025,-4.746
-0.036,-4.724
-0.036,-4.725
-0.036,-4.725
-0.024,-4.726
-0.025,-4.723
-0.013,-4.703
-0.013,-4.731
-0.025,-4.746
-0.002,-4.755
-0.002,-4.768
-0.002,-4.768
-0.002,-4.813
-0.002,-4.813
 0.021,-4.822
 0.010,-4.843
 0.021,-4.851
 0.010,-4.843
 0.010,-4.843
 0.021,-4.867
 0.033,-4.866
 0.033,-4.881
 0.021,-4.896
 0.021,-4.896
 0.032,-4.875
 0.045,-4.896
 0.033,-4.881
 0.056,-4.904
 0.044,-4.918
 0.022,-4.933
 0.021,-4.925
 0.010,-4.903
 0.010,-4.888
 0.010,-4.888
-0.001,-4.867
 0.021,-4.864
 0.022,-4.842
 0.009,-4.849
 0.021,-4.851
 0.021,-4.838
 0.033,-4.837
 0.044,-4.800
 0.021,-4.806
 0.021,-4.791
 0.021,-4.762
 0.021,-4.791
 0.021,-4.778
 0.032,-4.770
 0.032,-4.783
 0.021,-4.762
 0.043,-4.775
 0.054,-4.754
 0.066,-4.769
 0.077,-4.777
 0.077,-4.763
 0.089,-4.747
 0.089,-4.733
 0.100,-4.748
 0.100,-4.733
 0.100,-4.720
 0.112,-4.724
 0.123,-4.704
 0.134,-4.718
 0.134,-4.718
 0.123,-4.704
 0.123,-4.717
 0.134,-4.690
 0.112,-4.696
 0.112,-4.680
 0.089,-4.689
 0.100,-4.710
 0.111,-4.696
 0.135,-4.686
 0.123,-4.700
 0.123,-4.703
 0.146,-4.710
 0.134,-4.690
 0.134,-4.690
 0.122,-4.659
 0.122,-4.659
 0.111,-4.652
 0.111,-4.651
 0.100,-4.643
 0.111,-4.635
 0.100,-4.637
 0.100,-4.649
 0.111,-4.651
 0.100,-4.637
 0.100,-4.643
 0.088,-4.645
 0.100,-4.643
 0.088,-4.628
 0.077,-4.621
 0.066,-4.613
 0.089,-4.578
 0.078,-4.582
 0.089,-4.584
 0.089,-4.585
 0.078,-4.576
 0.089,-4.556
 0.078,-4.582
 0.078,-4.576
 0.078,-4.576
 0.055,-4.553
 0.043,-4.555
 0.032,-4.560
 0.055,-4.547
 0.032,-4.576
 0.043,-4.551
 0.066,-4.529
 0.055,-4.543
 0.055,-4.531
 0.055,-4.531
 0.055,-4.531
 0.055,-4.519
 0.043,-4.523
 0.043,-4.472
 0.054,-4.487
 0.054,-4.471
 0.043,-4.472
 0.055,-4.516
 0.077,-4.509
 0.077,-4.509
 0.055,-4.515
 0.055,-4.531
 0.077,-4.538
 0.089,-4.540
 0.100,-4.576
 0.101,-4.599
 0.100,-4.592
 0.112,-4.607
 0.101,-4.599
 0.112,-4.607
 0.089,-4.613
 0.112,-4.607
 0.124,-4.628
 0.135,-4.629
 0.135,-4.651
 0.147,-4.650
 0.135,-4.651
 0.147,-4.650
 0.147,-4.666
 0.124,-4.688
 0.101,-4.694
 0.124,-4.704
 0.136,-4.719
 0.136,-4.718
 0.159,-4.725
 0.170,-4.746
 0.170,-4.749
 0.181,-4.770
 0.181,-4.786
 0.170,-4.794
 0.170,-4.794
 0.170,-4.794
 0.170,-4.829
 0.181,-4.815
 0.170,-4.867
 0.193,-4.867
 0.192,-4.854
 0.204,-4.905
 0.181,-4.897
 0.170,-4.890
 0.193,-4.896
 0.170,-4.905
 0.170,-4.934
 0.181,-4.942
 0.170,-4.950
 0.170,-4.979
 0.159,-4.957
 0.159,-4.971
 0.159,-4.942
 0.147,-4.956
 0.148,-4.963
 0.147,-4.949
 0.147,-4.956
 0.147,-4.956
 0.136,-4.964
 0.159,-4.971
 0.147,-4.956
 0.135,-4.926
 0.125,-4.927
 0.125,-4.927
 0.113,-4.897
 0.112,-4.890
 0.124,-4.918
 0.124,-4.873
 0.124,-4.873
 0.135,-4.881
 0.123,-4.882
 0.124,-4.889
 0.124,-4.876
 0.135,-4.868
 0.123,-4.866
 0.124,-4.860
 0.124,-4.873
 0.136,-4.859
 0.124,-4.844
 0.135,-4.881
 0.124,-4.860
 0.090,-4.858
 0.044,-4.874
 0.010,-4.888
-0.013,-4.894
 0.010,-4.888
 0.033,-4.940
 0.067,-4.940
 0.101,-4.986
 0.125,-5.032
 0.137,-5.061
 0.160,-5.082
 0.171,-5.089
 0.183,-5.075
 0.183,-5.060
 0.182,-5.062
 0.194,-5.084
 0.194,-5.084
 0.206,-5.099
 0.205,-5.105
 0.239,-5.106
 0.239,-5.143
 0.261,-5.129
 0.283,-5.145
 0.295,-5.166
 0.294,-5.143
 0.306,-5.143
 0.295,-5.135
 0.283,-5.136
 0.282,-5.114
 0.270,-5.107
 0.271,-5.121
 0.271,-5.099
 0.237,-5.106
 0.237,-5.076
 0.237,-5.061
 0.225,-5.061
 0.248,-5.039
 0.248,-5.009
 0.237,-4.986
 0.260,-4.928
 0.271,-4.933
 0.259,-4.890
 0.271,-4.876
 0.282,-4.852
 0.270,-4.809
 0.282,-4.808
 0.271,-4.771
 0.258,-4.711
 0.247,-4.704
 0.235,-4.660
 0.235,-4.645
 0.224,-4.624
 0.213,-4.644
 0.213,-4.628
 0.178,-4.607
 0.190,-4.650
 0.178,-4.636
 0.156,-4.651
 0.145,-4.672
 0.133,-4.673
 0.156,-4.696
 0.156,-4.696
 0.179,-4.702
 0.168,-4.701
 0.179,-4.702
 0.179,-4.731
 0.180,-4.725
 0.180,-4.741
 0.191,-4.733
 0.179,-4.712
 0.168,-4.711
 0.191,-4.717
 0.180,-4.725
 0.180,-4.709
 0.180,-4.696
 0.168,-4.695
 0.179,-4.687
 0.157,-4.687
 0.169,-4.701
 0.157,-4.703
 0.134,-4.709
 0.134,-4.674
 0.122,-4.660
 0.145,-4.666
 0.111,-4.645
 0.111,-4.658
 0.123,-4.643
 0.111,-4.651
 0.100,-4.649
 0.100,-4.637
 0.100,-4.649
 0.088,-4.635
 0.100,-4.621
 0.100,-4.649
 0.100,-4.652
 0.111,-4.673
 0.111,-4.673
 0.111,-4.673
 0.111,-4.702
 0.122,-4.710
 0.122,-4.707
 0.134,-4.714
 0.122,-4.739
 0.111,-4.747
 0.123,-4.748
 0.122,-4.755
 0.123,-4.748
 0.123,-4.748
 0.111,-4.747
 0.111,-4.763
 0.100,-4.783
 0.111,-4.791
 0.111,-4.792
 0.134,-4.798
 0.145,-4.793
 0.157,-4.814
 0.191,-4.800
 0.168,-4.800
 0.203,-4.799
 0.191,-4.794
 0.214,-4.756
 0.191,-4.733
 0.202,-4.697
 0.190,-4.667
 0.201,-4.630
 0.224,-4.614
 0.223,-4.585
 0.257,-4.555
 0.269,-4.531
 0.268,-4.490
 0.268,-4.503
 0.246,-4.474
 0.268,-4.469
 0.257,-4.450
 0.234,-4.399
 0.246,-4.381
 0.246,-4.381
 0.246,-4.369
 0.246,-4.369
 0.222,-4.379
 0.211,-4.393
 0.200,-4.401
 0.166,-4.399
 0.178,-4.396
 0.155,-4.406
 0.144,-4.427
 0.132,-4.434
 0.087,-4.434
 0.087,-4.418
 0.064,-4.411
 0.041,-4.417
 0.041,-4.434
 0.018,-4.427
-0.005,-4.433
 0.007,-4.391
-0.004,-4.411
-0.016,-4.419
-0.039,-4.418
-0.038,-4.425
-0.050,-4.426
-0.073,-4.439
-0.061,-4.446
-0.072,-4.455
-0.084,-4.469
-0.106,-4.456
-0.140,-4.499
-0.117,-4.493
-0.094,-4.516
-0.084,-4.520
-0.072,-4.522
-0.049,-4.557
-0.049,-4.566
-0.026,-4.589
-0.026,-4.589
-0.026,-4.577
-0.015,-4.581
 0.008,-4.575
 0.042,-4.590
 0.042,-4.590
 0.053,-4.586
 0.076,-4.604
 0.110,-4.590
 0.122,-4.576
 0.121,-4.583
 0.144,-4.570
 0.168,-4.605
 0.179,-4.614
 0.167,-4.599
 0.167,-4.583
 0.178,-4.563
 0.190,-4.578
 0.190,-4.577
 0.190,-4.577
 0.202,-4.547
 0.201,-4.541
 0.225,-4.570
 0.236,-4.561
 0.224,-4.563
 0.236,-4.561
 0.213,-4.571
 0.190,-4.577
 0.224,-4.585
 0.202,-4.591
 0.202,-4.604
 0.202,-4.591
 0.168,-4.650
 0.145,-4.666
 0.123,-4.688
 0.123,-4.688
 0.134,-4.689
 0.134,-4.725
 0.146,-4.739
 0.168,-4.739
 0.180,-4.754
 0.191,-4.749
 0.191,-4.762
 0.214,-4.762
 0.225,-4.776
 0.214,-4.791
 0.225,-4.770
 0.225,-4.777
 0.237,-4.784
 0.247,-4.764
 0.247,-4.764
 0.259,-4.765
 0.237,-4.779
 0.248,-4.770
 0.247,-4.719
 0.259,-4.718
 0.247,-4.713
 0.248,-4.726
 0.236,-4.711
 0.247,-4.703
 0.213,-4.717
 0.213,-4.704
 0.179,-4.703
 0.168,-4.682
 0.179,-4.690
 0.167,-4.672
 0.190,-4.650
 0.191,-4.679
 0.190,-4.694
 0.190,-4.682
 0.190,-4.666
 0.178,-4.639
 0.190,-4.666
 0.190,-4.666
 0.179,-4.658
 0.191,-4.679
 0.191,-4.644
 0.190,-4.650
 0.201,-4.658
 0.213,-4.644
 0.191,-4.628
 0.201,-4.629
 0.202,-4.636
 0.202,-4.636
 0.202,-4.607
 0.213,-4.600
 0.190,-4.593
 0.190,-4.622
 0.202,-4.607
 0.213,-4.599
 0.213,-4.583
 0.201,-4.585
 0.213,-4.583
 0.224,-4.569
 0.224,-4.563
 0.213,-4.583
 0.224,-4.562
 0.236,-4.561
 0.201,-4.563
 0.201,-4.563
 0.213,-4.577
 0.213,-4.565
 0.213,-4.583
 0.213,-4.583
 0.236,-4.590
 0.259,-4.612
 0.247,-4.608
 0.248,-4.636
 0.247,-4.607
 0.213,-4.593
 0.224,-4.569
 0.225,-4.563
 0.213,-4.561
 0.213,-4.561
 0.202,-4.546
 0.202,-4.530
 0.224,-4.496
 0.224,-4.508
 0.235,-4.472
 0.212,-4.465
 0.235,-4.471
 0.235,-4.459
 0.224,-4.480
 0.224,-4.451
 0.224,-4.435
 0.235,-4.411
 0.212,-4.376
 0.235,-4.383
 0.224,-4.391
 0.224,-4.391
 0.223,-4.352
 0.234,-4.348
 0.212,-4.360
 0.235,-4.354
 0.223,-4.368
 0.223,-4.352
 0.211,-4.309
 0.212,-4.338
 0.212,-4.332
 0.189,-4.354
 0.200,-4.330
 0.200,-4.318
 0.200,-4.329
 0.212,-4.343
 0.212,-4.344
 0.201,-4.358
 0.212,-4.376
 0.201,-4.413
 0.178,-4.423
 0.179,-4.445
 0.190,-4.449
 0.167,-4.443
 0.156,-4.463
 0.167,-4.471
 0.156,-4.501
 0.167,-4.516
 0.156,-4.495
 0.168,-4.500
 0.167,-4.471
 0.167,-4.471
 0.167,-4.471
 0.155,-4.473
 0.156,-4.463
 0.167,-4.443
 0.144,-4.465
 0.155,-4.457
 0.144,-4.436
 0.133,-4.457
 0.133,-4.457
 0.133,-4.457
 0.122,-4.448
 0.133,-4.428
 0.121,-4.426
 0.122,-4.420
 0.133,-4.428
 0.110,-4.418
 0.121,-4.398
 0.121,-4.382
 0.133,-4.396
 0.110,-4.390
 0.110,-4.373
 0.121,-4.353
 0.110,-4.373
 0.110,-4.390
 0.121,-4.381
 0.121,-4.393
 0.121,-4.381
 0.110,-4.390
 0.064,-4.371
 0.041,-4.360
 0.028,-4.319
 0.017,-4.299
 0.006,-4.325
 0.017,-4.327
 0.051,-4.358
 0.074,-4.381
 0.074,-4.413
 0.132,-4.457
 0.143,-4.493
 0.166,-4.560
 0.189,-4.589
 0.200,-4.607
 0.223,-4.636
 0.246,-4.614
 0.257,-4.622
 0.269,-4.637
 0.303,-4.616
 0.303,-4.651
 0.315,-4.637
 0.315,-4.637
 0.349,-4.652
 0.348,-4.639
 0.338,-4.643
 0.361,-4.637
 0.360,-4.653
 0.361,-4.637
 0.360,-4.653
 0.373,-4.652
 0.372,-4.652
 0.349,-4.645
 0.373,-4.652
 0.349,-4.645
 0.338,-4.637
 0.349,-4.617
 0.349,-4.617
 0.326,-4.607
 0.349,-4.584
 0.338,-4.566
 0.338,-4.554
 0.326,-4.533
 0.326,-4.534
 0.337,-4.507
 0.337,-4.475
 0.326,-4.428
 0.338,-4.398
 0.327,-4.390
 0.337,-4.363
 0.349,-4.384
 0.337,-4.369
 0.303,-4.355
 0.326,-4.361
 0.303,-4.355
 0.292,-4.375
 0.280,-4.360
 0.280,-4.377
 0.291,-4.369
 0.280,-4.349
 0.280,-4.361
 0.257,-4.338
 0.268,-4.346
 0.257,-4.338
 0.257,-4.326
 0.245,-4.324
 0.246,-4.302
 0.222,-4.301
 0.223,-4.307
 0.212,-4.287
 0.200,-4.285
 0.200,-4.257
 0.189,-4.265
 0.166,-4.271
 0.143,-4.236
 0.155,-4.234
 0.143,-4.203
 0.143,-4.203
 0.131,-4.184
 0.120,-4.180
 0.109,-4.217
 0.109,-4.211
 0.098,-4.197
 0.075,-4.202
 0.086,-4.205
 0.064,-4.211
 0.075,-4.225
 0.075,-4.225
 0.075,-4.253
 0.064,-4.255
 0.052,-4.269
 0.087,-4.278
 0.087,-4.306
 0.110,-4.312
 0.087,-4.316
 0.087,-4.351
 0.110,-4.345
 0.121,-4.353
 0.132,-4.373
 0.121,-4.353
 0.155,-4.374
 0.178,-4.390
 0.178,-4.407
 0.189,-4.427
 0.189,-4.415
 0.189,-4.427
 0.212,-4.449
 0.201,-4.457
 0.213,-4.478
 0.224,-4.480
 0.213,-4.478
 0.224,-4.480
 0.190,-4.494
 0.190,-4.494
 0.201,-4.490
 0.213,-4.500
 0.224,-4.464
 0.248,-4.470
 0.213,-4.461
 0.235,-4.460
 0.224,-4.480
 0.224,-4.451
 0.235,-4.438
 0.213,-4.427
 0.212,-4.392
 0.213,-4.411
 0.212,-4.405
 0.224,-4.391
 0.212,-4.405
 0.224,-4.407
 0.224,-4.425
 0.212,-4.405
 0.212,-4.405
 0.224,-4.425
 0.235,-4.427
 0.213,-4.433
 0.201,-4.418
 0.212,-4.421
 0.212,-4.421
 0.235,-4.415
 0.223,-4.413
 0.223,-4.413
 0.224,-4.391
 0.235,-4.411
 0.235,-4.399
 0.235,-4.427
 0.224,-4.435
 0.224,-4.435
 0.213,-4.433
 0.201,-4.429
 0.190,-4.449
 0.167,-4.443
 0.190,-4.421
 0.167,-4.427
 0.190,-4.404
 0.179,-4.430
 0.190,-4.433
 0.178,-4.435
 0.167,-4.432
 0.167,-4.414
 0.156,-4.435
 0.156,-4.406
 0.144,-4.420
 0.167,-4.410
 0.156,-4.406
 0.156,-4.418
 0.144,-4.404
 0.156,-4.390
 0.167,-4.394
 0.155,-4.368
 0.178,-4.374
 0.167,-4.337
 0.167,-4.338
 0.167,-4.337
 0.155,-4.295
 0.155,-4.285
 0.155,-4.256
 0.155,-4.234
 0.166,-4.209
 0.154,-4.206
 0.166,-4.209
 0.166,-4.181
 0.154,-4.190
 0.155,-4.173
 0.132,-4.167
 0.132,-4.150
 0.120,-4.158
 0.120,-4.147
 0.109,-4.145
 0.120,-4.130
 0.109,-4.117
 0.120,-4.080
 0.109,-4.089
 0.097,-4.075
 0.086,-4.072
 0.075,-4.064
 0.074,-4.058
 0.063,-4.049
 0.074,-4.052
 0.063,-4.032
 0.063,-4.044
 0.086,-4.038
 0.063,-4.032
 0.063,-4.060
 0.074,-4.041
 0.074,-4.052
 0.086,-4.038
 0.063,-4.077
 0.097,-4.074
 0.098,-4.086
 0.075,-4.091
 0.086,-4.099
 0.109,-4.122
 0.098,-4.142
 0.120,-4.130
 0.121,-4.136
 0.132,-4.128
 0.121,-4.136
 0.132,-4.156
 0.133,-4.167
 0.144,-4.159
 0.133,-4.167
 0.133,-4.167
 0.144,-4.181
 0.155,-4.162
 0.167,-4.165
 0.190,-4.142
 0.201,-4.179
 0.212,-4.188
 0.224,-4.206
 0.212,-4.204
 0.212,-4.221
 0.212,-4.221
 0.235,-4.227
 0.257,-4.226
 0.247,-4.246
 0.247,-4.263
 0.258,-4.271
 0.270,-4.285
 0.269,-4.279
 0.280,-4.300
 0.269,-4.308
 0.269,-4.324
 0.269,-4.352
 0.280,-4.377
 0.269,-4.397
 0.280,-4.405
 0.269,-4.413
 0.258,-4.456
 0.246,-4.452
 0.258,-4.472
 0.246,-4.458
 0.246,-4.458
 0.235,-4.449
 0.223,-4.435
 0.201,-4.447
 0.201,-4.435
 0.178,-4.412
 0.155,-4.418
 0.143,-4.414
 0.143,-4.382
 0.155,-4.351
 0.144,-4.343
 0.144,-4.355
 0.132,-4.345
 0.121,-4.365
 0.133,-4.367
 0.121,-4.398
 0.109,-4.412
 0.110,-4.450
 0.099,-4.499
 0.088,-4.507
 0.065,-4.529
 0.065,-4.558
 0.065,-4.567
 0.088,-4.603
 0.088,-4.619
 0.088,-4.635
 0.111,-4.641
 0.111,-4.644
 0.111,-4.686
 0.122,-4.694
 0.111,-4.702
 0.123,-4.745
 0.123,-4.732
 0.123,-4.745
 0.146,-4.739
 0.134,-4.753
 0.134,-4.754
 0.134,-4.769
 0.123,-4.790
 0.146,-4.784
 0.135,-4.804
 0.146,-4.813
 0.112,-4.785
 0.123,-4.806
 0.146,-4.816
 0.146,-4.844
 0.169,-4.835
 0.169,-4.835
 0.158,-4.834
 0.169,-4.828
 0.157,-4.837
 0.169,-4.851
 0.146,-4.815
 0.157,-4.792
 0.134,-4.769
 0.145,-4.762
 0.157,-4.731
 0.156,-4.741
 0.168,-4.740
 0.168,-4.739
 0.179,-4.703
 0.180,-4.716
 0.179,-4.702
 0.180,-4.715
 0.179,-4.703
 0.179,-4.703
 0.167,-4.688
 0.156,-4.667
 0.167,-4.672
 0.168,-4.650
 0.156,-4.636
 0.145,-4.634
 0.122,-4.621
 0.110,-4.619
 0.122,-4.576
 0.110,-4.562
 0.110,-4.546
 0.133,-4.540
 0.110,-4.530
 0.110,-4.501
 0.121,-4.465
 0.121,-4.449
 0.121,-4.437
 0.121,-4.449
 0.144,-4.410
 0.121,-4.416
 0.144,-4.439
 0.132,-4.435
 0.144,-4.455
 0.132,-4.451
 0.121,-4.465
 0.110,-4.457
 0.121,-4.465
 0.110,-4.469
 0.121,-4.454
 0.110,-4.485
 0.122,-4.499
 0.110,-4.495
 0.110,-4.530
 0.099,-4.538
 0.088,-4.546
 0.088,-4.574
 0.088,-4.562
 0.076,-4.560
 0.088,-4.546
 0.076,-4.531
 0.087,-4.523
 0.075,-4.509
 0.086,-4.485
 0.109,-4.434
 0.097,-4.420
 0.097,-4.404
 0.108,-4.367
 0.108,-4.334
 0.085,-4.300
 0.062,-4.278
 0.062,-4.261
 0.062,-4.249
 0.062,-4.233
 0.062,-4.217
 0.062,-4.194
 0.074,-4.197
 0.074,-4.202
 0.074,-4.230
 0.051,-4.219
 0.040,-4.227
 0.029,-4.241
 0.029,-4.263
 0.018,-4.305
 0.029,-4.314
 0.006,-4.336
 0.006,-4.409
 0.018,-4.455
 0.029,-4.521
 0.007,-4.543
-0.005,-4.573
 0.006,-4.632
-0.006,-4.650
-0.006,-4.707
 0.005,-4.708
 0.028,-4.731
 0.005,-4.737
 0.016,-4.717
 0.016,-4.729
 0.027,-4.709
 0.039,-4.701
 0.050,-4.700
 0.073,-4.649
 0.073,-4.633
 0.108,-4.612
 0.130,-4.590
 0.119,-4.583
 0.131,-4.556
 0.131,-4.524
 0.131,-4.524
 0.131,-4.524
 0.131,-4.507
 0.119,-4.493
 0.096,-4.527
 0.108,-4.529
 0.086,-4.574
 0.063,-4.596
 0.051,-4.614
 0.028,-4.649
 0.028,-4.648
 0.017,-4.656
 0.017,-4.647
 0.017,-4.634
 0.016,-4.646
 0.017,-4.634
 0.016,-4.618
 0.005,-4.610
 0.017,-4.611
 0.006,-4.588
 0.006,-4.559
 0.006,-4.559
 0.017,-4.551
 0.017,-4.516
 0.017,-4.529
 0.017,-4.500
 0.017,-4.500
 0.017,-4.484
 0.005,-4.485
 0.005,-4.498
 0.017,-4.500
 0.017,-4.500
 0.017,-4.484
-0.006,-4.477
 0.017,-4.468
 0.029,-4.454
 0.028,-4.448
 0.029,-4.454
 0.017,-4.433
 0.029,-4.426
 0.029,-4.425
 0.029,-4.409
 0.051,-4.399
 0.040,-4.378
 0.040,-4.395
 0.040,-4.411
 0.063,-4.406
 0.052,-4.426
 0.051,-4.391
 0.029,-4.409
 0.040,-4.417
 0.063,-4.440
 0.040,-4.462
 0.039,-4.472
 0.028,-4.493
 0.040,-4.500
 0.051,-4.499
 0.051,-4.499
 0.040,-4.500
 0.040,-4.507
 0.040,-4.523
 0.028,-4.537
 0.040,-4.551
 0.040,-4.561
 0.051,-4.559
 0.029,-4.553
 0.051,-4.559
 0.029,-4.565
 0.029,-4.553
 0.040,-4.551
 0.041,-4.545
 0.017,-4.545
 0.028,-4.537
 0.028,-4.508
 0.017,-4.513
 0.029,-4.515
-0.005,-4.500
-0.005,-4.484
 0.006,-4.458
 0.006,-4.470
 0.006,-4.442
 0.018,-4.407
-0.005,-4.413
 0.006,-4.380
 0.006,-4.409
-0.005,-4.389
-0.005,-4.360
-0.016,-4.381
-0.017,-4.346
-0.017,-4.341
-0.016,-4.364
-0.028,-4.350
-0.005,-4.373
-0.005,-4.360
-0.005,-4.372
-0.017,-4.386
-0.017,-4.403
-0.017,-4.431
-0.028,-4.433
-0.028,-4.462
-0.017,-4.441
-0.005,-4.456
-0.017,-4.469
 0.006,-4.464
 0.006,-4.476
 0.006,-4.447
-0.005,-4.439
 0.006,-4.454
-0.016,-4.435
-0.005,-4.439
 0.006,-4.425
-0.017,-4.403
 0.006,-4.409
-0.005,-4.411
-0.028,-4.394
-0.028,-4.411
-0.040,-4.425
-0.051,-4.417
-0.051,-4.404
-0.040,-4.437
-0.029,-4.428
-0.028,-4.445
-0.039,-4.470
-0.039,-4.486
-0.051,-4.477
-0.039,-4.486
-0.051,-4.478
-0.039,-4.498
-0.073,-4.500
-0.062,-4.549
-0.051,-4.544
-0.074,-4.566
-0.051,-4.573
-0.063,-4.558
-0.051,-4.557
-0.062,-4.536
-0.063,-4.559
-0.051,-4.573
-0.051,-4.560
-0.051,-4.573
-0.051,-4.544
-0.039,-4.559
-0.040,-4.565
-0.051,-4.560
-0.039,-4.559
-0.040,-4.581
-0.039,-4.575
-0.051,-4.618
-0.028,-4.627
-0.016,-4.655
-0.028,-4.640
-0.005,-4.663
-0.016,-4.677
-0.016,-4.686
-0.027,-4.730
-0.004,-4.724
-0.016,-4.754
-0.004,-4.752
-0.004,-4.723
-0.005,-4.720
 0.018,-4.714
 0.019,-4.746
-0.004,-4.768
-0.015,-4.792
-0.015,-4.798
-0.049,-4.812
-0.049,-4.797
-0.049,-4.787
-0.049,-4.774
-0.060,-4.811
-0.059,-4.820
-0.082,-4.842
-0.104,-4.871
-0.127,-4.864
-0.127,-4.900
-0.126,-4.915
-0.126,-4.938
-0.103,-4.974
-0.114,-4.984
-0.103,-5.006
-0.068,-4.984
-0.057,-5.021
-0.045,-5.021
-0.034,-4.954
-0.034,-4.879
-0.046,-4.879
-0.058,-4.849
-0.069,-4.841
-0.081,-4.798
-0.104,-4.728
-0.127,-4.631
-0.150,-4.609
-0.196,-4.609
-0.207,-4.576
-0.242,-4.541
-0.253,-4.498
-0.288,-4.461
-0.277,-4.459
-0.299,-4.453
-0.300,-4.449
-0.346,-4.420
-0.368,-4.414
-0.391,-4.436
-0.424,-4.454
-0.470,-4.488
-0.528,-4.502
-0.563,-4.493
-0.586,-4.483
-0.607,-4.464
-0.583,-4.503
-0.571,-4.511
-0.549,-4.518
-0.537,-4.532
-0.537,-4.488
-0.550,-4.486
-0.539,-4.449
-0.562,-4.426
-0.573,-4.412
-0.594,-4.422
-0.607,-4.420
-0.629,-4.391
-0.664,-4.383
-0.666,-4.350
-0.664,-4.294
-0.689,-4.283
-0.700,-4.268
-0.699,-4.241
-0.678,-4.269
-0.688,-4.249
-0.678,-4.224
-0.655,-4.246
-0.666,-4.277
-0.632,-4.314
-0.618,-4.333
-0.607,-4.376
-0.596,-4.383
-0.574,-4.373
-0.564,-4.349
-0.552,-4.329
-0.529,-4.352
-0.516,-4.348
-0.516,-4.348
-0.504,-4.334
-0.516,-4.320
-0.495,-4.316
-0.483,-4.301
-0.496,-4.299
-0.474,-4.327
-0.484,-4.301
-0.461,-4.330
-0.449,-4.354
-0.473,-4.354
-0.462,-4.352
-0.450,-4.377
-0.450,-4.405
-0.461,-4.413
-0.460,-4.429
-0.461,-4.458
-0.449,-4.437
-0.461,-4.503
-0.460,-4.518
-0.460,-4.563
-0.484,-4.569
-0.471,-4.571
-0.484,-4.576
-0.472,-4.584
-0.484,-4.614
-0.461,-4.637
-0.448,-4.661
-0.449,-4.690
-0.449,-4.689
-0.449,-4.689
-0.437,-4.704
-0.437,-4.697
-0.416,-4.665
-0.417,-4.649
-0.428,-4.651
-0.427,-4.667
-0.438,-4.668
-0.451,-4.673
-0.450,-4.683
-0.474,-4.711
-0.463,-4.681
-0.427,-4.654
-0.395,-4.660
-0.350,-4.593
-0.316,-4.563
-0.305,-4.510
-0.305,-4.459
-0.307,-4.421
-0.329,-4.370
-0.318,-4.305
-0.341,-4.266
-0.375,-4.229
-0.400,-4.219
-0.410,-4.226
-0.421,-4.235
-0.422,-4.263
-0.454,-4.287
-0.466,-4.352
-0.487,-4.384
-0.487,-4.451
-0.476,-4.516
-0.474,-4.622
-0.450,-4.779
-0.403,-4.862
-0.380,-4.942
-0.392,-4.957
-0.392,-4.957
-0.382,-4.972
-0.369,-5.017
-0.334,-5.041
-0.347,-5.046
-0.335,-5.025
-0.359,-5.009
-0.381,-5.025
-0.404,-5.018
-0.416,-5.023
-0.415,-4.958
-0.418,-4.934
-0.406,-4.919
-0.439,-4.914
-0.439,-4.920
-0.438,-4.891
-0.440,-4.889
-0.440,-4.859
-0.450,-4.912
-0.439,-4.927
-0.415,-4.965
-0.405,-4.942
-0.382,-4.935
-0.359,-4.980
-0.347,-4.988
-0.324,-4.959
-0.302,-4.951
-0.279,-4.928
-0.268,-4.921
-0.257,-4.884
-0.222,-4.857
-0.223,-4.832
-0.200,-4.781
-0.178,-4.765
-0.155,-4.743
-0.144,-4.722
-0.145,-4.690
-0.145,-4.639
-0.134,-4.603
-0.111,-4.609
-0.100,-4.589
-0.101,-4.579
-0.100,-4.528
-0.112,-4.513
-0.135,-4.491
-0.157,-4.484
-0.169,-4.477
-0.158,-4.468
-0.192,-4.438
-0.193,-4.443
-0.181,-4.446
-0.181,-4.474
-0.158,-4.513
-0.145,-4.588
-0.145,-4.594
-0.144,-4.588
-0.191,-4.556
-0.169,-4.511
-0.168,-4.489
-0.168,-4.472
-0.179,-4.468
-0.191,-4.482
-0.202,-4.440
-0.225,-4.462
-0.226,-4.429
-0.226,-4.400
-0.261,-4.376
-0.249,-4.362
-0.261,-4.376
-0.284,-4.353
-0.283,-4.341
-0.307,-4.331
-0.306,-4.325
-0.306,-4.325
-0.318,-4.333
-0.316,-4.343
-0.318,-4.339
-0.318,-4.322
-0.308,-4.297
-0.318,-4.277
-0.328,-4.274
-0.340,-4.288
-0.329,-4.268
-0.329,-4.268
-0.340,-4.288
-0.306,-4.274
-0.318,-4.278
-0.307,-4.286
-0.306,-4.280
-0.318,-4.294
-0.295,-4.288
-0.318,-4.322
-0.318,-4.339
-0.329,-4.347
-0.318,-4.383
-0.317,-4.372
-0.318,-4.384
-0.329,-4.391
-0.329,-4.392
-0.306,-4.398
-0.316,-4.394
-0.317,-4.422
-0.317,-4.422
-0.305,-4.459
-0.305,-4.465
-0.305,-4.475
-0.328,-4.504
-0.339,-4.511
-0.339,-4.556
-0.316,-4.562
-0.293,-4.534
-0.294,-4.502
-0.306,-4.493
-0.294,-4.501
-0.317,-4.495
-0.304,-4.497
-0.316,-4.534
-0.304,-4.564
-0.325,-4.625
-0.326,-4.637
-0.337,-4.645
-0.327,-4.673
-0.314,-4.674
-0.315,-4.697
-0.292,-4.703
-0.280,-4.698
-0.281,-4.711
-0.268,-4.713
-0.280,-4.743
-0.280,-4.750
-0.268,-4.735
-0.280,-4.734
-0.269,-4.742
-0.279,-4.750
-0.269,-4.742
-0.256,-4.714
-0.269,-4.697
-0.269,-4.674
-0.269,-4.646
-0.269,-4.630
-0.270,-4.579
-0.270,-4.563
-0.281,-4.526
-0.293,-4.512
-0.281,-4.498
-0.258,-4.469
-0.259,-4.466
-0.271,-4.434
-0.260,-4.426
-0.271,-4.435
-0.258,-4.425
-0.259,-4.437
-0.258,-4.425
-0.247,-4.468
-0.247,-4.496
-0.223,-4.535
-0.235,-4.561
-0.246,-4.541
-0.258,-4.555
-0.247,-4.547
-0.223,-4.557
-0.213,-4.577
-0.201,-4.557
-0.201,-4.557
-0.236,-4.532
-0.236,-4.520
-0.236,-4.533
-0.225,-4.512
-0.236,-4.504
-0.236,-4.488
-0.236,-4.475
-0.236,-4.465
-0.258,-4.431
-0.259,-4.437
-0.260,-4.421
-0.282,-4.386
-0.271,-4.368
-0.259,-4.348
-0.282,-4.342
-0.294,-4.339
-0.293,-4.322
-0.305,-4.319
-0.282,-4.325
-0.282,-4.325
-0.284,-4.320
-0.283,-4.308
-0.271,-4.317
-0.282,-4.325
-0.282,-4.325
-0.294,-4.311
-0.282,-4.297
-0.283,-4.264
-0.272,-4.228
-0.283,-4.219
-0.283,-4.220
-0.282,-4.207
-0.283,-4.219
-0.283,-4.191
-0.295,-4.205
-0.283,-4.219
-0.294,-4.244
-0.294,-4.256
-0.294,-4.244
-0.294,-4.272
-0.294,-4.272
-0.304,-4.297
-0.293,-4.294
-0.305,-4.280
-0.317,-4.294
-0.305,-4.309
-0.316,-4.288
-0.340,-4.322
-0.339,-4.310
-0.350,-4.347
-0.350,-4.375
-0.349,-4.363
-0.350,-4.375
-0.361,-4.399
-0.338,-4.422
-0.350,-4.436
-0.337,-4.438
-0.338,-4.451
-0.327,-4.442
-0.340,-4.440
-0.317,-4.463
-0.327,-4.458
-0.339,-4.473
-0.338,-4.467
-0.349,-4.452
-0.338,-4.467
-0.337,-4.438
-0.328,-4.465
-0.316,-4.451
-0.315,-4.473
-0.305,-4.488
-0.292,-4.489
-0.281,-4.526
-0.270,-4.534
-0.270,-4.535
-0.258,-4.549
-0.246,-4.551
-0.258,-4.555
-0.258,-4.571
-0.246,-4.579
-0.247,-4.608
-0.235,-4.632
-0.247,-4.659
-0.246,-4.669
-0.246,-4.691
-0.247,-4.719
-0.246,-4.751
-0.258,-4.779
-0.235,-4.795
-0.246,-4.803
-0.235,-4.824
-0.234,-4.810
-0.224,-4.816
-0.223,-4.803
-0.223,-4.848
-0.212,-4.856
-0.211,-4.842
-0.212,-4.840
-0.190,-4.801
-0.190,-4.786
-0.190,-4.770
-0.178,-4.781
-0.166,-4.796
-0.166,-4.766
-0.166,-4.738
-0.178,-4.692
-0.155,-4.641
-0.168,-4.623
-0.145,-4.572
-0.145,-4.572
-0.156,-4.564
-0.167,-4.544
-0.179,-4.525
-0.168,-4.505
-0.157,-4.497
-0.168,-4.489
-0.179,-4.485
-0.179,-4.497
-0.168,-4.477
-0.168,-4.477
-0.180,-4.474
-0.190,-4.432
-0.214,-4.444
-0.213,-4.438
-0.214,-4.421
-0.214,-4.421
-0.224,-4.401
-0.236,-4.415
-0.247,-4.423
-0.271,-4.429
-0.270,-4.435
-0.293,-4.445
-0.316,-4.451
-0.338,-4.422
-0.361,-4.444
-0.361,-4.489
-0.372,-4.452
-0.362,-4.485
-0.373,-4.448
-0.384,-4.456
-0.395,-4.458
-0.394,-4.452
-0.417,-4.458
-0.417,-4.430
-0.428,-4.421
-0.430,-4.411
-0.440,-4.391
-0.441,-4.374
-0.429,-4.360
-0.451,-4.354
-0.430,-4.344
-0.441,-4.346
-0.464,-4.330
-0.452,-4.337
-0.440,-4.324
-0.453,-4.321
-0.452,-4.309
-0.475,-4.293
-0.463,-4.301
-0.474,-4.309
-0.475,-4.321
-0.463,-4.301
-0.464,-4.313
-0.452,-4.315
-0.462,-4.323
-0.462,-4.324
-0.474,-4.309
-0.464,-4.330
-0.452,-4.315
-0.452,-4.315
-0.452,-4.315
-0.462,-4.295
-0.452,-4.315
-0.462,-4.295
-0.463,-4.301
-0.464,-4.285
-0.441,-4.263
-0.430,-4.260
-0.418,-4.285
-0.429,-4.293
-0.418,-4.285
-0.416,-4.290
-0.417,-4.257
-0.417,-4.257
-0.406,-4.271
-0.407,-4.277
-0.384,-4.271
-0.384,-4.278
-0.372,-4.280
-0.372,-4.280
-0.361,-4.277
-0.360,-4.266
-0.372,-4.286
-0.361,-4.272
-0.361,-4.294
-0.350,-4.286
-0.360,-4.282
-0.383,-4.316
-0.371,-4.302
-0.394,-4.325
-0.383,-4.339
-0.394,-4.324
-0.406,-4.361
-0.418,-4.375
-0.417,-4.391
-0.418,-4.420
-0.405,-4.422
-0.417,-4.464
