 0.988,-4.095
 0.976,-4.110
 0.988,-4.095
 0.986,-4.084
 0.987,-4.113
 0.973,-4.092
 0.988,-4.095
 0.976,-4.104
 0.976,-4.104
 0.965,-4.101
 0.974,-4.074
 0.963,-4.089
 0.964,-4.072
 0.950,-4.074
 0.964,-4.072
 0.950,-4.051
 0.953,-4.063
 0.963,-4.042
 0.963,-4.042
 0.963,-4.043
 0.961,-4.013
 0.964,-4.025
 0.964,-4.025
 0.974,-4.028
 0.987,-4.020
 0.996,-3.999
 0.999,-4.011
 1.001,-4.022
 1.000,-4.040
 1.013,-4.055
 1.024,-4.063
 1.024,-4.063
 1.023,-4.081
 1.022,-4.075
 1.035,-4.072
 1.044,-4.093
 1.059,-4.096
 1.059,-4.096
 1.070,-4.104
 1.061,-4.125
 1.058,-4.113
 1.060,-4.143
 1.036,-4.166
 1.058,-4.160
 1.061,-4.172
 1.070,-4.145
 1.047,-4.174
 1.060,-4.143
 1.045,-4.145
 1.060,-4.143
 1.057,-4.131
 1.036,-4.119
 1.034,-4.136
 1.033,-4.107
 1.047,-4.151
 1.046,-4.122
 1.049,-4.140
 1.062,-4.154
 1.036,-4.166
 1.038,-4.178
 1.023,-4.174
 1.012,-4.189
 1.022,-4.192
 1.009,-4.171
 1.022,-4.192
 1.009,-4.177
 1.023,-4.174
 1.037,-4.195
 1.011,-4.206
 1.013,-4.218
 0.998,-4.214
 1.000,-4.244
 1.024,-4.221
 0.985,-4.200
 1.001,-4.227
 0.998,-4.214
 0.989,-4.235
 1.000,-4.197
 0.987,-4.206
 0.977,-4.203
 0.961,-4.170
 0.974,-4.191
 0.964,-4.165
 0.977,-4.156
 1.016,-4.160
 1.012,-4.142
 0.990,-4.171
 0.989,-4.148
 0.986,-4.130
 0.987,-4.113
 0.997,-4.092
 0.984,-4.101
 0.986,-4.083
 0.998,-4.075
 1.013,-4.054
 1.000,-4.040
 1.000,-4.040
 0.988,-4.048
 0.986,-4.019
 0.976,-4.016
 0.986,-4.019
 0.986,-4.019
 0.999,-4.011
 0.986,-3.972
 0.989,-3.984
 0.986,-3.972
 0.975,-3.987
 0.986,-3.972
 0.997,-3.935
 1.000,-3.946
 1.023,-3.923
 1.012,-3.914
 1.038,-3.920
 1.011,-3.931
 1.025,-3.905
 1.021,-3.911
 1.022,-3.894
 1.033,-3.903
 1.045,-3.889
 1.047,-3.900
 1.057,-3.880
 1.071,-3.900
 1.095,-3.900
 1.081,-3.903
 1.084,-3.915
 1.093,-3.894
 1.106,-3.909
 1.106,-3.909
 1.104,-3.898
 1.106,-3.886
 1.105,-3.880
 1.106,-3.886
 1.118,-3.895
 1.117,-3.866
 1.106,-3.862
 1.130,-3.839
 1.133,-3.850
 1.133,-3.850
 1.118,-3.848
 1.121,-3.860
 1.117,-3.825
 1.106,-3.816
 1.129,-3.811
 1.102,-3.823
 1.118,-3.802
 1.129,-3.810
 1.106,-3.816
 1.107,-3.798
 1.106,-3.769
 1.107,-3.798
 1.105,-3.787
 1.105,-3.787
 1.094,-3.783
 1.105,-3.787
 1.095,-3.807
 1.105,-3.787
 1.082,-3.792
 1.082,-3.792
 1.092,-3.796
 1.082,-3.839
 1.083,-3.815
 1.096,-3.836
 1.096,-3.859
 1.082,-3.885
 1.084,-3.915
 1.070,-3.895
 1.070,-3.918
 1.070,-3.941
 1.056,-3.944
 1.083,-3.979
 1.082,-3.973
 1.083,-3.979
 1.072,-4.017
 1.045,-4.028
 1.059,-4.049
 1.045,-4.051
 1.034,-4.090
 1.048,-4.087
 1.034,-4.089
 1.024,-4.086
 1.022,-4.057
 1.012,-4.072
 1.022,-4.098
 1.009,-4.083
 1.023,-4.081
 1.024,-4.086
 1.024,-4.110
 1.049,-4.139
 1.036,-4.165
 1.049,-4.186
 1.046,-4.192
 1.046,-4.192
 1.059,-4.207
 1.068,-4.209
 1.084,-4.237
 1.095,-4.245
 1.108,-4.260
 1.097,-4.251
 1.106,-4.277
 1.097,-4.298
 1.095,-4.291
 1.097,-4.298
 1.085,-4.312
 1.082,-4.300
 1.084,-4.330
 1.059,-4.300
 1.082,-4.300
 1.057,-4.341
 1.069,-4.326
 1.060,-4.353
 1.084,-4.330
 1.060,-4.353
 1.050,-4.397
 1.061,-4.376
 1.050,-4.374
 1.036,-4.376
 1.036,-4.376
 1.035,-4.370
 1.033,-4.357
 1.023,-4.355
 1.059,-4.370
 1.048,-4.361
 1.038,-4.406
 1.023,-4.408
 1.038,-4.429
 1.036,-4.423
 1.023,-4.449
 1.013,-4.493
 1.034,-4.503
 1.048,-4.525
 1.036,-4.533
 1.034,-4.550
 1.036,-4.533
 1.047,-4.519
 1.051,-4.514
 1.050,-4.538
 1.051,-4.514
 1.039,-4.529
 1.047,-4.518
 1.037,-4.493
 1.048,-4.455
 1.033,-4.451
 1.023,-4.449
 1.046,-4.442
 1.036,-4.423
 1.048,-4.408
 1.037,-4.400
 1.025,-4.414
 1.023,-4.402
 1.025,-4.414
 1.037,-4.399
 1.037,-4.399
 1.024,-4.385
 1.034,-4.387
 1.026,-4.391
 1.023,-4.379
 1.046,-4.372
 1.037,-4.353
 1.037,-4.353
 1.039,-4.365
 1.062,-4.359
 1.025,-4.367
 1.038,-4.383
 1.010,-4.363
 1.000,-4.385
 1.012,-4.393
 0.986,-4.386
 1.000,-4.384
 0.975,-4.378
 0.978,-4.391
 0.965,-4.375
 0.952,-4.384
 0.953,-4.390
 0.951,-4.400
 0.941,-4.399
 0.952,-4.384
 0.951,-4.401
 0.941,-4.399
 0.938,-4.386
 0.951,-4.401
 0.963,-4.410
 0.989,-4.399
 1.002,-4.373
 1.001,-4.390
 1.002,-4.420
 1.013,-4.423
 1.024,-4.431
 1.013,-4.423
 1.010,-4.410
 1.001,-4.431
 1.012,-4.440
 1.024,-4.431
 1.025,-4.461
 1.012,-4.439
 1.015,-4.459
 1.025,-4.461
 0.987,-4.486
 1.013,-4.493
 1.010,-4.480
 1.024,-4.478
 1.023,-4.495
 0.999,-4.518
 0.978,-4.507
 0.975,-4.494
 1.002,-4.531
 1.000,-4.501
 1.002,-4.531
 0.991,-4.529
 1.013,-4.492
 1.003,-4.514
 0.989,-4.492
 0.975,-4.495
 0.976,-4.478
 1.009,-4.474
 0.988,-4.463
 1.012,-4.439
 1.000,-4.454
 1.001,-4.437
 0.999,-4.425
 1.001,-4.437
 0.988,-4.422
 0.988,-4.416
 1.000,-4.408
 0.997,-4.395
 0.977,-4.408
 0.965,-4.375
 0.976,-4.384
 0.976,-4.384
 0.973,-4.372
 0.988,-4.376
 0.990,-4.382
 1.001,-4.390
 1.002,-4.420
 0.989,-4.399
 0.989,-4.405
 1.001,-4.390
 1.012,-4.393
 1.011,-4.416
 1.033,-4.404
 1.036,-4.423
 1.048,-4.408
 1.059,-4.417
 1.062,-4.429
 1.059,-4.417
 1.061,-4.447
 1.059,-4.463
 1.059,-4.464
 1.062,-4.476
 1.048,-4.478
 1.038,-4.500
 1.038,-4.499
 1.023,-4.518
 1.037,-4.517
 1.036,-4.533
 1.049,-4.555
 1.038,-4.546
 1.038,-4.546
 1.028,-4.544
 1.013,-4.539
 1.024,-4.525
 1.035,-4.487
 1.033,-4.474
 1.036,-4.487
 1.034,-4.457
 1.012,-4.469
 1.024,-4.455
 1.012,-4.446
 1.012,-4.446
 1.000,-4.454
 1.001,-4.437
 1.000,-4.408
 0.986,-4.410
 0.977,-4.408
 0.950,-4.371
 0.942,-4.382
 0.975,-4.378
 0.962,-4.363
 0.953,-4.367
 0.965,-4.375
 0.966,-4.405
 0.966,-4.405
 0.965,-4.422
 0.965,-4.422
 0.963,-4.386
 0.952,-4.384
 0.975,-4.378
 0.974,-4.395
 0.989,-4.399
 0.988,-4.393
 1.003,-4.397
 1.002,-4.414
 1.000,-4.408
 1.026,-4.438
 1.012,-4.439
 1.026,-4.438
 1.037,-4.446
 1.023,-4.448
 1.025,-4.461
 1.024,-4.431
 1.037,-4.446
 1.034,-4.457
 1.058,-4.434
 1.075,-4.444
 1.074,-4.420
 1.087,-4.436
 1.075,-4.445
 1.072,-4.455
 1.072,-4.479
 1.080,-4.428
 1.084,-4.464
 1.083,-4.440
 1.083,-4.440
 1.097,-4.438
 1.082,-4.417
 1.084,-4.423
 1.095,-4.432
 1.083,-4.440
 1.073,-4.462
 1.059,-4.463
 1.050,-4.485
 1.072,-4.479
 1.059,-4.463
 1.050,-4.485
 1.047,-4.472
 1.026,-4.485
 1.035,-4.486
 1.009,-4.474
 1.025,-4.461
 1.025,-4.461
 1.040,-4.459
 1.003,-4.467
 0.989,-4.446
 1.002,-4.461
 0.987,-4.433
 0.977,-4.455
 0.964,-4.439
 0.974,-4.442
 0.965,-4.469
 0.963,-4.456
 0.954,-4.461
 0.968,-4.482
 0.964,-4.486
 0.954,-4.531
 0.928,-4.517
 0.930,-4.530
 0.929,-4.500
 0.928,-4.517
 0.929,-4.501
 0.928,-4.517
 0.905,-4.524
 0.918,-4.492
 0.916,-4.485
 0.906,-4.507
 0.916,-4.479
 0.917,-4.469
 0.930,-4.436
 0.954,-4.460
 0.955,-4.467
 0.966,-4.452
 0.955,-4.443
 0.965,-4.422
 0.974,-4.395
 0.988,-4.417
 0.985,-4.404
 1.000,-4.408
 1.012,-4.393
 0.999,-4.425
 1.027,-4.444
 1.036,-4.422
 1.038,-4.429
 1.024,-4.431
 1.024,-4.431
 1.038,-4.429
 1.036,-4.416
 1.024,-4.431
 1.024,-4.431
 1.023,-4.402
 1.026,-4.391
 1.035,-4.370
 1.024,-4.385
 1.013,-4.376
 1.021,-4.372
 1.024,-4.385
 1.022,-4.378
 1.050,-4.374
 1.026,-4.397
 1.026,-4.391
 1.026,-4.397
 1.024,-4.384
 1.013,-4.376
 1.024,-4.338
 1.010,-4.317
 1.011,-4.347
 1.035,-4.346
 1.036,-4.329
 1.047,-4.315
 1.059,-4.323
 1.073,-4.321
 1.059,-4.323
 1.049,-4.344
 1.072,-4.344
 1.083,-4.347
 1.085,-4.359
 1.084,-4.329
 1.061,-4.336
 1.084,-4.330
 1.081,-4.317
 1.108,-4.307
 1.082,-4.300
 1.084,-4.283
 1.084,-4.283
 1.069,-4.285
 1.083,-4.301
 1.081,-4.270
 1.085,-4.312
 1.074,-4.327
 1.073,-4.321
 1.088,-4.325
 1.060,-4.306
 1.048,-4.315
 1.048,-4.315
 1.046,-4.285
 1.048,-4.315
 1.034,-4.294
 1.036,-4.306
 1.036,-4.306
 1.023,-4.291
 1.027,-4.327
 0.999,-4.314
 1.012,-4.329
 1.001,-4.344
 0.975,-4.331
 0.977,-4.344
 0.989,-4.352
 0.977,-4.344
 0.989,-4.352
 0.999,-4.355
 0.987,-4.370
 0.974,-4.354
 0.976,-4.361
 0.977,-4.367
 0.953,-4.367
 0.978,-4.390
 0.962,-4.363
 0.975,-4.378
 1.013,-4.376
 1.013,-4.376
 1.015,-4.388
 1.038,-4.382
 1.026,-4.397
 1.037,-4.399
 1.034,-4.410
 1.060,-4.394
 1.069,-4.396
 1.058,-4.411
 1.071,-4.402
 1.083,-4.440
 1.086,-4.453
 1.097,-4.461
 1.086,-4.500
 1.097,-4.508
 1.107,-4.510
 1.097,-4.508
 1.083,-4.487
 1.085,-4.494
 1.097,-4.508
 1.095,-4.519
 1.085,-4.517
 1.071,-4.495
 1.072,-4.502
 1.085,-4.517
 1.071,-4.496
 1.073,-4.526
 1.080,-4.515
 1.071,-4.496
 1.074,-4.508
 1.062,-4.476
 1.078,-4.504
 1.062,-4.476
 1.050,-4.485
 1.038,-4.476
 1.033,-4.451
 1.012,-4.440
 1.010,-4.433
 1.023,-4.448
 1.024,-4.431
 1.024,-4.431
 1.027,-4.444
 1.024,-4.431
 1.014,-4.452
 1.001,-4.437
 0.987,-4.433
 0.977,-4.460
 0.999,-4.448
 1.000,-4.454
 1.025,-4.455
 0.999,-4.471
 1.013,-4.469
 1.011,-4.463
 1.013,-4.469
 1.013,-4.470
 1.022,-4.465
 1.024,-4.478
 1.047,-4.472
 1.050,-4.491
 1.063,-4.506
 1.061,-4.493
 1.063,-4.506
 1.072,-4.525
 1.050,-4.531
 1.048,-4.501
 1.071,-4.495
 1.072,-4.479
 1.070,-4.472
 1.085,-4.470
 1.086,-4.453
 1.059,-4.417
 1.086,-4.453
 1.069,-4.419
 1.048,-4.408
 1.049,-4.391
 1.024,-4.384
 1.038,-4.382
 1.035,-4.370
 1.013,-4.376
 1.024,-4.361
 1.023,-4.332
 0.990,-4.335
 1.011,-4.299
 1.011,-4.300
 1.011,-4.299
 1.022,-4.308
 1.015,-4.295
 1.025,-4.297
 1.027,-4.327
 1.050,-4.327
 0.999,-4.314
 1.014,-4.312
 1.011,-4.300
 1.010,-4.317
 1.011,-4.346
 1.010,-4.317
 1.013,-4.329
 1.035,-4.323
 1.012,-4.329
 1.014,-4.359
 1.011,-4.346
 1.013,-4.376
 1.022,-4.355
 1.036,-4.376
 1.036,-4.376
 1.034,-4.387
 1.049,-4.391
 1.035,-4.393
 1.025,-4.414
 1.037,-4.399
 1.011,-4.369
 1.024,-4.385
 1.035,-4.370
 1.037,-4.353
 1.051,-4.356
 1.061,-4.335
 1.051,-4.309
 1.060,-4.283
 1.049,-4.274
 1.036,-4.259
 1.046,-4.238
 1.047,-4.221
 1.057,-4.201
 1.035,-4.183
 1.072,-4.181
 1.058,-4.160
 1.072,-4.181
 1.070,-4.169
 1.060,-4.189
 1.061,-4.172
 1.071,-4.151
 1.073,-4.163
 1.058,-4.160
 1.071,-4.151
 1.060,-4.143
 1.058,-4.137
 1.048,-4.157
 1.058,-4.160
 1.070,-4.169
 1.060,-4.189
 1.083,-4.189
 1.063,-4.201
 1.074,-4.210
 1.075,-4.240
 1.099,-4.263
 1.060,-4.259
 1.061,-4.289
 1.070,-4.262
 1.071,-4.292
 1.082,-4.300
 1.082,-4.300
 1.097,-4.298
 1.082,-4.300
 1.085,-4.313
 1.084,-4.306
 1.058,-4.323
 1.084,-4.330
 1.082,-4.300
 1.073,-4.321
 1.073,-4.321
 1.082,-4.300
 1.084,-4.330
 1.070,-4.308
 1.072,-4.338
 1.072,-4.338
 1.057,-4.340
 1.073,-4.321
 1.071,-4.315
 1.074,-4.327
 1.087,-4.342
 1.086,-4.336
 1.098,-4.328
 1.095,-4.315
 1.084,-4.330
 1.095,-4.315
 1.093,-4.303
 1.096,-4.315
 1.105,-4.294
 1.108,-4.307
 1.133,-4.313
 1.143,-4.292
 1.146,-4.352
 1.132,-4.330
 1.133,-4.336
 1.157,-4.337
 1.142,-4.356
 1.145,-4.369
 1.142,-4.333
 1.143,-4.339
 1.143,-4.339
 1.129,-4.364
 1.129,-4.365
 1.142,-4.356
 1.157,-4.360
 1.160,-4.349
 1.158,-4.343
 1.123,-4.358
 1.120,-4.345
 1.120,-4.339
 1.131,-4.348
 1.116,-4.349
 1.131,-4.348
 1.106,-4.324
 1.097,-4.345
 1.121,-4.321
 1.084,-4.330
 1.074,-4.351
 1.071,-4.332
 1.049,-4.345
 1.072,-4.338
 1.059,-4.347
 1.049,-4.344
 1.059,-4.370
 1.048,-4.408
 1.024,-4.384
 1.012,-4.393
 1.036,-4.417
 1.023,-4.401
 1.001,-4.390
 1.015,-4.388
 1.025,-4.367
 1.015,-4.388
 1.025,-4.367
 1.025,-4.367
 1.037,-4.353
 1.034,-4.340
 1.035,-4.324
 1.033,-4.311
 1.047,-4.315
 1.036,-4.306
 1.047,-4.314
 1.050,-4.327
 1.047,-4.314
 1.048,-4.321
 1.050,-4.327
 1.047,-4.314
 1.060,-4.306
 1.069,-4.285
 1.071,-4.291
 1.073,-4.274
 1.083,-4.230
 1.082,-4.254
 1.118,-4.216
 1.120,-4.228
 1.133,-4.219
 1.131,-4.236
 1.134,-4.249
 1.144,-4.228
 1.146,-4.234
 1.131,-4.237
 1.129,-4.224
 1.130,-4.254
 1.129,-4.225
 1.131,-4.237
 1.144,-4.228
 1.131,-4.237
 1.108,-4.219
 1.107,-4.213
 1.120,-4.204
 1.107,-4.213
 1.094,-4.192
 1.083,-4.189
 1.094,-4.192
 1.096,-4.204
 1.109,-4.196
 1.093,-4.192
 1.084,-4.213
 1.082,-4.183
 1.109,-4.196
 1.108,-4.195
 1.109,-4.195
 1.088,-4.207
 1.072,-4.180
 1.085,-4.195
 1.095,-4.175
 1.103,-4.172
 1.094,-4.192
 1.093,-4.145
 1.084,-4.120
 1.109,-4.149
 1.095,-4.128
 1.085,-4.149
 1.082,-4.137
 1.096,-4.158
 1.072,-4.134
 1.082,-4.136
 1.083,-4.143
 1.093,-4.145
 1.095,-4.128
 1.083,-4.119
 1.092,-4.163
 1.083,-4.143
 1.106,-4.137
 1.097,-4.140
 1.123,-4.146
 1.096,-4.157
 1.097,-4.140
 1.106,-4.160
 1.096,-4.158
 1.119,-4.152
 1.103,-4.172
 1.119,-4.152
 1.141,-4.123
 1.120,-4.134
 1.132,-4.126
 1.131,-4.143
 1.121,-4.164
 1.143,-4.129
 1.131,-4.143
 1.131,-4.143
 1.130,-4.160
 1.131,-4.190
 1.143,-4.175
 1.144,-4.205
 1.130,-4.207
 1.129,-4.225
 1.144,-4.228
 1.143,-4.222
 1.158,-4.226
 1.145,-4.257
 1.133,-4.266
 1.135,-4.296
 1.119,-4.268
 1.119,-4.292
 1.117,-4.286
 1.093,-4.303
 1.097,-4.298
 1.082,-4.300
 1.061,-4.289
 1.073,-4.321
 1.060,-4.306
 1.050,-4.327
 1.047,-4.314
 1.025,-4.320
 1.036,-4.306
 1.035,-4.323
 1.012,-4.329
 0.998,-4.331
 1.001,-4.320
 0.987,-4.323
 0.987,-4.322
 1.014,-4.359
 1.012,-4.329
 1.015,-4.341
 1.001,-4.343
 0.989,-4.352
 1.014,-4.359
 1.011,-4.346
 1.025,-4.344
 1.000,-4.361
 1.011,-4.346
 1.037,-4.353
 1.046,-4.332
 1.048,-4.361
 1.036,-4.376
 1.024,-4.384
 1.026,-4.397
 1.024,-4.384
 1.026,-4.397
 1.037,-4.399
 1.023,-4.401
 1.011,-4.393
 1.023,-4.401
 1.024,-4.385
 1.034,-4.410
 1.036,-4.416
 1.038,-4.406
 1.060,-4.400
 1.076,-4.427
 1.075,-4.444
 1.049,-4.438
 1.073,-4.461
 1.060,-4.440
 1.084,-4.423
 1.095,-4.426
 1.093,-4.420
 1.107,-4.441
 1.118,-4.425
 1.121,-4.438
 1.134,-4.454
 1.132,-4.447
 1.134,-4.454
 1.119,-4.455
 1.121,-4.485
 1.119,-4.455
 1.119,-4.449
 1.133,-4.470
 1.107,-4.464
 1.107,-4.464
 1.119,-4.449
 1.108,-4.447
 1.111,-4.459
 1.108,-4.447
 1.110,-4.476
 1.110,-4.476
 1.096,-4.479
 1.109,-4.494
 1.106,-4.457
 1.095,-4.473
 1.106,-4.481
 1.117,-4.490
 1.120,-4.503
 1.130,-4.504
 1.121,-4.532
 1.132,-4.540
 1.109,-4.540
 1.110,-4.547
 1.120,-4.549
 1.110,-4.547
 1.121,-4.532
 1.108,-4.557
 1.110,-4.570
 1.106,-4.574
 1.093,-4.559
 1.108,-4.557
 1.096,-4.572
 1.137,-4.560
 1.121,-4.578
 1.123,-4.609
 1.123,-4.609
 1.122,-4.626
 1.111,-4.617
 1.119,-4.612
 1.107,-4.621
 1.118,-4.629
 1.106,-4.644
 1.122,-4.626
 1.109,-4.634
 1.111,-4.664
 1.098,-4.696
 1.098,-4.696
 1.098,-4.696
 1.094,-4.699
 1.084,-4.721
 1.109,-4.745
 1.085,-4.768
 1.100,-4.773
 1.094,-4.792
 1.110,-4.822
 1.123,-4.813
 1.123,-4.813
 1.125,-4.827
 1.111,-4.805
 1.112,-4.812
 1.099,-4.813
 1.086,-4.798
 1.122,-4.813
 1.105,-4.801
 1.109,-4.838
 1.121,-4.830
 1.099,-4.836
 1.100,-4.867
 1.097,-4.853
 1.077,-4.873
 1.088,-4.875
 1.073,-4.876
 1.075,-4.906
 1.096,-4.869
 1.075,-4.906
 1.086,-4.891
 1.076,-4.866
 1.088,-4.875
 1.083,-4.830
 1.100,-4.820
 1.112,-4.811
 1.124,-4.796
 1.123,-4.813
 1.119,-4.776
 1.133,-4.775
 1.156,-4.721
 1.145,-4.713
 1.156,-4.721
 1.153,-4.708
 1.179,-4.722
 1.191,-4.707
 1.194,-4.697
 1.171,-4.679
 1.192,-4.643
 1.195,-4.656
 1.192,-4.643
 1.179,-4.605
 1.181,-4.588
 1.189,-4.560
 1.205,-4.565
 1.191,-4.550
 1.203,-4.535
 1.194,-4.516
 1.177,-4.481
 1.182,-4.477
 1.193,-4.463
 1.204,-4.424
 1.194,-4.422
 1.204,-4.424
 1.194,-4.399
 1.204,-4.378
 1.191,-4.363
 1.216,-4.369
 1.224,-4.342
 1.228,-4.355
 1.237,-4.334
 1.224,-4.342
 1.229,-4.337
 1.238,-4.316
 1.229,-4.337
 1.216,-4.299
 1.229,-4.290
 1.218,-4.282
 1.226,-4.278
 1.227,-4.261
 1.225,-4.231
 1.224,-4.249
 1.251,-4.238
 1.238,-4.223
 1.240,-4.229
 1.227,-4.214
 1.224,-4.226
 1.239,-4.206
 1.249,-4.208
 1.252,-4.244
 1.253,-4.244
 1.254,-4.250
 1.254,-4.250
 1.262,-4.270
 1.253,-4.267
 1.249,-4.255
 1.249,-4.255
 1.264,-4.253
 1.260,-4.264
 1.274,-4.279
 1.273,-4.278
 1.264,-4.276
 1.264,-4.299
 1.250,-4.301
 1.265,-4.305
 1.251,-4.285
 1.238,-4.316
 1.240,-4.323
 1.237,-4.333
 1.240,-4.323
 1.238,-4.316
 1.203,-4.331
 1.216,-4.322
 1.200,-4.318
 1.202,-4.301
 1.191,-4.292
 1.189,-4.310
 1.192,-4.275
 1.178,-4.277
 1.183,-4.296
 1.192,-4.275
 1.181,-4.290
 1.158,-4.272
 1.167,-4.245
 1.168,-4.252
 1.154,-4.231
 1.155,-4.214
 1.154,-4.231
 1.141,-4.216
 1.155,-4.213
 1.155,-4.213
 1.155,-4.213
 1.145,-4.211
 1.143,-4.222
 1.133,-4.219
 1.155,-4.213
 1.155,-4.213
 1.155,-4.213
 1.166,-4.216
 1.144,-4.205
 1.143,-4.175
 1.156,-4.190
 1.155,-4.213
 1.154,-4.184
 1.157,-4.196
 1.166,-4.175
 1.155,-4.167
 1.168,-4.181
 1.162,-4.158
 1.155,-4.167
 1.155,-4.166
 1.181,-4.173
 1.169,-4.187
 1.168,-4.181
 1.182,-4.202
 1.167,-4.199
 1.167,-4.199
 1.179,-4.190
 1.165,-4.193
 1.192,-4.205
 1.190,-4.199
 1.179,-4.190
 1.192,-4.205
 1.189,-4.216
 1.168,-4.252
 1.190,-4.245
 1.194,-4.258
 1.181,-4.267
 1.165,-4.286
 1.168,-4.298
 1.180,-4.283
 1.168,-4.298
 1.181,-4.290
 1.167,-4.315
 1.181,-4.313
 1.180,-4.284
 1.168,-4.299
 1.167,-4.316
 1.176,-4.295
 1.168,-4.299
 1.180,-4.284
 1.154,-4.277
 1.168,-4.298
 1.179,-4.260
 1.170,-4.281
 1.180,-4.284
 1.168,-4.299
 1.180,-4.284
 1.165,-4.286
 1.168,-4.252
 1.165,-4.239
 1.167,-4.269
 1.166,-4.263
 1.177,-4.272
 1.180,-4.284
 1.167,-4.269
 1.181,-4.290
 1.192,-4.275
 1.165,-4.286
 1.157,-4.313
 1.156,-4.307
 1.145,-4.299
 1.132,-4.330
 1.129,-4.318
 1.107,-4.324
 1.082,-4.300
 1.084,-4.330
 1.097,-4.344
 1.059,-4.323
 1.049,-4.344
 1.059,-4.346
 1.037,-4.353
 1.024,-4.361
 1.010,-4.363
 1.013,-4.376
 0.988,-4.352
 0.992,-4.347
 0.980,-4.356
 0.990,-4.381
 0.978,-4.367
 0.964,-4.369
 0.952,-4.337
 0.976,-4.360
 0.962,-4.363
 0.990,-4.382
 0.989,-4.352
 1.002,-4.367
 1.026,-4.391
 1.011,-4.393
 1.026,-4.397
 1.023,-4.378
 1.038,-4.429
 1.049,-4.438
 1.049,-4.431
 1.051,-4.444
 1.060,-4.440
 1.061,-4.470
 1.073,-4.461
 1.060,-4.440
 1.097,-4.438
 1.095,-4.449
 1.122,-4.462
 1.122,-4.462
 1.104,-4.451
 1.120,-4.479
 1.131,-4.441
 1.145,-4.462
 1.159,-4.460
 1.170,-4.468
 1.170,-4.469
 1.144,-4.479
 1.156,-4.471
 1.155,-4.465
 1.178,-4.458
 1.181,-4.471
 1.189,-4.467
 1.181,-4.471
 1.182,-4.454
 1.193,-4.462
 1.183,-4.460
 1.191,-4.433
 1.192,-4.486
 1.180,-4.447
 1.179,-4.441
 1.169,-4.439
 1.179,-4.465
 1.181,-4.471
 1.193,-4.463
 1.168,-4.456
 1.182,-4.454
 1.154,-4.435
 1.156,-4.447
 1.142,-4.449
 1.166,-4.426
 1.170,-4.422
 1.180,-4.400
 1.183,-4.437
 1.183,-4.460
 1.156,-4.447
 1.146,-4.445
 1.131,-4.441
 1.157,-4.448
 1.155,-4.418
 1.128,-4.428
 1.132,-4.424
 1.132,-4.424
 1.147,-4.422
 1.121,-4.415
 1.120,-4.432
 1.110,-4.430
 1.096,-4.408
 1.098,-4.415
 1.109,-4.423
 1.084,-4.417
 1.109,-4.423
 1.094,-4.379
 1.097,-4.392
 1.120,-4.385
 1.107,-4.370
 1.132,-4.377
 1.117,-4.373
 1.132,-4.377
 1.133,-4.360
 1.121,-4.368
 1.135,-4.389
 1.121,-4.391
 1.134,-4.407
 1.134,-4.407
 1.131,-4.394
 1.144,-4.409
 1.128,-4.428
 1.120,-4.432
 1.132,-4.424
 1.132,-4.424
 1.135,-4.436
 1.108,-4.447
 1.123,-4.445
 1.121,-4.462
 1.107,-4.464
 1.132,-4.470
 1.107,-4.464
 1.133,-4.471
 1.145,-4.462
 1.133,-4.470
 1.146,-4.486
 1.107,-4.464
 1.133,-4.471
 1.142,-4.449
 1.142,-4.449
 1.146,-4.445
 1.145,-4.438
 1.135,-4.460
 1.134,-4.453
 1.108,-4.447
 1.121,-4.415
 1.129,-4.411
 1.119,-4.409
 1.129,-4.411
 1.131,-4.394
 1.145,-4.392
 1.144,-4.362
 1.147,-4.381
 1.133,-4.360
 1.119,-4.362
 1.120,-4.345
 1.142,-4.333
 1.145,-4.345
 1.145,-4.345
 1.143,-4.339
 1.169,-4.322
 1.154,-4.324
 1.157,-4.336
 1.156,-4.307
 1.153,-4.295
 1.178,-4.301
 1.165,-4.286
 1.157,-4.290
 1.183,-4.296
 1.170,-4.281
 1.160,-4.302
 1.167,-4.292
 1.156,-4.307
 1.154,-4.277
 1.154,-4.278
 1.154,-4.278
 1.166,-4.263
 1.168,-4.252
 1.179,-4.237
 1.156,-4.260
 1.170,-4.281
 1.166,-4.268
 1.169,-4.275
 1.168,-4.251
 1.155,-4.260
 1.169,-4.275
 1.166,-4.263
 1.179,-4.260
 1.190,-4.246
 1.167,-4.269
 1.181,-4.267
 1.153,-4.248
 1.178,-4.255
 1.202,-4.255
 1.191,-4.269
 1.218,-4.282
 1.203,-4.284
 1.183,-4.296
 1.194,-4.305
 1.191,-4.316
 1.191,-4.292
 1.188,-4.280
 1.178,-4.301
 1.165,-4.286
 1.180,-4.284
 1.168,-4.299
 1.178,-4.301
 1.181,-4.313
 1.169,-4.322
 1.156,-4.307
 1.144,-4.322
 1.129,-4.318
 1.144,-4.322
 1.143,-4.339
 1.120,-4.339
 1.144,-4.322
 1.154,-4.324
 1.121,-4.322
 1.121,-4.322
 1.130,-4.301
 1.132,-4.284
 1.142,-4.286
 1.157,-4.290
 1.158,-4.272
 1.157,-4.290
 1.146,-4.328
 1.132,-4.307
 1.145,-4.298
 1.132,-4.283
 1.130,-4.301
 1.119,-4.292
 1.130,-4.300
 1.145,-4.298
 1.145,-4.298
 1.144,-4.322
 1.157,-4.337
 1.154,-4.324
 1.157,-4.337
 1.156,-4.354
 1.143,-4.339
 1.157,-4.336
 1.131,-4.347
 1.157,-4.337
 1.156,-4.354
 1.143,-4.339
 1.145,-4.369
 1.129,-4.364
 1.121,-4.369
 1.118,-4.356
 1.107,-4.371
 1.121,-4.368
 1.132,-4.330
 1.123,-4.357
 1.121,-4.368
 1.110,-4.383
 1.109,-4.383
 1.106,-4.364
 1.109,-4.377
 1.096,-4.362
 1.107,-4.394
 1.097,-4.391
 1.108,-4.400
 1.121,-4.415
 1.108,-4.400
 1.110,-4.430
 1.110,-4.430
 1.108,-4.440
 1.111,-4.459
 1.121,-4.438
 1.120,-4.432
 1.121,-4.438
 1.120,-4.432
 1.110,-4.430
 1.119,-4.408
 1.108,-4.400
 1.121,-4.415
 1.105,-4.387
 1.108,-4.400
 1.105,-4.387
 1.094,-4.379
 1.132,-4.377
 1.144,-4.368
 1.149,-4.364
 1.146,-4.351
 1.146,-4.374
 1.133,-4.360
 1.154,-4.324
 1.156,-4.307
 1.141,-4.309
 1.166,-4.310
 1.180,-4.284
 1.178,-4.301
 1.194,-4.305
 1.191,-4.292
 1.192,-4.322
 1.192,-4.322
 1.202,-4.301
 1.192,-4.322
 1.189,-4.310
 1.191,-4.339
 1.191,-4.339
 1.191,-4.339
 1.205,-4.337
 1.191,-4.339
 1.204,-4.377
 1.203,-4.377
 1.213,-4.379
 1.202,-4.394
 1.202,-4.394
 1.217,-4.392
 1.220,-4.405
 1.231,-4.390
 1.221,-4.411
 1.218,-4.422
 1.204,-4.424
 1.204,-4.424
 1.236,-4.420
 1.225,-4.435
 1.225,-4.435
 1.241,-4.416
 1.229,-4.431
 1.216,-4.416
 1.218,-4.422
 1.215,-4.409
 1.204,-4.424
 1.191,-4.433
 1.166,-4.426
 1.169,-4.439
 1.167,-4.409
 1.180,-4.424
 1.156,-4.400
 1.142,-4.402
 1.145,-4.415
 1.132,-4.376
 1.131,-4.394
 1.131,-4.394
 1.129,-4.364
 1.110,-4.383
 1.121,-4.368
 1.122,-4.398
 1.111,-4.412
 1.108,-4.400
 1.123,-4.398
 1.107,-4.370
 1.107,-4.371
 1.129,-4.365
 1.129,-4.365
 1.145,-4.392
 1.143,-4.385
 1.109,-4.383
 1.123,-4.398
 1.121,-4.415
 1.134,-4.407
 1.119,-4.409
 1.132,-4.424
 1.132,-4.423
 1.142,-4.426
 1.132,-4.424
 1.131,-4.417
 1.132,-4.424
 1.145,-4.439
 1.155,-4.418
 1.144,-4.433
 1.154,-4.435
 1.181,-4.471
 1.169,-4.486
 1.180,-4.494
 1.173,-4.522
 1.169,-4.532
 1.158,-4.571
 1.169,-4.579
 1.155,-4.581
 1.146,-4.603
 1.143,-4.589
 1.146,-4.603
 1.146,-4.602
 1.144,-4.596
 1.147,-4.586
 1.144,-4.572
 1.147,-4.585
 1.134,-4.594
 1.132,-4.587
 1.146,-4.602
 1.154,-4.598
 1.168,-4.596
 1.168,-4.596
 1.168,-4.596
 1.170,-4.580
 1.168,-4.596
 1.157,-4.611
 1.168,-4.643
 1.191,-4.637
 1.182,-4.664
 1.205,-4.658
 1.195,-4.656
 1.195,-4.656
 1.168,-4.643
 1.170,-4.626
 1.178,-4.621
 1.168,-4.596
 1.168,-4.596
 1.177,-4.574
 1.168,-4.550
 1.166,-4.543
 1.180,-4.541
 1.169,-4.556
 1.168,-4.549
 1.145,-4.556
 1.155,-4.557
 1.145,-4.556
 1.134,-4.524
 1.144,-4.525
 1.134,-4.547
 1.131,-4.534
 1.133,-4.517
 1.133,-4.517
 1.131,-4.534
 1.134,-4.500
 1.130,-4.504
 1.145,-4.509
 1.157,-4.494
 1.157,-4.494
 1.146,-4.492
 1.157,-4.494
 1.134,-4.500
 1.134,-4.500
 1.131,-4.487
 1.135,-4.483
 1.131,-4.487
 1.144,-4.503
 1.133,-4.517
 1.155,-4.511
 1.134,-4.547
 1.144,-4.525
 1.124,-4.545
 1.161,-4.537
 1.145,-4.555
 1.145,-4.555
 1.142,-4.542
 1.133,-4.564
 1.144,-4.572
 1.144,-4.572
 1.171,-4.562
 1.168,-4.549
 1.169,-4.532
 1.169,-4.532
 1.154,-4.528
 1.168,-4.503
 1.179,-4.511
 1.182,-4.524
 1.182,-4.524
 1.158,-4.500
 1.183,-4.507
 1.168,-4.503
 1.169,-4.486
 1.156,-4.471
 1.154,-4.481
 1.177,-4.482
 1.189,-4.467
 1.180,-4.448
 1.169,-4.439
 1.157,-4.453
 1.170,-4.469
 1.156,-4.470
 1.134,-4.500
 1.157,-4.494
 1.155,-4.488
 1.145,-4.509
 1.142,-4.496
 1.168,-4.503
 1.157,-4.494
 1.145,-4.509
 1.158,-4.524
 1.153,-4.504
 1.168,-4.503
 1.171,-4.515
 1.183,-4.507
 1.209,-4.513
 1.204,-4.517
 1.206,-4.548
 1.206,-4.548
 1.203,-4.535
 1.206,-4.548
 1.214,-4.520
 1.217,-4.533
 1.215,-4.526
 1.215,-4.526
 1.230,-4.525
 1.191,-4.503
 1.183,-4.507
 1.193,-4.509
 1.180,-4.494
 1.182,-4.501
 1.178,-4.464
 1.157,-4.494
 1.166,-4.473
 1.144,-4.479
 1.147,-4.469
 1.132,-4.447
 1.120,-4.455
 1.131,-4.441
 1.108,-4.446
 1.112,-4.436
 1.134,-4.406
 1.111,-4.413
 1.099,-4.421
 1.085,-4.400
 1.074,-4.397
 1.083,-4.370
 1.073,-4.368
 1.096,-4.362
 1.083,-4.347
 1.096,-4.362
 1.083,-4.346
 1.111,-4.319
 1.098,-4.327
 1.097,-4.345
 1.109,-4.336
 1.119,-4.338
 1.109,-4.336
 1.119,-4.362
 1.119,-4.338
 1.134,-4.336
 1.130,-4.347
 1.122,-4.351
 1.121,-4.321
 1.120,-4.339
 1.145,-4.345
 1.143,-4.339
 1.157,-4.337
 1.181,-4.313
 1.169,-4.322
 1.195,-4.334
 1.180,-4.330
 1.192,-4.322
 1.215,-4.316
 1.224,-4.342
 1.239,-4.340
 1.250,-4.348
 1.264,-4.369
 1.264,-4.369
 1.264,-4.416
 1.279,-4.414
 1.263,-4.433
 1.266,-4.446
 1.252,-4.425
 1.263,-4.433
 1.288,-4.440
 1.274,-4.418
 1.277,-4.408
 1.275,-4.425
 1.264,-4.416
 1.288,-4.393
 1.285,-4.380
 1.301,-4.361
 1.288,-4.346
 1.312,-4.370
 1.304,-4.350
 1.312,-4.323
 1.303,-4.344
 1.275,-4.308
 1.250,-4.302
 1.264,-4.323
 1.248,-4.272
 1.252,-4.308
 1.250,-4.278
 1.226,-4.278
 1.229,-4.290
 1.215,-4.269
 1.195,-4.288
 1.192,-4.275
 1.178,-4.301
 1.168,-4.298
 1.154,-4.277
 1.132,-4.289
 1.132,-4.283
 1.154,-4.277
 1.156,-4.283
 1.143,-4.268
 1.133,-4.266
 1.131,-4.236
 1.130,-4.254
 1.119,-4.245
 1.143,-4.222
 1.134,-4.249
 1.146,-4.234
 1.146,-4.234
 1.147,-4.240
 1.130,-4.254
 1.122,-4.257
 1.143,-4.222
 1.155,-4.213
 1.155,-4.213
 1.130,-4.207
 1.155,-4.213
 1.166,-4.222
 1.181,-4.220
 1.171,-4.217
 1.190,-4.199
 1.181,-4.220
 1.179,-4.190
 1.179,-4.190
 1.170,-4.211
 1.190,-4.199
 1.205,-4.197
 1.190,-4.152
 1.190,-4.152
 1.216,-4.159
 1.201,-4.161
 1.194,-4.141
 1.192,-4.112
 1.190,-4.106
 1.215,-4.112
 1.214,-4.083
 1.206,-4.085
 1.218,-4.076
 1.205,-4.062
 1.205,-4.062
 1.200,-4.067
 1.203,-4.073
 1.177,-4.044
 1.202,-4.050
 1.202,-4.027
 1.202,-4.003
 1.216,-4.001
 1.202,-3.980
 1.203,-3.986
 1.204,-3.962
 1.213,-3.942
 1.216,-3.954
 1.189,-3.918
 1.190,-3.901
 1.216,-3.907
 1.202,-3.886
 1.214,-3.878
 1.237,-3.872
 1.236,-3.849
 1.238,-3.855
 1.236,-3.826
 1.251,-3.823
 1.249,-3.794
 1.236,-3.803
 1.284,-3.780
 1.295,-3.742
 1.300,-3.735
 1.322,-3.729
 1.336,-3.749
 1.348,-3.735
 1.355,-3.733
 1.346,-3.753
 1.355,-3.734
 1.367,-3.719
 1.381,-3.739
 1.378,-3.728
 1.381,-3.739
 1.392,-3.725
 1.393,-3.730
 1.383,-3.721
 1.368,-3.701
 1.396,-3.689
 1.403,-3.687
 1.394,-3.707
 1.408,-3.680
 1.405,-3.669
 1.441,-3.637
 1.463,-3.585
 1.476,-3.577
 1.486,-3.539
 1.474,-3.548
 1.477,-3.535
 1.462,-3.515
 1.460,-3.534
 1.464,-3.544
 1.451,-3.506
 1.455,-3.517
 1.429,-3.511
 1.394,-3.525
 1.383,-3.539
 1.356,-3.528
 1.321,-3.543
 1.318,-3.532
 1.307,-3.523
 1.295,-3.537
 1.259,-3.523
 1.262,-3.533
 1.247,-3.536
 1.239,-3.532
 1.238,-3.556
 1.212,-3.545
 1.203,-3.570
 1.189,-3.550
 1.202,-3.565
 1.191,-3.579
 1.212,-3.592
 1.213,-3.621
 1.200,-3.606
 1.213,-3.620
 1.226,-3.658
 1.248,-3.653
 1.239,-3.673
 1.259,-3.657
 1.286,-3.691
 1.287,-3.697
 1.297,-3.700
 1.313,-3.726
 1.323,-3.753
 1.324,-3.782
 1.311,-3.767
 1.333,-3.757
 1.347,-3.777
 1.354,-3.774
 1.369,-3.771
 1.370,-3.777
 1.369,-3.771
 1.384,-3.791
 1.358,-3.786
 1.371,-3.800
 1.383,-3.791
 1.354,-3.775
 1.373,-3.782
 1.382,-3.763
 1.359,-3.768
 1.358,-3.762
 1.332,-3.756
 1.347,-3.777
 1.343,-3.766
 1.345,-3.795
 1.360,-3.791
 1.382,-3.786
 1.369,-3.818
 1.368,-3.836
 1.371,-3.847
 1.397,-3.852
 1.395,-3.870
 1.398,-3.905
 1.382,-3.902
 1.395,-3.894
 1.393,-3.911
 1.381,-3.921
 1.358,-3.926
 1.368,-3.929
 1.372,-3.941
 1.349,-3.946
 1.346,-3.935
 1.348,-3.964
 1.334,-3.949
 1.337,-3.955
 1.348,-3.964
 1.322,-3.958
 1.313,-3.978
 1.285,-3.943
 1.300,-3.963
 1.311,-3.949
 1.285,-3.943
 1.287,-3.972
 1.272,-3.928
 1.252,-3.963
 1.263,-3.948
 1.236,-3.960
 1.249,-3.975
 1.225,-3.974
 1.265,-3.977
 1.253,-3.992
 1.263,-4.018
 1.241,-4.047
 1.240,-4.065
 1.241,-4.094
 1.241,-4.094
 1.251,-4.121
 1.216,-4.135
 1.236,-4.123
 1.264,-4.159
 1.264,-4.159
 1.251,-4.167
 1.254,-4.179
 1.240,-4.182
 1.241,-4.212
 1.241,-4.211
 1.238,-4.199
 1.252,-4.220
 1.227,-4.214
 1.228,-4.243
 1.228,-4.243
 1.238,-4.222
 1.228,-4.197
 1.237,-4.176
 1.228,-4.150
 1.239,-4.135
 1.249,-4.115
 1.265,-4.095
 1.274,-4.074
 1.265,-4.095
 1.277,-4.086
 1.277,-4.086
 1.290,-4.101
 1.262,-4.083
 1.251,-4.121
 1.251,-4.074
 1.251,-4.074
 1.241,-4.071
 1.237,-4.059
 1.240,-4.065
 1.237,-4.059
 1.238,-4.059
 1.241,-4.071
 1.203,-4.073
 1.204,-4.103
 1.193,-4.094
 1.181,-4.102
 1.206,-4.085
 1.190,-4.082
 1.179,-4.097
 1.166,-4.105
 1.177,-4.114
 1.158,-4.109
 1.179,-4.096
 1.179,-4.120
 1.177,-4.114
 1.201,-4.091
 1.193,-4.094
 1.204,-4.103
 1.207,-4.115
 1.219,-4.100
 1.216,-4.135
 1.228,-4.127
 1.225,-4.114
 1.251,-4.121
 1.251,-4.121
 1.237,-4.100
 1.252,-4.103
 1.273,-4.115
 1.277,-4.127
 1.276,-4.127
 1.264,-4.159
 1.289,-4.165
 1.274,-4.167
 1.276,-4.150
 1.289,-4.165
 1.275,-4.144
 1.287,-4.136
 1.273,-4.138
 1.298,-4.144
 1.287,-4.136
 1.298,-4.145
 1.299,-4.121
 1.319,-4.109
 1.324,-4.104
 1.337,-4.072
 1.336,-4.095
 1.329,-4.098
 1.311,-4.066
 1.313,-4.048
 1.311,-4.066
 1.321,-4.022
 1.322,-4.028
 1.295,-4.016
 1.287,-3.995
 1.300,-3.963
 1.285,-3.966
 1.288,-3.978
 1.274,-3.957
 1.289,-3.954
 1.263,-3.948
 1.263,-3.948
 1.252,-3.939
 1.250,-3.933
 1.239,-3.925
 1.239,-3.925
 1.237,-3.896
 1.215,-3.901
 1.226,-3.887
 1.215,-3.854
 1.237,-3.849
 1.226,-3.840
 1.240,-3.860
 1.238,-3.831
 1.242,-3.843
 1.229,-3.874
 1.239,-3.878
 1.216,-3.883
 1.226,-3.840
 1.215,-3.855
 1.213,-3.872
 1.190,-3.872
 1.191,-3.854
 1.178,-3.839
 1.181,-3.851
 1.181,-3.851
 1.191,-3.854
 1.180,-3.869
 1.178,-3.839
 1.169,-3.860
 1.167,-3.831
 1.178,-3.840
 1.191,-3.831
 1.200,-3.811
 1.205,-3.828
 1.203,-3.799
 1.202,-3.817
 1.214,-3.808
 1.248,-3.788
 1.263,-3.814
 1.275,-3.799
 1.275,-3.799
 1.301,-3.805
 1.286,-3.785
 1.312,-3.814
 1.321,-3.818
 1.297,-3.794
 1.323,-3.800
 1.354,-3.775
 1.334,-3.809
 1.345,-3.795
 1.358,-3.786
 1.360,-3.815
 1.382,-3.809
 1.372,-3.806
 1.394,-3.800
 1.382,-3.809
 1.383,-3.791
 1.367,-3.766
 1.381,-3.786
 1.393,-3.771
 1.393,-3.772
 1.370,-3.777
 1.379,-3.757
 1.371,-3.754
 1.367,-3.766
 1.354,-3.775
 1.346,-3.753
 1.345,-3.771
 1.335,-3.791
 1.324,-3.805
 1.311,-3.814
 1.301,-3.852
 1.272,-3.835
 1.263,-3.855
 1.263,-3.855
 1.251,-3.869
 1.253,-3.875
 1.237,-3.849
 1.251,-3.869
 1.250,-3.887
 1.237,-3.896
 1.254,-3.922
 1.239,-3.925
 1.228,-3.939
 1.239,-3.925
 1.241,-3.954
 1.229,-3.968
 1.226,-3.956
 1.239,-3.972
 1.226,-3.957
 1.250,-3.980
 1.240,-3.977
 1.262,-4.013
 1.252,-4.010
 1.239,-4.018
 1.225,-4.021
 1.250,-4.027
 1.250,-4.027
 1.266,-4.030
 1.264,-4.047
 1.252,-4.056
 1.266,-4.077
 1.263,-4.088
 1.278,-4.109
 1.252,-4.103
 1.263,-4.112
 1.252,-4.103
 1.247,-4.085
 1.252,-4.127
 1.286,-4.106
 1.263,-4.089
 1.254,-4.085
 1.263,-4.065
 1.276,-4.080
 1.263,-4.065
 1.238,-4.059
 1.252,-4.056
 1.249,-4.045
 1.263,-4.066
 1.250,-4.050
 1.240,-4.024
 1.240,-4.024
 1.226,-4.050
 1.241,-4.071
 1.250,-4.050
 1.251,-4.074
 1.252,-4.056
 1.262,-4.059
 1.252,-4.103
 1.260,-4.100
 1.250,-4.097
 1.277,-4.086
 1.287,-4.089
 1.315,-4.124
 1.289,-4.118
 1.302,-4.133
 1.289,-4.118
 1.286,-4.106
 1.287,-4.136
 1.299,-4.121
 1.299,-4.121
 1.324,-4.104
 1.321,-4.092
 1.311,-4.113
 1.322,-4.122
 1.325,-4.128
 1.302,-4.110
 1.322,-4.121
 1.313,-4.142
 1.322,-4.121
 1.322,-4.121
 1.313,-4.142
 1.310,-4.130
 1.299,-4.145
 1.311,-4.154
 1.301,-4.151
 1.276,-4.151
 1.286,-4.153
 1.288,-4.183
 1.264,-4.159
 1.264,-4.159
 1.275,-4.191
 1.261,-4.193
 1.265,-4.188
 1.253,-4.197
 1.265,-4.188
 1.268,-4.200
 1.264,-4.205
 1.230,-4.203
 1.227,-4.190
 1.227,-4.191
 1.240,-4.206
 1.250,-4.185
 1.253,-4.197
 1.253,-4.197
 1.253,-4.197
 1.254,-4.203
 1.253,-4.197
 1.230,-4.203
 1.253,-4.197
 1.240,-4.182
 1.242,-4.188
 1.240,-4.158
 1.253,-4.150
 1.238,-4.152
 1.239,-4.135
 1.228,-4.127
 1.225,-4.114
 1.228,-4.127
 1.251,-4.120
 1.227,-4.144
 1.242,-4.141
 1.227,-4.144
 1.230,-4.156
 1.227,-4.144
 1.239,-4.176
 1.254,-4.179
 1.251,-4.167
 1.255,-4.185
 1.278,-4.179
 1.267,-4.171
 1.289,-4.165
 1.249,-4.161
 1.264,-4.159
 1.286,-4.153
 1.274,-4.162
 1.288,-4.182
 1.286,-4.153
 1.289,-4.165
 1.276,-4.150
 1.267,-4.171
 1.278,-4.156
 1.286,-4.153
 1.265,-4.141
 1.276,-4.127
 1.262,-4.130
 1.276,-4.127
 1.273,-4.092
 1.254,-4.086
 1.287,-4.042
 1.275,-4.051
 1.287,-4.042
 1.284,-4.030
 1.288,-4.025
 1.300,-4.010
 1.300,-4.010
 1.300,-4.010
 1.298,-3.981
 1.288,-3.978
 1.311,-3.972
 1.298,-3.981
 1.285,-3.967
 1.285,-3.943
 1.312,-3.955
 1.311,-3.949
 1.301,-3.946
 1.290,-3.960
 1.286,-3.948
 1.288,-3.978
 1.275,-3.939
 1.288,-3.931
 1.276,-3.940
 1.271,-3.946
 1.276,-3.940
 1.287,-3.925
 1.298,-3.934
 1.287,-3.925
 1.299,-3.916
 1.277,-3.922
 1.275,-3.893
 1.275,-3.893
 1.287,-3.878
 1.272,-3.881
 1.288,-3.861
 1.273,-3.817
 1.288,-3.814
 1.275,-3.799
 1.261,-3.779
 1.264,-3.790
 1.286,-3.738
 1.286,-3.738
 1.288,-3.720
 1.308,-3.709
 1.299,-3.729
 1.310,-3.715
 1.310,-3.715
 1.310,-3.715
 1.295,-3.718
 1.310,-3.715
 1.322,-3.706
 1.311,-3.697
 1.313,-3.726
 1.298,-3.729
 1.289,-3.702
 1.321,-3.701
 1.308,-3.686
 1.323,-3.683
 1.295,-3.672
 1.323,-3.683
 1.310,-3.668
 1.321,-3.677
 1.311,-3.697
 1.321,-3.701
 1.300,-3.711
 1.321,-3.677
 1.322,-3.706
 1.311,-3.697
 1.323,-3.683
 1.313,-3.679
 1.322,-3.659
 1.333,-3.669
 1.322,-3.659
 1.343,-3.626
 1.335,-3.627
 1.356,-3.640
 1.346,-3.636
 1.346,-3.636
 1.368,-3.631
 1.348,-3.665
 1.368,-3.631
 1.370,-3.660
 1.368,-3.655
 1.378,-3.658
 1.383,-3.651
 1.394,-3.637
 1.396,-3.665
 1.396,-3.689
 1.394,-3.683
 1.397,-3.671
 1.393,-3.655
 1.392,-3.678
 1.404,-3.687
 1.378,-3.682
 1.371,-3.707
 1.369,-3.678
 1.383,-3.698
 1.371,-3.707
 1.369,-3.725
 1.350,-3.741
 1.346,-3.730
 1.345,-3.748
 1.335,-3.744
 1.343,-3.719
 1.335,-3.744
 1.332,-3.733
 1.347,-3.730
 1.336,-3.721
 1.319,-3.742
 1.335,-3.744
 1.347,-3.730
 1.333,-3.715
 1.347,-3.730
 1.321,-3.724
 1.334,-3.739
 1.331,-3.728
 1.321,-3.724
 1.336,-3.721
 1.333,-3.715
 1.352,-3.723
 1.348,-3.712
 1.347,-3.730
 1.360,-3.744
 1.354,-3.728
 1.358,-3.716
 1.369,-3.725
 1.358,-3.716
 1.370,-3.707
 1.345,-3.701
 1.348,-3.712
 1.357,-3.692
 1.371,-3.707
 1.370,-3.707
 1.357,-3.692
 1.360,-3.698
 1.370,-3.706
 1.345,-3.701
 1.360,-3.698
 1.369,-3.678
 1.372,-3.689
 1.369,-3.678
 1.357,-3.692
 1.346,-3.683
 1.332,-3.663
 1.335,-3.674
 1.343,-3.672
 1.334,-3.692
 1.335,-3.674
 1.323,-3.683
 1.351,-3.676
 1.348,-3.665
 1.324,-3.688
 1.324,-3.688
 1.295,-3.672
 1.299,-3.660
 1.295,-3.648
 1.273,-3.654
 1.275,-3.635
 1.297,-3.630
 1.275,-3.636
 1.286,-3.645
 1.274,-3.659
 1.275,-3.636
 1.285,-3.644
 1.276,-3.664
 1.297,-3.677
 1.298,-3.683
 1.311,-3.697
 1.297,-3.700
 1.299,-3.730
 1.308,-3.733
 1.323,-3.753
 1.312,-3.744
 1.321,-3.771
 1.323,-3.800
 1.333,-3.803
 1.347,-3.823
 1.325,-3.829
 1.360,-3.861
 1.350,-3.905
 1.358,-3.926
 1.349,-3.922
 1.360,-3.908
 1.358,-3.926
 1.372,-3.941
 1.381,-3.920
 1.369,-3.935
 1.371,-3.917
 1.357,-3.920
 1.360,-3.908
 1.347,-3.893
 1.360,-3.908
 1.349,-3.899
 1.357,-3.897
 1.323,-3.893
 1.332,-3.873
 1.335,-3.879
 1.323,-3.846
 1.320,-3.835
 1.323,-3.847
 1.334,-3.855
 1.310,-3.832
 1.299,-3.823
 1.296,-3.812
 1.312,-3.838
 1.310,-3.808
 1.288,-3.814
 1.301,-3.828
 1.264,-3.837
 1.279,-3.834
 1.262,-3.808
 1.262,-3.808
 1.251,-3.799
 1.250,-3.770
 1.275,-3.776
 1.272,-3.788
 1.261,-3.779
 1.264,-3.790
 1.275,-3.776
 1.290,-3.796
 1.286,-3.785
 1.262,-3.808
 1.262,-3.808
 1.249,-3.793
 1.277,-3.805
 1.286,-3.785
 1.286,-3.785
 1.286,-3.808
 1.296,-3.812
 1.301,-3.805
 1.297,-3.794
 1.286,-3.808
 1.299,-3.823
 1.307,-3.844
 1.312,-3.861
 1.334,-3.855
 1.325,-3.876
 1.339,-3.896
 1.347,-3.917
 1.338,-3.913
 1.347,-3.917
 1.348,-3.917
 1.348,-3.917
 1.357,-3.897
 1.360,-3.908
 1.382,-3.903
 1.371,-3.917
 1.371,-3.917
 1.393,-3.911
 1.397,-3.923
 1.384,-3.932
 1.373,-3.946
 1.373,-3.946
 1.371,-3.964
 1.373,-3.946
 1.369,-3.935
 1.358,-3.926
 1.358,-3.926
 1.344,-3.929
 1.347,-3.917
 1.310,-3.879
 1.312,-3.884
 1.298,-3.887
 1.294,-3.876
 1.299,-3.869
 1.287,-3.878
 1.277,-3.875
 1.277,-3.875
 1.263,-3.901
 1.253,-3.922
 1.250,-3.887
 1.252,-3.893
 1.263,-3.901
 1.273,-3.905
 1.276,-3.916
 1.273,-3.905
 1.274,-3.957
 1.289,-3.954
 1.287,-3.972
 1.277,-4.015
 1.287,-4.018
 1.276,-4.033
 1.291,-4.077
 1.288,-4.065
 1.300,-4.104
 1.286,-4.106
 1.299,-4.121
 1.302,-4.133
 1.310,-4.130
 1.336,-4.136
 1.324,-4.127
 1.335,-4.136
 1.358,-4.130
 1.345,-4.139
 1.387,-4.149
 1.385,-4.119
 1.388,-4.107
 1.399,-4.093
 1.394,-4.098
 1.383,-4.090
 1.392,-4.069
 1.383,-4.043
 1.370,-4.028
 1.381,-4.014
 1.361,-4.002
 1.359,-3.973
 1.360,-3.978
 1.349,-3.969
 1.335,-3.949
 1.336,-3.978
 1.322,-3.958
 1.324,-3.940
 1.324,-3.940
 1.309,-3.943
 1.301,-3.945
 1.311,-3.949
 1.300,-3.963
 1.300,-3.963
 1.311,-3.949
 1.289,-3.954
 1.262,-3.966
 1.273,-3.975
 1.276,-3.986
 1.276,-3.986
 1.292,-4.013
 1.314,-4.007
 1.278,-4.062
 1.265,-4.071
 1.251,-4.051
 1.277,-4.057
 1.286,-4.036
 1.286,-4.083
 1.275,-4.074
 1.288,-4.065
 1.302,-4.086
 1.288,-4.065
 1.289,-4.071
 1.289,-4.094
 1.275,-4.097
 1.291,-4.077
 1.288,-4.065
 1.289,-4.095
 1.289,-4.095
 1.288,-4.065
 1.300,-4.057
 1.286,-4.036
 1.288,-4.065
 1.287,-4.019
 1.298,-4.028
 1.302,-4.016
 1.310,-4.013
 1.310,-4.013
 1.324,-3.987
 1.322,-3.958
 1.350,-3.993
 1.349,-3.993
 1.362,-3.984
 1.372,-3.987
 1.370,-3.958
 1.360,-3.955
 1.369,-3.935
 1.383,-3.950
 1.395,-3.941
 1.381,-3.920
 1.384,-3.932
 1.394,-3.935
 1.384,-3.932
 1.387,-3.938
 1.358,-3.926
 1.360,-3.955
 1.357,-3.943
 1.361,-3.932
 1.360,-3.955
 1.320,-3.929
 1.336,-3.931
 1.335,-3.925
 1.313,-3.931
 1.313,-3.931
 1.296,-3.952
 1.287,-3.925
 1.287,-3.925
 1.265,-3.931
 1.265,-3.931
 1.273,-3.952
 1.276,-3.963
 1.262,-3.966
 1.242,-3.983
 1.279,-3.998
 1.239,-4.018
 1.254,-4.062
 1.253,-4.033
 1.228,-4.010
 1.227,-4.027
 1.226,-4.045
 1.241,-4.048
 1.238,-4.036
 1.241,-4.048
 1.254,-4.062
 1.240,-4.042
 1.243,-4.053
 1.252,-4.033
 1.228,-4.033
 1.253,-4.033
 1.227,-4.027
 1.242,-4.024
 1.239,-4.018
 1.252,-4.033
 1.278,-3.992
 1.275,-3.981
 1.289,-4.001
 1.297,-3.975
 1.311,-3.996
 1.300,-3.987
 1.321,-3.975
 1.313,-3.978
 1.324,-3.987
 1.324,-3.987
 1.311,-3.996
 1.335,-3.973
 1.338,-3.961
 1.349,-3.946
 1.339,-3.984
 1.325,-3.969
 1.322,-3.958
 1.325,-3.923
 1.322,-3.888
 1.311,-3.902
 1.322,-3.911
 1.309,-3.920
 1.323,-3.894
 1.311,-3.902
 1.302,-3.923
 1.299,-3.917
 1.287,-3.925
 1.288,-3.931
 1.264,-3.925
 1.265,-3.931
 1.254,-3.922
 1.250,-3.910
 1.254,-3.922
 1.226,-3.887
 1.215,-3.878
 1.228,-3.869
 1.213,-3.872
 1.217,-3.860
 1.204,-3.845
 1.228,-3.869
 1.216,-3.837
 1.214,-3.849
 1.204,-3.845
 1.215,-3.831
 1.204,-3.845
 1.238,-3.826
 1.249,-3.835
 1.229,-3.851
 1.264,-3.837
 1.279,-3.834
 1.266,-3.866
 1.274,-3.840
 1.277,-3.852
 1.274,-3.840
 1.265,-3.814
 1.264,-3.791
 1.261,-3.779
 1.275,-3.776
 1.285,-3.756
 1.310,-3.762
 1.310,-3.762
 1.310,-3.762
 1.337,-3.773
 1.310,-3.762
 1.312,-3.791
 1.312,-3.791
 1.321,-3.771
 1.312,-3.791
 1.321,-3.771
 1.335,-3.791
 1.336,-3.767
 1.345,-3.748
 1.323,-3.753
 1.345,-3.748
 1.323,-3.753
 1.347,-3.730
 1.343,-3.719
 1.347,-3.730
 1.358,-3.739
 1.323,-3.730
 1.322,-3.706
 1.310,-3.715
 1.322,-3.706
 1.310,-3.715
 1.302,-3.717
 1.302,-3.717
 1.299,-3.706
 1.288,-3.720
 1.284,-3.709
 1.299,-3.706
 1.299,-3.706
 1.296,-3.695
 1.323,-3.706
 1.308,-3.686
 1.312,-3.744
 1.289,-3.749
 1.299,-3.753
 1.279,-3.787
 1.286,-3.785
 1.276,-3.823
 1.264,-3.814
 1.275,-3.823
 1.264,-3.837
 1.263,-3.831
 1.263,-3.855
 1.300,-3.846
 1.272,-3.835
 1.288,-3.860
 1.287,-3.855
 1.276,-3.870
 1.276,-3.869
 1.285,-3.850
 1.287,-3.879
 1.297,-3.882
 1.324,-3.870
 1.325,-3.875
 1.336,-3.884
 1.328,-3.887
 1.336,-3.908
 1.325,-3.922
 1.335,-3.926
 1.333,-3.943
 1.313,-3.931
 1.320,-3.929
 1.344,-3.953
 1.359,-3.973
 1.346,-3.981
 1.350,-3.993
 1.383,-3.996
 1.398,-4.040
 1.374,-4.063
 1.384,-4.066
 1.349,-4.104
 1.358,-4.107
 1.362,-4.119
 1.373,-4.128
 1.347,-4.121
 1.350,-4.134
 1.359,-4.113
 1.349,-4.151
 1.335,-4.136
 1.321,-4.115
 1.325,-4.127
 1.296,-4.109
 1.310,-4.130
 1.289,-4.095
 1.300,-4.104
 1.304,-4.116
 1.302,-4.109
 1.291,-4.124
 1.291,-4.124
 1.262,-4.106
 1.265,-4.118
 1.240,-4.065
 1.251,-4.051
 1.240,-4.065
 1.226,-4.045
 1.241,-4.048
 1.228,-4.009
 1.217,-4.024
 1.230,-3.992
 1.216,-4.018
 1.217,-4.000
 1.204,-3.986
 1.228,-3.963
 1.228,-3.963
 1.238,-3.966
 1.230,-3.945
 1.250,-3.910
 1.239,-3.902
 1.240,-3.907
 1.250,-3.910
 1.276,-3.916
 1.239,-3.901
 1.240,-3.907
 1.250,-3.910
 1.249,-3.928
 1.263,-3.948
 1.276,-3.963
 1.278,-3.992
 1.292,-4.012
 1.276,-4.010
 1.278,-4.039
 1.297,-4.022
 1.286,-4.036
 1.298,-4.028
 1.284,-4.054
 1.288,-4.066
 1.311,-4.042
 1.289,-4.048
 1.302,-4.039
 1.311,-4.065
 1.302,-4.086
 1.299,-4.074
 1.299,-4.074
 1.300,-4.057
 1.299,-4.074
 1.302,-4.086
 1.336,-4.066
 1.324,-4.081
 1.323,-4.098
 1.334,-4.107
 1.348,-4.104
 1.346,-4.098
 1.334,-4.107
 1.336,-4.137
 1.347,-4.122
 1.325,-4.128
 1.345,-4.116
 1.323,-4.168
 1.326,-4.133
 1.326,-4.133
 1.328,-4.139
 1.312,-4.159
 1.301,-4.151
 1.313,-4.142
 1.288,-4.112
 1.278,-4.110
 1.275,-4.098
 1.264,-4.089
 1.276,-4.080
 1.262,-4.083
 1.241,-4.095
 1.228,-4.079
 1.230,-4.086
 1.205,-4.079
 1.205,-4.079
 1.182,-4.085
 1.170,-4.094
 1.170,-4.094
 1.168,-4.065
 1.143,-4.058
 1.157,-4.079
 1.143,-4.058
 1.143,-4.059
 1.132,-4.050
 1.141,-4.076
 1.132,-4.096
 1.130,-4.067
 1.145,-4.111
 1.133,-4.126
 1.132,-4.143
 1.134,-4.172
 1.133,-4.125
 1.159,-4.132
 1.149,-4.129
 1.148,-4.123
 1.161,-4.161
 1.144,-4.134
 1.169,-4.158
 1.180,-4.144
 1.177,-4.155
 1.180,-4.167
 1.202,-4.161
 1.229,-4.197
 1.207,-4.202
 1.217,-4.205
 1.207,-4.203
 1.216,-4.182
 1.229,-4.197
 1.229,-4.197
 1.215,-4.176
 1.218,-4.188
 1.228,-4.167
 1.231,-4.179
 1.232,-4.162
 1.228,-4.144
 1.218,-4.141
 1.226,-4.138
 1.252,-4.144
 1.242,-4.165
 1.250,-4.161
 1.229,-4.197
 1.240,-4.205
 1.231,-4.226
 1.243,-4.259
 1.214,-4.287
 1.230,-4.291
 1.241,-4.275
 1.230,-4.290
 1.220,-4.311
 1.206,-4.313
 1.222,-4.341
 1.219,-4.328
 1.193,-4.322
 1.193,-4.322
 1.179,-4.301
 1.193,-4.275
 1.190,-4.263
 1.193,-4.275
 1.195,-4.258
 1.193,-4.228
 1.185,-4.232
 1.183,-4.249
 1.181,-4.243
 1.182,-4.266
 1.179,-4.254
 1.169,-4.252
 1.178,-4.230
 1.170,-4.234
 1.172,-4.217
 1.191,-4.199
 1.193,-4.228
 1.215,-4.222
 1.204,-4.237
 1.204,-4.237
 1.204,-4.237
 1.196,-4.264
 1.207,-4.249
 1.193,-4.275
 1.206,-4.267
 1.217,-4.252
 1.230,-4.290
 1.217,-4.252
 1.220,-4.264
 1.220,-4.264
 1.215,-4.246
 1.206,-4.267
 1.217,-4.252
 1.204,-4.237
 1.204,-4.214
 1.190,-4.170
 1.206,-4.150
 1.204,-4.144
 1.205,-4.126
 1.207,-4.086
 1.205,-4.079
 1.205,-4.103
 1.227,-4.074
 1.205,-4.079
 1.207,-4.085
 1.203,-4.050
 1.218,-4.047
 1.215,-4.036
 1.203,-4.050
 1.193,-4.024
 1.216,-4.018
 1.217,-4.000
 1.217,-4.000
 1.216,-4.018
 1.216,-4.018
 1.214,-3.989
 1.242,-3.983
 1.241,-3.977
 1.241,-3.977
 1.243,-3.959
 1.265,-3.954
