 0.781,-3.267
 0.812,-3.255
 0.833,-3.219
 0.867,-3.194
 0.865,-3.170
 0.877,-3.145
 0.897,-3.100
 0.928,-3.088
 0.939,-3.060
 0.969,-3.003
 1.003,-2.982
 1.012,-2.946
 1.033,-2.925
 1.066,-2.921
 1.085,-2.873
 1.108,-2.839
 1.149,-2.816
 1.180,-2.783
 1.192,-2.758
 1.201,-2.722
 1.223,-2.706
 1.242,-2.681
 1.243,-2.661
 1.276,-2.656
 1.284,-2.641
 1.307,-2.645
 1.305,-2.620
 1.297,-2.616
 1.319,-2.619
 1.339,-2.616
 1.351,-2.631
 1.348,-2.624
 1.337,-2.633
 1.317,-2.653
 1.314,-2.646
 1.286,-2.624
 1.276,-2.636
 1.284,-2.620
 1.264,-2.624
 1.272,-2.608
 1.276,-2.636
 1.253,-2.632
 1.243,-2.644
 1.266,-2.648
 1.230,-2.649
 1.212,-2.676
 1.211,-2.652
 1.201,-2.684
 1.170,-2.676
 1.158,-2.660
 1.149,-2.655
 1.128,-2.655
 1.127,-2.651
 1.118,-2.626
 1.115,-2.619
 1.108,-2.617
 1.097,-2.625
 1.095,-2.618
 1.096,-2.643
 1.082,-2.623
 1.095,-2.619
 1.095,-2.619
 1.107,-2.593
 1.088,-2.579
 1.108,-2.576
 1.108,-2.576
 1.096,-2.560
 1.073,-2.554
 1.064,-2.548
 1.051,-2.492
 1.064,-2.446
 1.076,-2.400
 1.076,-2.359
 1.097,-2.318
 1.106,-2.303
 1.117,-2.274
 1.116,-2.250
 1.126,-2.242
 1.139,-2.236
 1.147,-2.221
 1.170,-2.225
 1.170,-2.225
 1.159,-2.233
 1.149,-2.225
 1.147,-2.221
 1.128,-2.204
 1.116,-2.192
 1.096,-2.192
 1.087,-2.186
 1.084,-2.180
 1.087,-2.186
 1.087,-2.186
 1.084,-2.180
 1.097,-2.195
 1.094,-2.189
 1.085,-2.180
 1.084,-2.180
 1.086,-2.203
 1.088,-2.210
 1.076,-2.215
 1.088,-2.230
 1.087,-2.227
 1.063,-2.262
 1.075,-2.274
 1.073,-2.311
 1.105,-2.323
 1.095,-2.315
 1.074,-2.335
 1.087,-2.350
 1.085,-2.367
 1.075,-2.379
 1.097,-2.400
 1.084,-2.405
 1.085,-2.429
 1.105,-2.426
 1.097,-2.441
 1.097,-2.441
 1.116,-2.458
 1.098,-2.485
 1.105,-2.487
 1.106,-2.511
 1.095,-2.519
 1.105,-2.528
 1.118,-2.564
 1.136,-2.557
 1.170,-2.573
 1.160,-2.565
 1.169,-2.553
 1.181,-2.565
 1.179,-2.541
 1.170,-2.532
 1.189,-2.529
 1.167,-2.525
 1.161,-2.527
 1.140,-2.506
 1.131,-2.501
 1.130,-2.497
 1.137,-2.499
 1.127,-2.491
 1.125,-2.484
 1.105,-2.487
 1.095,-2.479
 1.084,-2.467
 1.086,-2.432
 1.094,-2.417
 1.086,-2.432
 1.096,-2.420
 1.062,-2.405
 1.064,-2.388
 1.073,-2.396
 1.043,-2.408
 1.033,-2.399
 1.011,-2.396
 1.001,-2.390
 0.989,-2.375
 0.969,-2.378
 0.969,-2.378
 0.957,-2.363
 0.917,-2.369
 0.915,-2.363
 0.917,-2.366
 0.917,-2.369
 0.885,-2.357
 0.865,-2.360
 0.843,-2.353
 0.811,-2.344
 0.791,-2.344
 0.769,-2.341
 0.759,-2.335
 0.748,-2.320
 0.739,-2.297
 0.740,-2.259
 0.739,-2.236
 0.729,-2.227
 0.728,-2.200
 0.728,-2.200
 0.706,-2.197
 0.726,-2.194
 0.769,-2.177
 0.812,-2.160
 0.845,-2.155
 0.875,-2.140
 0.885,-2.149
 0.907,-2.152
 0.907,-2.152
 0.918,-2.164
 0.918,-2.164
 0.907,-2.190
 0.929,-2.193
 0.969,-2.188
 0.971,-2.194
 0.993,-2.197
 1.023,-2.203
 1.025,-2.209
 1.033,-2.191
 1.044,-2.224
 1.064,-2.221
 1.085,-2.221
 1.129,-2.228
 1.139,-2.236
 1.171,-2.248
 1.181,-2.237
 1.190,-2.263
 1.203,-2.261
 1.232,-2.263
 1.232,-2.263
 1.244,-2.278
 1.244,-2.299
 1.258,-2.317
 1.255,-2.310
 1.255,-2.310
 1.267,-2.323
 1.285,-2.316
 1.264,-2.316
 1.242,-2.313
 1.233,-2.307
 1.246,-2.302
 1.233,-2.266
 1.245,-2.261
 1.244,-2.237
 1.256,-2.249
 1.256,-2.249
 1.264,-2.234
 1.245,-2.220
 1.253,-2.202
 1.246,-2.199
 1.246,-2.199
 1.243,-2.193
 1.234,-2.187
 1.233,-2.164
 1.245,-2.158
 1.234,-2.146
 1.222,-2.131
 1.224,-2.137
 1.202,-2.134
 1.202,-2.134
 1.202,-2.093
 1.210,-2.099
 1.214,-2.088
 1.200,-2.070
 1.200,-2.070
 1.191,-2.064
 1.201,-2.052
 1.194,-2.049
 1.203,-2.035
 1.203,-2.035
 1.192,-2.005
 1.179,-2.008
 1.170,-2.023
 1.158,-1.988
 1.159,-1.990
 1.160,-1.952
 1.138,-1.949
 1.150,-1.943
 1.128,-1.940
 1.128,-1.940
 1.108,-1.922
 1.096,-1.928
 1.097,-1.911
 1.106,-1.917
 1.086,-1.919
 1.097,-1.911
 1.085,-1.896
 1.065,-1.899
 1.065,-1.899
 1.064,-1.916
 1.065,-1.940
 1.054,-1.907
 1.066,-1.922
 1.064,-1.916
 1.054,-1.928
 1.076,-1.931
 1.075,-1.949
 1.066,-1.963
 1.075,-1.949
 1.083,-1.975
 1.075,-1.990
 1.085,-1.998
 1.087,-2.004
 1.099,-2.016
 1.110,-2.028
 1.099,-2.057
 1.086,-2.060
 1.087,-2.084
 1.097,-2.092
 1.106,-2.101
 1.108,-2.084
 1.097,-2.092
 1.098,-2.116
 1.108,-2.104
 1.118,-2.113
 1.118,-2.113
 1.127,-2.119
 1.117,-2.131
 1.108,-2.125
 1.108,-2.125
 1.130,-2.128
 1.139,-2.134
 1.151,-2.149
 1.139,-2.134
 1.128,-2.163
 1.118,-2.154
 1.116,-2.151
 1.108,-2.166
 1.118,-2.154
 1.097,-2.174
 1.109,-2.189
 1.107,-2.183
 1.108,-2.207
 1.097,-2.215
 1.086,-2.224
 1.076,-2.236
 1.054,-2.232
 1.035,-2.259
 1.047,-2.230
 1.025,-2.250
 1.015,-2.262
 1.002,-2.264
 0.983,-2.288
 0.949,-2.272
 0.928,-2.293
 0.919,-2.287
 0.897,-2.263
 0.888,-2.278
 0.887,-2.255
 0.877,-2.266
 0.877,-2.266
 0.865,-2.272
 0.888,-2.278
 0.877,-2.266
 0.877,-2.266
 0.888,-2.258
 0.866,-2.254
 0.899,-2.270
 0.898,-2.246
 0.897,-2.263
 0.898,-2.246
 0.896,-2.240
 0.898,-2.246
 0.898,-2.246
 0.919,-2.267
 0.920,-2.249
 0.918,-2.243
 0.930,-2.258
 0.930,-2.255
 0.917,-2.261
 0.919,-2.267
 0.918,-2.284
 0.931,-2.282
 0.942,-2.273
 0.941,-2.291
 0.942,-2.311
 0.950,-2.296
 0.940,-2.308
 0.949,-2.293
 0.949,-2.293
 0.962,-2.311
 0.971,-2.296
 0.963,-2.294
 0.962,-2.311
 0.961,-2.329
 0.951,-2.341
 0.949,-2.334
 0.962,-2.352
 0.940,-2.369
 0.929,-2.378
 0.941,-2.373
 0.939,-2.387
 0.930,-2.402
 0.951,-2.402
 0.941,-2.390
 0.942,-2.414
 0.949,-2.416
 0.952,-2.423
 0.941,-2.434
 0.940,-2.451
 0.940,-2.452
 0.939,-2.469
 0.952,-2.525
 0.951,-2.542
 0.940,-2.554
 0.953,-2.594
 0.951,-2.628
 0.932,-2.672
 0.920,-2.722
 0.918,-2.776
 0.907,-2.850
 0.906,-2.887
 0.907,-2.932
 0.928,-2.911
 0.928,-2.891
 0.961,-2.866
 0.959,-2.817
 0.971,-2.813
 0.981,-2.780
 0.992,-2.748
 0.993,-2.735
 1.002,-2.698
 1.015,-2.673
 1.025,-2.641
 1.023,-2.634
 1.024,-2.637
 1.012,-2.601
 1.002,-2.596
 0.993,-2.587
 0.982,-2.555
 1.004,-2.517
 0.981,-2.513
 0.992,-2.505
 0.981,-2.514
 0.959,-2.507
 0.962,-2.496
 0.938,-2.469
 0.940,-2.493
 0.897,-2.492
 0.865,-2.480
 0.858,-2.502
 0.835,-2.495
 0.805,-2.531
 0.783,-2.527
 0.760,-2.520
 0.772,-2.536
 0.760,-2.537
 0.751,-2.553
 0.730,-2.556
 0.730,-2.573
 0.730,-2.573
 0.760,-2.599
 0.740,-2.623
 0.772,-2.635
 0.782,-2.664
 0.773,-2.659
 0.782,-2.684
 0.783,-2.709
 0.793,-2.717
 0.813,-2.714
 0.814,-2.717
 0.823,-2.702
 0.835,-2.718
 0.856,-2.697
 0.855,-2.714
 0.867,-2.709
 0.887,-2.706
 0.888,-2.710
 0.898,-2.698
 0.919,-2.715
 0.910,-2.710
 0.918,-2.694
 0.930,-2.706
 0.931,-2.689
 0.940,-2.698
 0.953,-2.693
 0.952,-2.710
 0.943,-2.705
 0.943,-2.705
 0.940,-2.698
 0.963,-2.702
 0.938,-2.691
 0.950,-2.707
 0.929,-2.686
 0.939,-2.674
 0.941,-2.681
 0.950,-2.624
 0.941,-2.640
 0.930,-2.628
 0.939,-2.633
 0.940,-2.636
 0.960,-2.612
 0.951,-2.607
 0.941,-2.599
 0.940,-2.575
 0.962,-2.578
 0.939,-2.551
 0.940,-2.534
 0.941,-2.516
 0.949,-2.501
 0.962,-2.496
 0.961,-2.472
 0.961,-2.472
 0.961,-2.472
 0.960,-2.431
 0.982,-2.452
 0.970,-2.437
 0.972,-2.443
 0.994,-2.406
 1.004,-2.414
 1.006,-2.400
 0.993,-2.382
 1.015,-2.385
 1.003,-2.373
 1.000,-2.343
 1.002,-2.350
 1.001,-2.326
 1.004,-2.312
 1.003,-2.291
 0.981,-2.288
 1.003,-2.291
 0.991,-2.276
 0.993,-2.282
 0.982,-2.270
 0.981,-2.288
 0.971,-2.279
 0.981,-2.288
 0.951,-2.282
 0.961,-2.270
 0.960,-2.267
 0.961,-2.270
 0.949,-2.235
 0.950,-2.258
 0.971,-2.238
 0.959,-2.226
 0.971,-2.238
 0.960,-2.205
 0.950,-2.217
 0.961,-2.229
 0.970,-2.214
 0.960,-2.208
 0.947,-2.211
 0.950,-2.217
 0.961,-2.191
 0.961,-2.188
 0.962,-2.173
 0.960,-2.167
 0.970,-2.156
 0.970,-2.156
 0.979,-2.121
 0.982,-2.127
 0.990,-2.112
 0.971,-2.097
 0.993,-2.100
 0.980,-2.082
 0.993,-2.118
 0.980,-2.103
 0.982,-2.127
 0.982,-2.127
 0.981,-2.144
 0.983,-2.150
 0.982,-2.168
 0.993,-2.180
 0.993,-2.180
 1.012,-2.194
 1.015,-2.200
 1.015,-2.200
 1.015,-2.200
 1.016,-2.224
 1.046,-2.209
 1.057,-2.242
 1.056,-2.218
 1.056,-2.259
 1.045,-2.247
 1.043,-2.265
 1.034,-2.259
 1.041,-2.258
 1.021,-2.282
 1.014,-2.262
 0.985,-2.238
 1.011,-2.230
 0.998,-2.212
 1.005,-2.233
 0.992,-2.235
 0.978,-2.255
 0.980,-2.258
 0.979,-2.238
 0.992,-2.215
 1.026,-2.192
 1.024,-2.186
 1.069,-2.192
 1.119,-2.198
 1.192,-2.228
 1.288,-2.223
 1.318,-2.229
 1.321,-2.236
 1.319,-2.253
 1.287,-2.282
 1.266,-2.302
 1.223,-2.319
 1.182,-2.342
 1.138,-2.356
 1.086,-2.388
 1.045,-2.411
 1.013,-2.440
 0.974,-2.450
 0.952,-2.467
 0.921,-2.499
 0.889,-2.528
 0.865,-2.558
 0.846,-2.586
 0.844,-2.579
 0.834,-2.570
 0.838,-2.581
 0.815,-2.556
 0.807,-2.555
 0.795,-2.539
 0.805,-2.548
 0.783,-2.544
 0.762,-2.520
 0.741,-2.524
 0.720,-2.499
 0.710,-2.494
 0.678,-2.485
 0.677,-2.478
 0.668,-2.476
 0.647,-2.473
 0.604,-2.472
 0.584,-2.476
 0.572,-2.460
 0.573,-2.443
 0.562,-2.452
 0.552,-2.422
 0.552,-2.405
 0.562,-2.369
 0.552,-2.381
 0.561,-2.346
 0.540,-2.342
 0.529,-2.354
 0.508,-2.333
 0.520,-2.331
 0.509,-2.298
 0.509,-2.316
 0.519,-2.307
 0.519,-2.304
 0.519,-2.304
 0.550,-2.293
 0.572,-2.296
 0.594,-2.282
 0.625,-2.267
 0.637,-2.283
 0.667,-2.268
 0.688,-2.268
 0.710,-2.268
 0.750,-2.242
 0.803,-2.257
 0.846,-2.240
 0.857,-2.231
 0.837,-2.234
 0.856,-2.228
 0.846,-2.240
 0.846,-2.240
 0.866,-2.237
 0.846,-2.240
 0.834,-2.225
 0.836,-2.231
 0.846,-2.219
 0.825,-2.240
 0.794,-2.231
 0.793,-2.225
 0.763,-2.222
 0.741,-2.239
 0.730,-2.227
 0.699,-2.239
 0.688,-2.206
 0.678,-2.218
 0.678,-2.215
 0.666,-2.203
 0.678,-2.200
 0.667,-2.185
 0.688,-2.186
 0.698,-2.194
 0.698,-2.195
 0.699,-2.200
 0.720,-2.198
 0.720,-2.221
 0.730,-2.227
 0.741,-2.239
 0.762,-2.239
 0.760,-2.233
 0.762,-2.239
 0.773,-2.251
 0.741,-2.260
 0.752,-2.272
 0.751,-2.307
 0.753,-2.313
 0.752,-2.313
 0.753,-2.354
 0.732,-2.378
 0.720,-2.421
 0.710,-2.453
 0.688,-2.470
 0.646,-2.511
 0.615,-2.546
 0.572,-2.583
 0.541,-2.616
 0.531,-2.648
 0.520,-2.677
 0.520,-2.681
 0.508,-2.665
 0.499,-2.681
 0.466,-2.706
 0.446,-2.706
 0.426,-2.733
 0.404,-2.726
 0.372,-2.758
 0.352,-2.758
 0.341,-2.763
 0.320,-2.791
 0.278,-2.786
 0.278,-2.790
 0.257,-2.810
 0.247,-2.839
 0.226,-2.860
 0.215,-2.881
 0.184,-2.917
 0.163,-2.938
 0.163,-2.954
 0.142,-2.983
 0.142,-2.999
 0.121,-3.044
 0.121,-3.064
 0.132,-3.073
 0.121,-3.110
 0.131,-3.110
 0.153,-3.139
 0.174,-3.135
 0.206,-3.144
 0.248,-3.148
 0.279,-3.136
 0.300,-3.140
 0.332,-3.169
 0.342,-3.157
 0.353,-3.174
 0.374,-3.141
 0.374,-3.129
 0.374,-3.108
 0.384,-3.117
 0.406,-3.121
 0.415,-3.096
 0.395,-3.088
 0.406,-3.080
 0.395,-3.047
 0.396,-3.055
 0.406,-3.038
 0.374,-3.009
 0.363,-2.997
 0.352,-2.981
 0.342,-2.972
 0.320,-2.947
 0.300,-2.914
 0.268,-2.881
 0.247,-2.881
 0.247,-2.864
 0.225,-2.856
 0.226,-2.860
 0.226,-2.860
 0.215,-2.864
 0.215,-2.872
 0.205,-2.897
 0.194,-2.892
 0.205,-2.880
 0.215,-2.889
 0.215,-2.896
 0.226,-2.877
 0.236,-2.872
 0.247,-2.860
 0.257,-2.848
 0.268,-2.844
 0.267,-2.815
 0.278,-2.811
 0.288,-2.778
 0.298,-2.762
 0.309,-2.737
 0.320,-2.725
 0.320,-2.691
 0.341,-2.671
 0.341,-2.671
 0.352,-2.662
 0.362,-2.643
 0.351,-2.635
 0.372,-2.614
 0.382,-2.599
 0.383,-2.565
 0.404,-2.544
 0.394,-2.536
 0.404,-2.527
 0.414,-2.512
 0.415,-2.516
 0.435,-2.512
 0.457,-2.475
 0.468,-2.425
 0.458,-2.393
 0.426,-2.363
 0.415,-2.348
 0.404,-2.339
 0.425,-2.336
 0.445,-2.333
 0.477,-2.328
 0.498,-2.307
 0.520,-2.314
 0.531,-2.284
 0.552,-2.282
 0.573,-2.261
 0.593,-2.235
 0.604,-2.229
 0.635,-2.176
 0.655,-2.150
 0.689,-2.148
 0.720,-2.136
 0.764,-2.143
 0.785,-2.122
 0.815,-2.128
 0.826,-2.140
 0.836,-2.146
 0.846,-2.158
 0.878,-2.167
 0.898,-2.185
 0.921,-2.191
 0.942,-2.191
 0.932,-2.223
 0.942,-2.232
 0.930,-2.238
 0.932,-2.244
 0.909,-2.258
 0.910,-2.261
 0.879,-2.252
 0.879,-2.252
 0.849,-2.270
 0.826,-2.260
 0.804,-2.281
 0.783,-2.301
 0.782,-2.295
 0.752,-2.333
 0.741,-2.342
 0.732,-2.357
 0.711,-2.377
 0.699,-2.382
 0.710,-2.415
 0.709,-2.429
 0.710,-2.453
 0.711,-2.477
 0.699,-2.482
 0.732,-2.518
 0.720,-2.523
 0.721,-2.547
 0.711,-2.563
 0.711,-2.580
 0.712,-2.604
 0.700,-2.588
 0.690,-2.600
 0.680,-2.591
 0.657,-2.605
 0.657,-2.608
 0.647,-2.617
 0.647,-2.617
 0.637,-2.608
 0.647,-2.617
 0.648,-2.624
 0.637,-2.591
 0.626,-2.620
 0.637,-2.632
 0.615,-2.646
 0.627,-2.641
 0.615,-2.646
 0.605,-2.658
 0.605,-2.658
 0.614,-2.662
 0.595,-2.673
 0.595,-2.649
 0.585,-2.665
 0.563,-2.661
 0.562,-2.654
 0.553,-2.673
 0.531,-2.645
 0.532,-2.649
 0.500,-2.640
 0.510,-2.645
 0.500,-2.640
 0.510,-2.645
 0.500,-2.640
 0.511,-2.652
 0.510,-2.631
 0.532,-2.635
 0.532,-2.631
 0.521,-2.619
 0.520,-2.636
 0.519,-2.629
 0.521,-2.619
 0.531,-2.607
 0.531,-2.611
 0.521,-2.602
 0.520,-2.595
 0.542,-2.599
 0.542,-2.599
 0.542,-2.599
 0.563,-2.620
 0.552,-2.624
 0.553,-2.632
 0.573,-2.628
 0.573,-2.628
 0.596,-2.653
 0.584,-2.657
 0.574,-2.652
 0.584,-2.661
 0.595,-2.673
 0.595,-2.690
 0.605,-2.695
 0.584,-2.702
 0.595,-2.711
 0.585,-2.723
 0.617,-2.735
 0.606,-2.760
 0.627,-2.764
 0.648,-2.802
 0.670,-2.827
 0.671,-2.851
 0.680,-2.835
 0.693,-2.855
 0.713,-2.868
 0.703,-2.880
 0.703,-2.880
 0.712,-2.902
 0.702,-2.918
 0.724,-2.938
 0.713,-2.967
 0.735,-3.013
 0.744,-3.017
 0.746,-3.066
 0.734,-3.070
 0.724,-3.083
 0.725,-3.107
 0.712,-3.128
 0.703,-3.144
 0.692,-3.131
 0.702,-3.140
 0.681,-3.144
 0.670,-3.127
 0.671,-3.136
 0.682,-3.123
 0.670,-3.111
 0.660,-3.103
 0.670,-3.086
 0.639,-3.082
 0.628,-3.069
 0.618,-3.061
 0.597,-3.065
 0.575,-3.036
 0.544,-3.048
 0.522,-3.044
 0.501,-3.006
 0.459,-2.990
 0.449,-2.981
 0.418,-2.956
 0.386,-2.960
 0.354,-2.947
 0.311,-2.943
 0.279,-2.906
 0.248,-2.901
 0.237,-2.872
 0.206,-2.867
 0.185,-2.871
 0.153,-2.875
 0.152,-2.896
 0.142,-2.880
 0.110,-2.888
 0.111,-2.875
 0.089,-2.871
 0.100,-2.870
 0.079,-2.866
 0.079,-2.883
 0.057,-2.903
 0.068,-2.908
 0.079,-2.924
 0.079,-2.941
 0.079,-2.958
 0.100,-2.986
 0.121,-2.982
 0.143,-3.011
 0.153,-3.019
 0.174,-3.057
 0.195,-3.094
 0.205,-3.111
 0.227,-3.140
 0.258,-3.152
 0.259,-3.165
 0.270,-3.165
 0.291,-3.161
 0.292,-3.165
 0.291,-3.157
 0.312,-3.153
 0.323,-3.145
 0.365,-3.120
 0.375,-3.112
 0.396,-3.092
 0.406,-3.059
 0.449,-3.043
 0.458,-3.043
 0.470,-3.039
 0.490,-3.035
 0.479,-3.023
 0.491,-3.023
 0.511,-3.019
 0.523,-3.035
 0.576,-3.006
 0.554,-3.002
 0.554,-3.002
 0.585,-2.962
 0.606,-2.925
 0.627,-2.905
 0.628,-2.888
 0.639,-2.859
 0.659,-2.835
 0.671,-2.830
 0.680,-2.818
 0.669,-2.802
 0.690,-2.806
 0.690,-2.782
 0.711,-2.744
 0.711,-2.720
 0.710,-2.679
 0.734,-2.649
 0.743,-2.613
 0.765,-2.579
 0.775,-2.542
 0.784,-2.507
 0.796,-2.440
 0.804,-2.360
 0.816,-2.293
 0.815,-2.210
 0.838,-2.152
 0.859,-2.073
 0.890,-1.997
 0.954,-1.918
 1.007,-1.865
 1.038,-1.792
 1.072,-1.704
 1.089,-1.615
 1.113,-1.579
 1.122,-1.506
 1.132,-1.453
 1.135,-1.396
 1.155,-1.353
 1.144,-1.323
 1.164,-1.260
 1.164,-1.218
 1.164,-1.177
 1.174,-1.125
 1.197,-1.066
 1.196,-0.984
 1.206,-0.932
 1.219,-0.883
 1.227,-0.850
 1.229,-0.810
 1.248,-0.768
 1.227,-0.706
 1.230,-0.709
 1.219,-0.677
 1.230,-0.647
 1.220,-0.617
 1.218,-0.595
 1.208,-0.565
 1.193,-0.550
 1.205,-0.501
 1.207,-0.461
 1.218,-0.410
 1.209,-0.381
 1.206,-0.338
 1.197,-0.328
 1.197,-0.328
 1.174,-0.327
 1.187,-0.318
 1.183,-0.316
 1.176,-0.307
 1.176,-0.307
 1.143,-0.317
 1.154,-0.307
 1.153,-0.327
 1.134,-0.349
 1.112,-0.368
 1.101,-0.358
 1.102,-0.379
 1.079,-0.398
 1.090,-0.430
 1.091,-0.471
 1.089,-0.511
 1.080,-0.543
 1.068,-0.572
 1.047,-0.613
 1.015,-0.644
 1.006,-0.675
 0.987,-0.719
 0.942,-0.757
 0.922,-0.799
 0.890,-0.809
 0.868,-0.848
 0.837,-0.859
 0.825,-0.867
 0.794,-0.918
 0.784,-0.929
 0.793,-0.958
 0.795,-0.982
 0.794,-0.980
 0.784,-1.012
 0.774,-1.045
 0.752,-1.062
 0.763,-1.094
 0.761,-1.131
 0.742,-1.155
 0.742,-1.196
 0.741,-1.235
 0.753,-1.269
 0.762,-1.297
 0.773,-1.308
 0.774,-1.349
 0.794,-1.368
 0.785,-1.384
 0.794,-1.391
 0.806,-1.443
 0.806,-1.464
 0.793,-1.471
 0.805,-1.482
 0.814,-1.489
 0.816,-1.514
 0.817,-1.516
 0.827,-1.526
 0.861,-1.540
 0.869,-1.526
 0.859,-1.579
 0.881,-1.599
 0.888,-1.622
 0.890,-1.627
 0.889,-1.645
 0.891,-1.650
 0.902,-1.702
 0.922,-1.721
 0.913,-1.755
 0.911,-1.791
 0.901,-1.844
 0.922,-1.906
 0.910,-1.953
 0.901,-2.029
 0.900,-2.088
 0.924,-2.156
 0.923,-2.194
 0.910,-2.240
 0.913,-2.288
 0.891,-2.326
 0.881,-2.379
 0.870,-2.428
 0.879,-2.454
 0.860,-2.481
 0.891,-2.490
 0.912,-2.470
 0.934,-2.470
 0.956,-2.430
 0.936,-2.433
 0.935,-2.450
 0.935,-2.491
 0.936,-2.515
 0.924,-2.561
 0.926,-2.609
 0.893,-2.655
 0.883,-2.709
 0.851,-2.758
 0.839,-2.804
 0.820,-2.873
 0.775,-2.926
 0.765,-2.939
 0.787,-2.901
 0.764,-2.873
 0.766,-2.881
 0.765,-2.897
 0.766,-2.922
 0.744,-2.963
 0.722,-3.017
 0.713,-3.057
 0.681,-3.107
 0.619,-3.152
 0.598,-3.213
 0.575,-3.270
 0.545,-3.349
 0.512,-3.430
 0.470,-3.496
 0.396,-3.540
 0.354,-3.581
 0.303,-3.649
 0.281,-3.660
 0.270,-3.668
 0.259,-3.671
 0.238,-3.650
 0.218,-3.648
 0.228,-3.651
 0.217,-3.663
 0.197,-3.705
 0.175,-3.732
 0.133,-3.757
 0.123,-3.764
 0.123,-3.790
 0.112,-3.787
 0.123,-3.790
 0.134,-3.792
 0.144,-3.795
 0.165,-3.811
 0.165,-3.811
 0.186,-3.806
 0.197,-3.808
 0.197,-3.762
 0.186,-3.734
 0.218,-3.685
 0.250,-3.626
 0.249,-3.573
 0.291,-3.503
 0.281,-3.429
 0.302,-3.326
 0.344,-3.198
 0.376,-3.121
 0.397,-3.055
 0.386,-3.001
 0.407,-2.964
 0.417,-2.927
 0.417,-2.907
 0.427,-2.853
 0.438,-2.808
 0.470,-2.779
 0.470,-2.779
 0.471,-2.762
 0.481,-2.709
 0.481,-2.709
 0.480,-2.688
 0.469,-2.689
 0.469,-2.672
 0.469,-2.689
 0.469,-2.672
 0.459,-2.647
 0.438,-2.643
 0.428,-2.638
 0.417,-2.622
 0.396,-2.622
 0.385,-2.610
 0.374,-2.597
 0.374,-2.604
 0.374,-2.580
 0.374,-2.580
 0.364,-2.572
 0.363,-2.524
 0.353,-2.518
 0.352,-2.494
 0.373,-2.474
 0.374,-2.457
 0.374,-2.412
 0.374,-2.419
 0.394,-2.395
 0.384,-2.404
 0.395,-2.398
 0.415,-2.368
 0.416,-2.375
 0.438,-2.357
 0.448,-2.366
 0.448,-2.369
 0.458,-2.358
 0.458,-2.358
 0.490,-2.343
 0.478,-2.331
 0.500,-2.334
 0.500,-2.310
 0.500,-2.276
 0.500,-2.276
 0.511,-2.264
 0.510,-2.243
 0.520,-2.249
 0.522,-2.255
 0.531,-2.240
 0.542,-2.252
 0.532,-2.247
 0.563,-2.232
 0.575,-2.247
 0.595,-2.261
 0.626,-2.274
 0.659,-2.265
 0.689,-2.271
 0.680,-2.289
 0.722,-2.307
 0.733,-2.319
 0.765,-2.331
 0.794,-2.372
 0.806,-2.387
 0.828,-2.390
 0.838,-2.440
 0.837,-2.458
 0.837,-2.457
 0.860,-2.485
 0.870,-2.493
 0.871,-2.517
 0.883,-2.530
 0.891,-2.532
 0.891,-2.535
 0.880,-2.543
 0.900,-2.540
 0.912,-2.556
 0.900,-2.540
 0.892,-2.556
 0.880,-2.543
 0.869,-2.531
 0.871,-2.518
 0.848,-2.490
 0.839,-2.485
 0.827,-2.472
 0.816,-2.440
 0.787,-2.417
 0.785,-2.390
 0.775,-2.402
 0.764,-2.369
 0.773,-2.354
 0.764,-2.348
 0.752,-2.333
 0.764,-2.328
 0.765,-2.310
 0.764,-2.286
 0.753,-2.298
 0.751,-2.271
 0.763,-2.266
 0.774,-2.254
 0.794,-2.251
 0.805,-2.225
 0.816,-2.213
 0.796,-2.199
 0.827,-2.187
 0.838,-2.175
 0.827,-2.187
 0.804,-2.160
 0.816,-2.155
 0.826,-2.163
 0.794,-2.151
 0.785,-2.146
 0.794,-2.151
 0.785,-2.166
 0.774,-2.154
 0.752,-2.151
 0.763,-2.163
 0.741,-2.160
 0.754,-2.157
 0.743,-2.166
 0.731,-2.171
 0.732,-2.177
 0.741,-2.180
 0.732,-2.195
 0.752,-2.195
 0.762,-2.201
 0.753,-2.219
 0.741,-2.221
 0.753,-2.216
 0.773,-2.213
 0.773,-2.233
 0.764,-2.248
 0.794,-2.254
 0.817,-2.278
 0.817,-2.278
 0.816,-2.296
 0.838,-2.320
 0.827,-2.328
 0.840,-2.367
 0.839,-2.385
 0.870,-2.411
 0.871,-2.435
 0.869,-2.469
 0.849,-2.514
 0.870,-2.534
 0.871,-2.555
 0.862,-2.591
 0.881,-2.605
 0.881,-2.646
 0.904,-2.691
 0.923,-2.705
 0.935,-2.742
 0.954,-2.755
 0.957,-2.762
 0.978,-2.742
 0.987,-2.747
 0.989,-2.734
 0.987,-2.706
 0.988,-2.689
 0.999,-2.680
 0.997,-2.656
 1.011,-2.655
 1.008,-2.648
 0.998,-2.660
 0.998,-2.639
 0.997,-2.615
 0.999,-2.639
 1.007,-2.623
 0.967,-2.630
 0.988,-2.651
 0.964,-2.640
 0.955,-2.615
 0.976,-2.594
 0.957,-2.580
 0.935,-2.559
 0.924,-2.547
 0.915,-2.521
 0.902,-2.502
 0.892,-2.494
 0.871,-2.473
 0.859,-2.457
 0.839,-2.423
 0.827,-2.407
 0.796,-2.381
 0.807,-2.393
 0.784,-2.366
 0.764,-2.369
 0.784,-2.366
 0.775,-2.357
 0.775,-2.360
 0.774,-2.357
 0.787,-2.375
 0.774,-2.378
 0.785,-2.390
 0.806,-2.390
 0.816,-2.395
 0.829,-2.373
 0.816,-2.378
 0.839,-2.381
 0.849,-2.370
 0.848,-2.387
 0.871,-2.394
 0.879,-2.378
 0.870,-2.391
 0.891,-2.391
 0.900,-2.396
 0.913,-2.394
 0.923,-2.382
 0.925,-2.389
 0.946,-2.389
 0.944,-2.382
 0.966,-2.386
 0.984,-2.376
 0.974,-2.385
 0.984,-2.376
 1.007,-2.380
 0.999,-2.377
 1.009,-2.386
 1.009,-2.427
 1.009,-2.427
 1.007,-2.462
 1.019,-2.519
 1.006,-2.541
 1.007,-2.565
 1.029,-2.589
 1.007,-2.627
 1.019,-2.622
 1.007,-2.627
 1.027,-2.623
 1.028,-2.606
 1.059,-2.595
 1.072,-2.573
 1.071,-2.548
 1.071,-2.549
 1.093,-2.549
 1.101,-2.554
 1.103,-2.561
 1.112,-2.566
 1.090,-2.562
 1.112,-2.566
 1.101,-2.554
 1.083,-2.564
 1.093,-2.552
 1.083,-2.561
 1.072,-2.573
 1.049,-2.545
 1.040,-2.560
 1.017,-2.574
 0.996,-2.553
 0.987,-2.568
 0.965,-2.565
 0.955,-2.560
 0.942,-2.561
 0.933,-2.556
 0.934,-2.539
 0.923,-2.526
 0.913,-2.521
 0.912,-2.535
 0.891,-2.555
 0.891,-2.555
 0.880,-2.564
 0.871,-2.583
 0.861,-2.591
 0.871,-2.600
 0.860,-2.608
 0.859,-2.625
 0.849,-2.620
 0.849,-2.637
 0.859,-2.667
 0.860,-2.691
 0.859,-2.708
 0.881,-2.733
 0.870,-2.761
 0.891,-2.782
 0.872,-2.789
 0.881,-2.773
 0.872,-2.789
 0.881,-2.770
 0.881,-2.770
 0.870,-2.741
 0.858,-2.725
 0.850,-2.724
 0.829,-2.723
 0.818,-2.732
 0.787,-2.744
 0.795,-2.745
 0.786,-2.761
 0.785,-2.757
 0.765,-2.781
 0.776,-2.773
 0.743,-2.777
 0.755,-2.772
 0.765,-2.781
 0.743,-2.777
 0.765,-2.781
 0.743,-2.777
 0.744,-2.785
 0.744,-2.760
 0.744,-2.781
 0.745,-2.764
 0.743,-2.777
 0.722,-2.781
 0.733,-2.769
 0.722,-2.781
 0.712,-2.772
 0.731,-2.761
 0.713,-2.755
 0.734,-2.752
 0.713,-2.755
 0.724,-2.747
 0.733,-2.710
 0.724,-2.726
 0.722,-2.698
 0.721,-2.674
 0.723,-2.678
 0.722,-2.653
 0.733,-2.628
 0.722,-2.616
 0.722,-2.595
 0.723,-2.578
 0.732,-2.563
 0.734,-2.570
 0.754,-2.566
 0.743,-2.554
 0.744,-2.558
 0.742,-2.551
 0.744,-2.537
 0.743,-2.534
 0.743,-2.513
 0.755,-2.508
 0.753,-2.501
 0.765,-2.517
 0.755,-2.508
 0.764,-2.513
 0.764,-2.513
 0.774,-2.522
 0.776,-2.529
 0.775,-2.505
 0.763,-2.510
 0.776,-2.508
 0.774,-2.481
 0.766,-2.479
 0.776,-2.487
 0.776,-2.487
 0.776,-2.487
 0.784,-2.489
 0.786,-2.496
 0.775,-2.505
 0.785,-2.513
 0.787,-2.520
 0.774,-2.522
 0.787,-2.561
 0.765,-2.558
 0.775,-2.567
 0.775,-2.566
 0.784,-2.551
 0.775,-2.567
 0.775,-2.566
 0.765,-2.558
 0.776,-2.549
 0.774,-2.542
 0.786,-2.537
 0.785,-2.513
 0.785,-2.513
 0.787,-2.520
 0.784,-2.489
 0.774,-2.484
 0.774,-2.484
 0.785,-2.472
 0.786,-2.455
 0.784,-2.448
 0.796,-2.464
 0.786,-2.455
 0.796,-2.443
 0.797,-2.429
 0.807,-2.434
 0.786,-2.437
 0.807,-2.434
 0.805,-2.431
 0.807,-2.434
 0.794,-2.416
 0.796,-2.446
 0.807,-2.414
 0.806,-2.410
 0.796,-2.405
 0.806,-2.410
 0.807,-2.434
 0.807,-2.434
 0.817,-2.443
 0.828,-2.455
 0.806,-2.451
 0.808,-2.458
 0.818,-2.467
 0.818,-2.467
 0.829,-2.479
 0.838,-2.464
 0.829,-2.479
 0.828,-2.476
 0.838,-2.505
 0.860,-2.509
 0.848,-2.514
 0.860,-2.509
 0.870,-2.517
 0.869,-2.535
 0.870,-2.559
 0.880,-2.564
 0.882,-2.571
 0.903,-2.592
 0.902,-2.609
 0.892,-2.621
 0.901,-2.626
 0.913,-2.638
 0.901,-2.626
 0.900,-2.643
 0.913,-2.638
 0.913,-2.638
 0.902,-2.650
 0.904,-2.654
 0.881,-2.671
 0.872,-2.686
 0.882,-2.691
 0.861,-2.712
 0.871,-2.720
 0.881,-2.729
 0.872,-2.745
 0.871,-2.741
 0.872,-2.744
 0.872,-2.744
 0.881,-2.749
 0.872,-2.744
 0.870,-2.737
 0.882,-2.753
 0.872,-2.745
 0.870,-2.737
 0.882,-2.753
 0.881,-2.749
 0.871,-2.762
 0.881,-2.749
 0.881,-2.729
 0.884,-2.740
 0.904,-2.736
 0.905,-2.740
 0.904,-2.716
 0.913,-2.720
 0.904,-2.716
 0.911,-2.717
 0.913,-2.721
 0.913,-2.721
 0.924,-2.712
 0.925,-2.695
 0.913,-2.679
 0.925,-2.695
 0.925,-2.695
 0.925,-2.695
 0.915,-2.687
 0.923,-2.688
 0.903,-2.691
 0.893,-2.683
 0.892,-2.700
 0.883,-2.678
 0.893,-2.683
 0.883,-2.674
 0.883,-2.674
 0.870,-2.679
 0.871,-2.662
 0.869,-2.655
 0.849,-2.658
 0.850,-2.641
 0.839,-2.650
 0.819,-2.653
 0.827,-2.634
 0.828,-2.637
 0.830,-2.644
 0.808,-2.641
 0.842,-2.640
 0.830,-2.644
 0.819,-2.653
 0.819,-2.653
 0.817,-2.646
 0.828,-2.637
 0.828,-2.637
 0.829,-2.620
 0.830,-2.603
 0.828,-2.596
 0.839,-2.629
 0.838,-2.605
 0.829,-2.620
 0.830,-2.624
 0.829,-2.620
 0.831,-2.627
 0.840,-2.632
 0.839,-2.650
 0.840,-2.653
 0.839,-2.649
 0.851,-2.665
 0.860,-2.650
 0.851,-2.662
 0.871,-2.662
 0.881,-2.667
 0.861,-2.653
 0.882,-2.650
 0.882,-2.650
 0.882,-2.650
 0.890,-2.651
 0.892,-2.659
 0.902,-2.647
 0.892,-2.642
 0.894,-2.649
 0.893,-2.624
 0.895,-2.631
 0.883,-2.636
 0.883,-2.636
 0.872,-2.645
 0.859,-2.646
 0.841,-2.657
 0.851,-2.665
 0.850,-2.682
 0.861,-2.653
 0.859,-2.667
 0.860,-2.691
 0.860,-2.687
 0.871,-2.703
 0.894,-2.707
 0.871,-2.703
 0.883,-2.719
 0.883,-2.715
 0.893,-2.724
 0.882,-2.732
 0.880,-2.725
 0.882,-2.732
 0.893,-2.724
 0.872,-2.745
 0.862,-2.736
 0.859,-2.749
 0.861,-2.774
 0.871,-2.761
 0.871,-2.762
 0.871,-2.762
 0.881,-2.770
 0.883,-2.777
 0.893,-2.765
 0.873,-2.769
 0.884,-2.781
 0.872,-2.786
 0.863,-2.802
 0.862,-2.777
 0.851,-2.765
 0.862,-2.777
 0.849,-2.758
 0.851,-2.748
 0.850,-2.724
 0.850,-2.724
 0.850,-2.724
 0.828,-2.720
 0.819,-2.736
 0.829,-2.703
 0.829,-2.703
 0.819,-2.694
 0.807,-2.678
 0.799,-2.698
 0.796,-2.670
 0.797,-2.670
 0.798,-2.653
 0.785,-2.633
 0.787,-2.644
 0.786,-2.620
 0.787,-2.641
 0.765,-2.640
 0.763,-2.633
 0.766,-2.644
 0.775,-2.628
 0.763,-2.633
 0.786,-2.620
 0.775,-2.628
 0.789,-2.648
 0.788,-2.627
 0.777,-2.635
 0.788,-2.623
 0.796,-2.625
 0.798,-2.632
 0.807,-2.617
 0.807,-2.617
 0.808,-2.624
 0.797,-2.608
 0.807,-2.600
 0.819,-2.612
 0.797,-2.608
 0.798,-2.615
 0.787,-2.599
 0.777,-2.594
 0.787,-2.599
 0.776,-2.611
 0.787,-2.603
 0.785,-2.596
 0.776,-2.611
 0.787,-2.599
 0.776,-2.611
 0.787,-2.582
 0.796,-2.567
 0.809,-2.562
 0.819,-2.550
 0.828,-2.555
 0.830,-2.541
 0.829,-2.558
 0.840,-2.550
 0.839,-2.547
 0.850,-2.538
 0.852,-2.545
 0.840,-2.550
 0.851,-2.565
 0.851,-2.562
 0.840,-2.591
 0.851,-2.603
 0.838,-2.584
 0.861,-2.612
 0.882,-2.592
 0.882,-2.592
 0.894,-2.604
 0.892,-2.597
 0.883,-2.633
 0.883,-2.633
 0.883,-2.674
 0.894,-2.707
 0.882,-2.732
 0.884,-2.740
 0.873,-2.769
 0.872,-2.786
 0.883,-2.798
 0.892,-2.782
 0.895,-2.811
 0.906,-2.802
 0.915,-2.807
 0.883,-2.840
 0.903,-2.853
 0.884,-2.881
 0.894,-2.910
 0.873,-2.931
 0.906,-2.968
 0.893,-2.989
 0.873,-3.034
 0.872,-3.050
 0.882,-3.096
 0.852,-3.137
 0.852,-3.137
 0.855,-3.170
 0.834,-3.190
 0.832,-3.223
 0.832,-3.265
 0.830,-3.273
 0.820,-3.310
 0.809,-3.338
 0.788,-3.355
 0.758,-3.396
 0.747,-3.404
 0.726,-3.429
 0.738,-3.442
 0.726,-3.446
 0.736,-3.438
 0.755,-3.425
 0.757,-3.434
 0.778,-3.413
 0.787,-3.417
 0.799,-3.393
 0.808,-3.376
 0.831,-3.364
 0.831,-3.323
 0.841,-3.310
 0.853,-3.307
 0.850,-3.273
 0.852,-3.282
 0.863,-3.269
 0.861,-3.240
 0.873,-3.216
 0.884,-3.187
 0.886,-3.154
 0.886,-3.133
 0.885,-3.108
 0.897,-3.104
 0.895,-3.096
 0.895,-3.096
 0.873,-3.092
 0.883,-3.100
 0.864,-3.129
 0.852,-3.112
 0.832,-3.116
 0.821,-3.128
 0.788,-3.153
 0.779,-3.169
 0.768,-3.156
 0.747,-3.161
 0.768,-3.157
 0.767,-3.132
 0.758,-3.107
 0.778,-3.062
 0.789,-3.033
 0.800,-3.004
 0.820,-2.959
 0.811,-2.954
 0.851,-2.906
 0.852,-2.868
 0.853,-2.851
 0.873,-2.823
 0.864,-2.802
 0.884,-2.753
 0.894,-2.745
 0.884,-2.715
 0.914,-2.700
 0.916,-2.666
 0.916,-2.624
 0.928,-2.599
 0.949,-2.578
 0.947,-2.571
 0.958,-2.542
 0.966,-2.503
 0.967,-2.486
 0.979,-2.460
 0.989,-2.406
 1.000,-2.381
 1.020,-2.333
 1.031,-2.283
 1.032,-2.266
 1.029,-2.218
 1.042,-2.171
 1.051,-2.118
 1.041,-2.089
 1.052,-2.039
 1.050,-2.015
 1.052,-1.997
 1.061,-1.962
 1.040,-1.924
 1.052,-1.894
 1.050,-1.850
 1.051,-1.832
 1.060,-1.800
 1.061,-1.779
 1.082,-1.759
 1.092,-1.747
 1.105,-1.741
 1.113,-1.727
 1.114,-1.709
 1.126,-1.679
 1.145,-1.656
 1.159,-1.632
 1.156,-1.627
 1.157,-1.606
 1.176,-1.583
 1.175,-1.560
 1.166,-1.533
 1.187,-1.492
 1.188,-1.473
 1.221,-1.465
 1.219,-1.442
 1.243,-1.446
 1.250,-1.431
 1.271,-1.451
 1.304,-1.442
 1.291,-1.449
 1.315,-1.433
 1.325,-1.422
 1.325,-1.401
 1.348,-1.383
 1.356,-1.349
 1.370,-1.321
 1.410,-1.278
 1.432,-1.237
 1.464,-1.187
 1.472,-1.154
 1.497,-1.137
 1.528,-1.105
 1.540,-1.075
 1.550,-1.064
 1.587,-1.039
 1.611,-1.022
 1.663,-0.970
 1.688,-0.953
 1.734,-0.915
 1.763,-0.903
 1.808,-0.884
 1.846,-0.881
 1.866,-0.880
 1.887,-0.860
 1.894,-0.868
 1.943,-0.852
 1.960,-0.829
 1.974,-0.841
 1.997,-0.843
 2.004,-0.830
 2.018,-0.843
 2.044,-0.850
 2.075,-0.839
 2.063,-0.849
 2.072,-0.858
 2.101,-0.863
 2.101,-0.863
 2.101,-0.863
 2.091,-0.874
 2.089,-0.893
 2.070,-0.894
 2.065,-0.891
 2.054,-0.901
 2.077,-0.902
 2.077,-0.902
 2.081,-0.885
 2.089,-0.893
 2.075,-0.901
 2.080,-0.924
 2.056,-0.923
 2.070,-0.935
 2.058,-0.945
 2.037,-0.945
 2.028,-0.976
 1.990,-0.962
 1.972,-0.963
 1.969,-0.941
 1.908,-0.921
 1.914,-0.906
 1.887,-0.880
 1.882,-0.894
 1.889,-0.902
 1.909,-0.901
 1.934,-0.925
 1.916,-0.930
 1.909,-0.942
 1.878,-0.932
 1.857,-0.932
 1.848,-0.923
 1.812,-0.910
 1.794,-0.890
 1.760,-0.859
 1.741,-0.860
 1.722,-0.841
 1.708,-0.849
 1.668,-0.850
 1.647,-0.870
 1.614,-0.879
 1.581,-0.889
 1.566,-0.915
 1.570,-0.919
 1.570,-0.898
 1.550,-0.858
 1.564,-0.850
 1.550,-0.817
 1.564,-0.809
 1.560,-0.806
 1.551,-0.796
 1.550,-0.755
 1.535,-0.721
 1.572,-0.673
 1.591,-0.631
 1.612,-0.590
 1.605,-0.561
 1.624,-0.539
 1.618,-0.552
 1.595,-0.551
 1.605,-0.561
 1.607,-0.583
 1.612,-0.590
 1.593,-0.632
 1.571,-0.632
 1.560,-0.642
 1.564,-0.644
 1.582,-0.662
 1.552,-0.674
 1.562,-0.684
 1.570,-0.692
 1.574,-0.695
 1.569,-0.672
 1.595,-0.675
 1.595,-0.675
 1.581,-0.683
 1.595,-0.675
 1.593,-0.694
 1.597,-0.697
 1.617,-0.697
 1.593,-0.714
 1.593,-0.714
 1.591,-0.713
 1.582,-0.724
 1.603,-0.704
 1.614,-0.715
 1.595,-0.716
 1.603,-0.704
 1.595,-0.716
 1.593,-0.714
 1.603,-0.724
 1.605,-0.726
 1.590,-0.732
 1.583,-0.746
 1.583,-0.746
 1.572,-0.756
 1.553,-0.757
 1.539,-0.765
 1.543,-0.747
 1.541,-0.725
 1.528,-0.733
 1.520,-0.704
 1.538,-0.681
 1.530,-0.652
 1.530,-0.652
 1.529,-0.611
 1.533,-0.593
 1.538,-0.599
 1.538,-0.599
 1.538,-0.599
 1.540,-0.580
 1.534,-0.572
 1.553,-0.571
 1.545,-0.583
 1.555,-0.593
 1.530,-0.611
 1.531,-0.632
 1.549,-0.650
 1.541,-0.683
 1.552,-0.673
 1.539,-0.722
 1.544,-0.747
 1.531,-0.755
 1.511,-0.798
 1.511,-0.839
 1.487,-0.856
 1.488,-0.899
 1.496,-0.928
 1.498,-0.950
 1.489,-0.940
 1.479,-0.951
 1.490,-0.963
 1.477,-0.970
 1.477,-0.970
 1.477,-0.970
 1.456,-0.991
 1.479,-0.993
 1.498,-0.991
 1.488,-1.002
 1.500,-1.013
 1.477,-1.011
 1.477,-1.012
 1.476,-1.030
 1.488,-1.002
 1.481,-1.015
 1.490,-1.024
 1.482,-1.037
 1.489,-1.043
 1.479,-1.054
 1.468,-1.064
 1.453,-1.090
 1.468,-1.105
 1.477,-1.114
 1.458,-1.116
 1.458,-1.116
 1.445,-1.124
 1.470,-1.128
 1.466,-1.124
 1.456,-1.135
 1.456,-1.135
 1.433,-1.133
 1.446,-1.146
 1.455,-1.154
 1.437,-1.178
 1.448,-1.169
 1.447,-1.187
 1.450,-1.191
 1.456,-1.197
 1.435,-1.217
 1.425,-1.228
 1.433,-1.236
 1.437,-1.240
 1.435,-1.217
 1.425,-1.228
 1.426,-1.230
 1.412,-1.236
 1.416,-1.260
 1.404,-1.249
 1.395,-1.283
 1.385,-1.294
 1.361,-1.310
 1.363,-1.333
 1.339,-1.349
 1.329,-1.360
 1.339,-1.390
 1.318,-1.411
 1.299,-1.415
 1.276,-1.413
 1.265,-1.442
 1.253,-1.472
 1.222,-1.504
 1.217,-1.563
 1.172,-1.602
 1.160,-1.650
 1.137,-1.689
 1.135,-1.725
 1.117,-1.750
 1.126,-1.759
 1.117,-1.792
 1.129,-1.806
 1.138,-1.833
 1.140,-1.880
 1.139,-1.918
 1.139,-1.960
 1.138,-1.977
 1.134,-1.990
 1.137,-1.995
 1.137,-1.995
 1.105,-2.027
 1.128,-2.030
 1.149,-2.051
 1.151,-2.054
 1.161,-2.084
 1.161,-2.084
 1.161,-2.105
 1.126,-2.086
 1.140,-2.104
 1.149,-2.090
 1.149,-2.090
 1.161,-2.084
 1.149,-2.090
 1.161,-2.105
 1.160,-2.081
 1.150,-2.113
 1.150,-2.113
 1.147,-2.107
 1.139,-2.081
 1.127,-2.069
 1.128,-2.051
 1.109,-2.033
 1.106,-1.986
 1.107,-1.968
 1.117,-1.936
 1.128,-1.927
 1.139,-1.898
 1.169,-1.884
 1.183,-1.860
 1.181,-1.854
 1.171,-1.866
 1.171,-1.866
 1.168,-1.860
 1.159,-1.854
 1.147,-1.881
 1.116,-1.892
 1.097,-1.897
 1.117,-1.895
 1.119,-1.900
 1.108,-1.909
 1.097,-1.897
 1.107,-1.927
 1.125,-1.919
 1.127,-1.925
 1.105,-1.922
 1.117,-1.936
 1.118,-1.960
 1.127,-1.966
 1.119,-2.001
 1.108,-2.010
 1.106,-2.027
 1.086,-2.030
 1.095,-2.057
 1.087,-2.074
 1.076,-2.104
 1.086,-2.133
 1.076,-2.145
 1.085,-2.172
 1.075,-2.204
 1.075,-2.225
 1.065,-2.257
 1.065,-2.257
 1.085,-2.254
 1.076,-2.246
 1.086,-2.237
 1.096,-2.243
 1.085,-2.254
 1.095,-2.222
 1.097,-2.228
 1.097,-2.228
 1.098,-2.207
 1.110,-2.181
 1.117,-2.184
 1.097,-2.187
 1.096,-2.184
 1.105,-2.169
 1.096,-2.163
 1.116,-2.160
 1.119,-2.146
 1.129,-2.155
 1.117,-2.143
 1.130,-2.137
 1.116,-2.119
 1.118,-2.125
 1.127,-2.131
 1.096,-2.122
 1.118,-2.125
 1.116,-2.119
 1.117,-2.143
 1.128,-2.134
 1.117,-2.142
 1.129,-2.157
 1.127,-2.151
 1.118,-2.166
 1.117,-2.163
 1.115,-2.181
 1.117,-2.204
 1.117,-2.204
 1.118,-2.228
 1.117,-2.246
 1.128,-2.278
 1.119,-2.273
 1.118,-2.290
 1.088,-2.326
 1.097,-2.331
 1.107,-2.340
 1.108,-2.364
 1.095,-2.366
 1.085,-2.378
 1.096,-2.369
 1.095,-2.390
 1.108,-2.423
 1.106,-2.461
 1.119,-2.497
 1.118,-2.518
 1.139,-2.535
 1.140,-2.539
 1.126,-2.540
 1.139,-2.535
 1.140,-2.518
 1.129,-2.506
 1.130,-2.489
 1.137,-2.470
 1.117,-2.452
 1.117,-2.452
 1.117,-2.432
 1.130,-2.427
 1.117,-2.411
 1.130,-2.447
 1.128,-2.423
 1.105,-2.437
 1.107,-2.444
 1.095,-2.428
 1.076,-2.414
 1.077,-2.396
 1.066,-2.405
 1.056,-2.417
 1.032,-2.389
 1.022,-2.381
 1.001,-2.360
 0.988,-2.365
 0.969,-2.351
 0.957,-2.336
 0.936,-2.315
 0.926,-2.309
 0.915,-2.297
 0.895,-2.279
 0.904,-2.264
 0.893,-2.235
 0.893,-2.193
 0.892,-2.211
 0.883,-2.185
 0.892,-2.170
 0.893,-2.152
 0.904,-2.123
 0.926,-2.102
 0.936,-2.094
 0.956,-2.088
 0.967,-2.079
 0.989,-2.082
 1.009,-2.079
 1.033,-2.106
 1.051,-2.100
 1.062,-2.130
 1.095,-2.121
 1.104,-2.130
 1.141,-2.172
 1.150,-2.178
 1.171,-2.240
 1.182,-2.273
 1.190,-2.338
 1.223,-2.391
 1.222,-2.450
 1.256,-2.528
 1.277,-2.548
 1.297,-2.586
 1.299,-2.611
 1.318,-2.628
 1.351,-2.661
 1.353,-2.685
 1.361,-2.711
 1.384,-2.715
 1.413,-2.720
 1.405,-2.736
 1.416,-2.727
 1.446,-2.732
 1.459,-2.728
 1.456,-2.720
 1.457,-2.704
 1.490,-2.695
 1.477,-2.679
 1.481,-2.687
 1.488,-2.671
 1.489,-2.671
 1.479,-2.683
 1.477,-2.659
 1.470,-2.657
 1.469,-2.633
 1.470,-2.616
 1.459,-2.583
 1.434,-2.555
 1.416,-2.541
 1.401,-2.522
 1.403,-2.505
 1.383,-2.467
 1.381,-2.443
 1.363,-2.428
 1.361,-2.404
 1.361,-2.404
 1.351,-2.396
 1.329,-2.392
 1.332,-2.399
 1.329,-2.392
 1.319,-2.383
 1.288,-2.374
 1.285,-2.368
 1.277,-2.386
 1.276,-2.383
 1.255,-2.362
 1.255,-2.362
 1.254,-2.338
 1.245,-2.333
 1.211,-2.338
 1.201,-2.329
 1.193,-2.303
 1.200,-2.305
 1.203,-2.312
 1.191,-2.299
 1.160,-2.311
 1.161,-2.314
 1.160,-2.311
 1.161,-2.294
 1.160,-2.311
 1.139,-2.332
 1.117,-2.308
 1.115,-2.304
 1.117,-2.311
 1.139,-2.290
 1.128,-2.299
 1.129,-2.323
 1.127,-2.320
 1.118,-2.352
 1.128,-2.340
 1.107,-2.361
 1.118,-2.352
 1.127,-2.358
 1.129,-2.364
 1.139,-2.373
 1.139,-2.373
 1.151,-2.385
 1.148,-2.399
 1.150,-2.406
 1.169,-2.399
 1.170,-2.403
 1.182,-2.415
 1.180,-2.391
 1.183,-2.397
 1.203,-2.394
 1.202,-2.412
 1.224,-2.415
 1.202,-2.412
 1.204,-2.418
 1.226,-2.401
 1.227,-2.422
 1.248,-2.443
 1.254,-2.421
 1.255,-2.445
 1.275,-2.442
 1.275,-2.442
 1.288,-2.457
 1.297,-2.462
 1.300,-2.469
 1.319,-2.487
 1.317,-2.501
 1.329,-2.516
 1.328,-2.513
 1.352,-2.520
 1.341,-2.528
 1.331,-2.540
 1.354,-2.544
 1.349,-2.554
 1.361,-2.567
 1.372,-2.558
 1.372,-2.558
 1.375,-2.565
 1.371,-2.537
 1.385,-2.574
 1.382,-2.567
 1.392,-2.596
 1.415,-2.600
 1.402,-2.605
 1.415,-2.641
 1.405,-2.653
 1.426,-2.674
 1.429,-2.681
 1.438,-2.686
 1.430,-2.723
 1.428,-2.740
 1.425,-2.774
 1.416,-2.807
 1.422,-2.807
 1.437,-2.827
 1.417,-2.831
 1.427,-2.839
 1.407,-2.843
 1.383,-2.856
 1.385,-2.880
 1.373,-2.868
 1.362,-2.876
 1.363,-2.860
 1.383,-2.856
 1.354,-2.851
 1.342,-2.839
 1.341,-2.835
 1.342,-2.839
 1.320,-2.814
 1.321,-2.818
 1.321,-2.818
 1.299,-2.797
 1.290,-2.788
 1.285,-2.798
 1.288,-2.805
 1.278,-2.797
 1.276,-2.789
 1.278,-2.797
 1.278,-2.755
 1.269,-2.750
 1.269,-2.750
 1.268,-2.767
 1.280,-2.738
 1.267,-2.743
 1.267,-2.743
 1.267,-2.743
 1.256,-2.751
 1.257,-2.734
 1.266,-2.702
 1.246,-2.705
 1.246,-2.705
 1.224,-2.701
 1.225,-2.726
 1.224,-2.701
 1.226,-2.705
 1.237,-2.696
 1.203,-2.701
 1.216,-2.717
 1.203,-2.701
 1.203,-2.701
 1.214,-2.693
 1.214,-2.693
 1.227,-2.708
 1.224,-2.701
 1.204,-2.705
 1.226,-2.705
 1.213,-2.710
 1.214,-2.734
 1.224,-2.742
 1.204,-2.746
 1.224,-2.743
 1.213,-2.772
 1.227,-2.791
 1.225,-2.767
 1.217,-2.803
 1.217,-2.803
 1.235,-2.817
 1.227,-2.833
 1.223,-2.842
 1.225,-2.867
 1.236,-2.858
 1.246,-2.846
 1.249,-2.854
 1.257,-2.838
 1.256,-2.859
 1.267,-2.846
 1.277,-2.834
 1.270,-2.833
 1.278,-2.817
 1.301,-2.821
 1.279,-2.800
 1.288,-2.784
 1.301,-2.780
 1.299,-2.755
 1.299,-2.755
 1.322,-2.759
 1.297,-2.731
 1.322,-2.718
 1.309,-2.702
 1.322,-2.697
 1.333,-2.689
 1.319,-2.690
 1.322,-2.697
 1.333,-2.689
 1.332,-2.706
 1.329,-2.699
 1.329,-2.698
 1.344,-2.680
 1.354,-2.668
 1.354,-2.668
 1.354,-2.668
 1.351,-2.661
 1.353,-2.644
 1.361,-2.649
 1.361,-2.649
 1.363,-2.632
 1.373,-2.620
 1.364,-2.615
 1.384,-2.611
 1.343,-2.594
 1.356,-2.589
 1.353,-2.582
 1.354,-2.565
 1.351,-2.558
 1.363,-2.570
 1.374,-2.561
 1.370,-2.572
 1.373,-2.579
 1.362,-2.587
 1.362,-2.587
 1.353,-2.582
 1.350,-2.575
 1.343,-2.594
 1.362,-2.591
 1.341,-2.611
 1.353,-2.623
 1.329,-2.637
 1.322,-2.656
 1.330,-2.661
 1.319,-2.690
 1.322,-2.697
 1.320,-2.714
 1.302,-2.742
 1.313,-2.771
 1.312,-2.792
 1.312,-2.834
 1.288,-2.888
 1.259,-2.945
 1.246,-2.991
 1.203,-3.053
 1.194,-3.110
 1.149,-3.164
 1.160,-3.197
 1.160,-3.197
 1.181,-3.155
 1.192,-3.106
 1.212,-3.040
 1.237,-3.007
 1.247,-2.953
 1.277,-2.900
 1.290,-2.854
 1.309,-2.805
 1.332,-2.747
 1.394,-2.662
 1.439,-2.562
 1.461,-2.483
 1.469,-2.447
 1.483,-2.442
 1.491,-2.406
 1.489,-2.423
 1.491,-2.406
 1.487,-2.399
 1.490,-2.427
 1.469,-2.447
 1.459,-2.459
 1.451,-2.474
 1.428,-2.491
 1.420,-2.527
 1.416,-2.520
 1.405,-2.508
 1.397,-2.524
 1.392,-2.493
 1.395,-2.500
 1.375,-2.503
 1.395,-2.499
 1.375,-2.503
 1.382,-2.504
 1.364,-2.511
 1.364,-2.491
 1.353,-2.499
 1.354,-2.482
 1.341,-2.466
 1.343,-2.470
 1.332,-2.458
 1.320,-2.445
 1.300,-2.449
 1.318,-2.421
 1.311,-2.419
 1.300,-2.407
 1.287,-2.392
 1.290,-2.398
 1.288,-2.374
 1.279,-2.366
 1.279,-2.366
 1.267,-2.354
 1.257,-2.345
 1.255,-2.338
 1.256,-2.321
 1.268,-2.295
 1.247,-2.294
 1.239,-2.289
 1.246,-2.291
 1.237,-2.327
 1.225,-2.353
 1.192,-2.361
 1.182,-2.373
 1.192,-2.361
 1.194,-2.368
 1.204,-2.356
 1.192,-2.362
 1.194,-2.368
 1.192,-2.362
 1.206,-2.380
 1.204,-2.377
 1.203,-2.394
 1.216,-2.389
 1.213,-2.382
 1.215,-2.407
 1.236,-2.386
 1.246,-2.374
 1.249,-2.381
 1.246,-2.374
 1.259,-2.369
 1.246,-2.374
 1.256,-2.383
 1.278,-2.386
 1.285,-2.389
 1.300,-2.407
 1.311,-2.398
 1.329,-2.413
 1.352,-2.416
 1.352,-2.416
 1.375,-2.420
 1.365,-2.432
 1.394,-2.437
 1.397,-2.444
 1.414,-2.455
 1.405,-2.467
 1.416,-2.479
 1.435,-2.496
 1.449,-2.491
 1.435,-2.496
 1.438,-2.500
 1.449,-2.491
 1.446,-2.526
 1.449,-2.533
 1.459,-2.541
 1.459,-2.542
 1.480,-2.562
 1.469,-2.571
 1.482,-2.587
 1.490,-2.592
 1.492,-2.616
 1.503,-2.608
 1.512,-2.613
 1.492,-2.616
 1.512,-2.613
 1.512,-2.613
 1.523,-2.625
 1.512,-2.613
 1.515,-2.620
 1.521,-2.600
 1.533,-2.592
 1.544,-2.584
 1.534,-2.575
 1.548,-2.570
 1.555,-2.554
 1.546,-2.546
 1.557,-2.537
 1.564,-2.518
 1.555,-2.513
 1.585,-2.498
 1.588,-2.484
 1.588,-2.463
 1.574,-2.427
 1.588,-2.422
 1.595,-2.406
 1.596,-2.406
 1.587,-2.401
 1.584,-2.394
 1.588,-2.380
 1.607,-2.377
 1.597,-2.389
 1.609,-2.401
 1.605,-2.394
 1.597,-2.410
 1.605,-2.395
 1.606,-2.395
 1.596,-2.406
 1.582,-2.391
 1.583,-2.391
 1.582,-2.391
 1.578,-2.372
 1.571,-2.348
 1.580,-2.354
 1.571,-2.348
 1.568,-2.342
 1.578,-2.330
 1.577,-2.351
 1.564,-2.335
 1.556,-2.330
 1.544,-2.318
 1.555,-2.309
 1.546,-2.300
 1.542,-2.294
 1.556,-2.288
 1.541,-2.270
 1.531,-2.261
 1.523,-2.255
 1.521,-2.231
 1.513,-2.247
 1.502,-2.214
 1.522,-2.214
 1.513,-2.205
 1.509,-2.199
 1.501,-2.193
 1.501,-2.172
 1.492,-2.163
 1.503,-2.155
 1.490,-2.140
 1.470,-2.143
 1.469,-2.119
 1.469,-2.119
 1.470,-2.101
 1.478,-2.066
 1.482,-2.072
 1.490,-2.057
 1.478,-2.066
 1.491,-2.039
 1.501,-2.027
 1.505,-2.033
 1.504,-2.033
 1.491,-2.039
 1.504,-2.033
 1.501,-2.027
 1.524,-2.031
 1.511,-2.037
 1.498,-2.022
 1.521,-2.025
 1.509,-2.013
 1.515,-2.022
 1.526,-2.013
 1.524,-2.031
 1.524,-2.031
 1.517,-2.040
 1.518,-2.060
 1.529,-2.052
 1.500,-2.045
 1.536,-2.042
 1.534,-2.019
 1.516,-2.004
 1.526,-2.013
 1.513,-1.998
 1.513,-1.998
 1.500,-1.983
 1.512,-1.995
 1.499,-1.981
 1.498,-1.960
 1.500,-1.963
 1.487,-1.948
 1.483,-1.927
 1.484,-1.909
 1.463,-1.888
 1.464,-1.870
 1.450,-1.873
 1.452,-1.876
 1.440,-1.885
 1.416,-1.879
 1.406,-1.891
 1.402,-1.886
 1.414,-1.877
 1.392,-1.897
 1.392,-1.897
 1.397,-1.885
 1.384,-1.911
 1.388,-1.917
 1.386,-1.935
 1.383,-1.950
 1.384,-1.974
 1.371,-1.980
 1.374,-1.985
 1.364,-1.997
 1.363,-1.994
 1.366,-2.000
 1.342,-1.973
 1.343,-1.997
 1.342,-1.973
 1.341,-1.970
 1.353,-1.944
 1.352,-1.941
 1.332,-1.944
 1.343,-1.935
 1.321,-1.932
 1.324,-1.937
 1.343,-1.934
 1.322,-1.955
 1.322,-1.955
 1.309,-1.961
 1.312,-1.967
 1.298,-1.970
 1.289,-1.964
 1.300,-1.952
 1.287,-1.958
 1.289,-1.964
 1.291,-1.946
 1.271,-1.948
 1.271,-1.948
 1.257,-1.952
 1.268,-1.943
 1.244,-1.958
 1.235,-1.952
 1.248,-1.945
 1.236,-1.931
 1.228,-1.948
 1.205,-1.942
 1.215,-1.954
 1.194,-1.954
 1.171,-1.969
 1.151,-1.974
 1.172,-1.992
 1.141,-2.004
 1.172,-1.992
 1.192,-2.031
 1.194,-2.058
 1.194,-2.057
 1.196,-2.081
 1.217,-2.102
 1.226,-2.129
 1.227,-2.152
 1.234,-2.155
 1.236,-2.179
 1.226,-2.170
 1.247,-2.170
 1.270,-2.173
 1.267,-2.168
 1.281,-2.186
 1.281,-2.186
 1.278,-2.180
 1.291,-2.174
 1.289,-2.168
 1.269,-2.171
 1.280,-2.162
 1.278,-2.138
 1.281,-2.144
 1.290,-2.150
 1.290,-2.150
 1.281,-2.144
 1.298,-2.135
 1.301,-2.141
 1.299,-2.117
 1.289,-2.129
 1.301,-2.121
 1.309,-2.106
 1.301,-2.100
 1.331,-2.085
 1.301,-2.100
 1.312,-2.091
 1.322,-2.079
 1.325,-2.085
 1.312,-2.070
 1.312,-2.091
 1.312,-2.112
 1.298,-2.094
 1.290,-2.109
 1.300,-2.097
 1.312,-2.112
 1.312,-2.112
 1.301,-2.100
 1.302,-2.124
 1.311,-2.130
 1.300,-2.138
 1.310,-2.147
 1.308,-2.165
 1.300,-2.159
 1.300,-2.159
 1.302,-2.162
 1.291,-2.174
 1.278,-2.179
 1.270,-2.194
 1.269,-2.212
 1.258,-2.221
 1.248,-2.233
 1.237,-2.241
 1.228,-2.236
 1.226,-2.253
 1.236,-2.262
 1.226,-2.253
 1.222,-2.264
 1.236,-2.262
 1.226,-2.253
 1.227,-2.256
 1.229,-2.259
