 0.719,-1.414
 0.735,-1.399
 0.719,-1.366
 0.712,-1.346
 0.711,-1.330
 0.712,-1.347
 0.704,-1.310
 0.688,-1.308
 0.665,-1.332
 0.679,-1.327
 0.664,-1.329
 0.648,-1.330
 0.648,-1.344
 0.657,-1.371
 0.639,-1.410
 0.647,-1.447
 0.647,-1.478
 0.646,-1.518
 0.656,-1.489
 0.649,-1.469
 0.664,-1.484
 0.672,-1.490
 0.688,-1.505
 0.696,-1.485
 0.703,-1.473
 0.719,-1.476
 0.751,-1.477
 0.773,-1.480
 0.805,-1.499
 0.827,-1.488
 0.844,-1.476
 0.852,-1.484
 0.852,-1.498
 0.861,-1.508
 0.851,-1.496
 0.843,-1.489
 0.852,-1.469
 0.835,-1.466
 0.828,-1.489
 0.836,-1.467
 0.822,-1.470
 0.830,-1.419
 0.845,-1.387
 0.861,-1.388
 0.859,-1.383
 0.859,-1.383
 0.859,-1.352
 0.858,-1.351
 0.851,-1.345
 0.851,-1.344
 0.851,-1.376
 0.860,-1.354
 0.859,-1.323
 0.869,-1.320
 0.859,-1.293
 0.852,-1.301
 0.860,-1.308
 0.860,-1.278
 0.845,-1.250
 0.844,-1.232
 0.829,-1.233
 0.820,-1.223
 0.819,-1.206
 0.828,-1.186
 0.819,-1.177
 0.804,-1.179
 0.805,-1.195
 0.804,-1.192
 0.812,-1.231
 0.795,-1.228
 0.803,-1.221
 0.796,-1.231
 0.780,-1.246
 0.789,-1.255
 0.780,-1.259
 0.788,-1.299
 0.789,-1.316
 0.789,-1.346
 0.790,-1.365
 0.774,-1.380
 0.790,-1.411
 0.805,-1.453
 0.787,-1.509
 0.804,-1.542
 0.802,-1.555
 0.819,-1.589
 0.859,-1.613
 0.890,-1.612
 0.908,-1.616
 0.922,-1.597
 0.907,-1.585
 0.931,-1.594
 0.913,-1.619
 0.899,-1.651
 0.890,-1.671
 0.867,-1.681
 0.845,-1.663
 0.814,-1.661
 0.774,-1.669
 0.742,-1.695
 0.726,-1.741
 0.695,-1.756
 0.678,-1.769
 0.663,-1.771
 0.639,-1.777
 0.617,-1.788
 0.593,-1.779
 0.576,-1.775
 0.561,-1.750
 0.545,-1.704
 0.545,-1.702
 0.537,-1.692
 0.521,-1.690
 0.522,-1.680
 0.498,-1.687
 0.484,-1.690
 0.476,-1.699
 0.483,-1.673
 0.483,-1.660
 0.475,-1.649
 0.459,-1.661
 0.466,-1.681
 0.466,-1.694
 0.459,-1.693
 0.474,-1.693
 0.467,-1.690
 0.483,-1.660
 0.483,-1.656
 0.483,-1.656
 0.482,-1.652
 0.498,-1.670
 0.506,-1.678
 0.506,-1.648
 0.515,-1.629
 0.522,-1.604
 0.522,-1.604
 0.506,-1.602
 0.490,-1.613
 0.490,-1.617
 0.482,-1.622
 0.483,-1.625
 0.491,-1.590
 0.491,-1.573
 0.476,-1.559
 0.467,-1.578
 0.459,-1.573
 0.467,-1.564
 0.466,-1.561
 0.467,-1.547
 0.459,-1.523
 0.460,-1.513
 0.460,-1.500
 0.451,-1.505
 0.436,-1.489
 0.427,-1.479
 0.428,-1.496
 0.427,-1.508
 0.419,-1.515
 0.420,-1.549
 0.426,-1.537
 0.435,-1.533
 0.451,-1.549
 0.459,-1.556
 0.467,-1.566
 0.474,-1.586
 0.475,-1.603
 0.490,-1.619
 0.522,-1.633
 0.530,-1.628
 0.545,-1.639
 0.553,-1.663
 0.577,-1.657
 0.585,-1.679
 0.578,-1.674
 0.577,-1.657
 0.569,-1.681
 0.577,-1.703
 0.592,-1.686
 0.601,-1.681
 0.600,-1.677
 0.600,-1.679
 0.600,-1.694
 0.600,-1.692
 0.609,-1.688
 0.615,-1.691
 0.632,-1.695
 0.624,-1.674
 0.633,-1.683
 0.625,-1.705
 0.631,-1.738
 0.623,-1.747
 0.648,-1.712
 0.631,-1.693
 0.640,-1.690
 0.639,-1.686
 0.631,-1.708
 0.654,-1.700
 0.662,-1.722
 0.664,-1.743
 0.662,-1.785
 0.655,-1.810
 0.671,-1.795
 0.679,-1.773
 0.697,-1.779
 0.711,-1.835
 0.710,-1.892
 0.701,-1.957
 0.692,-1.990
 0.702,-1.990
 0.703,-1.963
 0.720,-1.955
 0.745,-1.948
 0.751,-1.966
 0.766,-1.979
 0.780,-1.975
 0.764,-1.990
 0.772,-1.997
 0.788,-2.013
 0.797,-2.041
 0.796,-2.023
 0.797,-2.026
 0.796,-2.006
 0.804,-2.030
 0.806,-2.021
 0.813,-2.026
 0.814,-1.984
 0.822,-1.947
 0.805,-1.927
 0.789,-1.925
 0.772,-1.921
 0.750,-1.918
 0.750,-1.874
 0.718,-1.857
 0.726,-1.835
 0.693,-1.798
 0.678,-1.800
 0.671,-1.793
 0.647,-1.786
 0.625,-1.783
 0.623,-1.762
 0.616,-1.773
 0.600,-1.755
 0.600,-1.738
 0.592,-1.733
 0.584,-1.738
 0.577,-1.748
 0.592,-1.748
 0.584,-1.755
 0.584,-1.786
 0.584,-1.768
 0.593,-1.766
 0.608,-1.764
 0.608,-1.764
 0.608,-1.781
 0.615,-1.815
 0.624,-1.827
 0.631,-1.817
 0.631,-1.815
 0.639,-1.808
 0.647,-1.800
 0.656,-1.812
 0.664,-1.807
 0.664,-1.821
 0.679,-1.806
 0.686,-1.793
 0.686,-1.793
 0.702,-1.778
 0.686,-1.763
 0.710,-1.758
 0.701,-1.732
 0.717,-1.734
 0.733,-1.733
 0.733,-1.717
 0.726,-1.682
 0.741,-1.680
 0.757,-1.667
 0.765,-1.675
 0.772,-1.680
 0.781,-1.676
 0.788,-1.652
 0.797,-1.630
 0.795,-1.626
 0.795,-1.626
 0.804,-1.621
 0.803,-1.620
 0.819,-1.620
 0.819,-1.633
 0.811,-1.640
 0.820,-1.637
 0.819,-1.633
 0.827,-1.644
 0.837,-1.669
 0.843,-1.672
 0.843,-1.673
 0.849,-1.662
 0.868,-1.683
 0.861,-1.693
 0.868,-1.731
 0.876,-1.724
 0.890,-1.719
 0.900,-1.746
 0.922,-1.751
 0.928,-1.770
 0.938,-1.782
 0.945,-1.772
 0.945,-1.758
 0.953,-1.765
 0.953,-1.780
 0.962,-1.791
 0.961,-1.818
 0.969,-1.798
 0.970,-1.754
 0.978,-1.762
 1.002,-1.785
 1.015,-1.809
 1.008,-1.849
 1.031,-1.871
 1.029,-1.899
 1.032,-1.936
 1.054,-1.956
 1.079,-1.982
 1.111,-1.984
 1.110,-1.952
 1.120,-1.934
 1.127,-1.939
 1.133,-1.943
 1.126,-1.935
 1.110,-1.889
 1.110,-1.814
 1.115,-1.756
 1.102,-1.729
 1.095,-1.709
 1.072,-1.654
 1.034,-1.605
 1.025,-1.564
 0.993,-1.531
 0.967,-1.534
 0.935,-1.517
 0.914,-1.514
 0.897,-1.481
 0.875,-1.478
 0.866,-1.483
 0.850,-1.496
 0.843,-1.491
 0.826,-1.472
 0.812,-1.477
 0.828,-1.493
 0.820,-1.514
 0.805,-1.533
 0.811,-1.550
 0.803,-1.543
 0.804,-1.530
 0.811,-1.504
 0.811,-1.491
 0.793,-1.501
 0.787,-1.497
 0.804,-1.484
 0.804,-1.468
 0.798,-1.465
 0.796,-1.446
 0.788,-1.453
 0.787,-1.436
 0.787,-1.435
 0.796,-1.431
 0.794,-1.443
 0.811,-1.445
 0.811,-1.445
 0.811,-1.445
 0.820,-1.455
 0.810,-1.474
 0.820,-1.516
 0.819,-1.547
 0.834,-1.589
 0.858,-1.598
 0.888,-1.612
 0.904,-1.658
 0.903,-1.684
 0.903,-1.686
 0.906,-1.707
 0.928,-1.697
 0.928,-1.697
 0.944,-1.697
 0.945,-1.712
 0.953,-1.677
 0.969,-1.646
 0.970,-1.633
 0.985,-1.616
 1.016,-1.586
 0.994,-1.550
 1.015,-1.508
 1.016,-1.509
 1.016,-1.479
 1.023,-1.455
 1.025,-1.413
 1.025,-1.382
 1.033,-1.345
 1.031,-1.311
 1.037,-1.300
 1.030,-1.262
 1.028,-1.229
 1.029,-1.184
 1.029,-1.171
 1.030,-1.155
 1.023,-1.150
 1.030,-1.111
 1.048,-1.068
 1.047,-1.037
 1.046,-1.035
 1.047,-1.051
 1.028,-1.047
 1.030,-1.050
 1.053,-1.042
 1.045,-1.018
 1.046,-1.035
 1.028,-1.047
 1.030,-1.050
 1.022,-1.028
 1.015,-1.020
 1.016,-1.006
 1.022,-0.996
 1.015,-0.990
 0.999,-0.975
 0.990,-0.966
 0.991,-0.966
 1.005,-0.964
 0.998,-0.928
 0.991,-0.906
 0.991,-0.890
 0.968,-0.869
 0.966,-0.851
 0.951,-0.836
 0.943,-0.813
 0.943,-0.798
 0.944,-0.769
 0.943,-0.768
 0.936,-0.760
 0.912,-0.737
 0.911,-0.721
 0.921,-0.701
 0.943,-0.706
 0.944,-0.708
 0.936,-0.699
 0.942,-0.690
 0.951,-0.669
 0.974,-0.675
 0.967,-0.684
 0.982,-0.668
 0.982,-0.668
 0.975,-0.662
 0.958,-0.660
 0.960,-0.692
 0.951,-0.684
 0.951,-0.684
 0.952,-0.700
 0.942,-0.690
 0.943,-0.707
 0.951,-0.698
 0.926,-0.705
 0.929,-0.679
 0.928,-0.677
 0.920,-0.684
 0.919,-0.698
 0.926,-0.705
 0.904,-0.699
 0.903,-0.683
 0.888,-0.684
 0.905,-0.654
 0.881,-0.646
 0.889,-0.668
 0.878,-0.674
 0.872,-0.683
 0.889,-0.700
 0.889,-0.700
 0.881,-0.708
 0.896,-0.721
 0.904,-0.730
 0.912,-0.737
 0.927,-0.752
 0.929,-0.770
 0.927,-0.782
 0.943,-0.798
 0.958,-0.797
 0.958,-0.828
 0.960,-0.829
 0.967,-0.837
 0.977,-0.862
 0.992,-0.861
 0.998,-0.882
 0.999,-0.898
 1.005,-0.918
 1.006,-0.950
 1.014,-0.958
 1.014,-0.958
 1.015,-0.944
 1.007,-0.936
 0.999,-0.959
 0.999,-0.973
 0.998,-0.973
 1.015,-0.975
 1.006,-0.980
 1.007,-0.982
 1.007,-0.982
 1.006,-0.996
 1.024,-1.014
 1.013,-1.047
 1.021,-1.071
 1.029,-1.064
 1.031,-1.082
 1.026,-1.123
 1.007,-1.150
 0.993,-1.183
 0.992,-1.197
 0.984,-1.217
 0.976,-1.226
 0.958,-1.252
 0.960,-1.285
 0.928,-1.300
 0.927,-1.314
 0.928,-1.331
 0.927,-1.314
 0.922,-1.296
 0.922,-1.296
 0.913,-1.332
 0.922,-1.340
 0.904,-1.337
 0.896,-1.346
 0.920,-1.307
 0.905,-1.293
 0.906,-1.294
 0.888,-1.307
 0.890,-1.310
 0.889,-1.337
 0.881,-1.315
 0.898,-1.303
 0.897,-1.285
 0.898,-1.288
 0.890,-1.279
 0.889,-1.293
 0.897,-1.300
 0.887,-1.319
 0.881,-1.315
 0.897,-1.317
 0.905,-1.308
 0.898,-1.301
 0.896,-1.314
 0.898,-1.332
 0.905,-1.354
 0.921,-1.369
 0.914,-1.364
 0.921,-1.369
 0.921,-1.356
 0.930,-1.364
 0.930,-1.364
 0.930,-1.364
 0.928,-1.360
 0.928,-1.405
 0.943,-1.404
 0.935,-1.412
 0.937,-1.371
 0.945,-1.363
 0.939,-1.359
 0.938,-1.373
 0.929,-1.407
 0.929,-1.422
 0.911,-1.417
 0.913,-1.407
 0.905,-1.415
 0.897,-1.422
 0.915,-1.427
 0.914,-1.424
 0.891,-1.418
 0.890,-1.417
 0.881,-1.437
 0.889,-1.430
 0.896,-1.436
 0.897,-1.422
 0.890,-1.415
 0.874,-1.415
 0.882,-1.423
 0.881,-1.420
 0.874,-1.445
 0.866,-1.469
 0.874,-1.476
 0.874,-1.491
 0.856,-1.486
 0.866,-1.500
 0.859,-1.493
 0.867,-1.501
 0.868,-1.518
 0.866,-1.515
 0.867,-1.501
 0.866,-1.484
 0.881,-1.483
 0.890,-1.461
 0.896,-1.466
 0.889,-1.474
 0.888,-1.427
 0.881,-1.422
 0.890,-1.386
 0.889,-1.369
 0.898,-1.364
 0.889,-1.369
 0.873,-1.367
 0.873,-1.367
 0.894,-1.355
 0.903,-1.349
 0.919,-1.351
 0.913,-1.363
 0.907,-1.359
 0.898,-1.378
 0.898,-1.378
 0.906,-1.354
 0.914,-1.378
 0.945,-1.409
 0.935,-1.441
 0.937,-1.477
 0.945,-1.454
 0.945,-1.439
 0.953,-1.432
 0.968,-1.445
 0.954,-1.478
 0.961,-1.499
 0.961,-1.500
 0.960,-1.484
 0.949,-1.485
 0.944,-1.482
 0.953,-1.478
 0.956,-1.453
 0.957,-1.456
 0.964,-1.476
 0.948,-1.505
 0.946,-1.502
 0.945,-1.499
 0.936,-1.490
 0.942,-1.509
 0.945,-1.516
 0.946,-1.500
 0.936,-1.519
 0.944,-1.512
 0.943,-1.495
 0.930,-1.500
 0.938,-1.509
 0.937,-1.522
 0.938,-1.509
 0.945,-1.483
 0.938,-1.478
 0.945,-1.499
 0.952,-1.521
 0.960,-1.514
 0.968,-1.506
 0.978,-1.487
 0.961,-1.455
 0.954,-1.478
 0.953,-1.477
 0.959,-1.480
 0.960,-1.497
 0.967,-1.489
 0.976,-1.499
 0.953,-1.509
 0.945,-1.516
 0.947,-1.519
 0.945,-1.529
 0.935,-1.578
 0.952,-1.611
 0.951,-1.624
 0.953,-1.614
 0.954,-1.572
 0.956,-1.575
 0.955,-1.589
 0.960,-1.621
 0.984,-1.658
 0.967,-1.670
 0.968,-1.641
 0.977,-1.623
 0.960,-1.621
 0.984,-1.658
 0.991,-1.679
 0.992,-1.711
 0.994,-1.701
 1.001,-1.677
 1.002,-1.679
 0.994,-1.716
 0.993,-1.730
 1.017,-1.737
 1.007,-1.755
 1.016,-1.766
 1.016,-1.796
 1.008,-1.833
 1.009,-1.807
 1.008,-1.759
 1.010,-1.732
 1.009,-1.745
 1.001,-1.767
 1.001,-1.783
 0.984,-1.794
 0.970,-1.782
 0.962,-1.760
 0.937,-1.765
 0.937,-1.748
 0.913,-1.739
 0.899,-1.714
 0.892,-1.694
 0.877,-1.724
 0.869,-1.748
 0.843,-1.764
 0.828,-1.781
 0.811,-1.792
 0.827,-1.794
 0.844,-1.812
 0.827,-1.855
 0.836,-1.881
 0.843,-1.871
 0.843,-1.871
 0.844,-1.858
 0.851,-1.862
 0.868,-1.882
 0.868,-1.882
 0.877,-1.877
 0.876,-1.831
 0.859,-1.812
 0.875,-1.827
 0.881,-1.815
 0.890,-1.810
 0.884,-1.836
 0.881,-1.830
 0.860,-1.827
 0.866,-1.847
 0.884,-1.867
 0.884,-1.897
 0.858,-1.900
 0.876,-1.890
 0.875,-1.873
 0.884,-1.836
 0.884,-1.836
 0.889,-1.837
 0.883,-1.848
 0.890,-1.854
 0.891,-1.889
 0.900,-1.869
 0.923,-1.814
 0.925,-1.774
 0.923,-1.753
 0.922,-1.780
 0.921,-1.824
 0.920,-1.850
 0.914,-1.863
 0.922,-1.856
 0.922,-1.843
 0.931,-1.823
 0.946,-1.819
 0.948,-1.841
 0.945,-1.865
 0.937,-1.887
 0.954,-1.889
 0.961,-1.894
 0.962,-1.913
 0.977,-1.896
 0.978,-1.898
 0.978,-1.898
 0.992,-1.894
 1.001,-1.890
 0.999,-1.870
 0.992,-1.864
 0.993,-1.837
 0.999,-1.825
 1.017,-1.813
 1.024,-1.805
 1.017,-1.813
 1.009,-1.791
 1.015,-1.781
 1.031,-1.796
 1.029,-1.806
 1.037,-1.814
 1.039,-1.790
 1.048,-1.768
 1.051,-1.775
 1.057,-1.763
 1.040,-1.792
 1.040,-1.805
 1.029,-1.777
 1.031,-1.768
 1.038,-1.742
 1.023,-1.728
 1.042,-1.719
 1.025,-1.700
 1.017,-1.678
 1.016,-1.661
 1.007,-1.652
 1.001,-1.632
 1.015,-1.643
 1.015,-1.674
 1.000,-1.676
 1.000,-1.721
 0.984,-1.750
 0.991,-1.740
 0.986,-1.739
 1.001,-1.740
 1.001,-1.740
 1.017,-1.754
 0.998,-1.762
 1.015,-1.781
 1.023,-1.774
 1.024,-1.761
 1.025,-1.763
 1.030,-1.765
 1.040,-1.746
 1.056,-1.715
 1.056,-1.702
 1.055,-1.698
 1.045,-1.716
 1.062,-1.705
 1.062,-1.705
 1.047,-1.706
 1.056,-1.671
 1.048,-1.647
 1.042,-1.658
 1.023,-1.652
 1.007,-1.681
 1.016,-1.689
 0.998,-1.685
 1.015,-1.674
 1.016,-1.660
 1.008,-1.667
 1.001,-1.678
 0.984,-1.689
 0.985,-1.691
 0.993,-1.684
 0.984,-1.706
 0.993,-1.747
 0.991,-1.757
 0.977,-1.806
 0.961,-1.835
 0.952,-1.872
 0.937,-1.904
 0.935,-1.915
 0.937,-1.904
 0.937,-1.935
 0.937,-1.950
 0.922,-1.982
 0.920,-1.991
 0.929,-1.987
 0.935,-1.946
 0.953,-1.935
 0.954,-1.939
 0.953,-1.965
 0.952,-2.024
 0.942,-2.025
 0.944,-1.983
 0.961,-1.942
 0.953,-1.935
 0.971,-1.957
 0.986,-1.983
 1.001,-2.012
 0.994,-2.036
 0.991,-2.045
 1.001,-2.012
 1.001,-1.996
 0.993,-1.990
 1.002,-1.999
 1.001,-2.010
 1.002,-2.045
 1.001,-2.042
 0.987,-2.001
 0.998,-1.970
 0.996,-1.965
 0.995,-1.979
 1.000,-1.977
 1.006,-1.980
 0.982,-1.942
 0.983,-1.899
 0.986,-1.876
 0.985,-1.859
 0.985,-1.859
 0.984,-1.870
 0.991,-1.877
 0.985,-1.889
 0.983,-1.855
 0.978,-1.822
 0.963,-1.823
 0.968,-1.826
 0.977,-1.835
 0.968,-1.855
 0.976,-1.877
 0.961,-1.879
 0.953,-1.857
 0.956,-1.865
 0.962,-1.823
 0.963,-1.841
 0.963,-1.854
 0.961,-1.848
 0.939,-1.845
 0.922,-1.812
 0.915,-1.821
 0.915,-1.821
 0.913,-1.802
 0.898,-1.804
 0.890,-1.795
 0.891,-1.797
 0.867,-1.803
 0.858,-1.795
 0.868,-1.761
 0.876,-1.737
 0.875,-1.720
 0.883,-1.744
 0.882,-1.741
 0.890,-1.749
 0.890,-1.749
 0.890,-1.751
 0.899,-1.729
 0.906,-1.736
 0.924,-1.709
 0.930,-1.699
 0.938,-1.692
 0.922,-1.706
 0.935,-1.715
 0.944,-1.726
 0.952,-1.717
 0.962,-1.699
 0.954,-1.677
 0.968,-1.673
 0.954,-1.677
 0.969,-1.675
 0.962,-1.699
 0.961,-1.682
 0.967,-1.641
 0.977,-1.625
 0.968,-1.614
 0.977,-1.623
 0.977,-1.623
 0.983,-1.612
 0.992,-1.577
 0.982,-1.565
 0.984,-1.567
 0.992,-1.545
 0.999,-1.521
 1.009,-1.503
 1.008,-1.486
 1.001,-1.450
 1.001,-1.450
 0.999,-1.460
 1.016,-1.492
 1.030,-1.491
 1.030,-1.491
 1.031,-1.477
 1.023,-1.470
 1.024,-1.472
 1.038,-1.484
 1.038,-1.484
 1.046,-1.477
 1.038,-1.454
 1.048,-1.450
 1.038,-1.454
 1.038,-1.454
 1.056,-1.442
 1.038,-1.423
 1.047,-1.401
 1.045,-1.367
 1.045,-1.354
 1.054,-1.333
 1.063,-1.326
 1.049,-1.299
 1.047,-1.280
 1.032,-1.250
 1.024,-1.243
 1.030,-1.232
 1.039,-1.241
 1.030,-1.247
 1.030,-1.216
 1.031,-1.202
 1.037,-1.178
 1.039,-1.150
 1.055,-1.135
 1.056,-1.137
 1.056,-1.137
 1.054,-1.118
 1.055,-1.121
 1.069,-1.103
 1.054,-1.104
 1.070,-1.089
 1.062,-1.065
 1.071,-1.060
 1.068,-1.085
 1.070,-1.074
 1.064,-1.068
 1.046,-1.096
 1.054,-1.104
 1.053,-1.088
 1.038,-1.088
 1.031,-1.096
 1.030,-1.110
 1.016,-1.129
 1.024,-1.120
 1.023,-1.134
 1.022,-1.148
 1.012,-1.137
 1.016,-1.129
 1.031,-1.127
 1.024,-1.120
 1.032,-1.098
 1.038,-1.103
 1.039,-1.089
 1.022,-1.087
 0.999,-1.111
 1.023,-1.104
 1.038,-1.087
 1.039,-1.074
 1.029,-1.049
 1.029,-1.049
 1.038,-1.057
 1.038,-1.026
 1.055,-1.044
 1.055,-1.058
 1.039,-1.044
 1.040,-1.046
 1.038,-1.072
 1.046,-1.081
 1.036,-1.085
 1.038,-1.088
 1.041,-1.107
 1.016,-1.113
 1.009,-1.152
 1.007,-1.149
 1.007,-1.163
 1.015,-1.157
 1.021,-1.162
 1.000,-1.158
 0.999,-1.156
 0.992,-1.165
 1.000,-1.158
 0.991,-1.148
 1.001,-1.129
 0.998,-1.109
 0.982,-1.108
 0.983,-1.111
 0.975,-1.087
 0.962,-1.076
 0.953,-1.051
 0.953,-1.051
 0.921,-1.050
 0.913,-1.041
 0.913,-1.041
 0.889,-1.032
 0.889,-1.018
 0.874,-1.019
 0.874,-1.003
 0.867,-1.012
 0.842,-1.003
 0.843,-1.019
 0.835,-1.027
 0.826,-1.032
 0.820,-1.042
 0.811,-1.048
 0.820,-1.073
 0.803,-1.102
 0.794,-1.153
 0.803,-1.192
 0.794,-1.230
 0.779,-1.261
 0.787,-1.268
 0.779,-1.307
 0.789,-1.334
 0.819,-1.377
 0.834,-1.406
 0.850,-1.406
 0.850,-1.406
 0.859,-1.403
 0.858,-1.386
 0.875,-1.386
 0.875,-1.386
 0.874,-1.369
 0.883,-1.364
 0.881,-1.361
 0.873,-1.351
 0.889,-1.322
 0.890,-1.293
 0.891,-1.265
 0.890,-1.248
 0.890,-1.249
 0.890,-1.218
 0.897,-1.193
 0.898,-1.179
 0.897,-1.161
 0.896,-1.176
 0.897,-1.178
 0.897,-1.178
 0.891,-1.174
 0.882,-1.164
 0.906,-1.188
 0.906,-1.171
 0.920,-1.170
 0.914,-1.181
 0.914,-1.195
 0.913,-1.210
 0.914,-1.227
 0.920,-1.246
 0.930,-1.241
 0.921,-1.232
 0.937,-1.248
 0.937,-1.249
 0.921,-1.232
 0.938,-1.220
 0.937,-1.203
 0.930,-1.196
 0.945,-1.195
 0.935,-1.214
 0.944,-1.223
 0.927,-1.206
 0.921,-1.202
 0.923,-1.204
 0.906,-1.218
 0.905,-1.247
 0.888,-1.243
 0.872,-1.290
 0.857,-1.305
 0.858,-1.322
 0.852,-1.304
 0.851,-1.287
 0.853,-1.289
 0.843,-1.308
 0.834,-1.342
 0.819,-1.345
 0.812,-1.353
 0.805,-1.348
 0.805,-1.334
 0.804,-1.331
 0.813,-1.340
 0.796,-1.352
 0.773,-1.361
 0.766,-1.356
 0.774,-1.332
 0.782,-1.326
 0.772,-1.329
 0.756,-1.358
 0.757,-1.344
 0.757,-1.331
 0.758,-1.317
 0.749,-1.322
 0.750,-1.324
 0.750,-1.310
 0.734,-1.322
 0.750,-1.325
 0.718,-1.308
 0.719,-1.325
 0.711,-1.318
 0.694,-1.330
 0.702,-1.354
 0.717,-1.336
 0.717,-1.322
 0.702,-1.307
 0.692,-1.307
 0.676,-1.309
 0.693,-1.310
 0.687,-1.279
 0.688,-1.251
 0.680,-1.227
 0.673,-1.222
 0.656,-1.217
 0.663,-1.223
 0.677,-1.205
 0.669,-1.195
 0.677,-1.175
 0.661,-1.173
 0.654,-1.152
 0.647,-1.131
 0.631,-1.099
 0.632,-1.088
 0.632,-1.071
 0.616,-1.101
 0.607,-1.092
 0.615,-1.098
 0.607,-1.062
 0.615,-1.053
 0.608,-1.048
 0.600,-1.041
 0.607,-1.031
 0.608,-1.003
 0.607,-1.001
 0.607,-0.987
 0.600,-0.979
 0.607,-0.970
 0.600,-0.949
 0.606,-0.909
 0.607,-0.895
 0.607,-0.864
 0.606,-0.848
 0.606,-0.849
 0.621,-0.832
 0.653,-0.834
 0.653,-0.834
 0.669,-0.833
 0.678,-0.827
 0.693,-0.828
 0.710,-0.844
 0.717,-0.865
 0.747,-0.894
 0.763,-0.895
 0.778,-0.894
 0.795,-0.927
 0.802,-0.933
 0.818,-0.948
 0.836,-0.952
 0.849,-0.979
 0.859,-1.004
 0.867,-1.028
 0.874,-1.049
 0.859,-1.066
 0.882,-1.103
 0.874,-1.142
 0.889,-1.171
 0.896,-1.192
 0.913,-1.210
 0.921,-1.217
 0.929,-1.241
 0.929,-1.286
 0.944,-1.316
 0.961,-1.302
 0.968,-1.309
 0.961,-1.302
 0.968,-1.339
 0.966,-1.336
 0.960,-1.346
 0.951,-1.351
 0.960,-1.346
 0.961,-1.332
 0.961,-1.319
 0.963,-1.291
 0.954,-1.281
 0.945,-1.273
 0.929,-1.270
 0.928,-1.283
 0.928,-1.285
 0.928,-1.253
 0.930,-1.242
 0.898,-1.211
 0.905,-1.217
 0.914,-1.227
 0.897,-1.239
 0.889,-1.247
 0.874,-1.232
 0.874,-1.217
 0.860,-1.204
 0.851,-1.194
 0.843,-1.202
 0.842,-1.186
 0.826,-1.199
 0.819,-1.192
 0.794,-1.184
 0.780,-1.200
 0.781,-1.171
 0.756,-1.161
 0.758,-1.150
 0.741,-1.163
 0.717,-1.169
 0.709,-1.176
 0.694,-1.177
 0.679,-1.165
 0.662,-1.147
 0.646,-1.176
 0.630,-1.191
 0.615,-1.206
 0.631,-1.194
 0.599,-1.177
 0.592,-1.156
 0.585,-1.149
 0.576,-1.153
 0.568,-1.161
 0.559,-1.150
 0.544,-1.168
 0.544,-1.168
 0.528,-1.182
 0.521,-1.191
 0.513,-1.212
 0.521,-1.208
 0.506,-1.209
 0.521,-1.222
 0.521,-1.239
 0.512,-1.258
 0.513,-1.274
 0.506,-1.299
 0.505,-1.312
 0.497,-1.322
 0.490,-1.328
 0.482,-1.354
 0.482,-1.354
 0.481,-1.366
 0.489,-1.374
 0.505,-1.373
 0.505,-1.390
 0.497,-1.396
 0.505,-1.373
 0.538,-1.347
 0.529,-1.337
 0.553,-1.331
 0.568,-1.328
 0.575,-1.316
 0.591,-1.335
 0.607,-1.333
 0.632,-1.347
 0.648,-1.318
 0.671,-1.323
 0.695,-1.349
 0.717,-1.381
 0.741,-1.405
 0.764,-1.429
 0.796,-1.430
 0.836,-1.455
 0.843,-1.491
 0.859,-1.522
 0.867,-1.544
 0.883,-1.559
 0.892,-1.600
 0.906,-1.610
 0.907,-1.583
 0.924,-1.572
 0.923,-1.555
 0.941,-1.543
 0.946,-1.560
 0.961,-1.558
 0.968,-1.550
 0.961,-1.543
 0.947,-1.531
 0.946,-1.529
 0.932,-1.533
 0.924,-1.510
 0.899,-1.531
 0.882,-1.573
 0.858,-1.608
 0.843,-1.642
 0.828,-1.674
 0.797,-1.674
 0.774,-1.684
 0.765,-1.689
 0.765,-1.735
 0.780,-1.731
 0.803,-1.721
 0.851,-1.678
 0.875,-1.595
 0.911,-1.574
 0.927,-1.560
 0.935,-1.596
 0.943,-1.633
 0.941,-1.660
 0.918,-1.684
 0.901,-1.667
 0.884,-1.649
 0.871,-1.655
 0.861,-1.658
 0.831,-1.705
 0.807,-1.759
 0.792,-1.803
 0.777,-1.851
 0.745,-1.877
 0.714,-1.881
 0.698,-1.911
 0.667,-1.955
 0.652,-2.005
 0.628,-2.053
 0.596,-2.114
 0.572,-2.104
 0.548,-2.124
 0.534,-2.148
 0.534,-2.146
 0.541,-2.152
 0.580,-2.126
 0.572,-2.118
 0.565,-2.085
 0.556,-2.074
 0.526,-2.095
 0.511,-2.126
 0.479,-2.138
 0.456,-2.132
 0.438,-2.108
 0.423,-2.140
 0.431,-2.164
 0.430,-2.219
 0.430,-2.269
 0.431,-2.271
 0.432,-2.263
 0.457,-2.213
 0.480,-2.174
 0.497,-2.163
 0.496,-2.172
 0.511,-2.203
 0.518,-2.220
 0.517,-2.231
 0.533,-2.205
 0.541,-2.209
 0.556,-2.194
 0.572,-2.196
 0.589,-2.199
 0.614,-2.199
 0.612,-2.208
 0.629,-2.241
 0.652,-2.263
 0.658,-2.295
 0.666,-2.319
 0.690,-2.341
 0.698,-2.381
 0.714,-2.398
 0.698,-2.401
 0.707,-2.430
 0.698,-2.446
 0.690,-2.410
 0.706,-2.392
 0.705,-2.387
 0.706,-2.359
 0.697,-2.304
 0.713,-2.279
 0.737,-2.242
 0.759,-2.241
 0.767,-2.220
 0.767,-2.202
 0.761,-2.200
 0.769,-2.211
 0.769,-2.242
 0.762,-2.281
 0.776,-2.305
 0.775,-2.290
 0.783,-2.283
 0.783,-2.283
 0.776,-2.310
 0.774,-2.348
 0.775,-2.410
 0.783,-2.434
 0.791,-2.427
 0.786,-2.400
 0.777,-2.404
 0.778,-2.422
 0.761,-2.450
 0.775,-2.473
 0.768,-2.497
 0.775,-2.514
 0.775,-2.544
 0.751,-2.540
 0.736,-2.515
 0.723,-2.478
 0.738,-2.428
 0.738,-2.428
 0.744,-2.427
 0.719,-2.415
 0.720,-2.403
 0.704,-2.354
 0.713,-2.307
 0.713,-2.263
 0.689,-2.237
 0.674,-2.239
 0.657,-2.221
 0.634,-2.186
 0.626,-2.177
 0.609,-2.188
 0.617,-2.225
 0.600,-2.237
 0.586,-2.246
 0.587,-2.190
 0.564,-2.152
 0.548,-2.168
 0.531,-2.174
 0.523,-2.183
 0.522,-2.180
 0.536,-2.187
 0.560,-2.167
 0.569,-2.146
 0.570,-2.109
 0.571,-2.082
 0.571,-2.052
 0.586,-2.037
 0.616,-2.046
 0.632,-2.061
 0.639,-2.064
 0.639,-2.061
 0.640,-2.022
 0.655,-2.007
 0.657,-2.029
 0.672,-2.057
 0.680,-2.062
 0.688,-2.101
 0.687,-2.099
 0.680,-2.094
 0.688,-2.103
 0.672,-2.145
 0.688,-2.178
 0.672,-2.206
 0.688,-2.208
 0.681,-2.173
 0.674,-2.138
 0.673,-2.107
 0.679,-2.134
 0.701,-2.182
 0.708,-2.219
 0.702,-2.230
 0.712,-2.278
 0.720,-2.285
 0.722,-2.279
 0.745,-2.288
 0.768,-2.290
 0.775,-2.325
 0.788,-2.374
 0.796,-2.414
 0.789,-2.468
 0.805,-2.527
 0.792,-2.537
 0.809,-2.527
 0.794,-2.516
 0.794,-2.470
 0.791,-2.463
 0.808,-2.463
 0.838,-2.443
 0.847,-2.437
 0.830,-2.419
 0.814,-2.345
 0.824,-2.299
 0.822,-2.264
 0.815,-2.242
 0.815,-2.225
 0.814,-2.174
 0.815,-2.148
 0.782,-2.113
 0.767,-2.084
 0.735,-2.069
 0.719,-2.053
 0.705,-2.027
 0.711,-2.014
 0.703,-1.992
 0.688,-1.977
 0.655,-1.972
 0.648,-1.968
 0.631,-1.948
 0.633,-1.910
 0.642,-1.891
 0.626,-1.890
 0.626,-1.890
 0.616,-1.891
 0.617,-1.893
 0.600,-1.860
 0.608,-1.838
 0.625,-1.814
 0.609,-1.795
 0.609,-1.795
 0.624,-1.779
 0.616,-1.755
 0.609,-1.751
 0.624,-1.718
 0.625,-1.705
 0.632,-1.696
 0.632,-1.679
 0.616,-1.650
 0.623,-1.640
 0.624,-1.613
 0.624,-1.596
 0.616,-1.572
 0.609,-1.552
 0.608,-1.520
 0.600,-1.499
 0.593,-1.506
 0.607,-1.487
 0.600,-1.452
 0.615,-1.420
 0.616,-1.408
 0.631,-1.391
 0.639,-1.382
 0.655,-1.369
 0.661,-1.356
 0.678,-1.344
 0.678,-1.330
 0.678,-1.300
 0.696,-1.289
 0.710,-1.239
 0.704,-1.203
 0.719,-1.156
 0.726,-1.131
 0.757,-1.116
 0.764,-1.137
 0.765,-1.184
 0.772,-1.191
 0.781,-1.216
 0.782,-1.203
 0.766,-1.202
 0.767,-1.205
 0.774,-1.242
 0.758,-1.285
 0.758,-1.316
 0.756,-1.328
 0.734,-1.354
 0.726,-1.363
 0.710,-1.391
 0.718,-1.383
 0.717,-1.380
 0.710,-1.391
 0.711,-1.378
 0.718,-1.383
 0.726,-1.393
 0.725,-1.404
 0.731,-1.394
 0.754,-1.398
 0.746,-1.391
 0.758,-1.393
 0.767,-1.388
 0.777,-1.386
 0.776,-1.385
 0.790,-1.380
 0.822,-1.396
 0.828,-1.428
 0.837,-1.469
 0.829,-1.506
 0.851,-1.513
 0.869,-1.532
 0.883,-1.529
 0.884,-1.559
 0.898,-1.558
 0.890,-1.580
 0.900,-1.607
 0.914,-1.634
 0.908,-1.692
 0.923,-1.736
 0.914,-1.743
 0.916,-1.779
 0.891,-1.812
 0.908,-1.830
 0.930,-1.834
 0.937,-1.839
 0.931,-1.821
 0.938,-1.797
 0.939,-1.815
 0.939,-1.784
 0.931,-1.745
 0.948,-1.718
 0.945,-1.682
 0.938,-1.645
 0.937,-1.643
 0.953,-1.643
 0.954,-1.629
 0.968,-1.596
 0.978,-1.577
 0.995,-1.535
 0.978,-1.531
 0.987,-1.541
 0.985,-1.552
 1.008,-1.559
 1.008,-1.543
 0.993,-1.530
 0.995,-1.533
 0.994,-1.516
 0.995,-1.533
 1.010,-1.532
 1.025,-1.547
 1.010,-1.549
 1.008,-1.559
 1.010,-1.593
 1.009,-1.606
 1.000,-1.626
 1.002,-1.662
 1.008,-1.696
 1.017,-1.722
 1.025,-1.746
 1.016,-1.766
 1.026,-1.778
 1.025,-1.807
 1.018,-1.817
 1.033,-1.846
 1.039,-1.864
 1.032,-1.857
 1.039,-1.834
 1.040,-1.822
 1.040,-1.820
 1.024,-1.835
 1.049,-1.844
 1.049,-1.829
 1.042,-1.811
 1.034,-1.787
 1.031,-1.794
 1.032,-1.812
 1.016,-1.810
 1.010,-1.822
 1.010,-1.853
 1.016,-1.871
 1.002,-1.875
 1.002,-1.844
 0.987,-1.815
 0.979,-1.806
 0.954,-1.813
 0.961,-1.833
 0.945,-1.861
 0.924,-1.876
 0.909,-1.847
 0.893,-1.801
 0.862,-1.787
 0.852,-1.758
 0.837,-1.775
 0.829,-1.781
 0.788,-1.799
 0.765,-1.809
 0.757,-1.799
 0.735,-1.750
 0.720,-1.708
 0.704,-1.692
 0.704,-1.694
 0.719,-1.706
 0.711,-1.728
 0.686,-1.715
 0.662,-1.691
 0.639,-1.688
 0.624,-1.701
 0.618,-1.715
 0.594,-1.722
 0.592,-1.731
 0.569,-1.753
 0.536,-1.764
 0.529,-1.761
 0.546,-1.763
 0.562,-1.750
 0.571,-1.776
 0.586,-1.788
 0.578,-1.810
 0.578,-1.811
 0.578,-1.768
 0.596,-1.758
 0.616,-1.755
 0.615,-1.809
 0.606,-1.829
 0.600,-1.828
 0.618,-1.822
 0.618,-1.840
 0.627,-1.833
 0.642,-1.816
 0.633,-1.819
 0.625,-1.843
 0.616,-1.874
 0.608,-1.911
 0.600,-1.933
 0.592,-1.911
 0.610,-1.860
 0.626,-1.860
 0.603,-1.886
 0.603,-1.899
 0.594,-1.903
 0.594,-1.903
 0.601,-1.904
 0.601,-1.935
 0.594,-1.961
 0.602,-1.987
 0.602,-1.989
 0.608,-1.987
 0.609,-1.959
 0.602,-1.939
 0.610,-1.961
 0.603,-1.972
 0.600,-1.978
 0.586,-1.967
 0.570,-1.954
 0.563,-1.978
 0.564,-2.012
 0.586,-2.030
 0.595,-2.026
 0.603,-2.019
 0.595,-2.024
 0.586,-2.015
 0.578,-2.004
 0.578,-2.004
 0.594,-2.006
 0.595,-2.011
 0.605,-1.980
 0.589,-1.964
 0.566,-1.973
 0.564,-1.936
 0.563,-1.899
 0.562,-1.897
 0.561,-1.924
 0.546,-1.926
 0.523,-1.923
 0.507,-1.907
 0.500,-1.918
 0.507,-1.905
 0.508,-1.879
 0.524,-1.864
 0.515,-1.868
 0.508,-1.879
 0.515,-1.868
 0.515,-1.855
 0.531,-1.855
 0.531,-1.838
 0.532,-1.842
 0.539,-1.831
 0.539,-1.805
 0.539,-1.787
 0.539,-1.785
 0.547,-1.796
 0.546,-1.775
 0.555,-1.770
 0.547,-1.748
 0.554,-1.740
 0.547,-1.721
 0.561,-1.699
 0.553,-1.721
 0.538,-1.707
 0.554,-1.692
 0.555,-1.669
 0.547,-1.660
 0.555,-1.684
 0.555,-1.698
 0.546,-1.716
 0.554,-1.709
 0.553,-1.690
 0.562,-1.686
 0.561,-1.701
 0.569,-1.692
 0.578,-1.720
 0.585,-1.709
 0.594,-1.691
 0.618,-1.685
 0.617,-1.681
 0.626,-1.690
 0.624,-1.701
 0.633,-1.696
 0.648,-1.697
 0.656,-1.688
 0.673,-1.675
 0.671,-1.656
 0.672,-1.673
 0.664,-1.666
 0.664,-1.649
 0.688,-1.673
 0.702,-1.670
 0.695,-1.680
 0.688,-1.675
 0.696,-1.682
 0.704,-1.692
 0.719,-1.704
 0.703,-1.750
 0.727,-1.802
 0.727,-1.833
 0.751,-1.844
 0.758,-1.833
 0.768,-1.815
 0.791,-1.793
 0.798,-1.812
 0.822,-1.836
 0.829,-1.854
 0.830,-1.888
 0.837,-1.893
 0.829,-1.902
 0.822,-1.927
 0.829,-1.947
 0.838,-1.989
 0.846,-2.011
 0.870,-2.048
 0.870,-2.079
 0.862,-2.085
 0.863,-2.089
 0.871,-2.083
 0.862,-2.087
 0.879,-2.120
 0.909,-2.101
 0.901,-2.123
 0.901,-2.123
 0.901,-2.123
 0.886,-2.081
 0.886,-2.035
 0.902,-2.037
 0.916,-2.033
 0.922,-2.020
 0.931,-2.016
 0.930,-1.999
 0.925,-1.998
 0.924,-1.983
 0.900,-1.972
 0.908,-1.965
 0.923,-1.981
 0.925,-1.985
 0.909,-1.998
 0.892,-2.011
 0.877,-2.015
 0.876,-2.039
 0.884,-2.048
 0.884,-2.016
 0.860,-1.963
 0.876,-1.908
 0.884,-1.884
 0.867,-1.910
 0.851,-1.939
 0.834,-1.937
 0.828,-1.919
 0.813,-1.890
 0.790,-1.900
 0.789,-1.942
 0.780,-1.990
 0.805,-2.017
 0.804,-2.030
 0.789,-2.063
 0.773,-2.060
 0.755,-2.054
 0.781,-2.071
 0.774,-2.095
 0.791,-2.161
 0.790,-2.189
 0.806,-2.205
 0.806,-2.194
 0.835,-2.200
 0.842,-2.222
 0.858,-2.266
 0.864,-2.285
 0.857,-2.296
 0.857,-2.299
 0.891,-2.291
 0.924,-2.296
 0.924,-2.326
 0.955,-2.324
 0.967,-2.315
 0.997,-2.298
 1.029,-2.267
 1.059,-2.250
 1.107,-2.253
 1.129,-2.224
 1.165,-2.190
 1.197,-2.178
 1.284,-2.202
 1.348,-2.221
 1.399,-2.221
 1.421,-2.166
 1.438,-2.123
 1.437,-2.090
 1.421,-2.105
 1.397,-2.127
 1.401,-2.118
 1.394,-2.098
 1.360,-2.107
 1.312,-2.122
 1.263,-2.130
 1.192,-2.107
 1.146,-2.094
 1.108,-2.059
 1.070,-2.038
 1.030,-2.012
 0.991,-2.005
 0.935,-1.996
 0.896,-2.002
 0.850,-2.019
 0.794,-2.008
 0.763,-1.992
 0.731,-1.977
 0.700,-1.974
 0.670,-1.981
 0.638,-1.978
 0.607,-1.995
 0.576,-1.997
 0.560,-1.977
 0.536,-1.955
 0.512,-1.929
 0.497,-1.931
 0.466,-1.933
 0.387,-1.941
 0.287,-1.913
 0.193,-1.868
 0.154,-1.846
 0.161,-1.820
 0.137,-1.830
 0.145,-1.824
 0.184,-1.812
 0.215,-1.801
 0.239,-1.767
 0.263,-1.732
 0.303,-1.716
 0.334,-1.695
 0.389,-1.689
 0.412,-1.694
 0.434,-1.696
 0.475,-1.678
 0.466,-1.669
 0.483,-1.627
 0.491,-1.622
 0.499,-1.627
 0.522,-1.651
 0.545,-1.623
 0.552,-1.601
 0.568,-1.602
 0.575,-1.592
 0.592,-1.598
 0.591,-1.594
 0.608,-1.581
 0.608,-1.537
 0.591,-1.518
 0.585,-1.530
 0.576,-1.506
 0.577,-1.492
 0.569,-1.470
 0.561,-1.458
 0.568,-1.453
 0.568,-1.450
 0.567,-1.433
 0.590,-1.409
 0.575,-1.394
 0.576,-1.383
 0.576,-1.368
 0.569,-1.380
 0.553,-1.379
 0.559,-1.395
 0.560,-1.399
 0.559,-1.395
 0.552,-1.433
 0.544,-1.455
 0.544,-1.472
 0.537,-1.470
 0.530,-1.463
 0.522,-1.457
 0.514,-1.478
 0.520,-1.522
 0.520,-1.566
 0.512,-1.605
 0.514,-1.597
 0.523,-1.578
 0.522,-1.560
 0.538,-1.592
 0.545,-1.594
 0.545,-1.611
 0.569,-1.604
 0.575,-1.606
 0.576,-1.624
 0.591,-1.625
 0.608,-1.628
 0.633,-1.641
 0.664,-1.654
 0.673,-1.680
 0.663,-1.712
 0.685,-1.774
 0.685,-1.820
 0.700,-1.849
 0.710,-1.833
 0.742,-1.822
 0.751,-1.850
 0.750,-1.922
 0.741,-1.999
 0.734,-2.054
 0.740,-2.043
 0.718,-2.023
 0.728,-2.005
 0.720,-2.012
 0.721,-1.985
 0.719,-1.981
 0.702,-1.977
 0.702,-1.975
 0.695,-1.953
 0.680,-1.972
 0.665,-1.957
 0.641,-1.950
 0.641,-1.935
 0.624,-1.930
 0.625,-1.948
 0.608,-1.959
 0.592,-1.974
 0.570,-1.941
 0.539,-1.914
 0.539,-1.914
 0.530,-1.945
 0.521,-1.991
 0.505,-2.006
 0.498,-2.003
 0.476,-2.020
 0.460,-2.066
 0.452,-2.119
 0.437,-2.134
 0.428,-2.123
 0.420,-2.116
 0.412,-2.118
 0.412,-2.134
 0.405,-2.157
 0.397,-2.164
 0.382,-2.155
 0.381,-2.124
 0.366,-2.127
 0.358,-2.133
 0.365,-2.133
 0.350,-2.122
 0.341,-2.096
 0.325,-2.094
 0.318,-2.117
 0.318,-2.117
 0.334,-2.105
 0.342,-2.048
 0.350,-2.026
 0.334,-2.013
 0.334,-2.026
 0.319,-2.045
 0.318,-2.059
 0.311,-2.052
 0.319,-2.032
 0.310,-2.004
 0.295,-2.006
 0.295,-2.004
 0.295,-2.037
 0.303,-2.047
 0.311,-2.034
 0.287,-2.013
 0.279,-2.004
 0.271,-1.997
 0.271,-1.999
 0.279,-1.990
 0.272,-2.007
 0.287,-2.019
 0.287,-1.988
 0.287,-1.988
 0.279,-2.006
 0.279,-2.008
 0.287,-2.010
 0.279,-2.032
 0.294,-2.034
 0.302,-2.026
 0.303,-2.034
 0.319,-2.067
 0.311,-2.089
 0.335,-2.111
 0.349,-2.133
 0.373,-2.183
 0.396,-2.233
 0.420,-2.273
 0.453,-2.300
 0.484,-2.313
 0.524,-2.340
 0.548,-2.329
 0.571,-2.336
 0.587,-2.323
 0.602,-2.321
 0.618,-2.339
 0.641,-2.356
 0.634,-2.378
 0.658,-2.374
 0.672,-2.326
 0.681,-2.294
 0.681,-2.274
 0.689,-2.252
 0.698,-2.248
 0.689,-2.237
 0.675,-2.228
 0.659,-2.197
 0.642,-2.147
 0.619,-2.096
 0.617,-2.074
 0.610,-2.068
 0.586,-2.041
 0.578,-2.020
 0.554,-2.000
 0.523,-1.997
 0.523,-2.017
 0.516,-2.008
 0.508,-1.973
 0.516,-1.951
 0.515,-1.945
 0.500,-1.977
 0.499,-1.990
 0.499,-2.021
 0.515,-2.038
 0.515,-2.019
 0.516,-2.010
 0.515,-2.008
 0.515,-2.008
 0.516,-2.025
 0.515,-2.052
 0.507,-2.060
 0.523,-2.076
 0.523,-2.091
 0.540,-2.124
 0.539,-2.137
 0.548,-2.117
 0.555,-2.108
 0.577,-2.111
 0.593,-2.113
 0.610,-2.144
 0.618,-2.155
 0.625,-2.131
 0.642,-2.103
 0.642,-2.077
 0.649,-2.077
 0.657,-2.116
 0.657,-2.099
 0.648,-2.088
 0.641,-2.053
 0.633,-2.046
 0.634,-2.033
 0.634,-2.031
 0.633,-2.016
 0.650,-1.974
 0.649,-1.941
 0.618,-1.926
 0.625,-1.946
 0.617,-1.922
 0.609,-1.917
 0.601,-1.906
 0.578,-1.917
 0.554,-1.879
 0.546,-1.871
 0.523,-1.850
 0.514,-1.824
 0.507,-1.819
 0.514,-1.794
 0.491,-1.785
 0.483,-1.794
 0.490,-1.781
 0.475,-1.770
 0.467,-1.747
 0.475,-1.726
 0.483,-1.719
 0.482,-1.713
 0.521,-1.707
 0.538,-1.709
 0.546,-1.706
 0.562,-1.691
 0.569,-1.681
 0.585,-1.683
 0.600,-1.681
 0.624,-1.703
 0.640,-1.734
 0.663,-1.739
 0.679,-1.727
 0.687,-1.734
 0.687,-1.734
 0.704,-1.753
 0.718,-1.765
 0.727,-1.776
 0.742,-1.774
 0.742,-1.772
 0.742,-1.759
 0.749,-1.763
 0.765,-1.765
 0.765,-1.765
 0.758,-1.774
 0.775,-1.776
 0.765,-1.750
 0.774,-1.745
 0.773,-1.757
 0.764,-1.777
 0.773,-1.787
 0.780,-1.792
 0.782,-1.783
 0.790,-1.776
 0.782,-1.752
 0.790,-1.763
 0.788,-1.770
 0.796,-1.779
 0.820,-1.803
 0.827,-1.838
 0.844,-1.856
 0.845,-1.842
 0.870,-1.840
 0.871,-1.855
 0.870,-1.899
 0.885,-1.928
 0.875,-1.928
 0.891,-1.900
 0.900,-1.878
 0.900,-1.880
 0.901,-1.884
 0.893,-1.904
 0.885,-1.928
 0.876,-1.933
 0.860,-1.930
 0.861,-1.932
 0.860,-1.946
 0.878,-1.967
 0.871,-1.962
 0.863,-1.956
 0.871,-1.963
 0.869,-1.972
 0.862,-1.996
 0.884,-2.031
 0.884,-2.046
 0.895,-2.031
 0.894,-2.000
 0.904,-1.997
 0.904,-1.995
 0.909,-1.998
 0.901,-1.974
 0.915,-1.968
 0.916,-1.941
 0.916,-1.896
 0.916,-1.850
 0.925,-1.815
 0.939,-1.796
 0.923,-1.778
 0.922,-1.746
 0.914,-1.724
 0.907,-1.704
 0.907,-1.673
 0.925,-1.648
 0.924,-1.631
 0.908,-1.629
 0.909,-1.600
 0.891,-1.581
 0.892,-1.568
 0.893,-1.554
 0.907,-1.566
 0.900,-1.561
 0.891,-1.551
 0.868,-1.561
 0.877,-1.570
 0.845,-1.552
 0.861,-1.554
 0.868,-1.561
 0.861,-1.615
 0.861,-1.675
 0.844,-1.734
 0.853,-1.744
 0.868,-1.714
 0.909,-1.755
 0.922,-1.826
 0.929,-1.876
 0.938,-1.948
 0.946,-2.001
 0.965,-2.053
 0.958,-2.108
 0.917,-2.171
 0.926,-2.151
 0.940,-2.132
 0.957,-2.121
 0.981,-2.112
 1.003,-2.132
 1.019,-2.178
 1.016,-2.171
 1.010,-2.124
 1.036,-2.091
 1.043,-2.098
 1.061,-2.102
 1.083,-2.105
 1.076,-2.085
 1.083,-2.061
 1.082,-2.072
 1.088,-2.061
 1.092,-2.029
 1.109,-1.985
 1.112,-1.933
 1.115,-1.879
 1.103,-1.841
 1.094,-1.802
 1.088,-1.782
 1.069,-1.776
 1.049,-1.781
 1.025,-1.803
 1.022,-1.782
 1.023,-1.723
 1.025,-1.666
 1.009,-1.620
 1.011,-1.579
 0.995,-1.518
 0.996,-1.504
 0.996,-1.458
 0.986,-1.462
 1.002,-1.447
 1.015,-1.442
 1.008,-1.437
 1.017,-1.401
 1.002,-1.386
 1.012,-1.367
 1.003,-1.328
 1.002,-1.341
 1.001,-1.338
 1.000,-1.352
 1.001,-1.355
 0.993,-1.331
 0.988,-1.329
 0.989,-1.315
 0.971,-1.327
 0.979,-1.319
 0.954,-1.307
 0.954,-1.307
 0.954,-1.309
 0.938,-1.323
 0.909,-1.342
 0.891,-1.369
 0.860,-1.384
 0.853,-1.348
 0.837,-1.333
 0.837,-1.333
 0.812,-1.335
 0.797,-1.353
 0.790,-1.346
 0.758,-1.345
 0.743,-1.318
 0.743,-1.300
 0.735,-1.293
 0.719,-1.293
 0.710,-1.283
 0.695,-1.285
 0.687,-1.275
 0.664,-1.284
 0.664,-1.301
 0.640,-1.306
 0.641,-1.309
 0.641,-1.292
 0.648,-1.299
 0.656,-1.277
 0.648,-1.299
 0.656,-1.322
 0.647,-1.310
 0.656,-1.291
 0.657,-1.263
 0.673,-1.248
 0.681,-1.243
 0.688,-1.233
 0.704,-1.233
 0.711,-1.208
 0.718,-1.182
 0.710,-1.176
 0.734,-1.153
 0.742,-1.161
 0.742,-1.163
 0.749,-1.138
 0.775,-1.103
 0.774,-1.073
 0.775,-1.074
 0.782,-1.110
 0.804,-1.100
 0.813,-1.080
 0.806,-1.073
 0.814,-1.097
 0.805,-1.118
 0.804,-1.115
 0.789,-1.116
 0.796,-1.106
 0.797,-1.140
 0.798,-1.156
 0.781,-1.169
 0.783,-1.174
 0.783,-1.156
 0.774,-1.178
 0.782,-1.185
 0.773,-1.206
 0.766,-1.216
 0.774,-1.223
 0.759,-1.224
 0.767,-1.248
 0.743,-1.283
 0.751,-1.293
 0.766,-1.292
 0.767,-1.309
 0.767,-1.309
 0.751,-1.339
 0.753,-1.390
 0.751,-1.445
 0.751,-1.489
 0.751,-1.521
 0.750,-1.548
 0.752,-1.568
 0.775,-1.575
 0.768,-1.597
 0.776,-1.608
 0.776,-1.592
 0.777,-1.596
 0.775,-1.606
 0.776,-1.621
 0.791,-1.620
 0.790,-1.572
 0.800,-1.525
 0.806,-1.515
 0.783,-1.538
 0.783,-1.536
 0.766,-1.533
 0.784,-1.508
 0.767,-1.477
 0.752,-1.462
 0.743,-1.453
 0.750,-1.472
 0.752,-1.462
 0.744,-1.438
 0.744,-1.424
 0.728,-1.409
 0.711,-1.390
 0.704,-1.385
 0.726,-1.389
 0.734,-1.365
 0.735,-1.354
 0.712,-1.317
 0.729,-1.305
 0.727,-1.302
 0.727,-1.300
 0.743,-1.285
 0.734,-1.260
 0.735,-1.247
 0.727,-1.239
 0.726,-1.253
 0.719,-1.231
 0.710,-1.221
 0.720,-1.218
 0.704,-1.203
 0.696,-1.225
 0.696,-1.225
 0.695,-1.222
 0.703,-1.232
 0.687,-1.230
 0.687,-1.244
 0.696,-1.239
 0.679,-1.237
 0.681,-1.226
 0.688,-1.216
 0.680,-1.223
 0.672,-1.245
 0.663,-1.251
 0.672,-1.245
 0.664,-1.223
 0.656,-1.216
 0.664,-1.208
 0.671,-1.229
 0.657,-1.231
 0.657,-1.202
 0.672,-1.187
 0.656,-1.186
 0.663,-1.191
 0.665,-1.209
 0.663,-1.222
 0.672,-1.230
 0.672,-1.218
 0.664,-1.208
 0.673,-1.234
 0.680,-1.240
 0.672,-1.261
 0.673,-1.233
 0.672,-1.261
 0.657,-1.262
 0.672,-1.291
 0.671,-1.319
 0.664,-1.329
 0.665,-1.286
 0.674,-1.267
 0.666,-1.257
 0.681,-1.286
 0.681,-1.286
 0.686,-1.287
 0.680,-1.283
 0.680,-1.252
 0.673,-1.262
 0.680,-1.239
 0.672,-1.229
 0.696,-1.210
 0.688,-1.186
 0.673,-1.201
 0.664,-1.223
 0.664,-1.207
 0.657,-1.187
 0.649,-1.163
 0.664,-1.162
 0.657,-1.141
 0.640,-1.154
 0.624,-1.153
 0.616,-1.160
 0.609,-1.169
 0.634,-1.181
 0.634,-1.195
 0.634,-1.195
 0.617,-1.163
 0.626,-1.173
 0.641,-1.202
 0.647,-1.263
 0.655,-1.302
 0.656,-1.334
 0.648,-1.359
 0.673,-1.384
 0.672,-1.410
 0.681,-1.407
 0.690,-1.417
 0.706,-1.418
 0.715,-1.444
 0.722,-1.492
 0.705,-1.548
 0.720,-1.517
 0.712,-1.482
 0.722,-1.463
 0.713,-1.466
 0.721,-1.475
 0.713,-1.497
 0.697,-1.495
 0.682,-1.454
 0.681,-1.437
 0.674,-1.430
 0.682,-1.439
 0.674,-1.461
 0.659,-1.449
 0.651,-1.440
 0.635,-1.455
 0.619,-1.467
 0.610,-1.471
 0.603,-1.450
 0.593,-1.410
 0.579,-1.414
 0.571,-1.406
 0.579,-1.428
 0.587,-1.423
 0.579,-1.428
 0.580,-1.416
 0.579,-1.382
 0.563,-1.367
 0.571,-1.377
 0.563,-1.380
 0.578,-1.396
 0.578,-1.396
 0.562,-1.396
 0.564,-1.385
 0.571,-1.390
 0.572,-1.378
 0.580,-1.385
 0.572,-1.361
 0.556,-1.361
 0.554,-1.372
 0.555,-1.389
 0.563,-1.411
 0.563,-1.380
 0.572,-1.363
 0.563,-1.338
 0.556,-1.361
 0.547,-1.383
 0.547,-1.397
 0.547,-1.399
 0.547,-1.380
 0.555,-1.375
 0.547,-1.366
 0.547,-1.367
 0.555,-1.344
 0.554,-1.343
 0.555,-1.329
 0.563,-1.307
 0.571,-1.299
 0.571,-1.285
 0.570,-1.267
 0.562,-1.261
 0.563,-1.246
 0.563,-1.245
 0.555,-1.224
 0.538,-1.190
 0.539,-1.163
 0.554,-1.131
 0.554,-1.114
 0.562,-1.107
 0.554,-1.084
 0.539,-1.042
 0.539,-1.011
 0.546,-1.003
 0.562,-0.988
 0.553,-0.992
 0.569,-0.992
 0.569,-0.992
 0.584,-1.008
 0.586,-1.027
 0.585,-1.041
 0.593,-1.046
 0.593,-1.032
 0.593,-1.032
 0.593,-1.032
 0.601,-1.039
 0.609,-1.048
 0.624,-1.048
 0.623,-1.045
 0.641,-1.049
 0.655,-1.030
 0.663,-1.023
 0.679,-0.994
 0.688,-0.989
 0.697,-0.998
 0.695,-0.996
 0.704,-1.004
 0.726,-0.979
 0.718,-0.986
 0.744,-0.982
 0.742,-0.964
 0.750,-0.973
 0.757,-0.979
 0.765,-0.972
 0.782,-0.989
 0.773,-0.979
 0.790,-0.981
 0.798,-0.974
 0.805,-0.980
 0.806,-0.981
 0.797,-1.002
 0.789,-1.011
 0.782,-1.003
 0.805,-0.995
 0.805,-0.997
 0.812,-1.002
 0.814,-1.005
 0.822,-0.998
 0.813,-1.019
 0.821,-1.012
 0.828,-1.018
 0.836,-1.040
 0.852,-1.042
 0.852,-1.072
 0.878,-1.053
 0.892,-1.065
 0.908,-1.081
 0.924,-1.081
 0.930,-1.072
 0.923,-1.080
 0.930,-1.085
 0.939,-1.112
 0.948,-1.120
 0.947,-1.134
 0.964,-1.152
 0.963,-1.149
 0.947,-1.165
 0.939,-1.171
 0.938,-1.185
 0.941,-1.174
 0.939,-1.187
 0.940,-1.188
 0.931,-1.195
 0.923,-1.202
 0.924,-1.188
 0.916,-1.164
 0.933,-1.167
 0.918,-1.152
 0.908,-1.157
 0.925,-1.159
 0.916,-1.164
 0.901,-1.166
 0.901,-1.166
 0.899,-1.177
 0.883,-1.163
 0.883,-1.131
 0.884,-1.133
 0.886,-1.121
 0.877,-1.157
 0.869,-1.165
 0.875,-1.154
 0.861,-1.186
 0.869,-1.194
 0.853,-1.225
 0.863,-1.238
 0.877,-1.233
 0.837,-1.255
 0.844,-1.261
 0.835,-1.281
 0.829,-1.306
 0.806,-1.316
 0.816,-1.283
 0.801,-1.254
 0.791,-1.241
 0.776,-1.242
 0.774,-1.253
 0.766,-1.260
 0.758,-1.252
 0.750,-1.214
 0.736,-1.203
 0.736,-1.186
 0.736,-1.202
 0.720,-1.203
 0.720,-1.217
 0.704,-1.263
 0.703,-1.305
 0.687,-1.320
 0.696,-1.300
 0.703,-1.291
 0.712,-1.315
 0.712,-1.330
 0.697,-1.362
 0.697,-1.362
 0.712,-1.361
 0.721,-1.370
 0.712,-1.361
 0.729,-1.378
 0.721,-1.370
 0.720,-1.353
 0.713,-1.347
 0.719,-1.337
 0.712,-1.346
 0.721,-1.356
 0.712,-1.346
 0.705,-1.340
 0.696,-1.315
 0.696,-1.315
 0.704,-1.322
 0.703,-1.334
 0.696,-1.346
 0.688,-1.322
 0.689,-1.294
 0.690,-1.281
 0.689,-1.294
 0.697,-1.332
 0.688,-1.336
 0.681,-1.359
 0.665,-1.376
 0.663,-1.386
 0.673,-1.385
 0.689,-1.398
 0.697,-1.392
 0.698,-1.395
 0.690,-1.417
 0.707,-1.434
 0.706,-1.432
 0.713,-1.424
 0.723,-1.405
 0.721,-1.415
 0.721,-1.446
 0.704,-1.458
 0.720,-1.473
 0.713,-1.454
 0.721,-1.431
 0.737,-1.432
 0.750,-1.441
 0.774,-1.479
 0.766,-1.487
 0.766,-1.470
 0.784,-1.477
 0.792,-1.501
 0.793,-1.549
 0.801,-1.572
 0.807,-1.545
 0.808,-1.562
 0.814,-1.566
 0.821,-1.601
 0.830,-1.627
 0.822,-1.634
 0.832,-1.586
 0.841,-1.520
 0.849,-1.513
 0.856,-1.534
 0.870,-1.559
 0.893,-1.568
 0.901,-1.558
 0.916,-1.543
 0.902,-1.500
 0.894,-1.478
 0.896,-1.481
 0.903,-1.487
 0.909,-1.507
 0.908,-1.534
 0.884,-1.497
 0.855,-1.456
 0.854,-1.439
 0.856,-1.473
 0.839,-1.501
 0.837,-1.527
 0.839,-1.546
 0.830,-1.551
 0.814,-1.566
 0.814,-1.581
 0.806,-1.603
 0.817,-1.618
 0.824,-1.641
 0.808,-1.669
 0.808,-1.671
 0.806,-1.696
 0.822,-1.710
 0.845,-1.701
 0.847,-1.705
 0.848,-1.678
 0.855,-1.654
 0.863,-1.648
 0.878,-1.644
 0.885,-1.649
 0.910,-1.629
 0.901,-1.590
 0.888,-1.582
 0.894,-1.570
 0.886,-1.561
 0.894,-1.568
 0.878,-1.566
 0.863,-1.539
 0.847,-1.493
 0.831,-1.478
 0.831,-1.476
 0.821,-1.464
 0.815,-1.461
 0.800,-1.431
 0.784,-1.448
 0.785,-1.464
 0.768,-1.462
 0.761,-1.470
 0.744,-1.468
 0.721,-1.460
 0.729,-1.453
 0.727,-1.450
 0.705,-1.475
 0.713,-1.497
 0.697,-1.497
 0.674,-1.491
 0.658,-1.459
 0.659,-1.462
 0.659,-1.462
 0.658,-1.461
 0.666,-1.483
 0.650,-1.481
 0.659,-1.507
 0.642,-1.474
 0.634,-1.435
 0.626,-1.428
 0.641,-1.427
 0.651,-1.439
 0.651,-1.439
 0.651,-1.439
 0.643,-1.433
 0.635,-1.437
 0.627,-1.462
 0.650,-1.452
 0.650,-1.466
 0.635,-1.467
 0.626,-1.474
 0.603,-1.515
 0.602,-1.542
 0.610,-1.564
 0.619,-1.559
 0.611,-1.550
 0.596,-1.538
 0.604,-1.515
 0.596,-1.508
 0.604,-1.484
 0.619,-1.449
 0.627,-1.428
 0.635,-1.422
 0.634,-1.435
 0.635,-1.452
 0.634,-1.479
 0.642,-1.459
 0.635,-1.452
 0.627,-1.460
 0.635,-1.484
 0.626,-1.503
 0.627,-1.505
 0.627,-1.477
 0.635,-1.438
 0.635,-1.438
 0.625,-1.457
 0.651,-1.485
 0.642,-1.488
 0.641,-1.486
 0.650,-1.469
 0.634,-1.466
 0.650,-1.483
 0.665,-1.481
 0.665,-1.468
 0.675,-1.449
 0.675,-1.449
 0.675,-1.479
 0.689,-1.505
 0.696,-1.510
 0.712,-1.495
 0.727,-1.479
 0.728,-1.499
 0.737,-1.507
 0.737,-1.507
 0.754,-1.495
 0.760,-1.499
 0.761,-1.501
 0.776,-1.499
 0.759,-1.511
 0.768,-1.508
 0.775,-1.497
 0.777,-1.487
 0.801,-1.479
 0.807,-1.513
 0.807,-1.513
 0.798,-1.505
 0.799,-1.493
 0.800,-1.448
 0.808,-1.440
 0.800,-1.464
 0.798,-1.474
 0.799,-1.491
 0.791,-1.469
 0.791,-1.452
 0.784,-1.433
 0.768,-1.416
 0.776,-1.424
 0.767,-1.430
 0.750,-1.411
 0.744,-1.392
 0.750,-1.382
 0.761,-1.380
 0.769,-1.358
 0.768,-1.341
 0.761,-1.320
 0.752,-1.326
 0.736,-1.324
 0.727,-1.314
 0.734,-1.333
 0.741,-1.354
 0.741,-1.338
 0.760,-1.331
 0.770,-1.284
 0.764,-1.251
 0.772,-1.229
 0.766,-1.230
 0.765,-1.242
 0.764,-1.239
 0.742,-1.235
 0.720,-1.231
 0.696,-1.207
 0.697,-1.210
 0.698,-1.181
 0.706,-1.172
 0.697,-1.164
 0.697,-1.147
 0.682,-1.133
 0.681,-1.117
 0.689,-1.108
 0.683,-1.104
 0.689,-1.094
 0.690,-1.097
 0.681,-1.101
 0.672,-1.121
 0.681,-1.131
 0.695,-1.127
 0.695,-1.113
 0.680,-1.083
 0.681,-1.025
 0.660,-1.008
