-45.609,318.661
-134.310,830.136
-50.259,311.049
-63.865,370.581
-80.973,450.550
-62.683,370.933
-140.202,793.004
-67.978,362.985
-82.657,459.918
-64.102,371.959
-56.355,308.380
-133.897,827.581
-80.838,449.797
-676.928,3835.293
-142.893,808.224
-68.909,362.485
-238.285,1360.239
-64.839,357.547
-58.586,293.197
-47.041,245.313
-41.267,191.354
-94.448,412.561
-58.022,245.289
-195.894,800.680
-170.360,758.554
-175.875,769.333
515.430,-2334.225
-174.799,733.907
-74.593,317.946
-53.554,223.507
-40.156,158.144
-83.993,319.541
-49.128,202.397
-65.737,264.833
-75.392,321.352
-49.144,202.460
-97.699,401.902
-49.601,181.758
-58.964,234.886
-62.809,234.864
-75.365,273.835
-205.023,757.839
-86.650,330.494
-151.896,535.730
-91.526,329.588
-66.778,245.417
-210.558,752.663
-71.338,248.727
-124.366,422.356
-122.030,422.930
-103.345,349.616
-962.449,3180.260
-79.353,252.255
-90.166,287.161
-128.052,415.300
-109.037,340.021
-159.034,527.768
-75.028,249.297
-85.926,286.459
-60.635,216.808
-53.243,195.466
-69.342,283.806
-48.275,215.857
-64.545,282.737
-77.651,415.255
-46.852,282.428
-118.995,803.478
-51.422,406.333
-31.567,332.104
-23.419,274.579
-24.427,330.590
-28.562,546.281
-12.271,235.323
-17.077,333.466
-9.923,337.084
-5.401,290.255
 0.606,439.562
-3.082,346.648
 0.534,445.398
-4.981,577.309
-2.257,263.970
-14.559,788.359
 0.228,294.178
-3.240,350.389
 3.610,356.582
 0.190,305.452
 0.455,818.901
 8.435,456.072
 8.313,449.472
16.041,592.076
11.562,325.339
30.461,857.938
23.978,466.353
15.606,619.838
25.509,614.850
12.075,290.872
24.553,494.544
 8.511,262.155
16.648,411.372
23.716,494.191
16.775,343.654
42.242,865.677
23.998,483.363
36.633,624.459
43.390,859.058
11.388,332.598
16.812,482.240
11.357,321.811
10.423,378.526
 8.534,460.355
-2.387,274.228
-5.193,591.607
-5.478,315.768
-16.198,460.745
-25.038,575.465
-16.408,320.395
-36.102,600.201
-28.566,369.095
-29.082,375.764
-54.636,576.531
-27.554,322.187
-69.350,809.597
-21.866,314.749
-30.079,380.415
-40.362,454.334
-28.050,310.765
-74.324,822.086
-49.531,450.961
-59.338,585.506
-88.649,792.539
-68.041,557.597
-105.138,779.305
-37.049,249.189
-46.630,290.588
-52.086,343.428
-41.020,286.756
-1714.161,10689.562
-46.159,294.017
-79.586,449.942
-76.614,433.140
-75.329,425.877
-77.966,440.787
-39.553,223.933
-52.822,293.219
-65.116,345.919
-47.288,250.770
-104.120,563.246
-56.814,300.013
-74.353,436.178
-99.735,559.658
-47.171,265.059
-58.393,308.353
-43.681,235.000
-43.780,235.532
-63.507,363.012
-64.824,370.539
-136.578,831.815
-64.414,368.197
-57.913,312.090
-63.157,361.012
-43.867,232.340
-150.956,812.414
-56.378,303.818
-70.575,358.359
-89.817,439.477
-47.485,232.644
-90.609,443.353
-51.110,260.268
-110.864,563.813
-237.819,1230.430
-55.888,301.176
-147.193,792.166
-46.556,261.603
-39.237,230.493
-34.728,230.344
-33.383,205.625
-51.854,362.824
-51.217,358.362
-52.343,366.243
-70.511,569.585
-40.076,293.021
-109.450,799.033
-39.980,292.323
-44.738,349.795
-70.006,557.249
-32.111,256.010
-61.050,565.202
-34.106,292.670
-37.976,345.272
-30.430,346.027
-27.245,252.666
-63.257,585.639
-28.348,298.419
-28.492,303.933
-58.553,796.286
-16.693,373.025
-15.030,880.701
 0.431,323.642
 3.964,395.312
10.953,399.409
12.061,333.957
28.475,655.551
11.643,346.472
11.850,354.717
 8.398,504.471
 0.490,511.490
-47.410,3233.165
-4.907,337.711
-15.991,334.598
-21.964,396.572
-20.665,235.688
-47.595,491.291
-37.744,339.884
-48.179,408.148
-61.566,484.000
-54.578,331.475
-153.828,822.732
-60.911,320.163
-115.419,575.361
-115.700,576.763
-95.185,451.349
-130.120,586.393
-72.110,309.721
-71.586,268.670
-97.434,358.973
-60.457,204.776
-132.351,437.860
-85.090,300.569
-89.983,303.310
-102.845,360.739
-103.533,363.153
-167.664,577.307
-105.138,355.681
-91.007,295.763
-165.245,548.381
-76.837,250.141
-136.968,427.677
-91.789,281.242
-108.480,339.917
-121.613,426.595
-86.577,283.486
-130.635,419.039
-128.200,411.226
-131.031,420.306
-103.029,332.018
-67.607,208.411
-83.288,275.055
-62.618,211.273
-74.202,238.904
-74.559,240.052
-62.647,211.371
-126.149,425.049
-81.479,280.362
-82.747,284.727
-111.235,412.180
-86.401,329.544
-211.607,782.175
-101.939,408.730
-93.502,336.703
-93.360,343.473
-56.955,194.906
-170.061,543.148
-76.104,243.374
-97.454,286.499
-129.303,419.356
-91.026,294.974
-394.734,1329.792
-84.414,297.267
-91.126,353.030
-91.296,353.688
-56.515,229.499
-102.006,440.117
-71.441,355.439
-73.597,366.168
-893.797,5876.935
-59.629,457.023
-79.737,871.132
-24.206,378.508
-13.430,244.212
-11.987,317.858
-2.566,271.899
-18.525,927.239
-2.690,255.312
-12.553,290.502
-11.665,334.149
-9.507,200.988
-19.436,266.681
-14.436,193.919
-19.554,222.152
-38.970,384.098
-33.103,254.464
-130.197,813.824
-49.785,283.798
-51.544,237.338
-86.198,360.911
-63.003,237.821
-136.540,484.747
-61.107,203.607
-62.445,208.063
-105.488,371.859
-86.918,304.403
-226.176,766.650
-73.353,255.351
-74.602,259.698
-73.863,257.127
-65.844,222.480
-111.512,396.776
-91.734,316.740
-110.702,393.896
-107.728,392.642
-64.954,224.851
-79.649,273.615
-64.746,234.045
-90.611,334.240
-116.899,409.888
-78.054,279.611
-171.203,555.695
-62.333,212.170
-127.350,412.277
-169.247,535.763
-107.226,339.148
-162.859,550.101
-83.036,288.127
-58.276,193.379
-68.846,245.136
-47.153,176.075
-165.853,560.216
-118.419,418.725
-158.078,545.234
-214.899,774.062
-98.254,338.573
-236.500,780.234
-98.781,347.449
-98.827,347.611
-100.511,359.600
-72.120,258.592
-145.239,557.545
-75.054,296.928
-62.505,259.838
-85.638,362.309
-62.213,262.890
-128.130,576.879
-57.451,264.276
-79.336,358.140
-114.421,565.151
-57.262,299.590
-87.229,447.786
-52.187,303.992
-60.030,359.524
-85.830,581.888
-46.822,301.198
-131.167,842.551
-40.978,306.698
-40.874,299.420
-60.418,443.715
-38.233,259.587
-71.307,449.922
-66.936,431.523
-82.344,570.387
-82.843,573.844
-35.640,230.097
-47.138,298.507
-29.752,195.247
-31.673,220.855
-33.161,250.937
-33.023,255.616
-114.945,815.197
-44.847,345.625
-52.199,349.728
-84.164,552.777
-35.501,220.759
-133.238,810.808
-51.859,286.389
-52.409,289.427
-52.567,290.299
-40.229,222.896
-77.793,430.409
-58.166,350.269
-47.520,256.166
-68.673,442.722
-35.208,227.312
-68.795,443.507
-56.721,346.975
-58.351,356.943
-101.254,553.886
-47.160,258.332
-85.369,440.268
-39.461,230.616
-47.541,260.416
-64.661,360.435
-47.073,267.282
-74.481,450.416
-46.188,267.532
-46.538,269.558
-72.007,435.456
-42.609,265.595
-58.488,357.785
-66.420,428.200
-51.742,352.133
-81.194,553.876
-37.750,257.902
-59.728,432.016
-25.566,197.348
-26.016,200.821
-35.055,296.130
-34.754,293.592
-559.785,4805.428
-92.432,808.637
-59.622,562.997
-60.249,568.919
-27.515,260.249
-51.689,450.804
-34.675,297.227
-44.723,357.671
-45.182,361.338
-30.218,227.088
-60.579,444.898
-37.814,262.314
-37.272,262.450
-65.613,436.036
-32.302,261.354
-108.511,810.942
-40.623,297.581
-35.437,297.049
-45.032,352.340
-38.057,252.812
-61.733,433.825
-33.302,250.212
-53.620,349.185
-60.409,424.519
-35.864,221.725
-130.510,802.743
-43.060,247.785
-40.345,217.559
-48.602,245.524
-65.985,339.688
-260.635,1369.182
-65.828,338.884
-66.236,340.983
-53.175,285.803
-32.710,176.064
-60.921,343.516
-33.975,191.859
-44.140,248.403
-70.441,425.277
-60.228,339.607
-139.473,824.950
-61.216,413.732
-86.691,540.616
-53.467,412.733
-31.879,207.212
-47.886,330.567
-27.627,204.976
-35.156,237.807
-37.336,270.908
-22.766,178.790
-47.620,413.782
-31.469,267.807
-23.746,197.821
-32.057,265.566
-30.111,224.983
-104.082,544.065
-47.661,203.214
-65.147,220.063
-145.373,447.041
-64.744,171.249
-114.227,309.959
-50.083,128.455
-59.740,144.333
-93.433,246.407
-73.487,205.960
-138.493,469.016
-75.135,262.184
-47.977,192.805
-52.928,240.945
-45.103,240.128
-146.200,776.920
-30.731,209.430
-32.841,247.897
-25.223,214.032
-15.252,170.119
-28.531,317.508
-10.077,197.112
-8.920,236.467
-4.844,342.017
-4.713,332.766
-8.208,586.883
-0.792,281.469
-0.797,283.206
-0.790,280.935
 2.047,246.726
 4.786,581.923
 2.036,245.466
-0.816,290.058
-0.791,281.053
-0.476,211.043
-1.018,435.061
-3.275,240.920
 2.012,242.544
 2.877,338.074
 2.020,243.466
 2.949,346.530
 2.188,241.262
-0.639,280.941
-4.663,336.225
-0.452,205.002
-0.940,419.602
-3.159,221.859
-13.544,252.839
-21.189,385.677
-10.184,177.006
-20.697,286.730
-14.962,170.834
-20.067,189.606
-20.119,159.263
-25.876,185.429
-100.387,814.998
-42.932,339.004
-54.700,336.399
-53.920,331.602
-20.163,123.873
-25.474,157.031
-19.915,126.649
-25.095,164.114
-63.825,357.874
-44.708,277.702
-148.055,852.480
-46.816,238.271
-53.585,239.673
-112.999,494.860
-58.579,246.112
-103.790,392.343
-52.400,185.022
-63.361,211.118
-76.661,248.041
-61.713,189.420
-176.633,527.853
-77.565,221.329
-92.278,263.129
-149.889,400.523
-72.699,199.182
-197.243,529.281
-90.322,233.835
-95.013,237.665
-113.507,279.427
-97.154,240.460
-217.774,548.437
-138.763,345.692
-138.506,345.051
-114.580,295.559
-87.529,221.706
-169.692,429.307
-87.463,221.539
-98.025,252.291
-91.940,249.080
-125.762,347.028
-466.122,1332.225
-99.151,289.145
-93.326,283.504
-88.783,288.047
-44.834,159.851
-70.093,249.578
-50.714,195.083
-65.313,246.084
-109.259,433.049
-84.512,345.742
-188.184,794.863
-59.245,237.627
-84.506,331.688
-141.216,542.145
-60.134,231.200
-141.097,541.690
-73.041,272.239
-61.119,234.987
-91.655,324.065
-64.942,234.753
-214.887,799.770
-59.685,229.475
-61.074,234.816
-102.433,406.339
-60.188,231.408
-103.057,408.812
-61.550,268.660
-92.179,410.821
-110.569,523.281
-69.010,333.743
-110.382,544.450
-53.304,280.169
-77.697,409.120
-60.785,348.578
-47.286,291.281
-70.711,443.591
-35.759,224.658
-60.328,449.700
-104.517,803.911
-46.404,314.068
-82.730,598.795
-34.639,242.067
-42.372,281.484
-42.444,281.962
-33.208,224.428
-50.598,331.159
-45.659,285.228
-79.256,473.320
-104.909,602.161
-68.660,388.154
-86.556,471.337
-46.983,256.143
-56.354,291.265
-61.232,328.358
-60.919,326.683
-121.551,607.475
-56.078,280.598
-62.554,318.609
-62.301,317.318
-44.112,238.767
-82.991,448.625
-52.447,267.718
-64.831,365.202
-58.200,359.581
-52.521,309.093
-76.759,452.588
-35.200,232.910
-46.337,307.266
-50.923,362.480
-37.373,270.885
-91.188,593.263
-45.132,314.278
-50.467,371.835
-45.622,323.949
-34.586,249.806
-57.197,478.394
-39.007,331.667
-164.996,1296.094
-42.755,381.143
-45.763,324.956
-51.103,384.063
-21.292,178.669
-25.927,216.629
-26.394,236.982
-26.749,240.174
-52.584,471.408
-29.261,314.309
-45.457,374.051
-35.455,312.593
-40.514,301.228
-107.922,801.229
-40.561,301.584
-41.145,305.925
-50.919,357.182
-30.982,231.292
-92.967,575.538
-42.278,262.101
-51.940,307.242
-51.443,304.303
-47.273,267.121
-82.290,453.655
-40.396,210.898
-62.548,313.847
-61.170,306.932
-56.093,267.321
-76.885,372.539
-56.281,268.216
-67.916,307.148
-76.652,364.339
-68.012,313.578
-158.960,812.028
-85.492,444.381
-88.527,460.160
-68.116,324.869
-44.667,220.835
-56.060,276.435
-47.157,245.417
-154.623,816.579
-87.236,468.509
-68.324,387.955
-114.758,594.807
-43.656,230.282
-38.007,211.488
-50.150,294.639
-49.566,291.207
-106.009,622.088
-59.857,388.377
-78.474,479.344
-93.475,604.665
-54.071,335.608
-94.004,618.942
-48.947,338.307
-69.007,483.928
-61.254,490.397
-35.472,310.337
-71.742,637.839
-34.550,316.245
-37.491,379.537
-36.500,385.410
-24.163,305.391
-39.046,460.380
-27.781,294.503
-32.817,292.615
-41.096,357.545
-47.064,362.693
-88.702,643.237
-58.152,420.904
-59.428,425.238
-64.714,412.848
-49.184,309.472
-73.549,409.844
-59.016,293.526
-71.197,337.395
-71.685,339.705
-64.037,290.231
-110.081,468.880
-51.485,222.463
-111.880,461.167
-117.976,446.174
-85.327,306.431
-122.977,433.469
-60.618,201.242
-75.001,224.893
-64.551,197.483
-82.132,251.463
-142.316,418.693
-81.571,249.745
-113.045,339.267
-111.047,333.269
-99.483,281.145
-147.911,409.316
-75.505,209.221
-107.289,280.523
-145.764,403.375
-87.824,238.880
-210.321,529.306
-69.661,185.743
-106.543,278.573
-88.608,241.012
-88.253,240.046
-122.155,338.805
-79.362,211.908
-144.494,416.308
-119.519,337.660
-121.208,349.582
-144.255,432.024
-82.451,256.914
-114.172,356.035
-97.666,298.227
-74.547,228.080
-144.227,448.331
-112.365,363.561
-140.838,446.400
-95.764,309.156
-96.819,312.562
-112.174,370.025
-74.239,235.584
-103.427,303.763
-183.693,559.913
-117.478,357.826
-184.377,571.424
-99.805,303.835
-78.282,234.251
-63.760,187.482
-57.046,170.915
-87.465,261.742
-81.849,264.614
-258.567,817.963
-174.647,584.365
-90.717,310.814
-166.033,581.166
-68.459,234.352
-92.343,316.385
-71.319,267.665
-76.186,266.990
-122.990,440.745
-64.998,233.206
-106.369,365.928
-103.857,370.205
-90.147,313.842
-128.764,448.670
-69.152,236.725
-110.854,364.653
-127.968,437.554
-90.708,304.874
-162.256,567.949
-101.558,362.008
-103.356,368.417
-100.399,370.354
-75.585,283.671
-122.104,477.462
-69.103,286.908
-94.374,390.990
-76.906,333.041
-63.074,255.006
-78.316,339.145
-63.796,266.102
-602.018,2726.526
-180.785,831.599
-68.120,295.911
-76.494,341.751
-54.804,263.903
-60.321,261.795
-47.740,230.668
-55.257,254.292
-113.470,476.307
-64.683,283.943
-136.448,598.287
-136.270,588.805
-77.828,321.522
-149.500,580.300
-70.729,265.454
-71.992,270.192
-70.861,265.947
-56.784,209.461
-100.132,368.913
-56.976,210.172
-77.579,267.445
-65.567,231.391
-61.172,203.079
-78.958,257.047
-78.421,255.296
-129.777,431.707
-127.009,422.501
-109.092,348.127
-167.110,547.585
-63.163,212.411
-99.012,334.666
-77.937,270.591
-63.370,204.357
-128.974,415.332
-63.709,205.450
-106.225,327.053
-134.022,411.319
-89.796,276.200
-112.923,332.177
-71.945,202.878
-150.993,408.694
-147.777,399.991
-99.967,265.076
-151.304,392.320
-70.452,175.913
-78.656,204.232
-77.068,200.108
-77.701,201.750
-148.760,400.923
-81.193,223.786
-150.193,386.606
-142.519,366.853
-99.526,250.348
-298.326,749.275
-82.354,211.218
-99.312,249.810
-81.575,209.221
-75.872,186.396
-116.958,300.183
-63.623,163.545
-93.476,244.846
-82.422,206.546
-74.648,183.389
-116.169,298.159
-73.791,186.021
-99.740,250.887
-81.676,214.901
-69.300,186.141
-193.647,508.746
-81.129,213.461
-121.582,300.185
-86.162,217.956
-96.216,253.674
-147.716,398.110
-68.601,197.857
-93.439,268.886
-76.121,229.448
-75.626,227.957
-85.869,270.784
-48.643,146.834
-92.338,272.092
-110.885,326.182
-102.064,276.816
-149.939,414.928
-73.516,185.147
-79.812,186.704
-81.773,185.800
-79.007,169.133
-161.056,332.342
-136.303,278.098
-348.282,723.106
-188.869,399.970
-159.916,328.840
-334.600,738.958
-104.940,250.524
-120.447,296.912
-95.738,261.483
-75.871,207.097
-130.059,354.601
-77.282,230.670
-186.091,575.227
-100.140,309.040
-121.738,368.840
-135.611,451.112
-79.053,273.283
-107.513,370.945
-87.480,314.173
-93.320,373.060
-137.420,589.713
-43.874,225.082
-79.637,473.529
-61.444,400.633
-43.890,348.457
-61.918,498.609
-35.045,308.515
-54.019,504.744
-30.253,311.983
-40.380,421.994
-39.531,424.565
-23.511,232.014
-51.128,505.270
-50.890,508.053
-36.908,373.638
-51.021,514.476
-32.492,288.027
-32.996,287.784
-27.009,232.532
-30.530,236.923
-52.157,437.106
-38.136,323.999
-94.244,840.149
-45.368,429.403
-36.683,365.236
-44.879,511.685
-31.940,365.827
-33.897,425.176
-31.230,361.128
-30.041,319.390
-31.961,369.572
-24.561,285.301
-51.735,513.070
-29.554,322.663
-34.517,325.892
-36.503,367.091
-27.400,255.450
-46.360,431.685
-44.869,417.805
-41.384,363.466
-80.309,814.589
-41.340,363.083
-42.132,364.072
-34.327,310.337
-46.463,414.030
-136.921,1218.593
-37.294,352.850
-89.587,846.531
-32.315,350.995
-30.849,302.604
-39.124,353.430
-32.811,349.998
-113.411,1284.342
-34.879,395.563
-26.427,295.529
-35.740,405.331
-21.225,236.551
-28.226,348.201
-17.538,216.680
-26.985,304.997
-40.089,491.914
-28.077,349.856
-88.582,1214.366
-27.683,344.949
-29.640,406.981
-52.863,827.874
-13.005,269.042
-23.075,409.807
-13.131,271.661
-13.255,268.428
-16.847,409.055
-4.748,269.623
-6.252,616.772
 1.558,307.689
 6.287,318.044
 9.657,360.600
14.789,361.819
48.020,879.970
40.492,658.867
40.242,660.718
35.974,527.093
19.910,291.709
24.661,330.515
19.518,241.294
24.348,299.775
35.232,531.096
32.672,448.347
36.109,544.319
25.661,381.401
16.250,268.212
28.510,534.515
28.329,531.123
42.046,684.157
20.505,375.666
16.046,289.611
20.859,370.911
13.147,233.729
21.229,432.643
10.931,319.201
 6.273,317.640
13.989,514.295
 6.297,504.248
 3.365,639.144
-3.172,308.715
-4.296,412.431
-9.151,488.682
-3.141,299.397
-9.429,507.317
-8.074,298.153
-10.428,234.095
-26.097,497.582
-18.052,291.703
-59.296,617.430
-32.561,283.824
-40.054,327.754
-45.799,323.345
-46.576,280.350
-91.981,483.019
-61.771,284.001
-61.628,250.998
-101.334,376.174
-79.281,276.759
-120.911,382.812
-108.623,321.161
-102.411,284.309
-214.175,576.858
-122.555,325.914
-180.271,459.315
-113.435,285.720
-84.966,208.184
-163.274,379.874
-199.690,459.682
-492.608,1120.820
-168.904,384.668
-127.900,295.885
-143.976,336.705
-74.026,179.991
-107.257,264.271
-102.526,258.718
-134.269,338.966
-180.459,474.211
-126.827,333.120
-181.544,469.368
-99.571,257.682
-145.540,387.475
-127.712,340.860
-108.183,292.567
-127.688,340.798
-98.592,263.016
-128.556,347.915
-169.358,477.895
-107.688,300.003
-285.290,816.513
-103.739,306.166
-95.182,276.752
-162.590,500.675
-118.798,350.196
-212.345,608.298
-140.517,408.437
-142.201,413.331
-169.171,485.043
-91.382,277.367
-198.778,628.947
-96.711,320.079
-84.286,295.340
-122.620,519.657
-117.593,541.257
-164.996,869.859
-63.120,342.194
-51.588,273.510
-60.094,341.873
-70.273,388.209
-156.143,861.792
-77.921,448.539
-55.876,305.040
-46.286,249.669
-43.744,223.452
-72.696,381.916
-60.680,328.193
-80.026,427.006
-154.057,846.431
-81.280,427.260
-155.867,833.686
-86.322,492.405
-70.114,409.071
-58.512,353.984
-45.650,272.413
-81.568,486.214
-53.311,349.453
-39.910,305.595
-53.545,408.641
-35.813,309.472
-41.877,416.459
-21.078,243.918
-22.087,305.048
-22.994,405.225
-13.123,269.727
-41.141,854.997
-11.406,353.937
-11.758,364.871
-6.086,352.123
-3.862,224.353
-0.562,363.820
-2.923,312.494
-3.898,419.212
-6.125,632.425
-7.710,308.756
-4.087,419.366
-3.035,315.478
-6.067,638.182
-1.752,848.072
-2.926,329.888
-8.429,537.855
-2.948,343.201
-2.359,273.407
-2.936,341.810
-3.857,250.042
-16.064,556.254
-15.931,448.576
-22.852,534.103
-23.175,539.113
-16.993,290.899
-33.915,656.708
-21.089,287.035
-21.837,327.777
-26.663,324.709
-20.768,212.100
-36.188,312.710
-27.414,220.558
-38.111,264.854
-54.591,341.634
-54.972,293.172
-96.240,488.293
-71.961,337.399
-102.674,473.628
-76.856,329.550
-63.893,247.826
-127.274,454.876
-63.891,216.070
-74.831,239.445
-95.598,306.128
-78.634,238.003
-194.236,585.991
-89.523,270.383
-94.840,267.154
-99.997,263.318
-90.939,231.900
-232.329,572.423
-124.453,297.078
-126.076,289.940
-101.174,218.719
-81.623,173.141
-113.453,243.215
-88.761,190.588
-114.809,236.296
-129.063,268.874
-110.872,229.070
-188.222,384.138
-105.384,218.171
-141.202,299.726
-172.842,372.209
-97.593,213.647
-170.413,378.176
-71.686,169.724
-68.058,171.099
-87.255,224.290
-58.769,157.597
-114.637,313.414
-59.373,177.682
-106.005,323.294
-104.772,319.534
-63.842,208.569
-97.822,327.283
-54.593,182.907
-76.514,238.574
-82.862,276.190
-58.577,210.354
-153.745,546.703
-57.901,216.447
-76.435,291.161
-75.848,300.069
-57.390,231.407
-136.801,588.839
-42.538,196.367
-69.030,318.271
-116.807,575.286
-52.246,277.320
-120.834,595.116
-51.832,275.120
-41.769,222.335
-43.477,244.678
-31.118,179.604
-59.834,385.004
-42.157,272.184
-58.997,379.618
-51.801,371.005
-33.332,265.823
-74.020,589.403
-26.796,228.989
-35.922,301.117
-45.748,357.936
-33.304,255.951
-36.770,296.711
-26.503,195.451
-26.786,197.541
-33.920,245.036
-25.721,174.830
-54.613,341.888
-31.522,213.385
-42.749,290.110
-53.704,344.031
-36.432,216.606
-62.407,424.579
-36.688,214.394
-48.903,284.728
-60.625,336.000
-53.986,285.206
-99.746,563.550
-43.850,248.118
-48.184,287.089
-47.959,290.605
-34.637,200.005
-44.631,252.538
-48.026,297.552
-98.791,580.223
-54.047,296.942
-41.114,221.709
-60.968,295.800
-31.816,164.538
-36.958,179.562
-40.277,181.449
-46.149,200.941
-115.982,561.113
-52.892,261.591
-94.515,449.457
-79.352,364.059
-52.858,235.003
-99.430,450.256
-42.175,194.689
-69.207,319.088
-56.494,274.456
-52.250,236.899
-84.784,365.839
-55.945,234.617
-85.821,370.316
-74.127,316.128
-52.664,243.431
-74.926,314.584
-45.999,189.638
-66.879,263.124
-57.155,235.901
-43.887,172.879
-91.606,360.802
-64.796,231.769
-105.136,366.591
-120.171,444.701
-127.346,449.459
-222.220,784.989
-72.781,242.380
-79.951,272.111
-71.892,239.419
-84.506,275.811
-176.404,575.109
-66.391,220.456
-98.893,321.433
-71.473,246.107
-62.049,201.896
-76.880,254.123
-75.040,248.043
-121.183,386.525
-118.539,378.095
-103.752,324.735
-184.126,596.548
-86.958,282.030
-148.485,465.062
-92.281,279.395
-81.039,249.677
-149.528,460.197
-80.227,247.177
-106.801,323.468
-80.484,247.969
-93.575,283.313
-180.847,585.924
-69.745,222.697
-103.830,324.979
-83.704,282.394
-67.519,224.202
-142.071,462.114
-71.288,245.468
-134.556,462.819
-79.743,280.703
-78.852,277.565
-100.501,382.072
-75.764,283.501
-83.865,326.611
-70.239,280.502
-70.496,281.532
-78.945,328.848
-45.406,200.554
-89.273,382.666
-125.323,588.246
-82.795,382.538
-98.813,471.901
-42.482,199.866
-44.965,214.851
-44.899,214.535
-37.313,175.305
-77.430,363.823
-68.485,310.914
-130.474,563.681
-62.426,303.722
-52.055,228.616
-84.992,347.876
-49.278,201.959
-85.368,343.500
-69.287,287.489
-57.426,220.062
-110.597,423.259
-49.272,194.371
-86.813,335.962
-62.868,248.298
-46.593,175.220
-70.610,281.676
-43.212,172.615
-58.755,241.985
-53.577,241.190
-49.058,244.697
-79.814,415.042
-40.812,212.548
-47.983,280.998
-31.542,216.372
-27.172,222.018
-52.307,443.239
-22.185,225.206
-29.482,300.417
-17.576,224.542
-13.776,199.043
-24.356,351.179
-17.799,221.898
-63.175,800.038
-24.144,352.153
-17.881,256.352
-17.925,359.712
-8.229,162.749
-7.304,181.305
-8.852,223.363
-4.483,222.342
-0.050,442.970
 4.533,224.165
10.881,358.164
12.657,256.794
12.749,247.964
36.032,441.777
18.195,223.108
24.759,297.265
18.109,222.058
14.560,174.831
23.352,246.947
14.112,192.524
24.440,293.426
17.957,294.724
13.525,217.283
12.160,295.154
12.893,247.748
10.603,346.828
 4.354,215.603
-0.165,214.648
-3.912,343.400
-0.163,212.900
-11.188,344.612
-6.303,283.082
-4.774,218.668
-6.345,284.981
-6.238,192.821
-12.467,290.658
-13.833,225.067
-14.256,198.156
-25.003,346.832
-18.093,255.968
-81.697,834.678
-29.102,297.839
-33.017,267.139
-33.063,267.509
-23.971,159.752
-35.770,238.047
-33.362,214.964
-33.278,214.417
-50.855,311.514
-50.777,311.035
-74.512,457.295
-62.638,367.059
-56.433,312.031
-63.448,366.369
-36.941,216.755
-56.914,373.555
-50.586,315.982
-36.980,216.986
-50.909,317.999
-40.998,273.840
-72.694,461.424
-41.032,274.066
-41.285,275.753
-56.428,382.926
-34.610,243.267
-74.684,467.406
-37.434,278.560
-45.248,318.742
-65.209,466.753
-34.629,251.562
-50.155,391.878
-34.073,252.266
-40.940,291.658
-62.623,477.802
-32.054,232.053
-69.897,481.572
-48.666,340.608
-36.217,238.311
-75.243,488.100
-72.984,487.235
-167.402,1198.509
-65.040,502.566
-51.989,367.732
-48.254,327.020
-28.344,200.350
-33.458,239.520
-33.122,240.791
-47.174,336.644
-61.182,441.865
-39.547,301.540
-55.121,445.138
-39.595,301.906
-39.875,304.038
-60.591,442.051
-46.122,340.780
-75.321,526.194
-50.877,342.823
-40.948,275.498
-66.216,440.554
-50.391,334.757
-74.601,508.451
-46.437,329.935
-50.959,376.185
-63.691,513.427
-38.283,325.044
-49.203,507.381
-29.933,325.278
-24.769,288.661
-28.300,433.518
-12.900,288.923
-16.031,517.135
-3.086,318.113
 1.535,318.231
 8.301,427.484
10.840,318.306
21.402,439.725
20.409,322.395
28.896,521.650
41.526,649.782
15.986,279.925
27.995,431.397
13.193,227.459
13.225,227.998
12.608,251.111
 9.693,229.798
28.705,513.650
33.263,430.624
50.403,505.218
60.129,517.351
37.409,277.515
62.547,428.181
39.981,243.289
40.271,245.053
61.271,419.451
37.766,275.138
48.332,421.951
30.844,306.190
16.702,246.884
15.101,417.646
 3.395,273.615
-10.898,418.194
-13.658,244.846
-26.568,303.422
-53.577,501.636
-44.686,313.000
-71.034,417.761
-56.965,308.730
-65.499,311.338
-81.941,360.784
-55.664,234.122
-123.745,504.191
-109.825,416.365
-103.690,367.881
-119.564,422.050
-70.543,245.052
-171.267,618.816
-113.793,431.186
-89.347,330.781
-86.088,330.719
-58.830,223.067
-70.228,266.480
-62.327,241.020
-62.918,243.304
-72.431,291.926
-63.426,261.047
-105.036,425.650
-121.754,504.588
-105.623,416.563
-123.650,484.803
-71.023,299.090
-119.614,484.517
-94.742,392.965
-73.472,300.389
-98.564,396.720
-54.798,232.316
-109.392,468.032
-69.636,281.352
-72.282,322.478
-72.778,324.694
-60.253,282.105
-76.461,388.661
-47.414,253.880
-44.639,223.049
-51.045,278.943
-47.058,247.414
-141.734,817.334
-46.468,279.699
-51.288,327.784
-46.113,331.884
-34.747,249.530
-66.287,475.401
-37.142,282.240
-25.285,197.778
-38.170,280.567
-42.165,274.688
-92.880,604.269
-39.311,248.572
-39.387,249.053
-44.474,253.919
-29.260,160.542
-48.575,256.458
-51.967,255.746
-82.999,394.679
-166.972,833.494
-82.015,390.000
-184.981,839.305
-41.987,206.358
-48.873,228.540
-55.590,252.212
-60.341,286.576
-103.334,468.292
-60.302,286.388
-56.204,254.999
-81.860,394.751
-51.197,255.517
-96.428,480.705
-38.230,208.113
-44.700,230.707
-56.166,294.327
-47.373,261.798
-86.050,474.991
-46.554,257.274
-66.244,335.652
-75.026,393.719
-47.370,232.704
-71.636,335.876
-50.943,232.247
-58.674,255.713
-92.964,393.692
-68.855,287.235
-100.262,391.238
-54.817,206.055
-79.036,285.824
-104.112,382.332
-78.868,285.217
-163.767,591.606
-71.515,252.964
-72.784,253.704
-78.739,284.751
-55.199,185.453
-79.630,278.750
-67.090,221.615
-89.467,320.391
-107.857,377.873
-89.364,320.023
-130.176,458.131
-64.750,239.157
-75.807,268.378
-91.784,317.712
-76.356,270.324
-165.199,584.172
-64.884,239.653
-69.781,241.342
-71.192,274.035
-64.617,242.415
-96.639,378.133
-48.870,200.135
-60.766,248.300
-78.034,323.987
-55.443,247.936
-106.111,473.966
-60.094,281.364
-73.479,333.775
-82.143,390.611
-48.281,229.850
-67.648,338.077
-48.562,231.190
-55.943,289.140
-56.571,292.388
-38.576,207.112
-77.963,396.296
-61.653,330.619
-76.687,389.809
-51.918,289.010
-41.103,225.242
-44.053,251.514
-32.697,167.193
-34.372,185.373
-44.523,249.408
-47.407,282.715
-151.721,862.619
-73.234,462.478
-100.103,584.807
-64.393,377.345
-42.908,275.529
-65.888,453.391
-33.176,213.759
-40.138,241.811
-46.746,316.385
-29.642,215.662
-46.924,317.588
-23.944,165.220
-24.144,166.599
-24.576,182.011
-24.388,180.621
-47.000,329.172
-29.387,221.163
-52.290,392.989
-77.861,594.485
-40.315,327.764
-66.333,472.060
-36.962,282.598
-58.166,392.585
-50.440,386.573
-44.804,324.327
-57.207,386.111
-36.992,227.557
-57.285,332.280
-97.545,608.604
-55.628,333.177
-71.033,401.570
-39.977,230.378
-40.355,232.554
-36.713,193.383
-33.487,198.686
-61.727,352.251
-42.832,268.822
-69.834,419.898
-54.807,348.939
-42.947,272.957
-77.983,503.543
-45.425,307.001
-55.807,355.303
-61.672,410.451
-50.184,302.581
-62.036,405.733
-34.759,214.999
-38.734,265.824
-45.534,298.711
-40.180,238.786
-78.410,491.533
-40.243,239.160
-55.090,340.354
-50.740,296.796
-40.413,232.890
-85.637,466.332
-50.159,288.245
-61.187,338.650
-60.598,329.486
-46.401,252.973
-61.255,328.483
-33.441,186.382
-51.024,284.033
-86.691,463.640
-67.993,384.388
-78.453,462.195
-42.283,249.407
-47.484,254.253
-40.422,228.791
-33.801,188.386
-56.021,335.531
-42.803,255.930
-62.062,393.611
-55.449,332.107
-42.152,256.602
-79.055,480.667
-42.171,256.713
-49.984,337.598
-45.467,293.045
-36.314,230.594
-49.423,333.811
-31.315,207.957
-46.675,291.573
-39.049,255.082
-33.106,231.061
-63.523,473.062
-28.790,231.042
-36.969,291.883
-25.321,230.478
-30.402,254.635
-42.958,390.460
-21.447,226.646
-37.337,393.956
-32.102,287.394
-34.226,333.523
-56.296,602.998
-27.973,331.325
-247.111,2965.177
-17.537,258.769
-12.069,172.929
-17.506,286.561
-11.434,187.528
-17.600,288.103
-17.349,283.997
-10.894,206.668
-17.551,332.284
-9.071,170.964
-13.519,254.267
-17.663,289.124
-13.501,253.925
-25.807,484.394
-12.654,282.689
-17.694,327.276
-17.388,321.607
-12.988,283.083
-17.642,387.568
-9.256,245.318
-10.283,219.255
-10.924,194.287
-14.187,214.271
-24.880,371.033
-11.659,171.363
-18.336,268.960
-17.935,263.077
-13.585,235.052
-34.978,446.288
-17.934,229.264
-32.931,371.592
-24.047,301.572
-22.627,227.554
-29.792,297.974
-21.612,184.125
-33.200,262.894
-37.937,265.493
-47.473,308.328
-59.657,360.994
-33.978,202.684
-88.717,436.552
-48.125,247.323
-45.566,215.893
-55.149,241.642
-35.130,154.151
-51.612,209.085
-40.721,165.433
-40.714,161.532
-62.766,273.966
-43.516,178.971
-57.674,273.478
-56.697,262.179
-39.721,168.517
-57.509,253.783
-36.365,163.750
-59.105,248.321
-52.811,243.174
-47.693,198.561
-53.700,234.486
-34.846,131.876
-49.232,193.926
-39.601,163.173
-31.315,125.434
-43.790,183.672
-27.433,121.750
-43.273,176.555
-40.062,155.533
-40.424,147.291
-64.561,245.938
-31.901,108.432
-45.161,160.256
-33.379,118.950
-33.912,116.177
-49.011,183.081
-29.299,111.386
-43.229,173.804
-24.964,107.683
-20.091,77.924
-42.758,171.911
-42.758,171.911
-43.124,173.380
-36.465,126.038
-28.616,95.147
-28.764,95.640
-19.903,75.862
-24.563,99.023
-24.400,98.366
-24.281,102.113
-49.027,227.777
-24.909,116.030
-36.194,181.068
-26.831,152.214
-25.953,134.904
-39.956,234.708
-15.721,122.833
-21.332,197.535
-11.366,127.708
-11.366,127.708
-21.928,245.599
-11.258,134.691
-24.099,491.096
-10.364,161.738
-8.957,185.661
-4.852,275.536
-4.716,95.602
-7.010,141.560
-5.599,116.505
-6.723,105.275
-6.690,104.757
-7.695,97.926
-15.640,143.825
-15.290,165.268
-27.611,224.709
-99.045,804.104
-19.613,124.728
-63.118,334.093
-45.254,265.610
-29.870,158.456
-40.995,218.063
-26.583,115.453
-31.228,125.083
-25.872,103.440
-25.804,106.538
-42.525,189.134
-41.575,195.417
-79.816,347.189
-38.660,168.490
-39.105,170.428
-59.122,278.477
-31.781,153.537
-41.470,205.391
-33.444,179.974
-30.539,144.098
-38.282,185.003
-30.340,150.341
-65.118,313.667
-37.418,198.521
-37.888,201.015
-49.657,269.093
-29.842,161.979
-56.579,278.813
-37.083,205.490
-37.224,206.270
-55.597,331.975
-30.994,185.366
-55.992,334.333
-25.821,167.415
-32.687,211.069
-42.872,282.351
-26.521,189.716
-40.305,340.611
-22.640,191.656
-22.674,191.950
-44.707,417.983
-23.574,246.507
-33.026,346.789
-18.446,219.217
-11.259,177.284
-10.408,194.466
-6.402,149.273
-13.315,253.161
-6.391,199.243
-8.325,263.605
-9.648,449.871
-3.081,260.854
-0.909,447.805
 1.933,267.108
 4.003,239.129
10.910,317.850
 8.420,242.133
17.071,321.073
13.471,221.271
16.947,283.513
22.072,290.254
21.158,256.948
28.156,343.587
26.425,294.143
21.085,261.713
33.017,339.635
29.807,261.836
56.472,495.910
36.254,293.813
36.236,293.664
36.782,298.093
32.752,233.697
56.511,403.057
38.810,258.730
38.752,258.342
42.027,294.821
36.801,230.609
42.042,294.922
36.707,230.020
63.981,406.474
63.560,398.104
37.076,232.331
47.004,289.506
26.614,171.559
26.243,158.982
32.371,205.010
27.869,185.145
46.500,330.737
33.102,220.485
37.892,280.578
43.211,276.735
25.202,191.463
41.299,313.608
26.582,227.170
28.163,250.482
32.807,337.478
14.230,176.940
18.556,261.872
10.041,161.407
 4.343,171.409
 5.937,148.782
 4.824,117.140
 5.842,222.344
 7.681,186.728
 7.742,185.482
12.362,215.796
 9.146,164.597
19.464,274.177
13.984,165.888
13.953,165.528
19.328,227.383
18.950,199.155
170.569,1842.547
27.744,355.546
28.547,365.833
18.722,207.933
 9.179,117.664
12.526,246.067
 5.974,160.724
 8.386,131.209
 6.034,164.156
 3.431,148.513
 1.680,166.496
-0.317,123.777
-3.484,126.022
-2.047,141.703
-5.436,143.721
-8.519,232.520
-7.794,161.034
-13.770,238.005
-18.707,275.094
-14.194,213.175
-36.327,420.206
-18.380,221.341
-18.391,221.477
-18.400,259.958
-14.632,186.275
-24.232,360.539
-17.848,239.018
-22.873,276.173
-22.566,281.515
-22.285,286.937
-46.473,597.389
-21.641,258.122
-22.240,295.232
-35.194,395.842
-21.545,264.770
-35.309,404.628
-21.470,299.324
-21.195,268.123
-26.132,304.002
-17.513,224.867
-27.325,350.345
-17.445,205.264
-21.309,277.248
-37.393,485.796
-20.944,272.495
-44.854,489.985
-20.687,251.071
-21.001,254.882
-21.018,286.069
-17.203,239.416
-29.876,523.758
-12.746,299.830
-15.916,449.410
-14.848,525.728
-10.863,380.988
-14.286,653.692
-2.476,275.997
-7.427,341.934
-2.989,343.688
-3.890,254.639
 1.416,353.083
 2.657,262.328
 1.433,357.350
 4.013,397.732
-0.621,256.579
-0.983,398.527
 1.054,282.366
 1.419,353.950
-3.056,356.631
-2.444,284.022
-6.006,403.398
-2.420,276.958
-6.093,389.575
-6.011,384.352
-8.774,297.627
-11.257,376.973
-9.638,259.200
-10.607,234.779
-16.086,421.018
-22.100,414.581
-33.777,612.299
-17.171,265.783
-21.828,289.763
-14.227,210.898
-14.649,188.925
-17.824,252.050
-14.320,199.468
-18.026,214.205
-17.761,235.207
-17.894,228.892
-24.042,294.683
-18.254,194.764
-18.524,242.689
-39.835,520.810
-18.684,238.420
-26.068,325.610
-11.935,144.342
-11.542,156.346
-10.703,173.976
-11.467,155.330
-19.979,309.812
-6.707,167.150
-8.595,216.961
-5.201,187.280
-6.796,169.363
-0.700,256.706
-0.399,151.653
-3.397,212.167
 5.843,166.144
 1.624,160.990
12.057,250.193
10.125,162.769
18.961,214.751
15.048,143.155
19.017,157.635
76.134,513.404
28.460,173.738
31.294,199.680
23.627,146.484
13.200,97.537
19.388,116.705
13.554,88.814
15.913,113.959
14.911,138.076
10.560,133.952
31.209,321.043
 9.558,141.090
 8.436,158.166
 2.498,150.159
-0.397,124.862
-9.339,142.276
-4.324,97.936
-15.455,138.034
-11.522,98.853
-11.774,92.322
-15.974,119.085
-13.208,70.548
-16.048,98.005
-16.465,88.357
-16.392,87.965
-21.860,111.216
-16.655,76.670
-22.160,112.742
-16.104,98.344
-11.969,84.965
-16.279,93.599
-12.443,72.241
-22.014,111.997
-15.271,113.847
-7.115,87.486
-14.804,134.493
-10.595,101.364
-27.960,357.911
-9.331,120.030
-7.107,87.389
-9.580,123.232
-2.006,70.092
-2.555,92.833
-4.306,83.024
-0.203,69.074
 4.939,113.355
 2.020,104.929
 8.817,140.006
 7.778,94.261
 7.798,94.496
14.724,143.933
14.824,128.312
20.479,184.201
15.048,121.753
19.681,127.614
46.066,251.655
23.734,138.460
40.233,225.222
29.002,167.296
23.324,149.545
36.147,206.495
22.553,141.529
45.459,250.085
37.420,189.132
33.303,153.492
71.486,322.372
36.751,163.173
56.216,239.753
50.160,215.225
42.450,196.837
66.407,302.925
37.877,166.762
74.785,375.030
52.458,272.538
41.257,218.340
56.960,319.874
29.396,164.816
37.057,221.029
34.695,201.919
30.019,195.008
54.475,343.484
41.206,268.833
59.290,361.770
58.440,367.302
56.979,326.182
93.886,525.648
49.471,265.102
68.288,377.141
52.587,286.437
49.414,257.458
67.784,369.818
52.506,285.995
76.030,434.301
52.507,290.590
39.708,238.480
48.299,294.068
51.636,330.222
56.048,372.868
32.885,237.904
40.484,292.123
50.890,372.304
39.567,290.220
51.440,376.322
46.854,320.496
42.941,320.826
72.182,514.598
34.885,252.565
58.297,416.756
57.444,410.657
47.385,354.914
67.596,498.563
30.173,219.267
39.602,298.348
27.140,212.122
22.994,176.825
33.826,260.023
27.124,205.099
48.798,391.320
38.218,321.186
36.039,274.351
55.400,450.841
33.694,229.793
36.747,265.649
27.098,169.164
39.620,231.283
47.677,260.440
33.922,164.185
49.386,225.861
41.696,197.763
44.424,219.441
73.339,341.403
39.234,172.733
66.860,281.957
46.269,188.795
54.904,211.964
59.491,242.139
50.598,189.258
72.598,286.208
50.470,188.779
54.747,211.357
54.444,210.187
43.776,165.429
59.750,243.192
46.047,191.497
46.022,191.390
129.247,548.133
69.640,291.373
104.770,429.472
57.107,220.332
40.770,162.323
40.842,165.548
34.442,142.407
53.768,209.410
45.801,187.322
68.227,270.669
115.782,455.188
72.019,270.650
93.128,376.205
70.833,266.194
49.714,192.104
72.709,273.244
53.036,214.392
117.097,460.356
48.976,196.231
49.402,194.080
71.862,279.930
46.119,179.771
60.977,248.580
45.800,181.979
59.752,225.259
84.840,327.430
59.640,224.838
91.358,335.909
69.037,254.307
69.812,257.161
95.957,332.250
67.537,225.104
97.195,336.540
85.529,289.831
74.351,253.180
80.559,284.930
52.429,185.560
74.623,254.106
68.564,252.564
90.149,337.579
68.403,260.487
49.366,192.812
65.078,260.304
43.337,176.619
40.725,178.374
51.572,232.202
42.141,190.138
66.739,336.343
70.284,331.781
80.258,391.478
64.602,281.693
51.726,221.768
73.838,320.616
59.675,240.274
79.488,314.250
98.474,371.817
53.200,192.596
78.003,275.247
70.073,237.431
71.827,238.530
70.689,234.751
57.844,188.565
101.978,306.347
65.785,202.006
76.864,226.503
100.738,302.622
76.563,225.616
86.062,258.973
61.940,178.983
58.337,162.172
91.473,254.070
76.979,217.850
103.706,299.418
70.453,199.765
77.437,223.346
84.845,255.311
57.687,180.877
65.413,200.863
76.976,251.808
79.478,254.478
79.648,255.024
47.681,160.244
64.351,221.511
40.634,133.826
37.807,136.700
54.171,195.714
39.051,148.064
65.227,254.789
57.947,219.542
58.649,222.199
75.866,281.493
49.903,194.624
105.637,433.028
63.250,251.635
58.235,257.299
57.857,255.627
45.161,203.541
57.641,264.724
38.619,187.243
40.652,208.350
43.470,240.990
40.763,216.727
56.535,323.957
42.145,245.813
38.574,254.897
49.134,330.138
31.877,225.589
38.545,335.237
24.191,228.649
30.811,286.291
30.961,287.687
20.372,229.836
32.208,334.029
20.144,230.070
20.464,265.146
25.585,297.048
16.585,211.386
20.295,262.952
15.784,262.707
26.906,397.726
25.817,339.943
16.069,237.523
15.902,264.672
13.395,201.168
13.430,201.685
15.673,269.362
16.277,221.228
36.364,486.519
19.815,265.121
20.204,300.294
20.296,301.663
19.980,267.322
33.855,407.754
19.885,239.524
19.932,240.083
24.411,262.734
19.861,210.317
24.741,257.668
23.989,228.455
29.175,254.675
35.491,291.392
36.067,228.333
55.961,333.576
38.158,202.893
38.675,198.551
47.774,240.815
42.265,187.912
70.123,311.565
52.782,230.185
58.152,229.254
69.086,254.610
58.723,193.238
138.995,427.949
68.425,180.999
81.720,197.629
88.454,187.321
65.458,126.141
128.763,231.298
94.316,164.649
96.013,167.612
102.160,190.762
66.692,122.495
68.563,135.935
35.731,83.353
37.312,91.910
42.883,125.987
39.099,130.382
77.198,274.454
42.991,163.735
53.331,184.143
47.800,179.144
34.656,117.124
45.392,142.923
32.598,86.204
39.847,97.670
47.558,104.320
48.633,87.324
63.896,109.365
42.713,70.894
43.304,68.323
46.711,64.044
50.394,69.975
80.143,96.981
50.422,61.747
51.775,54.925
60.492,54.439
51.570,42.148
57.130,41.335
42.593,24.447
49.547,21.423
62.870,22.128
57.583,17.369
97.671,17.401
58.354, 5.911
59.126, 2.018
55.340,-3.554
48.594,-8.083
174.530,-30.288
76.468,-12.995
98.264,-18.285
98.390,-18.308
63.675,-18.065
69.461,-22.644
44.742,-18.171
60.609,-25.868
69.665,-26.797
85.405,-40.493
222.671,-113.115
80.430,-41.682
91.914,-57.240
91.370,-56.901
70.715,-43.977
133.741,-83.609
69.760,-39.216
77.755,-47.524
77.172,-47.168
60.881,-33.402
91.789,-46.332
69.874,-31.033
81.538,-37.540
81.382,-32.844
64.911,-29.817
98.024,-41.228
65.212,-26.188
82.169,-33.162
90.245,-34.896
65.272,-26.212
136.854,-50.148
73.636,-26.761
90.314,-34.922
89.957,-34.784
60.504,-22.110
104.694,-38.603
64.403,-18.485
90.260,-24.234
69.111,-14.360
74.221,-14.560
164.701,-19.693
79.178,-9.226
79.408,-9.252
72.997,-10.261
59.957,-8.335
107.503,-6.520
62.858,-3.621
75.042,-0.107
81.260, 7.519
80.402, 7.440
126.382,17.114
63.247, 8.795
77.963,11.579
63.105,17.221
57.954,22.175
93.219,49.416
43.896,30.174
39.346,34.411
38.824,38.085
28.950,36.063
48.633,73.026
27.671,40.752
39.284,71.499
35.381,71.593
28.169,60.781
46.929,113.324
27.863,70.876
34.437,92.025
34.336,100.784
32.453,99.144
45.322,156.306
27.896,109.359
33.573,129.150
40.509,153.239
31.579,123.435
35.370,126.652
29.818,115.039
50.367,162.076
41.606,143.379
66.932,221.849
88.135,282.483
45.433,145.791
39.078,129.680
36.957,118.388
28.134,99.740
37.132,125.918
31.909,118.272
47.975,192.326
47.474,194.556
48.001,187.220
52.866,208.565
34.427,141.820
52.262,201.266
42.814,180.991
40.255,159.294
47.882,177.299
32.600,125.673
53.017,204.173
38.488,138.790
38.366,138.350
48.629,180.062
41.958,141.216
48.800,180.698
42.257,142.225
37.935,144.281
59.176,205.540
38.285,138.058
43.575,174.631
46.319,198.996
47.007,201.952
80.179,360.373
36.357,152.048
58.672,234.383
52.741,197.119
40.870,148.592
53.566,189.093
21.627,79.523
35.297,129.915
34.799,131.541
28.272,97.046
41.903,147.631
37.020,118.044
39.274,129.699
37.419,112.332
33.630,111.891
87.049,261.424
48.972,152.388
54.699,175.659
44.627,153.974
31.555,122.601
61.733,219.606
36.592,139.896
48.868,181.074
39.387,157.781
31.753,123.369
34.750,154.267
26.717,108.847
37.603,182.283
29.685,153.202
23.755,118.766
31.884,176.968
19.490,108.285
31.999,177.603
24.270,130.425
24.085,129.428
66.879,322.864
24.175,129.915
38.653,175.664
35.159,150.618
23.306,109.162
30.165,155.678
19.379,100.118
24.117,120.576
27.482,121.654
23.671,126.111
37.660,187.582
27.449,129.214
74.079,358.613
34.320,166.306
22.964,118.405
30.158,165.544
19.379,91.318
23.352,132.086
27.984,148.471
28.281,150.045
42.752,196.412
32.108,143.366
47.866,225.095
39.201,161.379
31.469,125.757
33.003,142.575
26.455,114.712
39.898,164.246
39.547,172.522
39.228,171.131
53.037,237.782
22.183,113.841
32.110,155.544
26.674,143.863
22.458,132.403
33.479,181.110
31.746,162.125
44.695,247.996
33.068,188.233
26.402,154.085
33.361,199.354
22.006,143.151
31.408,176.944
31.219,175.882
30.773,177.999
47.605,325.127
32.206,201.588
35.070,238.711
25.804,165.236
21.994,149.794
34.221,239.046
42.361,283.149
39.944,335.990
26.623,185.341
26.529,184.690
27.581,206.171
15.964,118.954
18.797,171.801
18.246,171.237
18.450,176.035
30.429,290.229
27.509,218.529
30.607,287.145
22.035,168.428
22.983,211.024
30.669,280.202
14.623,168.149
24.892,286.177
14.316,189.801
11.127,167.248
14.609,185.189
 5.075,147.297
 6.278,177.844
 2.089,174.275
-2.767,225.376
-6.321,264.579
-7.435,152.542
-13.482,219.216
-14.436,167.501
-15.140,136.610
-23.484,179.622
-15.848,106.051
-28.515,167.900
-33.320,163.425
-35.417,184.783
-52.333,265.002
-26.733,120.222
-27.152,114.622
-22.457,91.806
-32.668,122.443
-61.907,231.488
-31.041,103.277
-49.971,153.487
-25.984,83.405
-25.383,75.348
-37.656,106.907
-28.348,69.251
-45.886,120.289
-38.011,99.237
-45.966,110.597
-46.315,106.176
-34.154,69.185
-58.120,111.168
-40.442,75.706
-43.127,78.224
-47.895,74.171
-29.022,46.888
-48.208,73.939
-27.058,43.604
-35.270,58.061
-41.097,77.900
-24.867,49.341
-38.106,89.983
-21.265,68.540
-16.634,58.946
-15.811,78.598
-5.510,42.916
-3.133,74.039
 3.303,77.071
16.329,78.743
23.197,97.418
12.727,53.598
22.229,70.122
17.218,46.950
20.879,47.238
42.073,90.845
29.647,61.746
44.949,81.749
35.853,60.592
61.345,103.384
78.862,122.124
37.951,53.635
40.812,58.573
28.472,40.987
32.384,45.939
44.153,61.566
50.373,73.310
74.751,116.624
59.870,85.992
64.844,99.519
73.150,114.126
58.494,84.016
86.084,114.270
69.506,98.607
50.942,67.796
63.513,89.009
50.634,74.709
70.259,110.242
66.818,100.633
57.342,95.439
74.110,128.402
44.660,76.304
53.485,98.675
43.971,84.160
49.492,96.278
60.432,121.418
48.750,104.560
83.069,197.975
57.522,138.142
57.779,146.330
61.978,168.832
49.924,139.458
46.700,146.778
35.095,115.885
36.017,130.679
74.369,296.366
54.157,255.005
126.277,594.178
67.411,351.136
54.316,295.492
47.849,299.266
24.157,148.191
29.488,180.302
21.359,149.493
21.136,153.986
31.423,228.819
21.241,168.110
33.234,262.914
26.580,225.342
21.648,202.829
22.392,257.082
17.674,180.158
31.559,355.131
22.477,251.611
13.975,201.641
17.343,296.681
 9.751,201.901
12.391,261.870
 7.022,186.978
 5.686,211.050
 4.234,239.509
-1.759,171.683
-4.563,231.878
-7.309,183.624
-13.405,226.164
-24.388,355.027
-13.769,198.592
-23.650,300.305
-17.786,199.004
-18.097,181.320
-22.798,250.184
-18.105,163.936
-37.864,348.417
-22.146,225.795
-26.599,230.568
-27.155,263.866
-17.863,158.470
-34.365,309.501
-34.204,312.168
-26.351,236.594
-26.311,236.242
-20.912,175.480
-30.381,238.253
-24.175,175.475
-25.568,213.625
-25.500,213.057
-24.673,190.329
-40.899,319.452
-31.518,267.660
-36.960,267.894
-36.898,267.447
-24.012,174.292
-36.708,266.069
-36.979,268.028
-49.954,368.054
-50.502,372.090
-28.061,195.667
-37.122,272.864
-28.627,214.127
-24.103,177.412
-34.617,240.527
-28.926,216.361
-49.827,372.188
-29.254,214.527
-25.717,217.782
-34.569,313.099
-21.377,193.913
-27.635,266.299
-17.741,208.296
-22.374,234.245
-22.627,260.850
-18.165,208.535
-23.112,266.431
-14.580,189.963
-17.857,267.667
-17.764,368.328
-10.189,204.672
-11.325,364.071
-3.851,184.663
-0.281,153.800
-1.931,168.920
 2.743,156.301
 7.076,265.107
 5.485,209.669
 8.508,235.110
11.068,299.798
 9.573,199.930
17.053,356.321
13.089,222.915
12.457,257.678
12.400,256.499
10.555,183.464
 9.732,205.461
11.240,167.763
10.679,185.615
13.217,227.906
 5.684,200.477
 5.307,296.923
 5.589,205.707
 3.987,227.820
 8.379,231.549
 1.262,172.926
 1.785,270.004
 1.374,212.544
-2.515,216.562
-3.175,275.857
 1.448,215.662
-0.662,319.887
 1.383,214.022
-2.471,218.160
-2.458,216.947
-0.467,194.006
-0.959,461.409
-3.093,268.697
-3.108,263.073
-3.082,260.899
-3.359,152.227
-2.015,167.139
-0.343,151.218
-1.985,164.670
-4.978,224.598
-6.428,200.420
-9.718,438.694
-4.907,215.062
-4.917,215.496
-8.108,247.994
-6.358,191.338
-12.337,291.717
-7.441,176.422
-8.569,164.836
-11.095,183.183
-12.344,156.405
-22.351,239.986
-17.890,195.485
-18.180,194.488
-22.184,233.127
-14.975,173.331
-29.317,302.530
-18.211,233.080
-13.934,230.434
-13.350,260.778
-8.678,163.980
-12.842,288.487
-4.191,172.866
-6.658,187.553
 1.907,237.627
 3.249,165.346
 7.562,234.647
11.009,152.859
19.034,159.510
40.188,221.381
23.242,105.748
29.290,128.761
23.346,99.166
19.854,89.578
23.580,100.162
23.499,99.816
42.710,199.314
29.531,133.794
25.440,152.482
26.102,171.332
15.980,104.986
15.585,131.531
11.803,118.616
10.031,154.595
 9.905,159.538
 5.352,116.025
 6.584,138.237
 3.262,102.976
 1.690,114.828
-2.156,144.053
-1.762,120.880
-2.186,146.075
-3.830,128.287
-7.727,132.169
-9.645,160.280
-9.734,161.759
-20.437,268.283
-14.473,161.357
-14.742,158.463
-13.972,178.458
-6.229,96.353
-4.868,149.794
-5.218,104.238
-10.814,128.984
-3.777,113.165
-6.328,93.778
-6.595,208.206
-8.334,183.711
-8.299,182.932
-6.312,141.659
-8.529,113.550
-15.077,142.389
-15.153,126.525
-19.274,161.685
-23.954,164.919
-23.902,164.564
-43.282,273.411
-22.396,119.975
-19.048,108.920
-19.129,124.555
-18.746,110.606
-33.009,170.959
-26.055,138.643
-25.475,127.966
-26.043,145.706
-24.202,112.793
-34.972,167.095
-24.487,125.784
-29.504,154.954
-25.668,157.613
-24.818,140.911
-33.788,226.060
-30.200,175.170
-25.529,156.762
-26.282,175.364
-21.485,143.996
-33.879,230.807
-22.134,178.367
-18.253,159.798
-23.089,227.224
-14.850,146.437
-25.347,320.445
-14.129,179.017
-8.354,148.504
-9.177,200.401
-4.540,201.733
-10.979,325.672
-2.008,183.427
-0.014,164.962
 0.004,134.121
 1.209,109.083
 3.683,169.411
 5.982,186.656
 7.752,247.691
11.820,289.751
10.043,193.442
17.823,343.436
 9.947,191.591
 8.962,214.855
 8.952,214.622
10.029,193.175
12.107,286.944
10.135,195.220
10.943,176.741
 9.914,199.187
 7.017,140.915
 9.047,228.589
10.815,179.785
 9.147,221.490
12.669,249.341
 5.980,196.565
10.600,348.893
 5.966,196.107
 4.444,219.920
 4.403,217.889
 3.652,176.273
 5.925,286.769
 1.968,191.005
 2.562,242.775
 2.556,242.176
-1.588,157.283
-4.520,216.839
-8.881,216.195
-8.880,216.162
-8.862,215.734
-8.158,161.355
-9.904,192.038
-12.121,147.698
-14.696,161.029
-13.774,201.316
-17.767,168.324
-21.884,230.365
-17.632,157.641
-25.655,205.492
-30.272,227.493
-34.477,226.027
-56.643,346.500
-32.632,199.898
-33.019,202.270
-32.796,200.904
-27.178,169.642
-38.722,229.797
-27.000,174.564
-32.874,208.725
-32.216,211.734
