 0.476,-4.148
 0.476,-4.173
 0.486,-4.180
 0.506,-4.195
 0.517,-4.212
 0.536,-4.183
 0.536,-4.168
 0.556,-4.149
 0.555,-4.124
 0.556,-4.095
 0.545,-4.054
 0.555,-4.027
 0.556,-4.012
 0.565,-3.995
 0.566,-3.985
 0.565,-3.941
 0.557,-3.939
 0.557,-3.939
 0.546,-3.936
 0.536,-3.934
 0.536,-3.934
 0.526,-3.927
 0.516,-3.938
 0.515,-3.929
 0.506,-3.922
 0.495,-3.909
 0.486,-3.931
 0.477,-3.923
 0.466,-3.891
 0.477,-3.889
 0.456,-3.874
 0.445,-3.862
 0.454,-3.845
 0.454,-3.821
 0.436,-3.815
 0.435,-3.752
 0.426,-3.754
 0.435,-3.742
 0.445,-3.706
 0.425,-3.695
 0.445,-3.686
 0.415,-3.663
 0.435,-3.644
 0.445,-3.632
 0.446,-3.617
 0.455,-3.596
 0.455,-3.581
 0.445,-3.554
 0.435,-3.537
 0.435,-3.546
 0.445,-3.530
 0.435,-3.522
 0.435,-3.507
 0.435,-3.483
 0.426,-3.484
 0.425,-3.451
 0.416,-3.468
 0.415,-3.468
 0.404,-3.432
 0.415,-3.428
 0.414,-3.385
 0.395,-3.369
 0.395,-3.350
 0.394,-3.307
 0.395,-3.272
 0.404,-3.232
 0.384,-3.221
 0.394,-3.174
 0.384,-3.143
 0.385,-3.135
 0.394,-3.096
 0.394,-3.119
 0.394,-3.096
 0.394,-3.072
 0.384,-3.064
 0.393,-3.033
 0.394,-3.037
 0.394,-3.041
 0.404,-3.045
 0.405,-3.053
 0.404,-3.045
 0.404,-3.068
 0.384,-3.088
 0.384,-3.103
 0.384,-3.127
 0.384,-3.143
 0.365,-3.185
 0.374,-3.193
 0.364,-3.201
 0.355,-3.236
 0.344,-3.240
 0.345,-3.283
 0.334,-3.271
 0.334,-3.287
 0.335,-3.295
 0.324,-3.314
 0.315,-3.353
 0.315,-3.369
 0.304,-3.396
 0.325,-3.400
 0.304,-3.435
 0.305,-3.444
 0.325,-3.478
 0.314,-3.481
 0.325,-3.479
 0.324,-3.470
 0.335,-3.486
 0.335,-3.490
 0.334,-3.517
 0.335,-3.525
 0.355,-3.521
 0.345,-3.537
 0.346,-3.522
 0.356,-3.495
 0.356,-3.495
 0.375,-3.482
 0.365,-3.479
 0.365,-3.455
 0.374,-3.419
 0.375,-3.373
 0.385,-3.338
 0.376,-3.315
 0.385,-3.283
 0.405,-3.240
 0.405,-3.186
 0.414,-3.150
 0.404,-3.107
 0.425,-3.068
 0.425,-3.029
 0.425,-3.014
 0.444,-2.987
 0.445,-2.971
 0.424,-2.951
 0.444,-2.948
 0.435,-2.924
 0.424,-2.928
 0.444,-2.932
 0.434,-2.901
 0.424,-2.889
 0.425,-2.896
 0.434,-2.861
 0.424,-2.857
 0.445,-2.838
 0.424,-2.834
 0.424,-2.818
 0.423,-2.811
 0.434,-2.806
 0.424,-2.779
 0.424,-2.795
 0.414,-2.787
 0.403,-2.752
 0.393,-2.747
 0.384,-2.739
 0.383,-2.732
 0.393,-2.747
 0.373,-2.743
 0.373,-2.744
 0.373,-2.724
 0.374,-2.708
 0.394,-2.699
 0.394,-2.672
 0.404,-2.687
 0.424,-2.661
 0.413,-2.663
 0.433,-2.643
 0.452,-2.601
 0.453,-2.569
 0.473,-2.549
 0.463,-2.521
 0.464,-2.508
 0.473,-2.494
 0.474,-2.478
 0.463,-2.463
 0.483,-2.460
 0.484,-2.466
 0.472,-2.448
 0.473,-2.471
 0.443,-2.482
 0.443,-2.498
 0.444,-2.505
 0.423,-2.521
 0.433,-2.572
 0.433,-2.588
 0.423,-2.615
 0.414,-2.669
 0.393,-2.685
 0.394,-2.731
 0.393,-2.747
 0.393,-2.763
 0.384,-2.837
 0.383,-2.869
 0.363,-2.892
 0.374,-2.943
 0.343,-2.989
 0.354,-3.044
 0.343,-3.087
 0.333,-3.138
 0.343,-3.157
 0.333,-3.204
 0.354,-3.232
 0.333,-3.232
 0.365,-3.271
 0.364,-3.275
 0.374,-3.322
 0.364,-3.330
 0.373,-3.330
 0.373,-3.330
 0.363,-3.299
 0.353,-3.267
 0.344,-3.248
 0.343,-3.200
 0.353,-3.158
 0.364,-3.130
 0.353,-3.095
 0.373,-3.060
 0.383,-3.009
 0.393,-2.986
 0.423,-2.951
 0.422,-2.908
 0.433,-2.865
 0.462,-2.827
 0.474,-2.807
 0.483,-2.760
 0.494,-2.729
 0.494,-2.693
 0.503,-2.675
 0.484,-2.662
 0.494,-2.650
 0.483,-2.655
 0.494,-2.651
 0.472,-2.627
 0.463,-2.642
 0.463,-2.642
 0.452,-2.647
 0.453,-2.653
 0.452,-2.663
 0.423,-2.681
 0.413,-2.669
 0.412,-2.685
 0.403,-2.700
 0.403,-2.716
 0.383,-2.723
 0.373,-2.731
 0.364,-2.762
 0.363,-2.781
 0.352,-2.786
 0.343,-2.817
 0.333,-2.825
 0.343,-2.833
 0.343,-2.837
 0.342,-2.849
 0.343,-2.872
 0.343,-2.895
 0.332,-2.899
 0.363,-2.915
 0.363,-2.908
 0.353,-2.926
 0.354,-2.907
 0.363,-2.931
 0.384,-2.935
 0.373,-2.919
 0.363,-2.915
 0.363,-2.915
 0.373,-2.919
 0.373,-2.907
 0.363,-2.892
 0.374,-2.888
 0.373,-2.884
 0.383,-2.872
 0.374,-2.888
 0.383,-2.872
 0.373,-2.864
 0.373,-2.880
 0.373,-2.880
 0.373,-2.904
 0.373,-2.880
 0.364,-2.899
 0.383,-2.896
 0.363,-2.915
 0.364,-2.938
 0.363,-2.908
 0.353,-2.923
 0.353,-2.926
 0.364,-2.938
 0.365,-2.946
 0.364,-2.938
 0.373,-2.946
 0.373,-2.962
 0.383,-2.966
 0.373,-2.959
 0.373,-2.935
 0.384,-2.935
 0.384,-2.935
 0.384,-2.935
 0.394,-2.927
 0.403,-2.931
 0.414,-2.943
 0.403,-2.931
 0.413,-2.923
 0.424,-2.919
 0.423,-2.912
 0.424,-2.919
 0.424,-2.896
 0.433,-2.904
 0.443,-2.896
 0.433,-2.881
 0.444,-2.877
 0.444,-2.877
 0.443,-2.857
 0.444,-2.861
 0.443,-2.853
 0.444,-2.877
 0.464,-2.857
 0.453,-2.861
 0.454,-2.849
 0.453,-2.845
 0.454,-2.869
 0.454,-2.869
 0.424,-2.857
 0.444,-2.837
 0.443,-2.830
 0.444,-2.837
 0.444,-2.821
 0.433,-2.826
 0.454,-2.826
 0.453,-2.822
 0.444,-2.821
 0.434,-2.829
 0.444,-2.821
 0.444,-2.825
 0.454,-2.829
 0.454,-2.830
 0.453,-2.845
 0.452,-2.838
 0.453,-2.862
 0.443,-2.830
 0.454,-2.829
 0.444,-2.837
 0.444,-2.837
 0.444,-2.825
 0.463,-2.837
 0.434,-2.833
 0.444,-2.821
 0.454,-2.829
 0.444,-2.841
 0.442,-2.850
 0.443,-2.857
 0.443,-2.857
 0.444,-2.877
 0.445,-2.884
 0.434,-2.888
 0.414,-2.907
 0.433,-2.943
 0.423,-2.931
 0.434,-2.966
 0.434,-2.963
 0.435,-2.970
 0.444,-2.955
 0.434,-2.963
 0.444,-2.994
 0.454,-2.998
 0.444,-2.994
 0.454,-2.982
 0.434,-2.963
 0.435,-2.970
 0.434,-2.962
 0.434,-2.963
 0.413,-2.959
 0.404,-2.951
 0.404,-2.938
 0.404,-2.915
 0.414,-2.911
 0.394,-2.891
 0.413,-2.868
 0.434,-2.849
 0.443,-2.853
 0.453,-2.845
 0.463,-2.834
 0.493,-2.846
 0.474,-2.849
 0.472,-2.822
 0.464,-2.802
 0.453,-2.790
 0.444,-2.779
 0.454,-2.755
 0.433,-2.728
 0.433,-2.712
 0.423,-2.681
 0.413,-2.650
 0.393,-2.653
 0.392,-2.610
 0.373,-2.594
 0.373,-2.571
 0.383,-2.543
 0.373,-2.538
 0.352,-2.512
 0.373,-2.499
 0.363,-2.468
 0.352,-2.473
 0.353,-2.460
 0.332,-2.453
 0.343,-2.448
 0.332,-2.437
 0.332,-2.437
 0.313,-2.423
 0.302,-2.425
 0.302,-2.425
 0.302,-2.425
 0.292,-2.414
 0.293,-2.401
 0.292,-2.397
 0.302,-2.395
 0.303,-2.376
 0.292,-2.381
 0.282,-2.389
 0.302,-2.364
 0.292,-2.358
 0.312,-2.355
 0.302,-2.347
 0.312,-2.345
 0.332,-2.336
 0.332,-2.342
 0.342,-2.348
 0.322,-2.367
 0.333,-2.362
 0.322,-2.350
 0.333,-2.345
 0.332,-2.342
 0.332,-2.339
 0.332,-2.342
 0.312,-2.336
 0.312,-2.339
 0.312,-2.322
 0.312,-2.319
 0.322,-2.334
 0.311,-2.316
 0.322,-2.311
 0.312,-2.300
 0.312,-2.300
 0.322,-2.295
 0.331,-2.297
 0.332,-2.303
 0.312,-2.300
 0.332,-2.320
 0.332,-2.320
 0.342,-2.328
 0.332,-2.342
 0.342,-2.350
 0.342,-2.367
 0.342,-2.390
 0.331,-2.395
 0.342,-2.412
 0.342,-2.412
 0.352,-2.424
 0.373,-2.427
 0.402,-2.429
 0.392,-2.440
 0.382,-2.465
 0.411,-2.470
 0.422,-2.465
 0.411,-2.454
 0.412,-2.460
 0.423,-2.472
 0.423,-2.488
 0.433,-2.503
 0.422,-2.524
 0.432,-2.539
 0.422,-2.566
 0.431,-2.575
 0.442,-2.570
 0.472,-2.575
 0.482,-2.606
 0.482,-2.606
 0.502,-2.603
 0.523,-2.629
 0.522,-2.623
 0.543,-2.669
 0.562,-2.705
 0.582,-2.701
 0.593,-2.717
 0.632,-2.733
 0.643,-2.748
 0.673,-2.776
 0.703,-2.804
 0.744,-2.788
 0.762,-2.801
 0.773,-2.813
 0.822,-2.817
 0.822,-2.818
 0.854,-2.817
 0.852,-2.810
 0.855,-2.801
 0.865,-2.789
 0.873,-2.813
 0.873,-2.830
 0.861,-2.834
 0.873,-2.814
 0.864,-2.809
 0.866,-2.816
 0.866,-2.816
 0.873,-2.813
 0.844,-2.845
 0.832,-2.849
 0.821,-2.837
 0.823,-2.825
 0.812,-2.829
 0.804,-2.828
 0.804,-2.828
 0.782,-2.860
 0.772,-2.852
 0.782,-2.856
 0.764,-2.867
 0.763,-2.883
 0.754,-2.875
 0.745,-2.890
 0.722,-2.898
 0.703,-2.922
 0.703,-2.898
 0.692,-2.906
 0.684,-2.921
 0.663,-2.917
 0.644,-2.905
 0.633,-2.909
 0.612,-2.925
 0.603,-2.940
 0.602,-2.952
 0.583,-2.959
 0.573,-2.967
 0.563,-2.959
 0.564,-2.983
 0.542,-2.994
 0.523,-2.982
 0.513,-2.967
 0.502,-2.994
 0.503,-2.998
 0.493,-2.986
 0.493,-3.010
 0.482,-3.014
 0.482,-3.014
 0.473,-3.029
 0.462,-3.013
 0.453,-3.033
 0.444,-3.024
 0.433,-3.052
 0.423,-3.036
 0.432,-3.021
 0.442,-3.036
 0.462,-2.993
 0.452,-2.982
 0.493,-2.970
 0.492,-2.947
 0.513,-2.951
 0.523,-2.939
 0.543,-2.939
 0.533,-2.935
 0.543,-2.939
 0.543,-2.943
 0.553,-2.931
 0.543,-2.940
 0.553,-2.912
 0.572,-2.885
 0.563,-2.881
 0.592,-2.866
 0.612,-2.847
 0.633,-2.834
 0.662,-2.800
 0.684,-2.788
 0.694,-2.776
 0.723,-2.765
 0.754,-2.757
 0.772,-2.731
 0.805,-2.730
 0.814,-2.715
 0.835,-2.699
 0.845,-2.691
 0.863,-2.665
 0.855,-2.680
 0.874,-2.676
 0.885,-2.688
 0.905,-2.688
 0.914,-2.693
 0.926,-2.692
 0.945,-2.689
 0.954,-2.697
 0.975,-2.717
 0.984,-2.725
 0.986,-2.771
 0.996,-2.763
 1.017,-2.783
 1.027,-2.814
 1.045,-2.826
 1.026,-2.869
 1.035,-2.874
 1.056,-2.913
 1.067,-2.944
 1.086,-2.980
 1.089,-3.007
 1.108,-3.004
 1.098,-2.996
 1.109,-2.988
 1.096,-2.988
 1.078,-2.976
 1.078,-2.976
 1.058,-2.956
 1.039,-2.959
 1.016,-2.932
 0.997,-2.936
 0.976,-2.932
 0.956,-2.932
 0.937,-2.916
 0.935,-2.928
 0.917,-2.935
 0.897,-2.935
 0.876,-2.931
 0.867,-2.946
 0.856,-2.950
 0.858,-2.958
 0.836,-2.954
 0.795,-2.970
 0.786,-2.981
 0.774,-2.965
 0.757,-2.977
 0.736,-2.973
 0.746,-3.000
 0.736,-3.012
 0.715,-3.008
 0.716,-3.031
 0.725,-3.039
 0.705,-3.059
 0.706,-3.043
 0.675,-3.047
 0.666,-3.043
 0.655,-3.050
 0.664,-3.035
 0.664,-3.035
 0.665,-3.055
 0.646,-3.046
 0.647,-3.066
 0.637,-3.078
 0.657,-3.097
 0.656,-3.129
 0.646,-3.141
 0.645,-3.172
 0.645,-3.172
 0.636,-3.149
 0.615,-3.164
 0.606,-3.180
 0.585,-3.179
 0.575,-3.226
 0.575,-3.246
 0.564,-3.289
 0.545,-3.320
 0.523,-3.351
 0.513,-3.422
 0.493,-3.465
 0.503,-3.468
 0.513,-3.461
 0.503,-3.445
 0.492,-3.413
 0.493,-3.398
 0.483,-3.405
 0.463,-3.394
 0.453,-3.402
 0.433,-3.397
 0.433,-3.382
 0.443,-3.370
 0.434,-3.366
 0.423,-3.350
 0.433,-3.339
 0.433,-3.339
 0.443,-3.303
 0.433,-3.299
 0.443,-3.287
 0.453,-3.264
 0.454,-3.229
 0.433,-3.201
 0.434,-3.210
 0.424,-3.178
 0.423,-3.158
 0.424,-3.139
 0.413,-3.123
 0.434,-3.111
 0.443,-3.095
 0.443,-3.111
 0.453,-3.088
 0.454,-3.064
 0.455,-3.056
 0.454,-3.036
 0.464,-3.025
 0.464,-3.025
 0.483,-2.998
 0.474,-2.990
 0.473,-2.967
 0.473,-2.967
 0.474,-2.955
 0.483,-2.959
 0.493,-2.951
 0.514,-2.955
 0.504,-2.947
 0.535,-2.959
 0.544,-2.940
 0.554,-2.955
 0.553,-2.948
 0.554,-2.971
 0.564,-2.963
 0.584,-2.960
 0.595,-2.979
 0.604,-2.979
 0.614,-2.991
 0.635,-3.011
 0.653,-3.004
 0.675,-3.015
 0.695,-3.012
 0.695,-3.051
 0.706,-3.063
 0.714,-3.086
 0.715,-3.110
 0.725,-3.118
 0.725,-3.157
 0.746,-3.200
 0.725,-3.235
 0.716,-3.271
 0.706,-3.333
 0.695,-3.404
 0.655,-3.462
 0.653,-3.512
 0.645,-3.533
 0.623,-3.505
 0.614,-3.497
 0.625,-3.454
 0.624,-3.431
 0.645,-3.435
 0.645,-3.420
 0.645,-3.435
 0.645,-3.435
 0.613,-3.458
 0.605,-3.474
 0.603,-3.489
 0.573,-3.516
 0.554,-3.505
 0.512,-3.496
 0.523,-3.493
 0.513,-3.461
 0.514,-3.446
 0.524,-3.434
 0.524,-3.395
 0.525,-3.403
 0.523,-3.371
 0.533,-3.363
 0.533,-3.363
 0.543,-3.351
 0.554,-3.348
 0.543,-3.336
 0.534,-3.328
 0.534,-3.328
 0.523,-3.312
 0.524,-3.320
 0.523,-3.312
 0.523,-3.312
 0.514,-3.308
 0.523,-3.288
 0.534,-3.289
 0.533,-3.265
 0.553,-3.285
 0.553,-3.285
 0.552,-3.281
 0.553,-3.289
 0.553,-3.285
 0.543,-3.296
 0.543,-3.297
 0.533,-3.304
 0.534,-3.328
 0.523,-3.332
 0.524,-3.340
 0.534,-3.332
 0.523,-3.316
 0.524,-3.324
 0.533,-3.308
 0.544,-3.320
 0.543,-3.336
 0.522,-3.327
 0.533,-3.324
 0.522,-3.308
 0.513,-3.324
 0.503,-3.296
 0.502,-3.288
 0.513,-3.269
 0.523,-3.257
 0.523,-3.257
 0.524,-3.241
 0.513,-3.225
 0.504,-3.206
 0.513,-3.186
 0.503,-3.155
 0.484,-3.143
 0.462,-3.115
 0.413,-3.115
 0.373,-3.095
 0.373,-3.071
 0.392,-3.071
 0.411,-3.060
 0.442,-3.056
 0.461,-3.013
 0.482,-2.978
 0.523,-2.947
 0.533,-2.915
 0.554,-2.903
 0.562,-2.901
 0.552,-2.912
 0.562,-2.920
 0.561,-2.913
 0.552,-2.928
 0.542,-2.920
 0.523,-2.947
 0.523,-2.947
 0.512,-2.967
 0.523,-2.986
 0.523,-3.002
 0.524,-3.026
 0.534,-3.041
 0.524,-3.049
 0.525,-3.072
 0.533,-3.073
 0.513,-3.069
 0.533,-3.073
 0.522,-3.073
 0.513,-3.053
 0.493,-3.013
 0.503,-3.021
 0.494,-2.997
 0.493,-2.974
 0.483,-2.966
 0.473,-2.954
 0.463,-2.946
 0.474,-2.919
 0.493,-2.876
 0.503,-2.868
 0.513,-2.833
 0.523,-2.822
 0.533,-2.814
 0.553,-2.794
 0.574,-2.782
 0.583,-2.767
 0.594,-2.779
 0.594,-2.779
 0.613,-2.792
 0.604,-2.791
 0.623,-2.767
 0.634,-2.779
 0.643,-2.787
 0.643,-2.784
 0.645,-2.791
 0.634,-2.776
 0.604,-2.807
 0.604,-2.807
 0.594,-2.815
 0.605,-2.814
 0.614,-2.818
 0.614,-2.822
 0.625,-2.834
 0.613,-2.831
 0.615,-2.858
 0.613,-2.831
 0.604,-2.846
 0.594,-2.818
 0.584,-2.826
 0.605,-2.814
 0.614,-2.818
 0.604,-2.810
 0.594,-2.802
 0.604,-2.807
 0.594,-2.798
 0.593,-2.775
 0.593,-2.775
 0.593,-2.775
 0.583,-2.764
 0.574,-2.762
 0.574,-2.739
 0.574,-2.739
 0.574,-2.739
 0.573,-2.772
 0.584,-2.771
 0.563,-2.767
 0.564,-2.790
 0.563,-2.806
 0.543,-2.822
 0.534,-2.841
 0.523,-2.845
 0.493,-2.856
 0.504,-2.868
 0.513,-2.892
 0.515,-2.919
 0.524,-2.943
 0.525,-2.967
 0.576,-2.979
 0.584,-2.979
 0.615,-3.018
 0.625,-3.022
 0.625,-3.046
 0.627,-3.054
 0.636,-3.061
 0.647,-3.074
 0.625,-3.066
 0.616,-3.097
 0.616,-3.117
 0.595,-3.128
 0.596,-3.136
 0.565,-3.143
 0.556,-3.136
 0.555,-3.151
 0.544,-3.155
 0.555,-3.167
 0.544,-3.155
 0.555,-3.151
 0.556,-3.136
 0.555,-3.151
 0.556,-3.159
 0.544,-3.155
 0.545,-3.179
 0.544,-3.195
 0.543,-3.187
 0.545,-3.218
 0.555,-3.206
 0.556,-3.230
 0.556,-3.254
 0.545,-3.257
 0.547,-3.285
 0.546,-3.320
 0.567,-3.360
 0.567,-3.384
 0.566,-3.391
 0.567,-3.439
 0.577,-3.481
 0.577,-3.521
 0.608,-3.513
 0.597,-3.501
 0.609,-3.522
 0.617,-3.501
 0.608,-3.513
 0.598,-3.510
 0.598,-3.525
 0.630,-3.526
 0.628,-3.518
 0.628,-3.533
 0.618,-3.545
 0.638,-3.560
 0.609,-3.561
 0.618,-3.541
 0.618,-3.565
 0.598,-3.584
 0.597,-3.575
 0.598,-3.624
 0.588,-3.635
 0.589,-3.655
 0.579,-3.667
 0.577,-3.678
 0.589,-3.714
 0.588,-3.744
 0.578,-3.756
 0.578,-3.756
 0.578,-3.756
 0.578,-3.781
 0.578,-3.796
 0.579,-3.805
 0.579,-3.825
 0.577,-3.830
 0.588,-3.847
 0.588,-3.842
 0.578,-3.840
 0.589,-3.812
 0.588,-3.788
 0.559,-3.785
 0.557,-3.771
 0.578,-3.796
 0.558,-3.800
 0.558,-3.776
 0.569,-3.773
 0.557,-3.751
 0.557,-3.752
 0.568,-3.710
 0.578,-3.702
 0.599,-3.667
 0.628,-3.655
 0.630,-3.660
 0.638,-3.644
 0.658,-3.639
 0.668,-3.632
 0.686,-3.619
 0.698,-3.620
 0.719,-3.609
 0.719,-3.625
 0.709,-3.621
 0.718,-3.600
 0.719,-3.609
 0.719,-3.610
 0.717,-3.620
 0.719,-3.625
 0.729,-3.613
 0.739,-3.605
 0.729,-3.617
 0.727,-3.608
 0.738,-3.625
 0.718,-3.640
 0.728,-3.632
 0.719,-3.625
 0.727,-3.608
 0.709,-3.617
 0.718,-3.600
 0.698,-3.605
 0.689,-3.597
 0.708,-3.593
 0.689,-3.597
 0.708,-3.593
 0.699,-3.585
 0.698,-3.581
 0.687,-3.588
 0.709,-3.578
 0.698,-3.565
 0.710,-3.562
 0.690,-3.527
 0.699,-3.530
 0.689,-3.543
 0.688,-3.534
 0.678,-3.526
 0.678,-3.502
 0.657,-3.482
 0.659,-3.475
 0.658,-3.467
 0.638,-3.471
 0.658,-3.467
 0.648,-3.474
 0.649,-3.483
 0.648,-3.474
 0.648,-3.498
 0.648,-3.498
 0.637,-3.517
 0.649,-3.538
 0.657,-3.521
 0.649,-3.538
 0.648,-3.553
 0.648,-3.553
 0.670,-3.542
 0.678,-3.541
 0.678,-3.565
 0.689,-3.577
 0.698,-3.600
 0.700,-3.609
 0.699,-3.624
 0.700,-3.609
 0.700,-3.629
 0.689,-3.632
 0.700,-3.649
 0.688,-3.647
 0.689,-3.671
 0.698,-3.679
 0.679,-3.679
 0.701,-3.693
 0.700,-3.683
 0.701,-3.693
 0.700,-3.707
 0.700,-3.707
 0.690,-3.715
 0.689,-3.706
 0.700,-3.718
 0.699,-3.699
 0.689,-3.691
 0.691,-3.700
 0.689,-3.691
 0.690,-3.696
 0.700,-3.684
 0.689,-3.691
 0.691,-3.700
 0.710,-3.671
 0.691,-3.661
 0.689,-3.656
 0.699,-3.644
 0.710,-3.656
 0.708,-3.627
 0.720,-3.625
 0.710,-3.617
 0.719,-3.601
 0.721,-3.594
 0.718,-3.581
 0.719,-3.586
 0.730,-3.578
 0.729,-3.574
 0.730,-3.602
 0.729,-3.593
 0.740,-3.590
 0.750,-3.598
 0.729,-3.593
 0.750,-3.618
 0.739,-3.620
 0.740,-3.625
 0.720,-3.605
 0.730,-3.597
 0.721,-3.590
 0.709,-3.589
 0.689,-3.573
 0.689,-3.573
 0.699,-3.561
 0.671,-3.547
 0.670,-3.542
 0.681,-3.535
 0.660,-3.530
 0.639,-3.545
 0.629,-3.557
 0.617,-3.536
 0.609,-3.553
 0.609,-3.537
 0.599,-3.545
 0.600,-3.554
 0.579,-3.564
 0.580,-3.589
 0.580,-3.588
 0.579,-3.584
 0.579,-3.569
 0.578,-3.545
 0.559,-3.549
 0.559,-3.549
 0.548,-3.552
 0.538,-3.529
 0.548,-3.532
 0.519,-3.529
 0.509,-3.521
 0.497,-3.505
 0.499,-3.494
 0.487,-3.473
 0.478,-3.489
 0.478,-3.489
 0.457,-3.485
 0.458,-3.469
 0.447,-3.453
 0.447,-3.457
 0.438,-3.434
 0.437,-3.426
 0.448,-3.422
 0.427,-3.394
 0.427,-3.394
 0.427,-3.379
 0.417,-3.367
 0.427,-3.339
 0.427,-3.315
 0.417,-3.312
 0.427,-3.323
 0.407,-3.304
 0.418,-3.281
 0.417,-3.272
 0.427,-3.284
 0.416,-3.292
 0.406,-3.296
 0.407,-3.319
 0.427,-3.315
 0.427,-3.339
 0.427,-3.324
 0.427,-3.339
 0.448,-3.344
 0.447,-3.335
 0.447,-3.324
 0.457,-3.312
 0.457,-3.327
 0.468,-3.328
 0.477,-3.328
 0.478,-3.332
 0.488,-3.320
 0.477,-3.308
 0.498,-3.312
 0.497,-3.288
 0.507,-3.281
 0.508,-3.265
 0.527,-3.261
 0.528,-3.246
 0.527,-3.238
 0.528,-3.246
 0.537,-3.254
 0.537,-3.253
 0.548,-3.266
 0.557,-3.250
 0.548,-3.266
 0.558,-3.293
 0.547,-3.297
 0.579,-3.313
 0.567,-3.316
 0.558,-3.333
 0.558,-3.333
 0.557,-3.364
 0.548,-3.360
 0.557,-3.364
 0.549,-3.364
 0.559,-3.356
 0.549,-3.368
 0.580,-3.385
 0.569,-3.399
 0.569,-3.439
 0.568,-3.458
 0.557,-3.462
 0.589,-3.463
 0.578,-3.466
 0.579,-3.490
 0.579,-3.529
 0.578,-3.545
 0.590,-3.542
 0.588,-3.537
 0.619,-3.530
 0.610,-3.562
 0.609,-3.557
 0.630,-3.562
 0.628,-3.553
 0.640,-3.574
 0.619,-3.569
 0.628,-3.573
 0.619,-3.569
 0.608,-3.572
 0.589,-3.601
 0.599,-3.589
 0.579,-3.608
 0.590,-3.625
 0.579,-3.623
 0.580,-3.632
 0.579,-3.608
 0.579,-3.623
 0.559,-3.628
 0.558,-3.604
 0.549,-3.600
 0.559,-3.588
 0.549,-3.596
 0.549,-3.596
 0.548,-3.587
 0.549,-3.596
 0.559,-3.588
 0.559,-3.588
 0.560,-3.597
 0.559,-3.588
 0.550,-3.605
 0.559,-3.608
 0.548,-3.611
 0.549,-3.635
 0.538,-3.594
 0.550,-3.600
 0.549,-3.581
 0.539,-3.588
 0.540,-3.573
 0.528,-3.576
 0.530,-3.585
 0.529,-3.561
 0.529,-3.561
 0.550,-3.565
 0.548,-3.532
 0.519,-3.529
 0.548,-3.517
 0.528,-3.513
 0.539,-3.494
 0.538,-3.466
 0.539,-3.455
 0.538,-3.450
 0.538,-3.466
 0.538,-3.450
 0.548,-3.415
 0.549,-3.423
 0.528,-3.403
 0.548,-3.399
 0.559,-3.396
 0.548,-3.399
 0.538,-3.391
 0.548,-3.384
 0.538,-3.391
 0.538,-3.392
 0.557,-3.383
 0.548,-3.384
 0.549,-3.364
 0.539,-3.376
 0.550,-3.372
 0.539,-3.376
 0.539,-3.400
 0.538,-3.391
 0.527,-3.395
 0.538,-3.407
 0.537,-3.383
 0.529,-3.388
 0.538,-3.391
 0.538,-3.391
 0.559,-3.396
 0.568,-3.380
 0.549,-3.408
 0.569,-3.388
 0.558,-3.392
 0.559,-3.396
 0.558,-3.407
 0.559,-3.415
 0.549,-3.423
 0.548,-3.399
 0.549,-3.403
 0.558,-3.387
 0.569,-3.388
 0.579,-3.396
 0.579,-3.392
 0.590,-3.408
 0.608,-3.395
 0.620,-3.416
 0.629,-3.400
 0.659,-3.412
 0.650,-3.404
 0.648,-3.400
 0.650,-3.408
 0.659,-3.412
 0.669,-3.420
 0.690,-3.409
 0.689,-3.396
 0.679,-3.393
 0.690,-3.385
 0.700,-3.377
 0.710,-3.389
 0.700,-3.358
 0.721,-3.366
 0.731,-3.370
 0.729,-3.361
 0.729,-3.362
 0.738,-3.345
 0.749,-3.342
 0.740,-3.334
 0.739,-3.314
 0.751,-3.311
 0.739,-3.310
 0.760,-3.319
 0.760,-3.315
 0.739,-3.314
 0.760,-3.319
 0.760,-3.315
 0.771,-3.331
 0.770,-3.307
 0.770,-3.307
 0.781,-3.323
 0.769,-3.322
 0.771,-3.327
 0.771,-3.327
 0.750,-3.326
 0.751,-3.331
 0.750,-3.322
 0.771,-3.327
 0.771,-3.327
 0.771,-3.327
 0.761,-3.319
 0.750,-3.322
 0.751,-3.327
 0.760,-3.334
 0.760,-3.334
 0.751,-3.327
 0.750,-3.322
 0.741,-3.338
 0.750,-3.322
 0.749,-3.318
 0.751,-3.327
 0.751,-3.327
 0.763,-3.327
 0.752,-3.311
 0.762,-3.323
 0.762,-3.323
 0.760,-3.311
 0.751,-3.327
 0.749,-3.318
 0.739,-3.326
 0.720,-3.315
 0.699,-3.310
 0.701,-3.318
 0.690,-3.306
 0.670,-3.326
 0.671,-3.330
 0.660,-3.334
 0.652,-3.334
 0.640,-3.337
 0.621,-3.361
 0.631,-3.353
 0.610,-3.325
 0.611,-3.349
 0.619,-3.349
 0.589,-3.336
 0.580,-3.352
 0.568,-3.332
 0.570,-3.345
 0.549,-3.305
 0.550,-3.309
 0.540,-3.321
 0.528,-3.301
 0.529,-3.305
 0.538,-3.289
 0.519,-3.293
 0.519,-3.293
 0.508,-3.281
 0.520,-3.285
 0.519,-3.277
 0.479,-3.277
 0.499,-3.281
 0.489,-3.265
 0.480,-3.281
 0.469,-3.269
 0.468,-3.249
 0.468,-3.249
 0.448,-3.241
 0.438,-3.237
 0.437,-3.229
 0.417,-3.233
 0.418,-3.217
 0.408,-3.225
 0.418,-3.217
 0.408,-3.210
 0.408,-3.209
 0.398,-3.221
 0.408,-3.225
 0.399,-3.241
 0.417,-3.233
 0.407,-3.245
 0.408,-3.249
 0.407,-3.241
 0.408,-3.229
 0.417,-3.233
 0.408,-3.225
 0.418,-3.217
 0.417,-3.193
 0.429,-3.214
 0.438,-3.198
 0.427,-3.186
 0.438,-3.182
 0.448,-3.162
 0.459,-3.163
 0.458,-3.139
 0.458,-3.139
 0.479,-3.143
 0.478,-3.135
 0.479,-3.143
 0.487,-3.143
 0.478,-3.139
 0.479,-3.143
 0.487,-3.143
 0.508,-3.147
 0.519,-3.120
 0.509,-3.132
 0.519,-3.124
 0.538,-3.120
 0.539,-3.128
 0.548,-3.128
 0.559,-3.140
 0.548,-3.128
 0.557,-3.112
 0.588,-3.129
 0.578,-3.097
 0.589,-3.113
 0.599,-3.121
 0.608,-3.125
 0.609,-3.133
 0.639,-3.121
 0.639,-3.121
 0.660,-3.125
 0.658,-3.117
 0.659,-3.141
 0.659,-3.141
 0.659,-3.141
 0.670,-3.153
 0.648,-3.145
 0.649,-3.153
 0.659,-3.156
 0.649,-3.168
 0.659,-3.180
 0.649,-3.164
 0.659,-3.180
 0.649,-3.188
 0.659,-3.200
 0.670,-3.212
 0.669,-3.228
 0.670,-3.251
 0.680,-3.259
 0.680,-3.298
 0.690,-3.310
 0.699,-3.334
 0.691,-3.350
 0.700,-3.358
 0.710,-3.385
 0.700,-3.417
 0.699,-3.428
 0.711,-3.449
 0.721,-3.456
 0.712,-3.473
 0.722,-3.504
 0.712,-3.527
 0.702,-3.563
 0.711,-3.582
 0.701,-3.609
 0.700,-3.609
 0.711,-3.637
 0.693,-3.650
 0.702,-3.653
 0.692,-3.665
 0.701,-3.673
 0.690,-3.656
 0.692,-3.665
 0.681,-3.653
 0.692,-3.665
 0.672,-3.645
 0.671,-3.660
 0.672,-3.670
 0.661,-3.668
 0.661,-3.653
 0.671,-3.660
 0.650,-3.656
 0.651,-3.665
 0.640,-3.668
 0.641,-3.673
 0.632,-3.669
 0.610,-3.680
 0.622,-3.716
 0.610,-3.714
 0.601,-3.751
 0.601,-3.766
 0.601,-3.766
 0.592,-3.787
 0.591,-3.778
 0.570,-3.798
 0.581,-3.810
 0.570,-3.812
 0.571,-3.837
 0.580,-3.840
 0.560,-3.864
 0.571,-3.896
 0.581,-3.888
 0.562,-3.918
 0.582,-3.913
 0.583,-3.937
 0.603,-3.953
 0.592,-3.950
 0.592,-3.975
 0.591,-3.965
 0.591,-3.965
 0.592,-3.936
 0.582,-3.903
 0.582,-3.889
 0.582,-3.849
 0.572,-3.822
 0.572,-3.778
 0.570,-3.734
 0.561,-3.711
 0.561,-3.671
 0.552,-3.668
 0.551,-3.644
 0.520,-3.627
 0.531,-3.605
 0.540,-3.588
 0.520,-3.553
 0.520,-3.553
 0.510,-3.521
 0.510,-3.506
 0.520,-3.474
 0.510,-3.486
 0.520,-3.478
 0.519,-3.450
 0.530,-3.467
 0.519,-3.450
 0.540,-3.455
 0.530,-3.447
 0.530,-3.423
 0.520,-3.419
 0.519,-3.411
 0.510,-3.403
 0.520,-3.391
 0.499,-3.371
 0.510,-3.372
 0.510,-3.348
 0.531,-3.357
 0.531,-3.353
 0.519,-3.356
 0.530,-3.349
 0.519,-3.332
 0.530,-3.344
 0.519,-3.317
 0.519,-3.317
 0.530,-3.313
 0.529,-3.305
 0.530,-3.313
 0.529,-3.309
 0.529,-3.309
 0.540,-3.321
 0.519,-3.317
 0.519,-3.317
 0.530,-3.329
 0.509,-3.344
 0.510,-3.348
 0.509,-3.364
 0.499,-3.376
 0.510,-3.388
 0.520,-3.376
 0.500,-3.384
 0.489,-3.383
 0.489,-3.387
 0.499,-3.395
 0.489,-3.403
 0.490,-3.411
 0.509,-3.423
 0.489,-3.427
 0.489,-3.427
 0.489,-3.442
 0.490,-3.466
 0.489,-3.442
 0.469,-3.446
 0.479,-3.439
 0.479,-3.434
 0.479,-3.458
 0.468,-3.457
 0.469,-3.466
 0.469,-3.466
 0.459,-3.478
 0.470,-3.474
 0.489,-3.446
 0.479,-3.458
 0.489,-3.446
 0.509,-3.442
 0.499,-3.435
 0.509,-3.403
 0.519,-3.419
 0.520,-3.400
 0.539,-3.376
 0.540,-3.384
 0.549,-3.364
 0.570,-3.369
 0.580,-3.361
 0.589,-3.329
 0.600,-3.341
 0.599,-3.333
 0.600,-3.341
 0.589,-3.329
 0.578,-3.313
 0.589,-3.329
 0.569,-3.305
 0.570,-3.329
 0.580,-3.321
 0.570,-3.329
 0.560,-3.321
 0.559,-3.313
 0.560,-3.321
 0.550,-3.329
 0.539,-3.356
 0.550,-3.368
 0.558,-3.368
 0.539,-3.372
 0.529,-3.403
 0.528,-3.414
 0.519,-3.455
 0.509,-3.442
 0.510,-3.475
 0.500,-3.502
 0.500,-3.557
 0.500,-3.586
 0.499,-3.636
 0.519,-3.699
 0.519,-3.719
 0.529,-3.727
 0.549,-3.727
 0.558,-3.710
 0.579,-3.715
 0.589,-3.683
 0.599,-3.691
 0.620,-3.672
 0.639,-3.668
 0.650,-3.645
 0.670,-3.621
 0.690,-3.621
 0.701,-3.618
 0.700,-3.594
 0.712,-3.591
 0.731,-3.587
 0.730,-3.582
 0.741,-3.579
 0.730,-3.562
 0.732,-3.571
 0.761,-3.559
 0.741,-3.535
 0.741,-3.540
 0.750,-3.519
 0.752,-3.512
 0.751,-3.488
 0.751,-3.488
 0.752,-3.453
 0.750,-3.445
 0.752,-3.453
 0.750,-3.445
 0.750,-3.445
 0.751,-3.429
 0.730,-3.425
 0.721,-3.441
 0.721,-3.417
 0.700,-3.436
 0.700,-3.436
 0.690,-3.424
 0.661,-3.421
 0.660,-3.436
 0.639,-3.432
 0.630,-3.448
 0.630,-3.424
 0.601,-3.444
 0.601,-3.444
 0.590,-3.471
 0.571,-3.515
 0.559,-3.533
 0.520,-3.597
 0.478,-3.631
 0.467,-3.678
 0.448,-3.682
 0.447,-3.673
 0.438,-3.675
 0.448,-3.647
 0.459,-3.620
 0.459,-3.605
 0.478,-3.576
 0.469,-3.573
 0.478,-3.576
 0.488,-3.584
 0.478,-3.577
 0.477,-3.568
 0.468,-3.545
 0.478,-3.533
 0.478,-3.533
 0.458,-3.497
 0.457,-3.489
 0.438,-3.478
 0.438,-3.473
 0.417,-3.473
 0.428,-3.470
 0.427,-3.461
 0.408,-3.446
 0.418,-3.438
 0.418,-3.438
 0.418,-3.438
 0.418,-3.434
 0.419,-3.442
 0.408,-3.430
 0.397,-3.434
 0.398,-3.418
 0.398,-3.414
 0.378,-3.418
 0.398,-3.414
 0.368,-3.425
 0.368,-3.410
 0.368,-3.426
 0.359,-3.446
 0.368,-3.450
 0.378,-3.457
 0.379,-3.481
 0.368,-3.480
 0.378,-3.497
 0.399,-3.512
 0.389,-3.525
 0.389,-3.529
 0.409,-3.540
 0.410,-3.549
 0.429,-3.525
 0.419,-3.532
 0.420,-3.541
 0.429,-3.540
 0.430,-3.549
 0.440,-3.537
 0.420,-3.557
 0.420,-3.557
 0.428,-3.560
 0.430,-3.589
 0.460,-3.577
 0.429,-3.584
 0.429,-3.608
 0.408,-3.579
 0.399,-3.620
 0.389,-3.603
 0.389,-3.623
 0.369,-3.627
 0.348,-3.638
 0.369,-3.667
 0.348,-3.662
 0.328,-3.681
 0.318,-3.718
 0.308,-3.716
 0.298,-3.737
 0.247,-3.740
 0.227,-3.759
 0.227,-3.784
 0.226,-3.774
 0.226,-3.774
 0.236,-3.767
 0.237,-3.752
 0.257,-3.742
 0.257,-3.757
 0.268,-3.769
 0.277,-3.752
 0.257,-3.772
 0.247,-3.779
 0.237,-3.778
 0.227,-3.779
 0.206,-3.779
 0.187,-3.779
 0.176,-3.791
 0.166,-3.774
 0.157,-3.791
 0.147,-3.798
 0.147,-3.798
 0.126,-3.783
 0.126,-3.778
 0.126,-3.763
 0.116,-3.766
 0.116,-3.746
 0.116,-3.731
 0.116,-3.737
 0.116,-3.731
 0.116,-3.691
 0.116,-3.692
 0.126,-3.684
 0.126,-3.660
 0.116,-3.676
 0.126,-3.660
 0.117,-3.672
 0.127,-3.664
 0.126,-3.655
 0.137,-3.653
 0.136,-3.648
 0.157,-3.653
 0.177,-3.657
 0.167,-3.640
 0.197,-3.653
 0.207,-3.632
 0.217,-3.640
 0.227,-3.641
 0.217,-3.633
 0.228,-3.635
 0.238,-3.623
 0.248,-3.631
 0.258,-3.658
 0.258,-3.649
 0.258,-3.634
 0.247,-3.597
 0.257,-3.610
 0.247,-3.606
 0.237,-3.590
 0.248,-3.591
 0.247,-3.582
 0.247,-3.567
 0.268,-3.571
 0.267,-3.563
 0.258,-3.540
 0.247,-3.528
 0.257,-3.516
 0.267,-3.508
 0.267,-3.523
 0.258,-3.500
 0.267,-3.484
 0.247,-3.488
 0.237,-3.480
 0.237,-3.452
 0.227,-3.448
 0.217,-3.436
 0.217,-3.441
 0.217,-3.440
 0.207,-3.424
 0.207,-3.428
 0.217,-3.393
 0.197,-3.397
 0.207,-3.393
 0.186,-3.385
 0.187,-3.373
 0.187,-3.365
 0.176,-3.377
 0.166,-3.369
 0.176,-3.353
 0.167,-3.353
 0.187,-3.349
 0.177,-3.346
 0.187,-3.349
 0.177,-3.333
 0.197,-3.322
 0.186,-3.325
 0.187,-3.310
 0.207,-3.314
 0.197,-3.298
 0.187,-3.294
 0.196,-3.278
 0.207,-3.290
 0.217,-3.283
 0.207,-3.290
 0.217,-3.283
 0.227,-3.271
 0.247,-3.291
 0.247,-3.291
 0.257,-3.275
 0.257,-3.283
 0.257,-3.259
 0.257,-3.279
 0.277,-3.279
 0.267,-3.267
 0.287,-3.256
 0.298,-3.244
 0.298,-3.244
 0.298,-3.244
 0.277,-3.240
 0.288,-3.236
 0.277,-3.216
 0.297,-3.220
 0.287,-3.212
 0.287,-3.204
 0.288,-3.197
 0.287,-3.189
 0.277,-3.200
 0.267,-3.208
 0.246,-3.208
 0.277,-3.208
 0.267,-3.196
 0.267,-3.204
 0.287,-3.200
 0.297,-3.200
 0.318,-3.208
 0.327,-3.208
 0.327,-3.209
 0.348,-3.213
 0.358,-3.205
 0.368,-3.197
 0.378,-3.201
 0.368,-3.197
 0.398,-3.205
 0.408,-3.189
 0.429,-3.178
 0.447,-3.170
 0.458,-3.166
 0.489,-3.159
 0.509,-3.174
 0.529,-3.179
 0.549,-3.175
 0.569,-3.175
 0.590,-3.176
 0.599,-3.183
 0.600,-3.207
 0.589,-3.191
 0.610,-3.195
 0.631,-3.219
 0.641,-3.207
 0.651,-3.219
 0.660,-3.223
 0.681,-3.247
 0.691,-3.255
 0.700,-3.239
 0.721,-3.267
 0.731,-3.255
 0.732,-3.260
 0.752,-3.279
 0.781,-3.280
 0.802,-3.288
 0.821,-3.299
 0.833,-3.300
 0.864,-3.292
 0.873,-3.300
 0.904,-3.313
 0.913,-3.316
 0.902,-3.304
 0.911,-3.308
 0.931,-3.289
 0.924,-3.289
 0.932,-3.273
 0.934,-3.281
 0.924,-3.289
 0.912,-3.273
 0.914,-3.281
 0.903,-3.285
 0.874,-3.281
 0.853,-3.300
 0.842,-3.284
 0.833,-3.276
 0.812,-3.272
 0.792,-3.276
 0.772,-3.295
 0.751,-3.291
 0.742,-3.268
 0.752,-3.275
 0.722,-3.287
 0.712,-3.295
 0.671,-3.290
 0.653,-3.302
 0.631,-3.313
 0.601,-3.325
 0.591,-3.313
 0.580,-3.297
 0.551,-3.317
 0.570,-3.289
 0.551,-3.293
 0.530,-3.313
 0.550,-3.309
 0.531,-3.297
 0.531,-3.297
 0.562,-3.294
 0.561,-3.309
 0.571,-3.313
 0.581,-3.306
 0.580,-3.297
 0.560,-3.301
 0.560,-3.301
 0.551,-3.293
 0.541,-3.286
 0.540,-3.281
 0.521,-3.289
 0.511,-3.278
 0.499,-3.281
 0.501,-3.270
 0.490,-3.269
 0.480,-3.265
 0.470,-3.257
 0.450,-3.253
 0.440,-3.229
 0.429,-3.233
 0.430,-3.218
 0.399,-3.205
 0.389,-3.213
 0.390,-3.197
 0.359,-3.201
 0.339,-3.205
 0.339,-3.205
 0.338,-3.201
 0.329,-3.197
 0.329,-3.173
 0.309,-3.177
 0.319,-3.165
 0.308,-3.169
 0.299,-3.169
 0.308,-3.153
 0.308,-3.153
 0.308,-3.153
 0.319,-3.142
 0.339,-3.150
 0.329,-3.134
 0.329,-3.142
 0.349,-3.138
 0.369,-3.134
 0.370,-3.158
 0.378,-3.118
 0.379,-3.142
 0.379,-3.122
 0.379,-3.123
 0.400,-3.111
 0.399,-3.103
 0.410,-3.119
 0.410,-3.119
 0.420,-3.123
 0.421,-3.131
 0.420,-3.123
 0.420,-3.146
 0.420,-3.150
 0.430,-3.154
 0.430,-3.178
 0.440,-3.186
 0.440,-3.206
 0.430,-3.214
 0.429,-3.229
 0.441,-3.249
 0.460,-3.261
 0.461,-3.285
 0.461,-3.324
 0.461,-3.340
 0.482,-3.368
 0.461,-3.403
 0.451,-3.415
 0.461,-3.423
 0.471,-3.451
 0.472,-3.474
 0.461,-3.478
 0.451,-3.514
 0.452,-3.533
 0.442,-3.541
 0.401,-3.561
 0.410,-3.564
 0.411,-3.573
 0.411,-3.573
 0.411,-3.573
 0.432,-3.577
 0.441,-3.561
 0.441,-3.561
 0.431,-3.529
 0.420,-3.517
 0.430,-3.509
 0.420,-3.493
 0.421,-3.462
 0.420,-3.462
 0.440,-3.458
 0.431,-3.435
 0.440,-3.418
 0.451,-3.435
 0.461,-3.423
 0.461,-3.423
 0.461,-3.423
 0.481,-3.419
 0.481,-3.443
 0.471,-3.431
 0.481,-3.419
 0.501,-3.423
 0.491,-3.411
 0.512,-3.455
 0.502,-3.463
 0.511,-3.471
 0.512,-3.495
 0.511,-3.525
 0.522,-3.566
 0.522,-3.581
 0.552,-3.609
 0.563,-3.621
 0.562,-3.597
 0.542,-3.601
 0.552,-3.570
 0.561,-3.577
 0.563,-3.566
 0.562,-3.557
 0.542,-3.562
 0.552,-3.570
 0.522,-3.566
 0.503,-3.566
 0.491,-3.569
 0.482,-3.585
 0.492,-3.593
 0.491,-3.624
 0.491,-3.624
 0.501,-3.612
 0.492,-3.609
 0.522,-3.601
 0.532,-3.569
 0.543,-3.582
 0.562,-3.577
 0.583,-3.582
 0.593,-3.590
 0.604,-3.602
 0.594,-3.599
 0.583,-3.602
 0.593,-3.634
 0.582,-3.621
 0.591,-3.644
 0.593,-3.653
 0.602,-3.632
 0.613,-3.634
 0.622,-3.602
 0.633,-3.614
 0.643,-3.607
 0.652,-3.629
 0.643,-3.622
 0.662,-3.618
 0.673,-3.649
 0.674,-3.654
 0.673,-3.650
 0.674,-3.694
 0.684,-3.701
 0.673,-3.729
 0.673,-3.728
 0.682,-3.751
 0.673,-3.768
 0.683,-3.756
 0.683,-3.761
 0.693,-3.748
 0.683,-3.736
 0.683,-3.761
 0.684,-3.741
 0.684,-3.741
 0.674,-3.758
 0.663,-3.780
 0.654,-3.797
 0.654,-3.812
 0.633,-3.851
 0.623,-3.878
 0.611,-3.876
 0.612,-3.886
 0.622,-3.913
 0.622,-3.933
 0.644,-3.923
 0.632,-3.925
 0.644,-3.948
 0.654,-3.955
 0.653,-3.970
 0.643,-3.982
 0.642,-3.987
 0.643,-4.017
 0.633,-4.004
 0.633,-4.004
 0.633,-4.029
 0.622,-4.012
 0.633,-4.029
 0.622,-4.012
 0.613,-4.004
 0.613,-3.990
 0.603,-3.972
 0.613,-3.990
 0.592,-3.984
 0.583,-3.977
 0.572,-3.970
 0.573,-3.945
 0.563,-3.942
 0.552,-3.905
 0.542,-3.897
 0.512,-3.870
 0.511,-3.845
 0.501,-3.818
 0.501,-3.779
 0.481,-3.759
 0.470,-3.727
 0.450,-3.722
 0.440,-3.699
 0.440,-3.699
 0.430,-3.672
 0.441,-3.653
 0.440,-3.644
 0.421,-3.649
 0.409,-3.612
 0.389,-3.608
 0.399,-3.580
 0.389,-3.563
 0.390,-3.573
 0.379,-3.560
 0.379,-3.560
 0.379,-3.584
 0.379,-3.595
 0.380,-3.604
 0.369,-3.592
 0.360,-3.584
 0.370,-3.577
 0.369,-3.568
 0.370,-3.577
 0.360,-3.584
 0.349,-3.572
 0.369,-3.553
 0.368,-3.544
 0.379,-3.541
 0.399,-3.541
 0.379,-3.545
 0.390,-3.517
 0.399,-3.501
 0.399,-3.486
 0.419,-3.482
 0.419,-3.482
 0.440,-3.486
 0.449,-3.450
 0.450,-3.439
 0.470,-3.435
 0.460,-3.427
 0.491,-3.420
 0.510,-3.392
 0.531,-3.381
 0.550,-3.368
 0.560,-3.341
 0.591,-3.314
 0.581,-3.306
 0.603,-3.295
 0.623,-3.275
 0.643,-3.255
 0.632,-3.243
 0.641,-3.223
 0.642,-3.231
 0.641,-3.223
 0.651,-3.212
 0.652,-3.180
 0.651,-3.176
 0.673,-3.184
 0.662,-3.172
 0.662,-3.173
 0.653,-3.165
 0.651,-3.157
 0.653,-3.165
 0.632,-3.160
 0.632,-3.160
 0.633,-3.164
 0.611,-3.156
 0.602,-3.172
 0.571,-3.160
 0.571,-3.160
 0.562,-3.152
 0.510,-3.155
 0.491,-3.167
 0.490,-3.159
 0.481,-3.151
 0.461,-3.155
 0.440,-3.147
 0.410,-3.162
 0.409,-3.154
 0.409,-3.154
 0.400,-3.170
 0.389,-3.174
 0.390,-3.182
 0.399,-3.205
 0.389,-3.217
 0.380,-3.249
 0.379,-3.245
 0.410,-3.261
 0.440,-3.249
 0.461,-3.254
 0.451,-3.266
 0.429,-3.253
 0.399,-3.269
 0.368,-3.272
 0.348,-3.272
 0.318,-3.288
 0.308,-3.272
 0.289,-3.280
 0.278,-3.268
 0.268,-3.280
 0.248,-3.279
 0.238,-3.267
 0.228,-3.260
 0.197,-3.243
 0.187,-3.235
 0.177,-3.227
 0.147,-3.215
 0.116,-3.207
 0.086,-3.195
 0.045,-3.179
 0.005,-3.158
-0.035,-3.150
-0.086,-3.126
-0.116,-3.114
-0.137,-3.118
-0.157,-3.098
-0.156,-3.070
-0.157,-3.078
-0.177,-3.058
-0.197,-3.078
-0.207,-3.070
-0.206,-3.082
-0.217,-3.094
-0.217,-3.093
-0.237,-3.113
-0.237,-3.113
-0.236,-3.129
-0.227,-3.129
-0.237,-3.136
-0.237,-3.160
-0.238,-3.164
-0.227,-3.184
-0.227,-3.208
-0.216,-3.208
-0.207,-3.200
-0.207,-3.204
-0.207,-3.200
-0.197,-3.220
-0.186,-3.220
-0.166,-3.204
-0.156,-3.212
-0.135,-3.209
-0.136,-3.177
-0.126,-3.185
-0.126,-3.169
-0.116,-3.158
-0.106,-3.142
-0.096,-3.138
-0.085,-3.122
-0.076,-3.114
-0.066,-3.107
-0.055,-3.095
-0.046,-3.071
-0.025,-3.067
-0.016,-3.060
 0.005,-3.064
 0.005,-3.056
 0.015,-3.032
 0.035,-3.029
 0.045,-3.040
 0.065,-3.041
 0.075,-3.049
 0.076,-3.053
 0.116,-3.049
 0.126,-3.061
 0.126,-3.081
 0.136,-3.085
 0.136,-3.093
 0.156,-3.081
 0.176,-3.105
 0.187,-3.101
 0.196,-3.109
 0.217,-3.137
 0.217,-3.152
 0.248,-3.185
 0.268,-3.204
 0.268,-3.236
 0.289,-3.280
 0.288,-3.272
 0.309,-3.276
 0.329,-3.296
 0.308,-3.291
 0.339,-3.304
 0.338,-3.280
 0.339,-3.288
 0.329,-3.280
 0.309,-3.276
 0.299,-3.272
 0.298,-3.283
 0.299,-3.288
 0.298,-3.287
 0.308,-3.295
 0.289,-3.304
 0.298,-3.287
 0.289,-3.303
 0.299,-3.311
 0.288,-3.330
 0.289,-3.335
 0.288,-3.311
 0.309,-3.339
 0.329,-3.319
 0.329,-3.315
 0.329,-3.324
 0.339,-3.319
 0.349,-3.335
 0.359,-3.323
 0.359,-3.323
 0.370,-3.320
 0.389,-3.296
 0.389,-3.296
 0.389,-3.296
 0.379,-3.300
 0.389,-3.296
 0.410,-3.276
 0.421,-3.277
 0.410,-3.249
 0.420,-3.253
 0.441,-3.258
 0.429,-3.233
 0.440,-3.249
 0.430,-3.257
 0.419,-3.241
 0.420,-3.230
 0.389,-3.217
 0.369,-3.221
 0.369,-3.221
 0.379,-3.205
 0.400,-3.194
 0.409,-3.198
 0.400,-3.194
 0.409,-3.202
 0.409,-3.198
 0.409,-3.202
 0.398,-3.201
 0.409,-3.218
 0.409,-3.241
 0.399,-3.225
 0.369,-3.241
 0.368,-3.256
 0.379,-3.249
 0.358,-3.268
 0.348,-3.292
 0.359,-3.312
 0.349,-3.296
 0.359,-3.312
 0.349,-3.324
 0.318,-3.327
 0.329,-3.339
 0.318,-3.343
 0.298,-3.386
 0.289,-3.378
 0.278,-3.401
 0.279,-3.426
 0.258,-3.421
 0.238,-3.449
 0.228,-3.437
 0.238,-3.445
 0.248,-3.441
 0.238,-3.425
 0.208,-3.437
 0.208,-3.417
 0.207,-3.409
 0.207,-3.393
 0.207,-3.393
 0.208,-3.398
 0.197,-3.385
 0.207,-3.393
 0.208,-3.402
 0.207,-3.393
 0.198,-3.409
 0.208,-3.402
 0.208,-3.413
 0.208,-3.397
 0.218,-3.421
 0.198,-3.425
 0.208,-3.437
 0.187,-3.452
 0.198,-3.469
 0.208,-3.452
 0.219,-3.489
 0.188,-3.496
 0.188,-3.511
 0.188,-3.496
 0.188,-3.507
 0.189,-3.516
 0.188,-3.536
 0.178,-3.543
 0.178,-3.567
 0.178,-3.558
 0.168,-3.575
 0.158,-3.563
 0.158,-3.563
 0.158,-3.548
 0.158,-3.515
 0.148,-3.531
 0.148,-3.516
 0.137,-3.503
 0.148,-3.504
 0.147,-3.496
 0.137,-3.488
 0.168,-3.496
 0.158,-3.499
 0.168,-3.516
 0.158,-3.495
 0.158,-3.484
 0.158,-3.508
 0.178,-3.504
 0.168,-3.520
 0.188,-3.531
 0.189,-3.556
 0.178,-3.567
 0.189,-3.579
 0.199,-3.572
 0.189,-3.595
 0.189,-3.595
 0.209,-3.591
 0.188,-3.566
 0.208,-3.571
 0.208,-3.547
 0.188,-3.536
 0.199,-3.548
 0.219,-3.544
 0.209,-3.540
 0.219,-3.559
 0.219,-3.583
 0.219,-3.583
 0.229,-3.591
 0.239,-3.588
 0.239,-3.603
 0.250,-3.620
 0.260,-3.623
 0.269,-3.631
 0.280,-3.608
 0.259,-3.579
 0.259,-3.603
 0.279,-3.599
 0.289,-3.631
 0.280,-3.608
 0.290,-3.611
 0.300,-3.612
 0.310,-3.600
 0.320,-3.624
 0.320,-3.608
 0.340,-3.595
 0.330,-3.592
 0.329,-3.568
 0.330,-3.552
 0.330,-3.537
 0.329,-3.513
 0.330,-3.497
 0.330,-3.497
 0.329,-3.513
 0.340,-3.510
 0.340,-3.501
 0.320,-3.490
 0.319,-3.465
 0.329,-3.458
 0.320,-3.450
 0.319,-3.441
 0.319,-3.446
 0.329,-3.434
 0.319,-3.426
 0.299,-3.430
 0.309,-3.433
 0.310,-3.442
 0.299,-3.445
 0.309,-3.434
 0.310,-3.418
 0.299,-3.421
 0.299,-3.430
 0.310,-3.418
 0.299,-3.406
 0.289,-3.398
 0.289,-3.390
 0.289,-3.398
 0.279,-3.366
 0.279,-3.366
 0.269,-3.363
 0.269,-3.338
 0.249,-3.343
 0.259,-3.331
 0.258,-3.307
 0.238,-3.311
 0.227,-3.291
 0.218,-3.291
 0.228,-3.279
 0.218,-3.267
 0.228,-3.263
 0.218,-3.267
 0.208,-3.283
 0.198,-3.271
 0.208,-3.259
 0.188,-3.263
 0.178,-3.286
 0.188,-3.283
 0.157,-3.266
 0.178,-3.286
 0.158,-3.290
 0.157,-3.282
 0.158,-3.290
 0.147,-3.278
 0.137,-3.286
 0.117,-3.290
 0.117,-3.282
 0.107,-3.258
 0.107,-3.258
 0.107,-3.258
 0.087,-3.262
 0.097,-3.242
 0.087,-3.238
 0.087,-3.223
 0.066,-3.218
 0.087,-3.222
 0.086,-3.230
 0.087,-3.223
 0.086,-3.199
 0.076,-3.191
 0.096,-3.199
 0.096,-3.191
 0.096,-3.191
 0.097,-3.187
 0.086,-3.175
 0.097,-3.171
 0.107,-3.136
 0.117,-3.152
 0.137,-3.132
 0.106,-3.140
 0.127,-3.128
 0.137,-3.128
 0.147,-3.120
 0.147,-3.124
 0.147,-3.124
 0.147,-3.108
 0.147,-3.100
 0.147,-3.124
 0.157,-3.108
 0.147,-3.116
 0.177,-3.113
 0.177,-3.105
 0.177,-3.113
 0.197,-3.093
 0.197,-3.093
 0.188,-3.085
 0.208,-3.081
 0.218,-3.097
 0.208,-3.081
 0.208,-3.081
 0.238,-3.077
 0.248,-3.078
 0.269,-3.102
 0.268,-3.082
 0.289,-3.102
 0.289,-3.102
 0.318,-3.106
 0.340,-3.118
 0.360,-3.114
 0.370,-3.130
 0.380,-3.122
 0.400,-3.134
 0.420,-3.138
 0.420,-3.154
 0.430,-3.158
 0.440,-3.150
 0.430,-3.158
 0.441,-3.158
 0.461,-3.154
 0.491,-3.167
 0.512,-3.171
 0.521,-3.171
 0.542,-3.175
 0.562,-3.156
 0.571,-3.164
 0.613,-3.172
 0.632,-3.160
 0.653,-3.168
 0.663,-3.156
 0.673,-3.164
 0.683,-3.157
 0.712,-3.161
 0.723,-3.173
 0.732,-3.181
 0.732,-3.181
 0.734,-3.189
 0.732,-3.181
 0.734,-3.189
 0.744,-3.177
 0.744,-3.177
 0.734,-3.189
 0.723,-3.173
 0.734,-3.189
 0.723,-3.173
 0.712,-3.181
 0.693,-3.185
 0.702,-3.169
 0.704,-3.161
 0.684,-3.160
 0.663,-3.140
 0.664,-3.144
 0.651,-3.121
 0.642,-3.156
 0.622,-3.132
 0.611,-3.120
 0.602,-3.096
 0.591,-3.081
 0.571,-3.088
 0.561,-3.076
 0.551,-3.065
 0.541,-3.057
 0.540,-3.048
 0.521,-3.040
 0.521,-3.036
 0.500,-3.017
 0.491,-3.012
 0.469,-2.981
 0.469,-2.985
 0.449,-2.984
 0.439,-2.973
 0.409,-2.968
 0.398,-2.933
 0.409,-2.929
 0.368,-2.905
 0.358,-2.897
 0.338,-2.900
 0.317,-2.873
 0.328,-2.869
 0.307,-2.865
 0.317,-2.857
 0.308,-2.849
 0.317,-2.850
 0.317,-2.857
 0.317,-2.857
 0.317,-2.857
 0.327,-2.849
 0.328,-2.845
 0.328,-2.856
 0.327,-2.849
 0.327,-2.865
 0.347,-2.846
 0.347,-2.838
 0.338,-2.837
 0.348,-2.829
 0.368,-2.810
 0.368,-2.810
 0.368,-2.826
 0.379,-2.822
 0.388,-2.830
 0.398,-2.822
 0.399,-2.805
 0.398,-2.798
 0.409,-2.814
 0.408,-2.830
 0.408,-2.807
 0.418,-2.799
 0.428,-2.803
 0.439,-2.783
 0.438,-2.779
 0.428,-2.771
 0.438,-2.763
 0.448,-2.767
 0.438,-2.763
 0.438,-2.759
 0.438,-2.759
 0.459,-2.763
 0.448,-2.767
 0.439,-2.783
 0.448,-2.767
 0.448,-2.768
 0.459,-2.767
 0.448,-2.784
 0.469,-2.787
 0.459,-2.779
 0.459,-2.779
 0.470,-2.778
 0.469,-2.771
 0.480,-2.787
 0.510,-2.772
 0.489,-2.771
 0.489,-2.771
 0.498,-2.776
 0.489,-2.752
 0.489,-2.752
 0.479,-2.763
 0.499,-2.783
 0.468,-2.768
 0.479,-2.779
 0.488,-2.787
 0.479,-2.779
 0.469,-2.795
 0.448,-2.787
 0.459,-2.806
 0.458,-2.799
 0.448,-2.807
 0.449,-2.830
 0.438,-2.835
 0.418,-2.822
 0.398,-2.818
 0.377,-2.838
 0.367,-2.833
 0.346,-2.845
 0.337,-2.861
 0.357,-2.857
 0.368,-2.869
 0.368,-2.869
 0.357,-2.873
 0.368,-2.893
 0.357,-2.857
 0.367,-2.885
 0.368,-2.909
 0.357,-2.897
 0.348,-2.912
 0.347,-2.924
 0.338,-2.936
 0.337,-2.940
 0.307,-2.944
 0.338,-2.963
 0.327,-2.951
 0.337,-2.960
 0.327,-2.991
 0.337,-2.991
 0.358,-3.015
 0.367,-3.023
 0.368,-3.047
 0.358,-3.059
 0.388,-3.102
 0.389,-3.130
 0.409,-3.166
 0.419,-3.198
 0.450,-3.230
 0.449,-3.222
 0.471,-3.246
 0.459,-3.229
 0.449,-3.221
 0.460,-3.218
 0.449,-3.198
 0.450,-3.186
 0.449,-3.182
 0.440,-3.174
 0.430,-3.166
 0.409,-3.138
 0.409,-3.146
 0.419,-3.115
 0.378,-3.114
 0.379,-3.095
 0.358,-3.090
 0.369,-3.087
 0.349,-3.067
 0.348,-3.047
 0.349,-3.027
 0.348,-3.003
 0.369,-2.992
 0.369,-2.972
 0.358,-2.956
 0.389,-2.945
 0.368,-2.917
 0.369,-2.932
 0.369,-2.932
 0.369,-2.936
 0.380,-2.948
 0.369,-2.948
 0.369,-2.992
 0.358,-2.992
 0.348,-3.004
 0.349,-3.007
 0.338,-3.011
 0.339,-3.003
 0.348,-3.027
 0.338,-3.035
 0.328,-3.047
 0.328,-3.063
 0.329,-3.070
 0.339,-3.098
 0.328,-3.086
 0.339,-3.118
 0.328,-3.102
 0.339,-3.118
 0.339,-3.114
 0.339,-3.114
 0.339,-3.118
 0.339,-3.114
 0.349,-3.130
 0.349,-3.122
 0.349,-3.146
 0.359,-3.138
 0.348,-3.138
 0.349,-3.146
 0.369,-3.146
 0.359,-3.134
 0.359,-3.138
 0.369,-3.142
 0.370,-3.150
 0.379,-3.134
 0.399,-3.130
 0.409,-3.146
 0.409,-3.138
 0.409,-3.150
 0.430,-3.127
 0.420,-3.138
 0.430,-3.150
 0.429,-3.146
 0.410,-3.170
 0.409,-3.162
 0.409,-3.162
 0.389,-3.166
 0.409,-3.162
 0.400,-3.178
 0.399,-3.174
 0.379,-3.174
 0.369,-3.186
 0.379,-3.189
 0.390,-3.190
 0.379,-3.213
 0.379,-3.213
 0.389,-3.245
 0.379,-3.229
 0.369,-3.225
 0.369,-3.221
 0.359,-3.233
 0.370,-3.229
 0.359,-3.233
 0.329,-3.229
 0.309,-3.224
 0.278,-3.232
 0.279,-3.236
 0.247,-3.220
 0.198,-3.215
 0.177,-3.195
 0.136,-3.211
 0.147,-3.207
 0.147,-3.199
 0.157,-3.215
 0.167,-3.203
 0.177,-3.211
 0.218,-3.212
 0.218,-3.227
 0.228,-3.228
 0.258,-3.216
 0.279,-3.236
 0.269,-3.252
 0.278,-3.252
 0.289,-3.284
 0.319,-3.291
 0.329,-3.299
 0.350,-3.304
 0.359,-3.308
 0.391,-3.328
 0.420,-3.328
 0.431,-3.344
 0.482,-3.377
 0.492,-3.380
 0.533,-3.389
 0.553,-3.385
 0.574,-3.389
 0.583,-3.377
 0.593,-3.381
 0.614,-3.386
 0.613,-3.361
 0.633,-3.362
 0.634,-3.366
 0.643,-3.374
 0.654,-3.366
 0.664,-3.354
 0.654,-3.366
 0.654,-3.366
 0.633,-3.361
 0.624,-3.378
 0.633,-3.361
 0.624,-3.374
 0.635,-3.390
 0.613,-3.381
 0.624,-3.398
 0.623,-3.393
 0.624,-3.413
 0.623,-3.433
 0.643,-3.429
 0.644,-3.453
 0.663,-3.449
 0.684,-3.453
 0.685,-3.477
 0.716,-3.485
 0.706,-3.482
 0.716,-3.470
 0.716,-3.490
 0.716,-3.490
 0.724,-3.469
 0.695,-3.485
 0.684,-3.469
 0.695,-3.466
 0.695,-3.465
 0.675,-3.445
 0.686,-3.462
 0.674,-3.461
 0.655,-3.465
 0.645,-3.457
 0.613,-3.456
 0.604,-3.457
 0.585,-3.461
 0.584,-3.477
 0.554,-3.488
 0.533,-3.484
 0.533,-3.484
 0.512,-3.479
 0.482,-3.491
 0.462,-3.471
 0.462,-3.486
 0.453,-3.487
