 2.071, 0.233
 2.088, 0.240
 2.078, 0.264
 2.073, 0.288
 2.071, 0.288
 2.051, 0.289
 2.044, 0.265
 2.009, 0.281
 2.003, 0.289
 2.022, 0.289
 2.034, 0.289
 2.045, 0.265
 2.034, 0.257
 2.030, 0.248
 2.015, 0.248
 1.999, 0.232
 1.997, 0.217
 1.998, 0.210
 1.998, 0.210
 1.993, 0.201
 1.986, 0.193
 1.977, 0.192
 1.958, 0.192
 1.957, 0.177
 1.942, 0.186
 1.923, 0.186
 1.926, 0.186
 1.927, 0.202
 1.947, 0.217
 1.942, 0.257
 1.931, 0.281
 1.957, 0.289
 1.951, 0.274
 1.969, 0.257
 1.970, 0.273
 1.961, 0.298
 1.972, 0.337
 1.959, 0.346
 1.962, 0.346
 1.973, 0.337
 1.982, 0.329
 1.990, 0.321
 1.986, 0.321
 1.993, 0.313
 2.003, 0.337
 1.995, 0.329
 1.999, 0.329
 1.988, 0.337
 2.004, 0.353
 1.986, 0.353
 1.975, 0.362
 1.978, 0.345
 1.969, 0.338
 1.964, 0.313
 1.947, 0.330
 1.938, 0.322
 1.947, 0.330
 1.960, 0.314
 1.986, 0.305
 2.002, 0.305
 1.986, 0.305
 1.988, 0.337
 1.984, 0.370
 1.977, 0.378
 1.987, 0.369
 1.988, 0.337
 1.999, 0.345
 2.012, 0.361
 1.993, 0.361
 2.001, 0.353
 1.993, 0.361
 1.989, 0.353
 1.990, 0.369
 2.006, 0.369
 2.010, 0.361
 1.997, 0.354
 1.975, 0.346
 1.977, 0.346
 1.965, 0.345
 1.950, 0.378
 1.930, 0.394
 1.945, 0.394
 1.942, 0.394
 1.951, 0.386
 1.944, 0.394
 1.927, 0.410
 1.945, 0.442
 1.936, 0.450
 1.939, 0.434
 1.941, 0.434
 1.930, 0.442
 1.940, 0.466
 1.944, 0.474
 1.953, 0.482
 1.960, 0.474
 1.984, 0.450
 2.006, 0.450
 2.013, 0.490
 2.013, 0.490
 2.008, 0.490
 1.997, 0.482
 1.995, 0.490
 2.004, 0.482
 2.009, 0.498
 2.017, 0.506
 2.009, 0.522
 2.010, 0.538
 2.023, 0.554
 2.002, 0.562
 1.997, 0.602
 2.004, 0.626
 2.022, 0.626
 2.024, 0.650
 2.052, 0.658
 2.052, 0.658
 2.068, 0.642
 2.081, 0.650
 2.085, 0.658
 2.092, 0.649
 2.077, 0.650
 2.077, 0.650
 2.090, 0.642
 2.122, 0.658
 2.144, 0.633
 2.156, 0.633
 2.160, 0.640
 2.166, 0.657
 2.182, 0.673
 2.164, 0.681
 2.172, 0.657
 2.192, 0.665
 2.191, 0.681
 2.191, 0.649
 2.180, 0.633
 2.175, 0.625
 2.142, 0.642
 2.126, 0.674
 2.127, 0.713
 2.108, 0.713
 2.100, 0.705
 2.085, 0.706
 2.098, 0.730
 2.079, 0.762
 2.072, 0.754
 2.044, 0.746
 2.018, 0.738
 1.989, 0.739
 1.985, 0.787
 1.970, 0.819
 1.970, 0.851
 1.945, 0.859
 1.937, 0.851
 1.911, 0.859
 1.922, 0.868
 1.905, 0.916
 1.904, 0.932
 1.905, 0.932
 1.893, 0.923
 1.896, 0.924
 1.898, 0.909
 1.889, 0.900
 1.880, 0.924
 1.884, 0.915
 1.869, 0.916
 1.861, 0.908
 1.869, 0.884
 1.883, 0.877
 1.881, 0.893
 1.900, 0.909
 1.920, 0.916
 1.941, 0.891
 1.943, 0.875
 1.943, 0.875
 1.955, 0.884
 1.946, 0.892
 1.943, 0.891
 1.954, 0.883
 1.992, 0.858
 2.005, 0.835
 2.007, 0.819
 1.998, 0.843
 2.007, 0.868
 1.996, 0.875
 1.981, 0.876
 1.966, 0.860
 1.936, 0.851
 1.925, 0.836
 1.937, 0.835
 1.922, 0.819
 1.906, 0.803
 1.897, 0.795
 1.914, 0.763
 1.923, 0.730
 1.925, 0.682
 1.969, 0.674
 1.994, 0.666
 2.049, 0.650
 2.091, 0.626
 2.119, 0.585
 2.119, 0.585
 2.108, 0.593
 2.113, 0.610
 2.102, 0.618
 2.101, 0.602
 2.103, 0.577
 2.096, 0.577
 2.111, 0.576
 2.100, 0.584
 2.112, 0.593
 2.130, 0.617
 2.160, 0.625
 2.205, 0.617
 2.258, 0.608
 2.302, 0.559
 2.323, 0.503
 2.331, 0.463
 2.318, 0.447
 2.350, 0.447
 2.385, 0.414
 2.444, 0.438
 2.482, 0.446
 2.499, 0.486
 2.497, 0.518
 2.506, 0.526
 2.488, 0.510
 2.391, 0.518
 2.300, 0.527
 2.215, 0.544
 2.168, 0.528
 2.146, 0.504
 2.106, 0.481
 2.069, 0.473
 2.023, 0.449
 1.997, 0.441
 2.020, 0.417
 2.008, 0.409
 1.988, 0.369
 1.963, 0.377
 1.959, 0.369
 1.969, 0.409
 1.957, 0.418
 1.940, 0.450
 1.934, 0.466
 1.936, 0.482
 1.914, 0.490
 1.906, 0.514
 1.934, 0.538
 1.955, 0.562
 1.981, 0.570
 1.989, 0.578
 1.996, 0.570
 2.006, 0.594
 2.009, 0.618
 1.988, 0.658
 1.996, 0.666
 1.994, 0.650
 2.013, 0.618
 2.003, 0.626
 1.990, 0.610
 1.998, 0.618
 1.993, 0.602
 1.995, 0.586
 1.969, 0.562
 1.937, 0.562
 1.963, 0.570
 1.937, 0.562
 1.952, 0.571
 1.932, 0.554
 1.912, 0.522
 1.918, 0.514
 1.909, 0.506
 1.910, 0.531
 1.919, 0.522
 1.920, 0.523
 1.935, 0.522
 1.930, 0.506
 1.947, 0.490
 1.969, 0.450
 1.957, 0.418
 1.957, 0.418
 1.948, 0.442
 1.942, 0.450
 1.946, 0.458
 1.948, 0.442
 1.983, 0.425
 1.990, 0.433
 2.008, 0.482
 2.018, 0.529
 2.035, 0.545
 2.040, 0.553
 2.024, 0.553
 2.039, 0.546
 2.055, 0.561
 2.066, 0.554
 2.073, 0.513
 2.077, 0.473
 2.055, 0.401
 2.035, 0.337
 2.003, 0.289
 2.010, 0.265
 2.058, 0.265
 2.095, 0.296
 2.119, 0.288
 2.124, 0.272
 2.093, 0.288
 2.064, 0.312
 2.064, 0.345
 2.066, 0.385
 2.066, 0.417
 2.049, 0.433
 2.042, 0.473
 2.016, 0.522
 1.999, 0.586
 1.999, 0.618
 1.981, 0.618
 1.963, 0.586
 1.983, 0.586
 1.973, 0.627
 1.959, 0.643
 1.964, 0.651
 1.943, 0.618
 1.928, 0.586
 1.944, 0.586
 1.940, 0.595
 1.951, 0.603
 1.931, 0.619
 1.948, 0.619
 1.950, 0.594
 1.968, 0.530
 1.972, 0.498
 1.962, 0.474
 1.921, 0.466
 1.919, 0.482
 1.906, 0.466
 1.909, 0.466
 1.917, 0.474
 1.919, 0.490
 1.906, 0.498
 1.888, 0.499
 1.878, 0.475
 1.868, 0.483
 1.872, 0.483
 1.871, 0.515
 1.848, 0.539
 1.837, 0.563
 1.849, 0.563
 1.899, 0.563
 1.942, 0.554
 1.956, 0.579
 1.958, 0.595
 1.948, 0.635
 1.949, 0.683
 1.906, 0.740
 1.899, 0.716
 1.899, 0.716
 1.920, 0.707
 1.937, 0.723
 1.979, 0.722
 2.011, 0.705
 2.038, 0.713
 2.091, 0.697
 2.119, 0.715
 2.143, 0.739
 2.155, 0.738
 2.186, 0.737
 2.182, 0.689
 2.201, 0.673
 2.208, 0.649
 2.212, 0.649
 2.219, 0.673
 2.206, 0.665
 2.208, 0.681
 2.225, 0.681
 2.203, 0.673
 2.206, 0.706
 2.188, 0.706
 2.188, 0.722
 2.194, 0.713
 2.213, 0.697
 2.215, 0.681
 2.185, 0.705
 2.169, 0.705
 2.130, 0.721
 2.130, 0.721
 2.132, 0.721
 2.140, 0.729
 2.153, 0.721
 2.185, 0.737
 2.180, 0.746
 2.189, 0.738
 2.176, 0.729
 2.197, 0.697
 2.193, 0.681
 2.184, 0.673
 2.169, 0.705
 2.158, 0.713
 2.155, 0.721
 2.153, 0.705
 2.137, 0.689
 2.144, 0.697
 2.149, 0.705
 2.175, 0.713
 2.192, 0.729
 2.162, 0.729
 2.148, 0.762
 2.128, 0.761
 2.105, 0.786
 2.087, 0.786
 2.087, 0.786
 2.074, 0.777
 2.070, 0.761
 2.061, 0.762
 2.063, 0.762
 2.059, 0.723
 2.045, 0.707
 2.023, 0.706
 2.008, 0.707
 1.997, 0.715
 1.964, 0.731
 1.946, 0.763
 1.942, 0.762
 1.946, 0.763
 1.944, 0.779
 1.931, 0.795
 1.940, 0.803
 1.937, 0.819
 1.939, 0.836
 1.962, 0.859
 1.969, 0.851
 1.988, 0.851
 1.995, 0.827
 1.991, 0.819
 1.997, 0.827
 2.004, 0.819
 2.028, 0.794
 2.043, 0.794
 2.054, 0.802
 2.063, 0.826
 2.087, 0.834
 2.096, 0.842
 2.109, 0.825
 2.131, 0.826
 2.129, 0.810
 2.139, 0.802
 2.155, 0.802
 2.168, 0.785
 2.186, 0.785
 2.166, 0.769
 2.194, 0.761
 2.196, 0.745
 2.220, 0.721
 2.222, 0.705
 2.211, 0.697
 2.192, 0.697
 2.176, 0.681
 2.150, 0.657
 2.138, 0.641
 2.128, 0.617
 2.119, 0.625
 2.119, 0.641
 2.101, 0.641
 2.108, 0.642
 2.097, 0.650
 2.073, 0.658
 2.075, 0.690
 2.045, 0.714
 2.031, 0.730
 2.036, 0.754
 2.029, 0.762
 2.038, 0.770
 2.020, 0.786
 2.016, 0.795
 2.005, 0.803
 2.005, 0.787
 1.998, 0.779
 1.995, 0.762
 2.004, 0.738
 1.993, 0.730
 1.987, 0.706
 1.996, 0.682
 2.003, 0.674
 2.018, 0.667
 2.018, 0.650
 1.994, 0.627
 1.963, 0.611
 1.942, 0.627
 1.948, 0.619
 1.931, 0.610
 1.924, 0.586
 1.919, 0.578
 1.919, 0.562
 1.902, 0.571
 1.885, 0.619
 1.837, 0.652
 1.810, 0.676
 1.788, 0.676
 1.797, 0.652
 1.779, 0.652
 1.763, 0.684
 1.758, 0.725
 1.747, 0.716
 1.748, 0.700
 1.730, 0.652
 1.724, 0.628
 1.711, 0.629
 1.718, 0.637
 1.717, 0.653
 1.705, 0.628
 1.704, 0.612
 1.732, 0.604
 1.750, 0.604
 1.754, 0.620
 1.721, 0.621
 1.714, 0.629
 1.712, 0.613
 1.714, 0.604
 1.739, 0.612
 1.762, 0.620
 1.773, 0.612
 1.765, 0.604
 1.765, 0.572
 1.792, 0.548
 1.800, 0.523
 1.826, 0.515
 1.837, 0.539
 1.815, 0.539
 1.808, 0.531
 1.812, 0.523
 1.830, 0.491
 1.848, 0.491
 1.856, 0.483
 1.885, 0.474
 1.876, 0.466
 1.892, 0.450
 1.890, 0.418
 1.895, 0.394
 1.922, 0.370
 1.938, 0.354
 1.939, 0.354
 1.933, 0.345
 1.915, 0.330
 1.893, 0.273
 1.865, 0.250
 1.858, 0.226
 1.857, 0.242
 1.853, 0.258
 1.864, 0.266
 1.856, 0.274
 1.843, 0.274
 1.828, 0.274
 1.799, 0.266
 1.785, 0.266
 1.780, 0.251
 1.763, 0.219
 1.796, 0.187
 1.788, 0.147
 1.826, 0.129
 1.881, 0.121
 1.919, 0.104
 1.921, 0.120
 1.910, 0.112
 1.886, 0.120
 1.856, 0.130
 1.814, 0.138
 1.781, 0.139
 1.765, 0.171
 1.752, 0.234
 1.752, 0.267
 1.735, 0.299
 1.720, 0.331
 1.692, 0.355
 1.668, 0.380
 1.634, 0.396
 1.602, 0.412
 1.592, 0.453
 1.588, 0.501
 1.615, 0.525
 1.624, 0.533
 1.618, 0.557
 1.597, 0.565
 1.594, 0.581
 1.627, 0.581
 1.624, 0.581
 1.607, 0.597
 1.600, 0.621
 1.591, 0.629
 1.579, 0.630
 1.603, 0.621
 1.601, 0.621
 1.610, 0.645
 1.639, 0.661
 1.649, 0.653
 1.649, 0.653
 1.640, 0.661
 1.634, 0.685
 1.640, 0.709
 1.669, 0.733
 1.666, 0.749
 1.651, 0.749
 1.652, 0.750
 1.634, 0.766
 1.635, 0.766
 1.647, 0.765
 1.670, 0.772
 1.680, 0.797
 1.673, 0.805
 1.690, 0.815
 1.697, 0.806
 1.685, 0.798
 1.676, 0.806
 1.672, 0.805
 1.690, 0.805
 1.697, 0.797
 1.715, 0.797
 1.744, 0.789
 1.750, 0.765
 1.785, 0.749
 1.806, 0.724
 1.798, 0.684
 1.794, 0.660
 1.776, 0.660
 1.776, 0.692
 1.789, 0.708
 1.780, 0.716
 1.774, 0.708
 1.772, 0.692
 1.768, 0.701
 1.767, 0.716
 1.751, 0.701
 1.750, 0.733
 1.715, 0.749
 1.726, 0.757
 1.717, 0.749
 1.726, 0.741
 1.734, 0.765
 1.738, 0.756
 1.747, 0.764
 1.754, 0.772
 1.773, 0.756
 1.777, 0.757
 1.752, 0.733
 1.753, 0.749
 1.759, 0.789
 1.758, 0.821
 1.758, 0.821
 1.747, 0.828
 1.726, 0.837
 1.724, 0.885
 1.713, 0.941
 1.712, 0.989
 1.694, 1.021
 1.683, 1.055
 1.675, 1.079
 1.702, 1.072
 1.717, 1.039
 1.711, 1.037
 1.722, 1.014
 1.739, 0.997
 1.757, 0.982
 1.784, 0.990
 1.805, 0.965
 1.823, 0.933
 1.828, 0.908
 1.845, 0.892
 1.865, 0.876
 1.865, 0.860
 1.885, 0.845
 1.891, 0.836
 1.873, 0.788
 1.880, 0.796
 1.886, 0.787
 1.890, 0.788
 1.899, 0.796
 1.900, 0.780
 1.909, 0.788
 1.890, 0.788
 1.890, 0.788
 1.870, 0.787
 1.848, 0.780
 1.858, 0.772
 1.849, 0.764
 1.860, 0.756
 1.849, 0.748
 1.816, 0.748
 1.792, 0.773
 1.765, 0.764
 1.762, 0.789
 1.735, 0.813
 1.733, 0.829
 1.740, 0.853
 1.737, 0.884
 1.733, 0.893
 1.716, 0.909
 1.700, 0.910
 1.709, 0.934
 1.714, 0.925
 1.747, 0.925
 1.772, 0.916
 1.766, 0.909
 1.786, 0.894
 1.784, 0.893
 1.778, 0.870
 1.774, 0.853
 1.772, 0.852
 1.783, 0.861
 1.798, 0.860
 1.801, 0.861
 1.791, 0.852
 1.765, 0.845
 1.757, 0.837
 1.764, 0.844
 1.769, 0.845
 1.774, 0.853
 1.765, 0.828
 1.793, 0.805
 1.773, 0.788
 1.793, 0.789
 1.775, 0.804
 1.772, 0.804
 1.779, 0.796
 1.770, 0.772
 1.778, 0.757
 1.773, 0.765
 1.788, 0.765
 1.793, 0.756
 1.795, 0.731
 1.804, 0.723
 1.815, 0.715
 1.802, 0.748
 1.805, 0.781
 1.819, 0.796
 1.850, 0.812
 1.871, 0.803
 1.886, 0.819
 1.889, 0.819
 1.869, 0.819
 1.865, 0.796
 1.865, 0.763
 1.874, 0.739
 1.885, 0.716
 1.884, 0.699
 1.878, 0.676
 1.859, 0.627
 1.838, 0.611
 1.840, 0.611
 1.845, 0.619
 1.850, 0.603
 1.842, 0.595
 1.837, 0.587
 1.812, 0.596
 1.783, 0.588
 1.767, 0.588
 1.756, 0.580
 1.748, 0.572
 1.758, 0.564
 1.751, 0.572
 1.739, 0.572
 1.728, 0.596
 1.725, 0.580
 1.757, 0.580
 1.770, 0.563
 1.766, 0.572
 1.767, 0.588
 1.767, 0.588
 1.760, 0.580
 1.747, 0.588
 1.742, 0.596
 1.758, 0.612
 1.762, 0.628
 1.771, 0.636
 1.765, 0.636
 1.773, 0.644
 1.781, 0.652
 1.796, 0.667
 1.817, 0.700
 1.834, 0.716
 1.843, 0.724
 1.858, 0.723
 1.873, 0.723
 1.867, 0.748
 1.872, 0.755
 1.876, 0.756
 1.900, 0.747
 1.916, 0.747
 1.931, 0.747
 1.935, 0.738
 1.924, 0.739
 1.918, 0.731
 1.902, 0.732
 1.887, 0.764
 1.873, 0.771
 1.872, 0.755
 1.869, 0.771
 1.856, 0.771
 1.879, 0.788
 1.868, 0.796
 1.877, 0.804
 1.883, 0.796
 1.889, 0.771
 1.891, 0.755
 1.865, 0.747
 1.868, 0.748
 1.859, 0.756
 1.841, 0.756
 1.834, 0.780
 1.815, 0.780
 1.799, 0.764
 1.792, 0.740
 1.767, 0.716
 1.793, 0.708
 1.781, 0.700
 1.760, 0.692
 1.744, 0.709
 1.728, 0.709
 1.714, 0.725
 1.701, 0.733
 1.692, 0.741
 1.715, 0.748
 1.737, 0.740
 1.757, 0.724
 1.756, 0.708
 1.736, 0.717
 1.736, 0.717
 1.742, 0.692
 1.744, 0.676
 1.742, 0.644
 1.747, 0.629
 1.777, 0.628
 1.760, 0.644
 1.763, 0.644
 1.757, 0.628
 1.753, 0.604
 1.751, 0.620
 1.724, 0.612
 1.717, 0.620
 1.695, 0.604
 1.665, 0.604
 1.635, 0.621
 1.628, 0.661
 1.614, 0.678
 1.609, 0.677
 1.578, 0.678
 1.577, 0.678
 1.576, 0.677
 1.586, 0.686
 1.599, 0.685
 1.626, 0.661
 1.667, 0.637
 1.706, 0.644
 1.735, 0.652
 1.742, 0.660
 1.786, 0.668
 1.801, 0.668
 1.823, 0.675
 1.841, 0.676
 1.855, 0.691
 1.850, 0.684
 1.841, 0.659
 1.823, 0.627
 1.836, 0.620
 1.808, 0.644
 1.810, 0.660
 1.816, 0.684
 1.805, 0.675
 1.792, 0.660
 1.765, 0.684
 1.753, 0.685
 1.751, 0.716
 1.750, 0.732
 1.742, 0.740
 1.731, 0.748
 1.709, 0.757
 1.701, 0.749
 1.685, 0.749
 1.677, 0.789
 1.668, 0.797
 1.679, 0.806
 1.685, 0.781
 1.674, 0.789
 1.676, 0.773
 1.665, 0.781
 1.676, 0.773
 1.658, 0.773
 1.650, 0.765
 1.653, 0.782
 1.633, 0.781
 1.643, 0.773
 1.656, 0.741
 1.665, 0.733
 1.670, 0.717
 1.661, 0.709
 1.655, 0.718
 1.647, 0.726
 1.635, 0.701
 1.626, 0.677
 1.624, 0.661
 1.625, 0.645
 1.627, 0.661
 1.618, 0.685
 1.629, 0.694
 1.626, 0.693
 1.621, 0.686
 1.619, 0.685
 1.585, 0.685
 1.586, 0.670
 1.582, 0.653
 1.585, 0.621
 1.594, 0.597
 1.595, 0.613
 1.622, 0.621
 1.627, 0.597
 1.636, 0.573
 1.625, 0.565
 1.617, 0.557
 1.620, 0.525
 1.618, 0.509
 1.627, 0.484
 1.618, 0.460
 1.600, 0.445
 1.587, 0.429
 1.556, 0.429
 1.525, 0.413
 1.508, 0.429
 1.504, 0.461
 1.533, 0.477
 1.561, 0.461
 1.589, 0.453
 1.606, 0.437
 1.614, 0.444
 1.611, 0.453
 1.612, 0.436
 1.632, 0.420
 1.672, 0.380
 1.684, 0.331
 1.678, 0.323
 1.653, 0.299
 1.607, 0.299
 1.607, 0.316
 1.613, 0.356
 1.620, 0.396
 1.638, 0.388
 1.641, 0.372
 1.667, 0.380
 1.686, 0.379
 1.690, 0.363
 1.705, 0.363
 1.713, 0.371
 1.718, 0.379
 1.709, 0.387
 1.705, 0.395
 1.688, 0.379
 1.680, 0.371
 1.663, 0.388
 1.641, 0.372
 1.643, 0.388
 1.659, 0.404
 1.670, 0.428
 1.686, 0.412
 1.691, 0.420
 1.702, 0.428
 1.692, 0.436
 1.686, 0.460
 1.686, 0.492
 1.677, 0.516
 1.686, 0.524
 1.683, 0.524
 1.694, 0.484
 1.694, 0.484
 1.677, 0.484
 1.687, 0.492
 1.690, 0.500
 1.675, 0.468
 1.675, 0.468
 1.675, 0.468
 1.654, 0.492
 1.634, 0.508
 1.627, 0.517
 1.610, 0.533
 1.594, 0.549
 1.602, 0.557
 1.600, 0.541
 1.616, 0.541
 1.634, 0.525
 1.634, 0.525
 1.613, 0.533
 1.587, 0.525
 1.581, 0.517
 1.557, 0.525
 1.544, 0.533
 1.552, 0.541
 1.581, 0.557
 1.600, 0.557
 1.625, 0.565
 1.635, 0.557
 1.630, 0.581
 1.627, 0.581
 1.628, 0.597
 1.638, 0.605
 1.635, 0.605
 1.644, 0.613
 1.642, 0.613
 1.642, 0.629
 1.653, 0.637
 1.667, 0.621
 1.670, 0.621
 1.669, 0.605
 1.686, 0.588
 1.699, 0.572
 1.671, 0.548
 1.691, 0.516
 1.683, 0.524
 1.704, 0.524
 1.709, 0.540
 1.674, 0.524
 1.656, 0.508
 1.651, 0.492
 1.649, 0.460
 1.632, 0.444
 1.624, 0.436
 1.621, 0.460
 1.603, 0.461
 1.571, 0.461
 1.569, 0.445
 1.550, 0.429
 1.553, 0.413
 1.536, 0.413
 1.505, 0.413
 1.495, 0.437
 1.492, 0.437
 1.492, 0.437
 1.501, 0.429
 1.488, 0.429
 1.465, 0.438
 1.448, 0.438
 1.449, 0.454
 1.437, 0.430
 1.421, 0.414
 1.430, 0.438
 1.422, 0.446
 1.426, 0.462
 1.451, 0.454
 1.462, 0.422
 1.489, 0.374
 1.486, 0.374
 1.500, 0.413
 1.494, 0.437
 1.507, 0.445
 1.517, 0.453
 1.538, 0.429
 1.565, 0.437
 1.578, 0.453
 1.586, 0.461
 1.584, 0.461
 1.597, 0.461
 1.609, 0.452
 1.609, 0.452
 1.629, 0.436
 1.630, 0.420
 1.620, 0.412
 1.638, 0.412
 1.643, 0.420
 1.652, 0.412
 1.646, 0.420
 1.645, 0.420
 1.632, 0.436
 1.627, 0.452
 1.635, 0.460
 1.642, 0.452
 1.647, 0.460
 1.620, 0.444
 1.587, 0.445
 1.581, 0.453
 1.578, 0.453
 1.582, 0.445
 1.592, 0.437
 1.575, 0.421
 1.581, 0.420
 1.591, 0.428
 1.606, 0.444
 1.596, 0.453
 1.608, 0.436
 1.607, 0.420
 1.602, 0.444
 1.596, 0.485
 1.599, 0.501
 1.612, 0.501
 1.629, 0.468
 1.626, 0.436
 1.598, 0.413
 1.595, 0.437
 1.586, 0.445
 1.587, 0.429
 1.587, 0.396
 1.626, 0.372
 1.646, 0.356
 1.645, 0.356
 1.636, 0.364
 1.611, 0.372
 1.601, 0.364
 1.595, 0.356
 1.593, 0.340
 1.570, 0.332
 1.563, 0.340
 1.536, 0.381
 1.529, 0.389
 1.518, 0.413
 1.503, 0.413
 1.512, 0.421
 1.486, 0.429
 1.489, 0.429
 1.454, 0.446
 1.445, 0.454
 1.435, 0.446
 1.432, 0.398
 1.436, 0.366
 1.453, 0.349
 1.489, 0.365
 1.512, 0.405
 1.518, 0.413
 1.521, 0.429
 1.520, 0.413
 1.522, 0.397
 1.547, 0.405
 1.584, 0.429
 1.608, 0.436
 1.638, 0.436
 1.652, 0.428
 1.656, 0.412
 1.655, 0.396
 1.680, 0.355
 1.669, 0.331
 1.676, 0.275
 1.700, 0.219
 1.715, 0.171
 1.702, 0.122
 1.710, 0.114
 1.693, 0.131
 1.702, 0.154
 1.716, 0.155
 1.720, 0.138
 1.729, 0.146
 1.728, 0.178
 1.710, 0.227
 1.706, 0.259
 1.699, 0.267
 1.699, 0.267
 1.686, 0.267
 1.671, 0.299
 1.657, 0.308
 1.659, 0.324
 1.649, 0.332
 1.651, 0.348
 1.639, 0.364
 1.639, 0.364
 1.633, 0.388
 1.637, 0.380
 1.609, 0.388
 1.600, 0.412
 1.590, 0.453
 1.586, 0.477
 1.570, 0.493
 1.580, 0.501
 1.587, 0.525
 1.600, 0.525
 1.617, 0.525
 1.600, 0.525
 1.595, 0.501
 1.589, 0.509
 1.585, 0.525
 1.610, 0.517
 1.617, 0.509
 1.610, 0.517
 1.621, 0.525
 1.619, 0.557
 1.613, 0.565
 1.619, 0.573
 1.640, 0.548
 1.672, 0.516
 1.688, 0.500
 1.694, 0.516
 1.661, 0.549
 1.613, 0.549
 1.589, 0.541
 1.570, 0.525
 1.588, 0.525
 1.594, 0.549
 1.600, 0.557
 1.600, 0.589
 1.597, 0.589
 1.593, 0.597
 1.596, 0.597
 1.606, 0.589
 1.606, 0.590
 1.593, 0.597
 1.585, 0.589
 1.585, 0.589
 1.553, 0.573
 1.537, 0.606
 1.535, 0.606
 1.560, 0.614
 1.566, 0.621
 1.584, 0.621
 1.570, 0.638
 1.561, 0.630
 1.555, 0.638
 1.553, 0.638
 1.543, 0.646
 1.551, 0.654
 1.542, 0.646
 1.553, 0.654
 1.579, 0.662
 1.562, 0.678
 1.563, 0.694
 1.576, 0.678
 1.604, 0.670
 1.621, 0.670
 1.636, 0.653
 1.669, 0.653
 1.680, 0.636
 1.682, 0.620
 1.691, 0.596
 1.685, 0.589
 1.662, 0.581
 1.660, 0.565
 1.661, 0.565
 1.667, 0.540
 1.665, 0.508
 1.657, 0.468
 1.649, 0.460
 1.669, 0.460
 1.686, 0.492
 1.709, 0.468
 1.700, 0.444
 1.684, 0.428
 1.663, 0.404
 1.629, 0.388
 1.585, 0.397
 1.585, 0.413
 1.564, 0.413
 1.559, 0.405
 1.553, 0.397
 1.555, 0.381
 1.547, 0.389
 1.552, 0.381
 1.569, 0.381
 1.578, 0.388
 1.554, 0.381
 1.540, 0.397
 1.529, 0.405
 1.496, 0.405
 1.492, 0.421
 1.485, 0.413
 1.478, 0.421
 1.478, 0.405
 1.481, 0.389
 1.470, 0.397
 1.453, 0.398
 1.462, 0.422
 1.460, 0.438
 1.472, 0.445
 1.463, 0.438
 1.462, 0.422
 1.470, 0.430
 1.468, 0.462
 1.453, 0.478
 1.453, 0.494
 1.468, 0.510
 1.478, 0.502
 1.485, 0.494
 1.496, 0.502
 1.497, 0.518
 1.496, 0.550
 1.497, 0.566
 1.510, 0.566
 1.546, 0.566
 1.553, 0.557
 1.543, 0.549
 1.536, 0.574
 1.535, 0.557
 1.537, 0.574
 1.570, 0.589
 1.611, 0.581
 1.612, 0.565
 1.618, 0.573
 1.603, 0.573
 1.594, 0.581
 1.585, 0.605
 1.594, 0.597
 1.609, 0.597
 1.605, 0.605
 1.595, 0.597
 1.601, 0.589
 1.594, 0.581
 1.582, 0.573
 1.568, 0.589
 1.569, 0.605
 1.553, 0.606
 1.571, 0.606
 1.562, 0.614
 1.563, 0.614
 1.562, 0.630
 1.561, 0.646
 1.561, 0.646
 1.542, 0.629
 1.525, 0.630
 1.517, 0.654
 1.533, 0.638
 1.538, 0.622
 1.539, 0.606
 1.531, 0.598
 1.523, 0.606
 1.496, 0.582
 1.495, 0.566
 1.501, 0.542
 1.503, 0.542
 1.496, 0.550
 1.486, 0.590
 1.496, 0.614
 1.494, 0.598
 1.497, 0.598
 1.496, 0.582
 1.502, 0.574
 1.502, 0.574
 1.497, 0.605
 1.510, 0.630
 1.536, 0.638
 1.547, 0.646
 1.533, 0.630
 1.530, 0.646
 1.529, 0.614
 1.535, 0.590
 1.516, 0.606
 1.535, 0.654
 1.535, 0.670
 1.538, 0.670
 1.554, 0.654
 1.561, 0.630
 1.569, 0.638
 1.574, 0.645
 1.585, 0.653
 1.585, 0.637
 1.585, 0.621
 1.571, 0.622
 1.570, 0.621
 1.554, 0.654
 1.577, 0.645
 1.576, 0.661
 1.577, 0.645
 1.576, 0.645
 1.554, 0.654
 1.554, 0.670
 1.562, 0.678
 1.563, 0.662
 1.560, 0.662
 1.571, 0.638
 1.571, 0.638
 1.570, 0.654
 1.578, 0.662
 1.566, 0.669
 1.551, 0.670
 1.568, 0.653
 1.577, 0.645
 1.581, 0.662
 1.588, 0.654
 1.579, 0.630
 1.594, 0.629
 1.592, 0.645
 1.603, 0.653
 1.626, 0.661
 1.644, 0.661
 1.660, 0.677
 1.658, 0.677
 1.660, 0.693
 1.667, 0.701
 1.652, 0.701
 1.662, 0.693
 1.667, 0.701
 1.685, 0.701
 1.691, 0.709
 1.696, 0.693
 1.714, 0.693
 1.721, 0.685
 1.736, 0.685
 1.730, 0.684
 1.729, 0.668
 1.722, 0.676
 1.708, 0.676
 1.720, 0.685
 1.709, 0.709
 1.688, 0.717
 1.679, 0.709
 1.669, 0.685
 1.663, 0.677
 1.661, 0.693
 1.654, 0.701
 1.645, 0.709
 1.608, 0.693
 1.619, 0.701
 1.618, 0.685
 1.636, 0.685
 1.654, 0.669
 1.634, 0.669
 1.619, 0.653
 1.583, 0.653
 1.569, 0.638
 1.563, 0.630
 1.562, 0.630
 1.564, 0.614
 1.570, 0.589
 1.562, 0.549
 1.554, 0.541
 1.578, 0.517
 1.615, 0.484
 1.602, 0.492
 1.563, 0.533
 1.536, 0.541
 1.549, 0.541
 1.553, 0.525
 1.561, 0.549
 1.555, 0.573
 1.556, 0.589
 1.547, 0.581
 1.548, 0.565
 1.537, 0.590
 1.505, 0.590
 1.497, 0.630
 1.479, 0.662
 1.480, 0.662
 1.461, 0.678
 1.472, 0.654
 1.480, 0.662
 1.478, 0.646
 1.490, 0.654
 1.481, 0.678
 1.466, 0.679
 1.457, 0.655
 1.448, 0.647
 1.434, 0.631
 1.432, 0.647
 1.413, 0.663
 1.428, 0.678
 1.410, 0.694
 1.414, 0.695
 1.414, 0.711
 1.423, 0.719
 1.432, 0.743
 1.429, 0.727
 1.439, 0.719
 1.445, 0.695
 1.438, 0.671
 1.455, 0.687
 1.485, 0.686
 1.495, 0.694
 1.503, 0.718
 1.497, 0.710
 1.506, 0.735
 1.496, 0.742
 1.504, 0.750
 1.502, 0.750
 1.494, 0.758
 1.498, 0.775
 1.489, 0.767
 1.498, 0.743
 1.529, 0.726
 1.569, 0.685
 1.602, 0.685
 1.618, 0.701
 1.622, 0.750
 1.605, 0.782
 1.596, 0.822
 1.579, 0.870
 1.584, 0.925
 1.578, 0.998
 1.576, 1.045
 1.610, 1.094
 1.644, 1.110
 1.675, 1.109
 1.696, 1.110
 1.706, 1.103
 1.700, 1.096
 1.694, 1.105
 1.698, 1.095
 1.706, 1.103
 1.727, 1.077
 1.735, 1.085
 1.720, 1.118
 1.734, 1.149
 1.754, 1.166
 1.760, 1.189
 1.760, 1.189
 1.745, 1.206
 1.734, 1.229
 1.730, 1.239
 1.728, 1.271
 1.720, 1.263
 1.720, 1.263
 1.711, 1.255
 1.705, 1.232
 1.704, 1.247
 1.693, 1.222
 1.669, 1.199
 1.642, 1.190
 1.628, 1.191
 1.612, 1.239
 1.586, 1.231
 1.563, 1.257
 1.545, 1.256
 1.537, 1.264
 1.528, 1.272
 1.503, 1.248
 1.487, 1.233
 1.468, 1.215
 1.454, 1.233
 1.429, 1.241
 1.420, 1.217
 1.436, 1.232
 1.441, 1.223
 1.469, 1.216
 1.477, 1.208
 1.504, 1.200
 1.505, 1.217
 1.504, 1.201
 1.506, 1.202
 1.513, 1.193
 1.519, 1.200
 1.528, 1.192
 1.518, 1.215
 1.527, 1.175
 1.527, 1.159
 1.528, 1.144
 1.529, 1.160
 1.519, 1.168
 1.521, 1.152
 1.510, 1.143
 1.504, 1.136
 1.504, 1.136
 1.518, 1.151
 1.526, 1.191
 1.543, 1.223
 1.528, 1.240
 1.530, 1.242
 1.545, 1.241
 1.554, 1.249
 1.559, 1.271
 1.549, 1.262
 1.550, 1.263
 1.534, 1.247
 1.514, 1.258
 1.521, 1.265
 1.521, 1.265
 1.505, 1.282
 1.508, 1.255
 1.519, 1.232
 1.501, 1.215
 1.478, 1.225
 1.472, 1.250
 1.468, 1.264
 1.478, 1.273
 1.485, 1.264
 1.485, 1.264
 1.480, 1.258
 1.470, 1.249
 1.464, 1.242
 1.487, 1.217
 1.501, 1.199
 1.536, 1.184
 1.543, 1.175
 1.563, 1.128
 1.554, 1.104
 1.554, 1.072
 1.554, 1.040
 1.559, 1.014
 1.586, 0.991
 1.594, 0.966
 1.594, 0.950
 1.622, 0.943
 1.645, 0.902
 1.645, 0.870
 1.651, 0.829
 1.636, 0.798
 1.595, 0.790
 1.544, 0.806
 1.498, 0.824
 1.448, 0.824
 1.430, 0.824
 1.423, 0.832
 1.443, 0.839
 1.460, 0.855
 1.491, 0.854
 1.492, 0.854
 1.511, 0.839
 1.537, 0.847
 1.534, 0.856
 1.549, 0.840
 1.554, 0.799
 1.560, 0.774
 1.541, 0.758
 1.535, 0.734
 1.568, 0.718
 1.577, 0.694
 1.581, 0.678
 1.589, 0.670
 1.605, 0.670
 1.621, 0.686
 1.650, 0.685
 1.644, 0.693
 1.624, 0.677
 1.612, 0.661
 1.613, 0.662
 1.637, 0.637
 1.658, 0.653
 1.676, 0.628
 1.676, 0.612
 1.676, 0.580
 1.644, 0.549
 1.640, 0.525
 1.596, 0.517
 1.555, 0.509
 1.495, 0.534
 1.444, 0.566
 1.447, 0.598
 1.420, 0.622
 1.365, 0.615
 1.339, 0.607
 1.304, 0.623
 1.296, 0.648
 1.286, 0.671
 1.279, 0.696
 1.281, 0.696
 1.273, 0.688
 1.241, 0.705
 1.221, 0.736
 1.197, 0.761
 1.181, 0.793
 1.189, 0.801
 1.198, 0.825
 1.221, 0.849
 1.221, 0.881
 1.221, 0.897
 1.229, 0.905
 1.205, 0.930
 1.203, 0.945
 1.213, 0.970
 1.187, 0.994
 1.194, 0.985
 1.221, 1.010
 1.254, 1.042
 1.282, 1.051
 1.305, 1.042
 1.320, 1.025
 1.329, 1.001
 1.351, 0.992
 1.395, 0.984
 1.429, 0.952
 1.461, 0.935
 1.495, 0.919
 1.518, 0.894
 1.529, 0.855
 1.538, 0.831
 1.554, 0.782
 1.572, 0.766
 1.578, 0.774
 1.579, 0.774
 1.588, 0.766
 1.562, 0.726
 1.572, 0.702
 1.547, 0.710
 1.524, 0.686
 1.525, 0.670
 1.506, 0.622
 1.490, 0.590
 1.485, 0.605
 1.486, 0.622
 1.487, 0.670
 1.480, 0.678
 1.458, 0.687
 1.423, 0.703
 1.399, 0.743
 1.407, 0.751
 1.396, 0.743
 1.390, 0.735
 1.380, 0.695
 1.390, 0.703
 1.349, 0.712
 1.314, 0.728
 1.276, 0.737
 1.256, 0.736
 1.249, 0.728
 1.249, 0.728
 1.231, 0.760
 1.209, 0.769
 1.208, 0.753
 1.190, 0.737
 1.173, 0.753
 1.148, 0.761
 1.133, 0.761
 1.149, 0.745
 1.141, 0.737
 1.158, 0.705
 1.147, 0.649
 1.115, 0.617
 1.112, 0.633
 1.115, 0.665
 1.124, 0.689
 1.147, 0.665
 1.157, 0.609
 1.189, 0.576
 1.207, 0.560
 1.223, 0.544
 1.230, 0.520
 1.248, 0.520
 1.263, 0.503
 1.264, 0.503
 1.281, 0.519
 1.280, 0.535
 1.305, 0.543
 1.328, 0.567
 1.346, 0.567
 1.371, 0.559
 1.380, 0.551
 1.389, 0.559
 1.395, 0.567
 1.388, 0.575
 1.421, 0.591
 1.429, 0.598
 1.440, 0.607
 1.446, 0.615
 1.455, 0.623
 1.479, 0.646
 1.477, 0.646
 1.513, 0.662
 1.518, 0.670
 1.519, 0.670
 1.522, 0.670
 1.529, 0.646
 1.524, 0.638
 1.522, 0.638
 1.512, 0.614
 1.513, 0.614
 1.512, 0.582
 1.506, 0.558
 1.505, 0.558
 1.513, 0.534
 1.529, 0.517
 1.537, 0.493
 1.558, 0.493
 1.555, 0.493
 1.546, 0.469
 1.527, 0.453
 1.517, 0.413
 1.512, 0.373
 1.489, 0.349
 1.457, 0.333
 1.439, 0.333
 1.434, 0.366
 1.460, 0.406
 1.474, 0.390
 1.476, 0.373
 1.472, 0.365
 1.465, 0.373
 1.451, 0.373
 1.464, 0.373
 1.479, 0.373
 1.486, 0.381
 1.486, 0.413
 1.481, 0.470
 1.464, 0.486
 1.456, 0.510
 1.448, 0.518
 1.445, 0.518
 1.421, 0.542
 1.412, 0.582
 1.379, 0.631
 1.379, 0.663
 1.369, 0.655
 1.388, 0.655
 1.413, 0.679
 1.399, 0.695
 1.442, 0.720
 1.440, 0.703
 1.442, 0.687
 1.439, 0.671
 1.429, 0.647
 1.432, 0.663
 1.437, 0.654
 1.423, 0.639
 1.446, 0.630
 1.429, 0.614
 1.437, 0.590
 1.435, 0.590
 1.405, 0.607
 1.389, 0.591
 1.391, 0.575
 1.399, 0.551
 1.404, 0.510
 1.415, 0.486
 1.420, 0.478
 1.413, 0.454
 1.398, 0.454
 1.395, 0.454
 1.389, 0.478
 1.379, 0.486
 1.380, 0.502
 1.381, 0.519
 1.389, 0.526
 1.399, 0.518
 1.404, 0.478
 1.404, 0.446
 1.413, 0.454
 1.420, 0.478
 1.447, 0.470
 1.431, 0.454
 1.438, 0.446
 1.440, 0.446
 1.437, 0.446
 1.433, 0.454
 1.429, 0.470
 1.436, 0.446
 1.462, 0.454
 1.479, 0.453
 1.481, 0.470
 1.464, 0.486
 1.456, 0.494
 1.450, 0.502
 1.447, 0.502
 1.473, 0.478
 1.454, 0.478
 1.460, 0.518
 1.452, 0.542
 1.427, 0.582
 1.417, 0.599
 1.409, 0.623
 1.417, 0.599
 1.424, 0.591
 1.419, 0.606
 1.419, 0.622
 1.420, 0.638
 1.437, 0.638
 1.423, 0.623
 1.437, 0.622
 1.438, 0.606
 1.437, 0.606
 1.446, 0.598
 1.447, 0.614
 1.437, 0.590
 1.441, 0.558
 1.432, 0.566
 1.439, 0.574
 1.472, 0.574
 1.485, 0.542
 1.504, 0.509
 1.496, 0.502
 1.480, 0.502
 1.489, 0.526
 1.494, 0.518
 1.496, 0.502
 1.463, 0.502
 1.480, 0.502
 1.498, 0.502
 1.504, 0.509
 1.514, 0.501
 1.527, 0.501
 1.520, 0.509
 1.530, 0.517
 1.539, 0.541
 1.534, 0.550
 1.532, 0.550
 1.529, 0.533
 1.538, 0.509
 1.544, 0.501
 1.572, 0.509
 1.556, 0.525
 1.563, 0.517
 1.547, 0.533
 1.542, 0.533
 1.553, 0.541
 1.554, 0.525
 1.554, 0.525
 1.549, 0.517
 1.539, 0.541
 1.538, 0.525
 1.553, 0.509
 1.544, 0.501
 1.554, 0.493
 1.536, 0.525
 1.505, 0.558
 1.521, 0.590
 1.521, 0.606
 1.530, 0.614
 1.545, 0.581
 1.540, 0.606
 1.523, 0.622
 1.523, 0.638
 1.499, 0.663
 1.486, 0.670
 1.496, 0.662
 1.511, 0.662
 1.503, 0.622
 1.521, 0.638
 1.528, 0.678
 1.530, 0.694
 1.544, 0.694
 1.551, 0.653
 1.546, 0.646
 1.561, 0.629
 1.588, 0.638
 1.598, 0.678
 1.581, 0.694
 1.591, 0.686
 1.597, 0.678
 1.599, 0.694
 1.605, 0.718
 1.617, 0.733
 1.620, 0.766
 1.625, 0.773
 1.610, 0.741
 1.603, 0.734
 1.586, 0.750
 1.596, 0.790
 1.595, 0.806
 1.621, 0.782
 1.621, 0.734
 1.636, 0.685
 1.622, 0.670
 1.610, 0.661
 1.620, 0.653
 1.618, 0.669
 1.644, 0.677
 1.665, 0.677
 1.679, 0.661
 1.671, 0.653
 1.686, 0.653
 1.691, 0.644
 1.710, 0.628
 1.724, 0.628
 1.745, 0.628
 1.773, 0.620
 1.761, 0.628
 1.753, 0.620
 1.725, 0.628
 1.735, 0.620
 1.740, 0.628
 1.742, 0.628
 1.739, 0.653
 1.730, 0.661
 1.730, 0.628
 1.736, 0.636
 1.733, 0.636
 1.718, 0.636
 1.725, 0.644
 1.713, 0.645
 1.721, 0.669
 1.703, 0.669
 1.697, 0.661
 1.693, 0.677
 1.679, 0.693
 1.688, 0.717
 1.668, 0.765
 1.676, 0.789
 1.681, 0.813
 1.677, 0.805
 1.671, 0.830
 1.677, 0.838
 1.662, 0.838
 1.649, 0.845
 1.652, 0.830
 1.668, 0.813
 1.677, 0.805
 1.690, 0.798
 1.687, 0.797
 1.661, 0.790
 1.658, 0.789
 1.640, 0.757
 1.645, 0.741
 1.645, 0.725
 1.647, 0.710
 1.662, 0.693
 1.642, 0.677
 1.642, 0.677
 1.616, 0.685
 1.593, 0.677
 1.584, 0.733
 1.573, 0.757
 1.577, 0.774
 1.586, 0.798
 1.591, 0.799
 1.568, 0.807
 1.549, 0.791
 1.556, 0.799
 1.543, 0.806
 1.526, 0.822
 1.518, 0.814
 1.494, 0.806
 1.492, 0.816
 1.474, 0.832
 1.474, 0.864
 1.489, 0.863
 1.477, 0.838
 1.471, 0.815
 1.471, 0.815
 1.481, 0.807
 1.464, 0.807
 1.461, 0.807
 1.463, 0.807
 1.460, 0.806
 1.454, 0.783
 1.457, 0.784
 1.437, 0.799
 1.440, 0.800
 1.453, 0.799
 1.462, 0.791
 1.471, 0.783
 1.463, 0.775
 1.473, 0.767
 1.489, 0.767
 1.471, 0.767
 1.495, 0.774
 1.503, 0.798
 1.505, 0.799
 1.513, 0.807
 1.522, 0.783
 1.522, 0.783
 1.536, 0.750
 1.554, 0.750
 1.545, 0.742
 1.555, 0.750
 1.557, 0.767
 1.569, 0.750
 1.561, 0.742
 1.560, 0.726
 1.554, 0.718
 1.548, 0.742
 1.537, 0.750
 1.531, 0.759
 1.545, 0.742
 1.570, 0.734
 1.580, 0.726
 1.572, 0.718
 1.574, 0.735
 1.546, 0.774
 1.546, 0.823
 1.546, 0.855
 1.552, 0.862
 1.579, 0.854
 1.580, 0.871
 1.573, 0.879
 1.562, 0.871
 1.568, 0.846
 1.601, 0.798
 1.640, 0.772
 1.641, 0.757
 1.663, 0.806
 1.640, 0.831
 1.629, 0.848
 1.620, 0.872
 1.602, 0.872
 1.598, 0.887
 1.583, 0.910
 1.583, 0.942
 1.555, 0.981
 1.573, 1.013
 1.592, 1.078
 1.604, 1.119
 1.627, 1.154
 1.659, 1.169
 1.675, 1.152
 1.696, 1.110
 1.685, 1.069
 1.668, 1.069
 1.617, 1.101
 1.595, 1.110
 1.550, 1.129
 1.492, 1.153
 1.500, 1.161
 1.504, 1.215
 1.528, 1.255
 1.546, 1.255
 1.551, 1.213
 1.564, 1.175
 1.576, 1.153
 1.583, 1.144
 1.600, 1.160
 1.590, 1.135
 1.576, 1.105
 1.580, 1.063
 1.573, 1.055
 1.583, 1.096
 1.580, 1.127
 1.589, 1.135
 1.619, 1.134
 1.660, 1.093
 1.662, 1.094
 1.645, 1.110
 1.665, 1.127
 1.670, 1.134
 1.672, 1.135
 1.697, 1.127
 1.694, 1.094
 1.723, 1.071
 1.738, 1.070
 1.737, 1.053
 1.753, 1.069
 1.741, 1.044
 1.779, 1.029
 1.796, 1.013
 1.801, 0.988
 1.827, 0.996
 1.827, 0.996
 1.870, 0.972
 1.877, 0.932
 1.888, 0.876
 1.880, 0.900
 1.853, 0.924
 1.864, 0.949
 1.838, 0.941
 1.804, 0.941
 1.799, 0.934
 1.768, 0.956
 1.759, 0.996
 1.741, 1.028
 1.751, 1.037
 1.769, 1.053
 1.769, 1.053
 1.756, 1.038
 1.748, 1.063
 1.739, 1.055
 1.740, 1.071
 1.712, 1.078
 1.721, 1.086
 1.718, 1.085
 1.709, 1.077
 1.713, 1.095
 1.712, 1.110
 1.723, 1.119
 1.721, 1.102
 1.720, 1.086
 1.712, 1.078
 1.709, 1.061
 1.729, 1.030
 1.718, 1.037
 1.703, 1.022
 1.699, 1.031
 1.678, 1.030
 1.679, 1.014
 1.670, 1.006
 1.671, 0.990
 1.663, 0.982
 1.670, 0.974
 1.681, 0.950
 1.665, 0.934
 1.637, 0.942
 1.630, 0.950
 1.612, 0.950
 1.591, 0.943
 1.581, 0.951
 1.548, 0.951
 1.548, 0.951
 1.527, 0.950
 1.521, 0.958
 1.505, 0.959
 1.507, 0.943
 1.500, 0.936
 1.506, 0.943
 1.532, 0.919
 1.531, 0.919
 1.531, 0.887
 1.517, 0.888
 1.498, 0.903
 1.483, 0.936
 1.490, 0.960
 1.497, 0.951
 1.523, 0.911
 1.553, 0.910
 1.548, 0.903
 1.549, 0.919
 1.538, 0.911
 1.531, 0.919
 1.513, 0.919
 1.515, 0.919
 1.505, 0.927
 1.489, 0.943
 1.499, 0.968
 1.489, 0.976
 1.482, 0.952
 1.481, 0.935
 1.472, 0.927
 1.474, 0.944
 1.480, 0.951
 1.489, 0.976
 1.514, 0.999
 1.522, 1.007
 1.523, 1.007
 1.520, 0.990
 1.515, 0.984
 1.513, 0.983
 1.530, 0.983
 1.547, 0.999
 1.556, 0.991
 1.568, 1.000
 1.559, 0.992
 1.539, 0.991
 1.546, 1.015
 1.550, 1.005
 1.569, 1.022
 1.570, 1.038
 1.580, 1.047
 1.584, 1.049
 1.590, 1.040
 1.627, 1.014
 1.612, 1.031
 1.592, 1.057
 1.601, 1.033
 1.589, 0.992
 1.605, 0.975
 1.619, 0.990
 1.633, 1.021
 1.612, 1.047
 1.579, 1.063
 1.608, 1.040
 1.582, 1.032
 1.581, 1.015
 1.573, 0.976
 1.576, 0.950
 1.593, 0.902
 1.608, 0.901
 1.601, 0.877
 1.613, 0.886
 1.620, 0.894
 1.623, 0.895
 1.623, 0.895
 1.604, 0.894
 1.604, 0.894
 1.593, 0.918
 1.588, 0.943
 1.572, 0.959
 1.572, 0.959
 1.599, 0.967
 1.604, 0.990
 1.605, 0.991
 1.620, 0.974
 1.594, 0.950
 1.613, 0.918
 1.602, 0.894
 1.587, 0.894
 1.589, 0.911
 1.579, 0.886
 1.588, 0.895
 1.592, 0.885
 1.579, 0.886
 1.589, 0.911
 1.598, 0.935
 1.608, 0.927
 1.607, 0.911
 1.614, 0.903
 1.622, 0.910
 1.604, 0.910
 1.607, 0.911
 1.620, 0.894
 1.629, 0.870
 1.620, 0.878
 1.628, 0.886
 1.614, 0.886
 1.628, 0.886
 1.605, 0.894
 1.605, 0.894
 1.579, 0.886
 1.564, 0.887
 1.579, 0.886
 1.607, 0.879
 1.606, 0.878
 1.586, 0.846
 1.579, 0.854
 1.560, 0.838
 1.547, 0.822
 1.572, 0.830
 1.581, 0.822
 1.582, 0.822
 1.571, 0.814
 1.546, 0.806
 1.539, 0.831
 1.530, 0.823
 1.541, 0.831
 1.530, 0.823
 1.531, 0.823
 1.528, 0.822
 1.516, 0.797
 1.520, 0.782
 1.520, 0.782
 1.541, 0.751
 1.558, 0.750
 1.539, 0.766
 1.532, 0.759
 1.538, 0.750
 1.540, 0.734
 1.533, 0.727
 1.532, 0.710
 1.550, 0.710
 1.540, 0.734
 1.555, 0.734
 1.563, 0.742
 1.545, 0.742
 1.557, 0.734
 1.572, 0.718
 1.573, 0.702
 1.588, 0.734
 1.586, 0.733
 1.606, 0.734
 1.594, 0.725
 1.614, 0.709
 1.623, 0.717
 1.623, 0.717
 1.633, 0.710
 1.605, 0.717
 1.605, 0.701
 1.605, 0.685
 1.604, 0.669
 1.614, 0.677
 1.621, 0.701
 1.599, 0.710
 1.615, 0.726
 1.622, 0.717
 1.631, 0.709
 1.602, 0.685
 1.603, 0.685
 1.597, 0.710
 1.588, 0.734
 1.599, 0.710
 1.596, 0.693
 1.598, 0.661
 1.581, 0.661
 1.579, 0.677
 1.580, 0.678
 1.588, 0.701
 1.607, 0.718
 1.615, 0.693
 1.596, 0.677
 1.573, 0.670
 1.540, 0.670
 1.517, 0.662
 1.525, 0.670
 1.516, 0.694
 1.507, 0.718
 1.468, 0.750
 1.437, 0.767
 1.431, 0.791
 1.398, 0.824
 1.393, 0.832
 1.374, 0.848
 1.373, 0.848
 1.372, 0.864
 1.354, 0.864
 1.341, 0.865
 1.350, 0.873
 1.352, 0.873
 1.350, 0.905
 1.355, 0.912
 1.355, 0.896
 1.347, 0.904
 1.324, 0.913
 1.309, 0.929
 1.315, 0.953
 1.334, 0.953
 1.348, 0.936
 1.372, 0.912
 1.398, 0.888
 1.430, 0.871
 1.473, 0.895
 1.496, 0.903
 1.498, 0.887
 1.515, 0.871
 1.538, 0.830
 1.572, 0.798
 1.596, 0.822
 1.621, 0.830
 1.647, 0.838
 1.686, 0.829
 1.731, 0.805
 1.781, 0.773
 1.797, 0.756
 1.822, 0.780
 1.811, 0.820
 1.831, 0.837
 1.861, 0.836
 1.886, 0.795
 1.912, 0.803
 1.936, 0.779
 1.960, 0.771
 2.005, 0.737
 2.009, 0.738
 2.064, 0.722
 2.112, 0.673
 2.151, 0.617
 2.166, 0.600
 2.179, 0.560
 2.165, 0.496
 2.144, 0.432
 2.100, 0.400
 2.026, 0.425
 1.977, 0.425
 1.925, 0.442
 1.870, 0.442
 1.854, 0.426
 1.860, 0.418
 1.853, 0.410
 1.797, 0.435
 1.745, 0.435
 1.692, 0.444
 1.649, 0.452
 1.581, 0.452
 1.532, 0.437
 1.480, 0.469
 1.434, 0.470
 1.373, 0.478
 1.332, 0.471
 1.301, 0.471
 1.267, 0.471
 1.260, 0.479
 1.241, 0.495
 1.200, 0.504
 1.184, 0.520
 1.164, 0.536
 1.159, 0.560
 1.134, 0.585
 1.110, 0.593
 1.078, 0.626
 1.058, 0.657
 1.044, 0.690
 1.026, 0.722
 1.017, 0.730
 1.017, 0.730
 1.016, 0.762
 1.017, 0.763
 1.041, 0.786
 1.064, 0.826
 1.090, 0.882
 1.098, 0.922
 1.108, 0.947
 1.107, 0.963
 1.106, 0.978
 1.107, 1.027
 1.130, 1.066
 1.141, 1.076
 1.173, 1.059
 1.174, 1.043
 1.190, 1.042
 1.164, 1.034
 1.182, 1.035
 1.190, 1.042
 1.223, 1.026
 1.248, 1.002
 1.272, 0.961
 1.298, 0.937
 1.322, 0.912
 1.370, 0.880
 1.414, 0.888
 1.445, 0.871
 1.472, 0.847
 1.489, 0.799
 1.500, 0.743
 1.492, 0.703
 1.514, 0.694
 1.498, 0.710
 1.480, 0.710
 1.463, 0.710
 1.448, 0.711
 1.437, 0.686
 1.423, 0.703
 1.439, 0.751
 1.440, 0.783
 1.449, 0.791
 1.439, 0.767
 1.442, 0.767
 1.416, 0.760
 1.407, 0.735
 1.425, 0.735
 1.424, 0.719
 1.466, 0.679
 1.491, 0.638
 1.497, 0.614
 1.480, 0.630
 1.470, 0.622
 1.441, 0.590
 1.434, 0.583
 1.418, 0.567
 1.409, 0.559
 1.413, 0.550
 1.414, 0.550
 1.396, 0.550
 1.372, 0.543
 1.359, 0.543
 1.333, 0.535
 1.302, 0.567
 1.291, 0.624
 1.290, 0.655
 1.274, 0.656
 1.282, 0.648
 1.268, 0.648
 1.243, 0.656
 1.226, 0.656
 1.234, 0.664
 1.216, 0.664
 1.218, 0.648
 1.201, 0.649
 1.158, 0.625
 1.141, 0.625
 1.172, 0.656
 1.173, 0.689
 1.181, 0.696
 1.167, 0.681
 1.177, 0.689
 1.200, 0.681
 1.208, 0.673
 1.239, 0.688
 1.256, 0.704
 1.300, 0.728
 1.292, 0.720
 1.286, 0.713
 1.295, 0.721
 1.308, 0.720
 1.308, 0.720
 1.321, 0.719
 1.315, 0.712
 1.307, 0.720
 1.316, 0.712
 1.341, 0.736
 1.363, 0.759
 1.374, 0.767
 1.389, 0.751
 1.407, 0.719
 1.427, 0.719
 1.426, 0.703
 1.434, 0.711
 1.465, 0.743
 1.479, 0.774
 1.497, 0.774
 1.497, 0.774
 1.492, 0.799
 1.484, 0.824
 1.475, 0.848
 1.490, 0.847
 1.479, 0.822
 1.480, 0.839
 1.480, 0.839
 1.471, 0.847
 1.515, 0.871
 1.513, 0.919
 1.516, 0.920
 1.523, 0.928
 1.521, 0.927
 1.522, 0.943
 1.528, 0.951
 1.537, 0.975
 1.545, 0.967
 1.512, 0.967
 1.507, 0.976
 1.496, 1.000
 1.497, 1.016
 1.505, 1.040
 1.520, 1.023
 1.521, 1.024
 1.511, 1.031
 1.488, 1.056
 1.482, 1.049
 1.480, 1.048
 1.498, 1.049
 1.503, 1.055
 1.487, 1.040
 1.477, 1.047
 1.469, 1.039
 1.457, 1.057
 1.448, 1.065
 1.448, 1.065
 1.457, 1.057
 1.454, 1.040
 1.437, 1.024
 1.411, 1.015
 1.380, 0.984
 1.381, 0.969
 1.373, 0.961
 1.400, 0.953
 1.413, 0.919
 1.413, 0.887
 1.398, 0.856
 1.364, 0.824
 1.350, 0.809
 1.333, 0.808
 1.318, 0.825
 1.315, 0.824
 1.337, 0.815
 1.347, 0.808
 1.338, 0.783
 1.324, 0.768
 1.343, 0.752
 1.350, 0.728
 1.351, 0.696
 1.348, 0.679
 1.348, 0.679
 1.324, 0.655
 1.314, 0.647
 1.326, 0.656
 1.357, 0.671
 1.374, 0.671
 1.407, 0.655
 1.414, 0.647
 1.418, 0.631
 1.409, 0.607
 1.421, 0.599
 1.418, 0.566
 1.416, 0.566
 1.416, 0.566
 1.422, 0.558
 1.431, 0.550
 1.440, 0.558
 1.447, 0.566
 1.459, 0.558
 1.458, 0.574
 1.459, 0.558
 1.475, 0.558
 1.488, 0.525
 1.496, 0.533
 1.504, 0.541
 1.499, 0.550
 1.509, 0.558
 1.509, 0.542
 1.495, 0.526
 1.502, 0.501
 1.492, 0.477
 1.489, 0.461
 1.486, 0.445
 1.487, 0.429
 1.480, 0.421
 1.492, 0.429
 1.494, 0.477
 1.484, 0.502
 1.467, 0.518
 1.447, 0.518
 1.438, 0.494
 1.447, 0.486
 1.453, 0.494
 1.464, 0.550
 1.455, 0.574
 1.424, 0.591
 1.427, 0.558
 1.418, 0.534
 1.428, 0.510
 1.448, 0.486
 1.460, 0.470
 1.469, 0.494
 1.471, 0.526
 1.467, 0.534
 1.486, 0.518
 1.478, 0.477
 1.468, 0.486
 1.448, 0.486
 1.424, 0.478
 1.421, 0.478
 1.413, 0.470
 1.398, 0.502
 1.380, 0.502
 1.375, 0.543
 1.365, 0.567
 1.342, 0.607
 1.335, 0.615
 1.325, 0.607
 1.334, 0.615
 1.340, 0.623
 1.323, 0.639
 1.325, 0.672
 1.323, 0.688
 1.334, 0.712
 1.340, 0.736
 1.340, 0.736
 1.349, 0.760
 1.347, 0.775
 1.367, 0.776
 1.373, 0.783
 1.398, 0.775
 1.422, 0.783
 1.429, 0.807
 1.440, 0.831
 1.439, 0.847
 1.449, 0.840
 1.434, 0.840
 1.431, 0.839
 1.440, 0.864
 1.438, 0.863
 1.446, 0.839
 1.448, 0.871
 1.455, 0.863
 1.443, 0.864
 1.441, 0.848
 1.434, 0.824
 1.434, 0.824
 1.439, 0.831
 1.459, 0.848
 1.465, 0.855
 1.465, 0.823
 1.457, 0.815
 1.464, 0.807
 1.450, 0.823
 1.432, 0.839
 1.439, 0.863
 1.423, 0.879
 1.413, 0.887
 1.407, 0.880
 1.407, 0.912
 1.407, 0.944
 1.416, 0.952
 1.396, 0.968
 1.381, 0.968
 1.374, 0.977
 1.359, 0.994
 1.336, 1.035
 1.308, 1.042
 1.300, 1.050
 1.298, 1.050
 1.305, 1.025
 1.329, 1.032
 1.294, 1.048
 1.295, 1.064
 1.312, 1.080
 1.327, 1.079
 1.339, 1.105
 1.366, 1.130
 1.409, 1.155
 1.464, 1.161
 1.470, 1.152
 1.497, 1.129
 1.511, 1.111
 1.539, 1.104
 1.555, 1.104
 1.528, 1.112
 1.528, 1.112
 1.534, 1.119
 1.546, 1.112
 1.553, 1.104
 1.547, 1.081
 1.572, 1.105
 1.593, 1.111
 1.634, 1.166
 1.664, 1.245
 1.689, 1.284
 1.694, 1.319
 1.705, 1.296
 1.709, 1.266
 1.700, 1.225
 1.715, 1.192
 1.716, 1.176
 1.734, 1.165
 1.719, 1.166
 1.719, 1.134
 1.722, 1.103
 1.723, 1.103
 1.745, 1.062
 1.746, 1.046
 1.743, 1.013
 1.727, 0.965
 1.747, 0.950
 1.760, 0.965
 1.778, 0.997
 1.810, 1.013
 1.803, 0.989
 1.806, 0.990
 1.797, 0.949
 1.789, 0.942
 1.798, 0.950
 1.806, 0.941
 1.816, 0.933
 1.804, 0.908
 1.765, 0.917
 1.730, 0.949
 1.704, 0.974
 1.689, 0.974
 1.668, 0.973
 1.647, 0.966
 1.615, 0.983
 1.573, 1.008
 1.534, 1.033
 1.512, 1.063
 1.504, 1.071
 1.479, 1.079
 1.446, 1.080
 1.449, 1.097
 1.425, 1.106
 1.411, 1.123
 1.418, 1.147
 1.406, 1.154
 1.405, 1.153
 1.376, 1.175
 1.361, 1.192
 1.345, 1.209
 1.355, 1.218
 1.374, 1.235
 1.388, 1.249
 1.389, 1.266
 1.370, 1.281
 1.361, 1.289
 1.363, 1.306
 1.345, 1.322
 1.364, 1.339
 1.387, 1.362
 1.386, 1.377
 1.421, 1.411
 1.427, 1.417
 1.454, 1.410
 1.438, 1.394
 1.419, 1.409
 1.420, 1.442
 1.402, 1.473
 1.405, 1.507
 1.430, 1.499
 1.437, 1.490
 1.446, 1.467
 1.443, 1.465
 1.444, 1.481
 1.468, 1.505
 1.470, 1.490
 1.498, 1.468
 1.495, 1.450
 1.505, 1.442
 1.518, 1.456
 1.526, 1.464
 1.537, 1.473
 1.535, 1.488
 1.538, 1.490
 1.556, 1.523
 1.521, 1.538
 1.521, 1.538
 1.508, 1.543
 1.526, 1.544
 1.551, 1.536
 1.561, 1.529
 1.554, 1.538
 1.538, 1.554
 1.547, 1.547
 1.561, 1.529
 1.539, 1.509
 1.531, 1.550
 1.515, 1.598
 1.503, 1.634
 1.496, 1.660
 1.495, 1.675
 1.488, 1.684
 1.495, 1.707
 1.497, 1.741
 1.497, 1.773
 1.479, 1.772
 1.481, 1.773
 1.461, 1.771
 1.445, 1.771
 1.444, 1.786
 1.451, 1.777
 1.454, 1.764
 1.453, 1.730
 1.454, 1.716
 1.454, 1.716
 1.429, 1.675
 1.447, 1.644
 1.445, 1.627
 1.455, 1.587
 1.479, 1.562
 1.469, 1.569
 1.496, 1.562
 1.502, 1.569
 1.488, 1.571
 1.497, 1.563
 1.481, 1.563
 1.490, 1.588
 1.502, 1.601
 1.502, 1.601
 1.494, 1.625
 1.485, 1.633
 1.463, 1.660
 1.478, 1.691
 1.496, 1.708
 1.512, 1.706
 1.500, 1.696
 1.486, 1.714
 1.483, 1.712
 1.483, 1.712
 1.467, 1.728
 1.448, 1.743
 1.452, 1.731
 1.470, 1.732
 1.491, 1.703
 1.525, 1.687
 1.521, 1.668
 1.529, 1.659
 1.508, 1.656
 1.493, 1.625
 1.487, 1.619
 1.488, 1.603
 1.491, 1.606
 1.488, 1.604
 1.504, 1.603
 1.510, 1.577
 1.498, 1.551
 1.468, 1.521
 1.459, 1.497
 1.463, 1.483
 1.463, 1.483
 1.462, 1.466
 1.463, 1.451
 1.454, 1.442
 1.445, 1.418
 1.439, 1.411
 1.421, 1.379
 1.405, 1.363
 1.435, 1.344
 1.452, 1.313
 1.445, 1.305
 1.428, 1.289
 1.407, 1.283
 1.397, 1.290
 1.389, 1.282
 1.389, 1.266
 1.387, 1.233
 1.379, 1.225
 1.379, 1.225
 1.396, 1.241
 1.373, 1.250
 1.355, 1.218
 1.365, 1.227
 1.364, 1.210
 1.355, 1.186
 1.347, 1.178
 1.330, 1.177
 1.332, 1.179
 1.323, 1.170
 1.315, 1.163
 1.315, 1.162
 1.313, 1.162
 1.306, 1.171
 1.329, 1.161
 1.340, 1.170
 1.373, 1.154
 1.378, 1.144
 1.395, 1.160
 1.402, 1.152
 1.379, 1.145
 1.356, 1.154
 1.357, 1.138
 1.359, 1.139
 1.340, 1.154
 1.322, 1.170
 1.322, 1.218
 1.319, 1.233
 1.337, 1.217
 1.329, 1.242
 1.306, 1.251
 1.315, 1.291
 1.296, 1.322
 1.305, 1.347
 1.313, 1.338
 1.329, 1.322
 1.330, 1.339
 1.330, 1.371
 1.340, 1.396
 1.339, 1.411
 1.349, 1.421
 1.340, 1.412
 1.321, 1.395
 1.312, 1.418
 1.310, 1.449
 1.318, 1.473
 1.312, 1.499
 1.313, 1.499
 1.324, 1.478
 1.347, 1.468
 1.355, 1.476
 1.372, 1.492
 1.395, 1.467
 1.398, 1.436
 1.389, 1.380
 1.397, 1.339
 1.403, 1.314
 1.402, 1.265
 1.428, 1.241
 1.436, 1.216
 1.446, 1.177
 1.423, 1.186
 1.430, 1.161
 1.431, 1.146
 1.436, 1.136
 1.418, 1.104
 1.403, 1.120
 1.385, 1.136
 1.372, 1.138
 1.355, 1.138
 1.337, 1.106
 1.312, 1.098
 1.318, 1.104
 1.337, 1.138
 1.330, 1.146
 1.331, 1.163
 1.323, 1.171
 1.330, 1.178
 1.324, 1.188
 1.315, 1.195
 1.329, 1.194
