 0.268,-4.934
 0.294,-4.974
 0.281,-4.982
 0.293,-4.984
 0.307,-5.033
 0.306,-5.050
 0.307,-5.091
 0.332,-5.134
 0.319,-5.217
 0.320,-5.301
 0.319,-5.385
 0.321,-5.444
 0.308,-5.452
 0.308,-5.452
 0.334,-5.461
 0.321,-5.435
 0.322,-5.485
 0.335,-5.426
 0.361,-5.376
 0.360,-5.351
 0.347,-5.343
 0.360,-5.310
 0.372,-5.210
 0.371,-5.178
 0.411,-5.134
 0.385,-5.076
 0.361,-5.092
 0.361,-5.066
 0.361,-5.034
 0.335,-5.041
 0.309,-5.000
 0.297,-5.007
 0.284,-4.983
 0.258,-4.975
 0.233,-4.965
 0.232,-4.949
 0.207,-4.990
 0.207,-4.957
 0.206,-4.974
 0.207,-4.989
 0.181,-4.999
 0.194,-5.023
 0.206,-5.032
 0.207,-5.075
 0.194,-5.091
 0.207,-5.092
 0.219,-5.141
 0.219,-5.141
 0.219,-5.174
 0.259,-5.181
 0.270,-5.149
 0.284,-5.149
 0.309,-5.141
 0.283,-5.133
 0.335,-5.134
 0.321,-5.084
 0.347,-5.075
 0.360,-5.066
 0.360,-5.066
 0.373,-5.058
 0.384,-5.051
 0.385,-5.059
 0.385,-5.076
 0.360,-5.084
 0.373,-5.108
 0.372,-5.092
 0.347,-5.133
 0.346,-5.117
 0.333,-5.134
 0.360,-5.116
 0.346,-5.117
 0.359,-5.109
 0.359,-5.126
 0.359,-5.109
 0.321,-5.132
 0.307,-5.125
 0.281,-5.108
 0.268,-5.033
 0.242,-5.008
 0.242,-4.983
 0.241,-4.933
 0.268,-4.938
 0.255,-4.937
 0.256,-4.969
 0.281,-4.980
 0.280,-4.982
 0.293,-5.024
 0.280,-5.017
 0.306,-5.025
 0.306,-5.040
 0.319,-5.067
 0.346,-5.090
 0.345,-5.125
 0.358,-5.167
 0.396,-5.151
 0.408,-5.126
 0.435,-5.168
 0.433,-5.152
 0.447,-5.168
 0.447,-5.168
 0.420,-5.127
 0.422,-5.126
 0.460,-5.109
 0.460,-5.110
 0.486,-5.118
 0.460,-5.102
 0.460,-5.110
 0.446,-5.085
 0.447,-5.118
 0.473,-5.127
 0.433,-5.111
 0.434,-5.152
 0.447,-5.118
 0.422,-5.159
 0.435,-5.150
 0.435,-5.167
 0.409,-5.192
 0.421,-5.193
 0.408,-5.227
 0.408,-5.209
 0.421,-5.193
 0.435,-5.200
 0.396,-5.200
 0.422,-5.209
 0.409,-5.192
 0.421,-5.193
 0.422,-5.209
 0.409,-5.184
 0.409,-5.184
 0.409,-5.184
 0.408,-5.168
 0.410,-5.160
 0.421,-5.135
 0.448,-5.176
 0.461,-5.167
 0.473,-5.143
 0.461,-5.168
 0.446,-5.135
 0.447,-5.143
 0.447,-5.161
 0.434,-5.169
 0.435,-5.185
 0.421,-5.185
 0.371,-5.200
 0.371,-5.183
 0.371,-5.183
 0.359,-5.182
 0.359,-5.192
 0.371,-5.200
 0.358,-5.208
 0.370,-5.184
 0.371,-5.201
 0.371,-5.175
 0.372,-5.158
 0.410,-5.117
 0.397,-5.093
 0.411,-5.092
 0.384,-5.051
 0.385,-5.067
 0.360,-5.016
 0.372,-5.017
 0.335,-5.016
 0.359,-5.001
 0.334,-5.008
 0.360,-4.958
 0.372,-4.967
 0.361,-4.973
 0.385,-4.933
 0.386,-4.966
 0.360,-4.940
 0.373,-4.942
 0.360,-4.959
 0.359,-4.926
 0.359,-4.976
 0.386,-4.984
 0.372,-4.967
 0.387,-4.981
 0.385,-4.991
 0.399,-5.008
 0.398,-5.025
 0.411,-5.034
 0.398,-5.051
 0.410,-5.051
 0.424,-5.051
 0.424,-5.058
 0.437,-5.059
 0.438,-5.075
 0.423,-5.093
 0.437,-5.110
 0.437,-5.092
 0.437,-5.109
 0.450,-5.084
 0.449,-5.068
 0.450,-5.101
 0.437,-5.110
 0.449,-5.118
 0.437,-5.117
 0.449,-5.118
 0.436,-5.135
 0.438,-5.142
 0.424,-5.143
 0.425,-5.159
 0.398,-5.168
 0.385,-5.184
 0.411,-5.210
 0.385,-5.201
 0.373,-5.243
 0.371,-5.235
 0.372,-5.251
 0.373,-5.266
 0.373,-5.258
 0.373,-5.284
 0.346,-5.293
 0.347,-5.326
 0.359,-5.335
 0.359,-5.326
 0.335,-5.351
 0.347,-5.326
 0.335,-5.351
 0.334,-5.342
 0.347,-5.343
 0.335,-5.368
 0.334,-5.334
 0.322,-5.334
 0.322,-5.333
 0.308,-5.309
 0.321,-5.301
 0.321,-5.259
 0.321,-5.243
 0.334,-5.208
 0.334,-5.209
 0.322,-5.208
 0.321,-5.167
 0.347,-5.150
 0.360,-5.109
 0.372,-5.067
 0.398,-5.025
 0.411,-4.976
 0.411,-4.959
 0.424,-4.943
 0.424,-4.943
 0.450,-4.968
 0.462,-4.927
 0.476,-4.933
 0.490,-4.931
 0.476,-4.933
 0.476,-4.983
 0.474,-4.985
 0.463,-5.017
 0.463,-5.017
 0.462,-5.035
 0.463,-5.050
 0.462,-5.052
 0.437,-5.093
 0.438,-5.143
 0.424,-5.143
 0.399,-5.184
 0.385,-5.177
 0.386,-5.192
 0.386,-5.185
 0.399,-5.193
 0.387,-5.217
 0.372,-5.185
 0.373,-5.201
 0.373,-5.201
 0.373,-5.201
 0.374,-5.184
 0.373,-5.143
 0.362,-5.167
 0.387,-5.167
 0.373,-5.150
 0.399,-5.159
 0.398,-5.160
 0.386,-5.185
 0.385,-5.169
 0.372,-5.195
 0.374,-5.193
 0.386,-5.184
 0.401,-5.225
 0.414,-5.208
 0.387,-5.267
 0.361,-5.293
 0.374,-5.310
 0.374,-5.369
 0.399,-5.394
 0.387,-5.436
 0.375,-5.435
 0.362,-5.460
 0.362,-5.494
 0.363,-5.527
 0.350,-5.553
 0.337,-5.620
 0.336,-5.669
 0.323,-5.720
 0.350,-5.720
 0.337,-5.736
 0.350,-5.712
 0.349,-5.652
 0.349,-5.686
 0.348,-5.678
 0.322,-5.661
 0.349,-5.653
 0.348,-5.636
 0.362,-5.645
 0.349,-5.603
 0.323,-5.578
 0.348,-5.552
 0.335,-5.527
 0.323,-5.502
 0.309,-5.452
 0.322,-5.418
 0.348,-5.377
 0.374,-5.301
 0.375,-5.267
 0.387,-5.225
 0.387,-5.200
 0.374,-5.184
 0.385,-5.144
 0.411,-5.135
 0.385,-5.109
 0.372,-5.075
 0.373,-5.058
 0.372,-5.025
 0.360,-4.999
 0.360,-4.966
 0.333,-4.959
 0.321,-4.949
 0.307,-4.950
 0.321,-4.949
 0.333,-4.958
 0.333,-4.958
 0.308,-4.966
 0.333,-4.958
 0.321,-4.982
 0.308,-4.966
 0.321,-4.949
 0.308,-4.998
 0.321,-4.967
 0.322,-5.032
 0.295,-5.024
 0.296,-5.074
 0.296,-5.108
 0.295,-5.134
 0.296,-5.200
 0.282,-5.201
 0.283,-5.226
 0.283,-5.267
 0.283,-5.284
 0.296,-5.342
 0.322,-5.359
 0.335,-5.418
 0.348,-5.435
 0.347,-5.443
 0.335,-5.468
 0.360,-5.460
 0.335,-5.468
 0.348,-5.460
 0.360,-5.460
 0.348,-5.460
 0.373,-5.452
 0.360,-5.436
 0.347,-5.427
 0.347,-5.394
 0.335,-5.368
 0.347,-5.377
 0.335,-5.360
 0.335,-5.343
 0.334,-5.327
 0.335,-5.343
 0.322,-5.301
 0.309,-5.317
 0.322,-5.301
 0.334,-5.276
 0.336,-5.267
 0.348,-5.276
 0.348,-5.226
 0.374,-5.234
 0.373,-5.218
 0.400,-5.209
 0.373,-5.201
 0.399,-5.193
 0.399,-5.176
 0.410,-5.170
 0.424,-5.177
 0.450,-5.152
 0.463,-5.168
 0.477,-5.175
 0.476,-5.176
 0.489,-5.202
 0.476,-5.227
 0.476,-5.227
 0.489,-5.219
 0.475,-5.219
 0.490,-5.252
 0.501,-5.227
 0.488,-5.236
 0.489,-5.269
 0.526,-5.270
 0.502,-5.311
 0.501,-5.303
 0.501,-5.278
 0.514,-5.269
 0.526,-5.270
 0.540,-5.294
 0.552,-5.295
 0.552,-5.295
 0.539,-5.261
 0.513,-5.253
 0.528,-5.261
 0.514,-5.211
 0.515,-5.219
 0.489,-5.218
 0.475,-5.194
 0.489,-5.194
 0.475,-5.144
 0.476,-5.152
 0.464,-5.143
 0.463,-5.127
 0.451,-5.152
 0.438,-5.135
 0.399,-5.169
 0.386,-5.185
 0.374,-5.193
 0.387,-5.200
 0.400,-5.192
 0.401,-5.217
 0.374,-5.217
 0.386,-5.234
 0.375,-5.259
 0.373,-5.268
 0.361,-5.260
 0.361,-5.267
 0.373,-5.268
 0.361,-5.293
 0.387,-5.285
 0.361,-5.293
 0.361,-5.293
 0.374,-5.294
 0.387,-5.318
 0.399,-5.294
 0.412,-5.319
 0.425,-5.301
 0.411,-5.302
 0.426,-5.285
 0.399,-5.277
 0.412,-5.286
 0.426,-5.277
 0.425,-5.269
 0.413,-5.277
 0.412,-5.260
 0.439,-5.269
 0.413,-5.243
 0.425,-5.244
 0.412,-5.261
 0.425,-5.211
 0.399,-5.219
 0.400,-5.234
 0.386,-5.202
 0.401,-5.217
 0.400,-5.184
 0.401,-5.167
 0.414,-5.209
 0.386,-5.235
 0.387,-5.268
 0.386,-5.252
 0.387,-5.260
 0.387,-5.285
 0.387,-5.285
 0.413,-5.302
 0.413,-5.311
 0.400,-5.310
 0.414,-5.327
 0.412,-5.335
 0.401,-5.343
 0.400,-5.327
 0.412,-5.336
 0.387,-5.343
 0.386,-5.327
 0.400,-5.360
 0.412,-5.335
 0.374,-5.352
 0.399,-5.352
 0.386,-5.327
 0.387,-5.344
 0.399,-5.311
 0.400,-5.327
 0.400,-5.327
 0.399,-5.344
 0.388,-5.351
 0.373,-5.318
 0.374,-5.344
 0.361,-5.361
 0.360,-5.353
 0.349,-5.352
 0.348,-5.343
 0.349,-5.360
 0.336,-5.351
 0.349,-5.359
 0.349,-5.393
 0.336,-5.385
 0.335,-5.393
 0.335,-5.393
 0.322,-5.368
 0.335,-5.393
 0.322,-5.368
 0.336,-5.368
 0.336,-5.368
 0.322,-5.368
 0.348,-5.377
 0.347,-5.369
 0.336,-5.368
 0.348,-5.377
 0.335,-5.377
 0.336,-5.385
 0.322,-5.385
 0.323,-5.402
 0.310,-5.418
 0.322,-5.426
 0.323,-5.443
 0.335,-5.410
 0.361,-5.418
 0.374,-5.427
 0.348,-5.419
 0.387,-5.444
 0.373,-5.444
 0.374,-5.461
 0.374,-5.478
 0.373,-5.461
 0.387,-5.494
 0.399,-5.486
 0.400,-5.503
 0.387,-5.519
 0.413,-5.528
 0.427,-5.553
 0.438,-5.544
 0.451,-5.562
 0.464,-5.570
 0.463,-5.554
 0.490,-5.596
 0.488,-5.579
 0.515,-5.596
 0.515,-5.596
 0.514,-5.613
 0.541,-5.622
 0.528,-5.630
 0.528,-5.613
 0.554,-5.613
 0.527,-5.604
 0.528,-5.638
 0.539,-5.605
 0.527,-5.605
 0.527,-5.604
 0.514,-5.613
 0.502,-5.613
 0.514,-5.612
 0.501,-5.629
 0.502,-5.655
 0.463,-5.663
 0.489,-5.671
 0.476,-5.704
 0.464,-5.705
 0.464,-5.696
 0.424,-5.704
 0.425,-5.729
 0.424,-5.737
 0.399,-5.779
 0.424,-5.771
 0.399,-5.795
 0.425,-5.788
 0.425,-5.754
 0.439,-5.763
 0.426,-5.771
 0.437,-5.763
 0.412,-5.771
 0.411,-5.754
 0.412,-5.763
 0.386,-5.737
 0.412,-5.712
 0.424,-5.704
 0.411,-5.678
 0.399,-5.679
 0.398,-5.629
 0.399,-5.620
 0.387,-5.595
 0.372,-5.545
 0.360,-5.469
 0.360,-5.418
 0.347,-5.376
 0.347,-5.359
 0.347,-5.326
 0.335,-5.318
 0.347,-5.301
 0.334,-5.284
 0.360,-5.293
 0.347,-5.268
 0.360,-5.293
 0.398,-5.276
 0.386,-5.243
 0.412,-5.226
 0.411,-5.210
 0.424,-5.227
 0.412,-5.218
 0.423,-5.211
 0.437,-5.210
 0.437,-5.160
 0.477,-5.175
 0.478,-5.157
 0.477,-5.142
 0.502,-5.135
 0.462,-5.127
 0.463,-5.136
 0.488,-5.128
 0.476,-5.119
 0.464,-5.075
 0.450,-5.076
 0.464,-5.100
 0.463,-5.068
 0.437,-5.085
 0.426,-5.117
 0.437,-5.110
 0.438,-5.126
 0.438,-5.118
 0.424,-5.126
 0.425,-5.134
 0.411,-5.134
 0.399,-5.159
 0.387,-5.167
 0.374,-5.184
 0.374,-5.183
 0.373,-5.201
 0.362,-5.225
 0.361,-5.242
 0.374,-5.251
 0.348,-5.259
 0.347,-5.243
 0.348,-5.226
 0.361,-5.209
 0.360,-5.202
 0.348,-5.201
 0.360,-5.159
 0.388,-5.183
 0.374,-5.166
 0.374,-5.167
 0.374,-5.184
 0.372,-5.193
 0.374,-5.251
 0.386,-5.260
 0.386,-5.277
 0.387,-5.276
 0.399,-5.251
 0.400,-5.267
 0.412,-5.268
 0.412,-5.286
 0.399,-5.285
 0.425,-5.269
 0.425,-5.310
 0.412,-5.286
 0.425,-5.277
 0.425,-5.260
 0.398,-5.269
 0.386,-5.243
 0.386,-5.243
 0.373,-5.226
 0.374,-5.234
 0.373,-5.226
 0.361,-5.200
 0.361,-5.192
 0.348,-5.176
 0.348,-5.176
 0.347,-5.160
 0.335,-5.192
 0.347,-5.192
 0.335,-5.184
 0.335,-5.174
 0.348,-5.158
 0.336,-5.190
 0.335,-5.174
 0.322,-5.183
 0.322,-5.183
 0.309,-5.176
 0.335,-5.192
 0.322,-5.150
 0.348,-5.158
 0.335,-5.124
 0.347,-5.100
 0.347,-5.133
 0.373,-5.100
 0.360,-5.117
 0.373,-5.108
 0.373,-5.100
 0.387,-5.107
 0.386,-5.091
 0.386,-5.092
 0.412,-5.117
 0.411,-5.084
 0.424,-5.109
 0.411,-5.066
 0.437,-5.067
 0.424,-5.058
 0.436,-5.034
 0.451,-5.066
 0.449,-5.051
 0.449,-5.051
 0.437,-5.068
 0.436,-5.034
 0.437,-5.042
 0.424,-5.025
 0.411,-5.042
 0.438,-5.032
 0.438,-5.024
 0.452,-5.031
 0.424,-5.008
 0.424,-5.008
 0.411,-5.024
 0.411,-5.034
 0.412,-5.050
 0.411,-5.016
 0.398,-5.000
 0.386,-5.024
 0.385,-5.009
 0.386,-5.024
 0.360,-5.016
 0.386,-5.017
 0.372,-5.007
 0.372,-5.025
 0.385,-5.049
 0.373,-5.050
 0.359,-5.092
 0.373,-5.108
 0.373,-5.126
 0.347,-5.133
 0.360,-5.134
 0.373,-5.158
 0.361,-5.149
 0.360,-5.167
 0.347,-5.183
 0.334,-5.176
 0.322,-5.200
 0.322,-5.208
 0.308,-5.201
 0.322,-5.208
 0.321,-5.158
 0.323,-5.148
 0.336,-5.139
 0.322,-5.133
 0.322,-5.133
 0.321,-5.117
 0.347,-5.125
 0.335,-5.117
 0.347,-5.100
 0.335,-5.107
 0.348,-5.108
 0.348,-5.108
 0.348,-5.115
 0.360,-5.117
 0.348,-5.108
 0.347,-5.125
 0.335,-5.124
 0.360,-5.116
 0.360,-5.134
 0.374,-5.133
 0.372,-5.143
 0.372,-5.125
 0.386,-5.125
 0.372,-5.125
 0.373,-5.141
 0.398,-5.118
 0.411,-5.142
 0.398,-5.151
 0.397,-5.143
 0.398,-5.159
 0.410,-5.144
 0.411,-5.160
 0.425,-5.167
 0.424,-5.134
 0.438,-5.115
 0.437,-5.099
 0.463,-5.125
 0.450,-5.109
 0.450,-5.101
 0.450,-5.084
 0.462,-5.060
 0.489,-5.050
 0.502,-5.042
 0.488,-5.017
 0.502,-5.041
 0.501,-5.001
 0.501,-5.008
 0.501,-5.009
 0.514,-4.992
 0.501,-5.009
 0.500,-4.993
 0.514,-4.992
 0.514,-4.993
 0.500,-4.976
 0.501,-4.991
 0.501,-5.001
 0.501,-5.009
 0.502,-5.033
 0.487,-5.035
 0.489,-5.050
 0.475,-5.043
 0.462,-5.060
 0.462,-5.067
 0.449,-5.068
 0.463,-5.067
 0.437,-5.059
 0.451,-5.066
 0.438,-5.032
 0.438,-5.024
 0.412,-5.032
 0.398,-5.000
 0.398,-4.975
 0.399,-4.957
 0.398,-4.924
 0.399,-4.889
 0.385,-4.890
 0.373,-4.882
 0.373,-4.874
 0.359,-4.858
 0.374,-4.839
 0.360,-4.840
 0.374,-4.839
 0.347,-4.781
 0.359,-4.790
 0.347,-4.788
 0.359,-4.757
 0.346,-4.756
 0.347,-4.730
 0.321,-4.723
 0.347,-4.712
 0.308,-4.688
 0.295,-4.661
 0.308,-4.645
 0.320,-4.622
 0.333,-4.595
 0.320,-4.540
 0.321,-4.530
 0.308,-4.513
 0.307,-4.506
 0.320,-4.504
 0.320,-4.472
 0.321,-4.468
 0.334,-4.433
 0.333,-4.395
 0.345,-4.335
 0.345,-4.278
 0.345,-4.228
 0.332,-4.137
 0.331,-4.112
 0.332,-4.074
 0.331,-4.062
 0.332,-4.055
 0.319,-4.083
 0.318,-4.077
 0.345,-4.115
 0.344,-4.102
 0.371,-4.141
 0.370,-4.159
 0.409,-4.194
 0.422,-4.210
 0.421,-4.247
 0.435,-4.270
 0.435,-4.270
 0.473,-4.305
 0.473,-4.286
 0.498,-4.298
 0.512,-4.302
 0.538,-4.271
 0.537,-4.296
 0.550,-4.287
 0.562,-4.289
 0.550,-4.280
 0.549,-4.273
 0.536,-4.283
 0.550,-4.280
 0.535,-4.251
 0.524,-4.255
 0.538,-4.221
 0.550,-4.211
 0.565,-4.215
 0.563,-4.170
 0.576,-4.136
 0.588,-4.089
 0.561,-4.033
 0.537,-3.969
 0.549,-3.929
 0.550,-3.941
 0.562,-3.919
 0.562,-3.945
 0.524,-3.985
 0.522,-3.973
 0.511,-4.001
 0.510,-4.019
 0.511,-4.044
 0.523,-4.060
 0.510,-4.088
 0.511,-4.095
 0.524,-4.104
 0.524,-4.154
 0.537,-4.177
 0.536,-4.164
 0.563,-4.202
 0.537,-4.245
 0.549,-4.255
 0.537,-4.246
 0.536,-4.283
 0.537,-4.321
 0.537,-4.346
 0.524,-4.380
 0.537,-4.415
 0.523,-4.417
 0.511,-4.458
 0.510,-4.476
 0.511,-4.464
 0.526,-4.494
 0.526,-4.494
 0.540,-4.518
 0.512,-4.547
 0.512,-4.590
 0.512,-4.615
 0.485,-4.626
 0.487,-4.673
 0.512,-4.647
 0.499,-4.663
 0.488,-4.687
 0.485,-4.665
 0.474,-4.688
 0.487,-4.672
 0.473,-4.656
 0.487,-4.647
 0.473,-4.599
 0.486,-4.622
 0.525,-4.581
 0.525,-4.581
 0.538,-4.572
 0.562,-4.534
 0.563,-4.547
 0.563,-4.515
 0.563,-4.497
 0.564,-4.479
 0.562,-4.465
 0.564,-4.479
 0.563,-4.447
 0.551,-4.438
 0.524,-4.431
 0.523,-4.417
 0.498,-4.405
 0.523,-4.417
 0.486,-4.415
 0.512,-4.421
 0.500,-4.412
 0.488,-4.441
 0.487,-4.427
 0.473,-4.480
 0.487,-4.478
 0.472,-4.498
 0.448,-4.512
 0.460,-4.539
 0.436,-4.528
 0.435,-4.553
 0.434,-4.589
 0.448,-4.638
 0.448,-4.656
 0.434,-4.697
 0.435,-4.729
 0.434,-4.765
 0.422,-4.788
 0.409,-4.789
 0.409,-4.790
 0.383,-4.847
 0.382,-4.832
 0.383,-4.847
 0.396,-4.856
 0.409,-4.872
 0.409,-4.872
 0.435,-4.865
 0.461,-4.873
 0.473,-4.874
 0.474,-4.857
 0.487,-4.848
 0.512,-4.816
 0.513,-4.806
 0.524,-4.775
 0.537,-4.767
 0.551,-4.732
 0.575,-4.693
 0.602,-4.683
 0.614,-4.641
 0.641,-4.631
 0.642,-4.613
 0.640,-4.598
 0.667,-4.606
 0.665,-4.592
 0.678,-4.576
 0.679,-4.558
 0.679,-4.551
 0.693,-4.556
 0.667,-4.548
 0.654,-4.557
 0.654,-4.564
 0.628,-4.582
 0.617,-4.612
 0.602,-4.632
 0.590,-4.674
 0.564,-4.705
 0.563,-4.716
 0.565,-4.731
 0.564,-4.748
 0.539,-4.774
 0.539,-4.773
 0.525,-4.749
 0.501,-4.789
 0.512,-4.766
 0.475,-4.789
 0.488,-4.805
 0.461,-4.791
 0.474,-4.832
 0.474,-4.849
 0.461,-4.866
 0.448,-4.882
 0.448,-4.899
 0.436,-4.923
 0.422,-4.899
 0.411,-4.923
 0.423,-4.900
 0.409,-4.883
 0.424,-4.914
 0.462,-4.873
 0.450,-4.872
 0.476,-4.847
 0.461,-4.841
 0.500,-4.807
 0.499,-4.768
 0.501,-4.783
 0.513,-4.773
 0.513,-4.766
 0.501,-4.822
 0.514,-4.823
 0.489,-4.881
 0.488,-4.924
 0.449,-4.975
 0.424,-5.033
 0.411,-5.041
 0.398,-5.091
 0.398,-5.090
 0.398,-5.125
 0.372,-5.133
 0.385,-5.184
 0.373,-5.234
 0.386,-5.250
 0.373,-5.258
 0.361,-5.325
 0.373,-5.326
 0.348,-5.334
 0.348,-5.334
 0.334,-5.334
 0.336,-5.376
 0.360,-5.342
 0.361,-5.376
 0.361,-5.393
 0.334,-5.392
 0.334,-5.443
 0.321,-5.435
 0.334,-5.443
 0.374,-5.417
 0.387,-5.409
 0.400,-5.384
 0.398,-5.334
 0.360,-5.368
 0.398,-5.351
 0.397,-5.318
 0.399,-5.310
 0.411,-5.268
 0.400,-5.275
 0.399,-5.242
 0.411,-5.217
 0.398,-5.209
 0.372,-5.201
 0.386,-5.200
 0.399,-5.191
 0.411,-5.142
 0.399,-5.141
 0.385,-5.084
 0.399,-5.083
 0.385,-5.067
 0.398,-5.050
 0.399,-5.015
 0.398,-5.000
 0.399,-5.016
 0.398,-4.990
 0.398,-4.983
 0.398,-4.990
 0.397,-4.974
 0.411,-4.974
 0.411,-4.973
 0.398,-4.950
 0.398,-4.932
 0.397,-4.899
 0.424,-4.907
 0.398,-4.882
 0.411,-4.866
 0.398,-4.872
 0.411,-4.855
 0.425,-4.872
 0.424,-4.889
 0.437,-4.873
 0.424,-4.889
 0.436,-4.909
 0.423,-4.932
 0.450,-4.940
 0.437,-4.949
 0.451,-4.948
 0.436,-4.967
 0.450,-4.991
 0.449,-5.008
 0.436,-5.017
 0.437,-5.050
 0.436,-5.042
 0.424,-5.066
 0.449,-5.058
 0.435,-5.059
 0.436,-5.092
 0.435,-5.059
 0.437,-5.050
 0.437,-5.049
 0.437,-5.067
 0.438,-5.083
 0.437,-5.067
 0.437,-5.100
 0.424,-5.133
 0.424,-5.151
 0.425,-5.166
 0.437,-5.167
 0.425,-5.167
 0.398,-5.151
 0.398,-5.176
 0.386,-5.217
 0.372,-5.192
 0.373,-5.208
 0.374,-5.191
 0.373,-5.199
 0.373,-5.199
 0.373,-5.175
 0.374,-5.191
 0.360,-5.174
 0.360,-5.134
 0.386,-5.125
 0.360,-5.116
 0.348,-5.141
 0.374,-5.133
 0.348,-5.158
 0.360,-5.175
 0.360,-5.167
 0.348,-5.166
 0.360,-5.175
 0.360,-5.174
 0.361,-5.182
 0.347,-5.200
 0.361,-5.200
 0.373,-5.208
 0.360,-5.217
 0.374,-5.242
 0.373,-5.225
 0.348,-5.267
 0.373,-5.259
 0.348,-5.284
 0.361,-5.301
 0.360,-5.292
 0.374,-5.317
 0.387,-5.351
 0.360,-5.368
 0.374,-5.435
 0.386,-5.435
 0.348,-5.460
 0.373,-5.468
 0.361,-5.493
 0.361,-5.502
 0.373,-5.510
 0.362,-5.569
 0.400,-5.570
 0.374,-5.611
 0.361,-5.628
 0.373,-5.653
 0.373,-5.687
 0.373,-5.653
 0.361,-5.679
 0.374,-5.670
 0.347,-5.678
 0.348,-5.695
 0.348,-5.711
 0.348,-5.712
 0.360,-5.703
 0.334,-5.694
 0.348,-5.695
 0.347,-5.678
 0.347,-5.678
 0.334,-5.694
 0.347,-5.678
 0.309,-5.678
 0.322,-5.661
 0.309,-5.644
 0.309,-5.627
 0.308,-5.610
 0.322,-5.611
 0.348,-5.586
 0.322,-5.560
 0.309,-5.552
 0.334,-5.535
 0.335,-5.544
 0.334,-5.518
 0.347,-5.552
 0.321,-5.577
 0.360,-5.560
 0.335,-5.552
 0.374,-5.493
 0.362,-5.468
 0.348,-5.451
 0.347,-5.434
 0.361,-5.452
 0.347,-5.427
 0.347,-5.427
 0.348,-5.410
 0.360,-5.418
 0.361,-5.435
 0.361,-5.435
 0.361,-5.452
 0.374,-5.469
 0.373,-5.460
 0.374,-5.494
 0.373,-5.460
 0.373,-5.477
 0.385,-5.469
 0.398,-5.469
 0.399,-5.485
 0.399,-5.485
 0.399,-5.485
 0.412,-5.510
 0.411,-5.511
 0.425,-5.545
 0.437,-5.519
 0.451,-5.537
 0.438,-5.553
 0.450,-5.553
 0.464,-5.579
 0.475,-5.554
 0.476,-5.604
 0.502,-5.613
 0.502,-5.612
 0.541,-5.613
 0.554,-5.621
 0.542,-5.647
 0.555,-5.655
 0.579,-5.663
 0.566,-5.680
 0.566,-5.697
 0.566,-5.697
 0.566,-5.731
 0.565,-5.713
 0.566,-5.731
 0.565,-5.713
 0.579,-5.739
 0.579,-5.764
 0.565,-5.764
 0.554,-5.798
 0.552,-5.780
 0.554,-5.789
 0.554,-5.789
 0.540,-5.789
 0.502,-5.789
 0.501,-5.755
 0.503,-5.764
 0.503,-5.797
 0.489,-5.797
 0.464,-5.805
 0.464,-5.796
 0.439,-5.805
 0.425,-5.788
 0.412,-5.796
 0.387,-5.821
 0.399,-5.795
 0.374,-5.829
 0.361,-5.846
 0.348,-5.854
 0.349,-5.871
 0.375,-5.862
 0.350,-5.905
 0.336,-5.888
 0.336,-5.895
 0.323,-5.896
 0.336,-5.862
 0.323,-5.879
 0.323,-5.837
 0.323,-5.803
 0.337,-5.813
 0.323,-5.787
 0.323,-5.813
 0.323,-5.812
 0.310,-5.820
 0.311,-5.838
 0.310,-5.820
 0.310,-5.854
 0.323,-5.837
 0.323,-5.854
 0.336,-5.880
 0.348,-5.870
 0.349,-5.888
 0.349,-5.888
 0.348,-5.879
 0.336,-5.905
 0.374,-5.904
 0.362,-5.930
 0.361,-5.905
 0.361,-5.896
 0.361,-5.905
 0.373,-5.930
 0.374,-5.955
 0.361,-5.972
 0.373,-5.980
 0.387,-6.006
 0.373,-5.980
 0.400,-6.024
 0.400,-6.023
 0.387,-6.006
 0.413,-6.066
 0.412,-6.048
 0.413,-6.082
 0.425,-6.090
 0.411,-6.089
 0.412,-6.099
 0.425,-6.107
 0.426,-6.125
 0.438,-6.133
 0.451,-6.141
 0.451,-6.141
 0.450,-6.157
 0.464,-6.174
 0.451,-6.191
 0.463,-6.149
 0.477,-6.176
 0.449,-6.148
 0.450,-6.166
 0.437,-6.174
 0.450,-6.182
 0.450,-6.217
 0.463,-6.215
 0.451,-6.267
 0.451,-6.267
 0.450,-6.283
 0.439,-6.410
 0.398,-6.455
 0.401,-6.503
 0.414,-6.495
 0.401,-6.468
 0.401,-6.418
 0.400,-6.383
 0.375,-6.367
 0.387,-6.341
 0.361,-6.316
 0.375,-6.301
 0.387,-6.274
 0.376,-6.285
 0.375,-6.276
 0.362,-6.274
 0.375,-6.266
 0.361,-6.239
 0.349,-6.241
 0.349,-6.240
 0.362,-6.223
 0.375,-6.225
 0.374,-6.181
 0.362,-6.183
 0.361,-6.132
 0.361,-6.132
 0.375,-6.099
 0.335,-6.063
 0.336,-6.082
 0.349,-6.064
 0.349,-6.080
 0.362,-6.057
 0.360,-6.063
 0.374,-6.090
 0.374,-6.090
 0.374,-6.081
 0.374,-6.115
 0.374,-6.072
 0.388,-6.082
 0.401,-6.065
 0.413,-6.023
 0.400,-6.015
 0.425,-5.981
 0.413,-5.973
 0.412,-5.922
 0.412,-5.922
 0.412,-5.922
 0.412,-5.888
 0.426,-5.898
 0.426,-5.898
 0.413,-5.914
 0.439,-5.924
 0.425,-5.914
 0.439,-5.940
 0.451,-5.940
 0.451,-5.956
 0.452,-5.974
 0.451,-5.956
 0.465,-5.991
 0.478,-6.000
 0.452,-6.025
 0.479,-6.075
 0.476,-6.098
 0.452,-6.142
 0.491,-6.134
 0.465,-6.159
 0.453,-6.201
 0.452,-6.207
 0.441,-6.260
 0.427,-6.308
 0.427,-6.333
 0.389,-6.376
 0.376,-6.383
 0.377,-6.418
 0.376,-6.434
 0.351,-6.494
 0.352,-6.528
 0.351,-6.560
 0.326,-6.595
 0.339,-6.587
 0.313,-6.592
 0.312,-6.652
 0.312,-6.657
 0.313,-6.703
 0.299,-6.735
 0.326,-6.811
 0.300,-6.871
 0.300,-6.921
 0.289,-6.975
 0.289,-6.990
 0.250,-7.047
 0.237,-7.150
 0.236,-7.301
 0.264,-7.427
 0.291,-7.417
 0.265,-7.387
 0.277,-7.383
 0.301,-7.376
 0.302,-7.348
 0.313,-7.229
 0.286,-7.167
 0.299,-7.174
 0.286,-7.196
 0.287,-7.193
 0.247,-7.242
 0.222,-7.307
 0.248,-7.365
 0.261,-7.347
 0.261,-7.358
 0.249,-7.401
 0.275,-7.412
 0.300,-7.397
 0.338,-7.424
 0.338,-7.460
 0.402,-7.481
 0.389,-7.486
 0.442,-7.483
 0.454,-7.429
 0.466,-7.397
 0.478,-7.303
 0.465,-7.259
 0.490,-7.249
 0.527,-7.196
 0.529,-7.202
 0.555,-7.127
 0.568,-7.104
 0.556,-7.097
 0.528,-7.000
 0.530,-6.970
 0.515,-6.922
 0.477,-6.929
 0.452,-6.979
 0.413,-6.961
 0.389,-6.941
 0.350,-6.907
 0.311,-6.839
 0.272,-6.831
 0.272,-6.820
 0.272,-6.831
 0.246,-6.820
 0.220,-6.830
 0.221,-6.805
 0.208,-6.762
 0.208,-6.747
 0.169,-6.643
 0.170,-6.594
 0.145,-6.542
 0.132,-6.499
 0.119,-6.466
 0.118,-6.446
 0.080,-6.464
 0.080,-6.499
 0.067,-6.497
 0.054,-6.533
 0.041,-6.565
 0.015,-6.575
 0.015,-6.575
 0.002,-6.573
-0.011,-6.565
 0.002,-6.512
-0.011,-6.530
-0.024,-6.506
 0.015,-6.438
 0.053,-6.460
 0.066,-6.433
 0.104,-6.432
 0.169,-6.416
 0.181,-6.423
 0.220,-6.391
 0.271,-6.407
 0.284,-6.400
 0.310,-6.418
 0.335,-6.374
 0.362,-6.420
 0.373,-6.342
 0.387,-6.309
 0.400,-6.276
 0.425,-6.232
 0.438,-6.193
 0.451,-6.125
 0.477,-6.050
 0.476,-6.016
 0.449,-6.022
 0.475,-6.032
 0.462,-6.005
 0.476,-6.015
 0.476,-5.999
 0.463,-5.973
 0.464,-5.991
 0.463,-5.973
 0.463,-5.973
 0.451,-5.965
 0.450,-5.930
 0.451,-5.898
 0.449,-5.830
 0.450,-5.814
 0.450,-5.755
 0.449,-5.721
 0.489,-5.688
 0.476,-5.646
 0.516,-5.621
 0.517,-5.604
 0.514,-5.629
 0.528,-5.714
 0.526,-5.772
 0.528,-5.840
 0.541,-5.882
 0.552,-5.906
 0.553,-6.000
 0.565,-6.024
 0.567,-6.093
 0.541,-6.117
 0.540,-6.133
 0.554,-6.110
 0.565,-6.074
 0.553,-6.092
 0.578,-6.067
 0.577,-6.048
 0.592,-6.033
 0.603,-6.057
 0.630,-6.067
 0.643,-6.059
 0.629,-6.041
 0.644,-6.043
 0.642,-6.025
 0.643,-6.034
 0.655,-5.992
 0.668,-5.975
 0.669,-5.958
 0.680,-5.932
 0.668,-5.933
 0.668,-5.924
 0.666,-5.915
 0.668,-5.933
 0.654,-5.907
 0.656,-5.925
 0.669,-5.917
 0.669,-5.916
 0.670,-5.951
 0.693,-5.974
 0.682,-6.026
 0.655,-6.067
 0.642,-6.125
 0.655,-6.168
 0.628,-6.183
 0.644,-6.219
 0.619,-6.228
 0.616,-6.234
 0.644,-6.279
 0.654,-6.259
 0.669,-6.270
 0.694,-6.286
 0.705,-6.285
 0.733,-6.304
 0.770,-6.277
 0.758,-6.320
 0.796,-6.303
 0.796,-6.303
 0.798,-6.271
 0.808,-6.261
 0.797,-6.246
 0.822,-6.212
 0.821,-6.202
 0.849,-6.196
 0.847,-6.161
 0.849,-6.146
 0.848,-6.137
 0.834,-6.119
 0.848,-6.136
 0.834,-6.110
 0.822,-6.111
 0.796,-6.085
 0.794,-6.118
 0.770,-6.127
 0.744,-6.101
 0.733,-6.112
 0.733,-6.111
 0.720,-6.119
 0.720,-6.119
 0.693,-6.126
 0.681,-6.178
 0.693,-6.176
 0.680,-6.193
 0.669,-6.220
 0.628,-6.268
 0.629,-6.303
 0.654,-6.303
 0.641,-6.311
 0.616,-6.320
 0.628,-6.318
 0.603,-6.328
 0.615,-6.301
 0.577,-6.318
 0.603,-6.328
 0.601,-6.324
 0.578,-6.352
 0.616,-6.361
 0.616,-6.361
 0.617,-6.345
 0.616,-6.311
 0.617,-6.295
 0.629,-6.243
 0.629,-6.218
 0.642,-6.159
 0.654,-6.159
 0.642,-6.160
 0.655,-6.142
 0.628,-6.134
 0.629,-6.117
 0.628,-6.083
 0.629,-6.067
 0.616,-6.075
 0.617,-6.033
 0.605,-6.034
 0.617,-5.991
 0.605,-5.967
 0.604,-5.933
 0.591,-5.907
 0.591,-5.891
 0.578,-5.915
 0.565,-5.932
 0.578,-5.924
 0.591,-5.890
 0.591,-5.899
 0.589,-5.898
 0.578,-5.924
 0.603,-5.915
 0.578,-5.924
 0.578,-5.924
 0.577,-5.890
 0.565,-5.941
 0.577,-5.889
 0.564,-5.907
 0.578,-5.873
 0.563,-5.872
 0.565,-5.865
 0.590,-5.814
 0.590,-5.806
 0.603,-5.797
 0.602,-5.755
 0.617,-5.765
 0.642,-5.756
 0.628,-5.714
 0.656,-5.706
 0.640,-5.672
 0.643,-5.664
 0.641,-5.622
 0.615,-5.622
 0.628,-5.605
 0.627,-5.571
 0.642,-5.563
 0.642,-5.512
 0.644,-5.504
 0.643,-5.478
 0.654,-5.437
 0.655,-5.471
 0.654,-5.488
 0.628,-5.487
 0.655,-5.547
 0.629,-5.571
 0.643,-5.597
 0.642,-5.613
 0.642,-5.613
 0.629,-5.647
 0.640,-5.671
 0.642,-5.739
 0.627,-5.705
 0.628,-5.739
 0.642,-5.756
 0.653,-5.781
 0.655,-5.798
 0.640,-5.798
 0.641,-5.781
 0.655,-5.782
 0.654,-5.765
 0.668,-5.791
 0.654,-5.765
 0.693,-5.782
 0.694,-5.765
 0.705,-5.715
 0.719,-5.740
 0.704,-5.731
 0.731,-5.740
 0.744,-5.732
 0.730,-5.706
 0.732,-5.749
 0.744,-5.732
 0.719,-5.741
 0.733,-5.766
 0.731,-5.765
 0.746,-5.774
 0.744,-5.757
 0.731,-5.774
 0.744,-5.757
 0.717,-5.748
 0.720,-5.799
 0.705,-5.798
 0.692,-5.807
 0.693,-5.840
 0.690,-5.865
 0.692,-5.883
 0.692,-5.882
 0.667,-5.891
 0.668,-5.900
 0.667,-5.882
 0.680,-5.875
 0.666,-5.848
 0.641,-5.832
 0.668,-5.841
 0.654,-5.815
 0.642,-5.816
 0.628,-5.789
 0.629,-5.773
 0.591,-5.790
 0.589,-5.772
 0.566,-5.790
 0.578,-5.797
 0.552,-5.773
 0.565,-5.806
 0.551,-5.839
 0.539,-5.840
 0.551,-5.855
 0.525,-5.889
 0.514,-5.915
 0.501,-5.923
 0.502,-5.941
 0.488,-5.940
 0.475,-5.998
 0.488,-6.006
 0.461,-6.047
 0.449,-6.099
 0.474,-6.090
 0.475,-6.150
 0.501,-6.159
 0.501,-6.175
 0.514,-6.218
 0.551,-6.233
 0.564,-6.276
 0.577,-6.302
 0.577,-6.318
 0.592,-6.355
 0.615,-6.326
 0.604,-6.378
 0.630,-6.404
 0.653,-6.385
 0.667,-6.412
 0.693,-6.378
 0.706,-6.354
 0.706,-6.304
 0.705,-6.269
 0.707,-6.237
 0.717,-6.151
 0.718,-6.136
 0.731,-6.077
 0.731,-6.068
 0.706,-6.076
 0.690,-6.092
 0.678,-6.159
 0.678,-6.209
 0.665,-6.242
 0.667,-6.270
 0.640,-6.235
 0.642,-6.279
 0.655,-6.296
 0.628,-6.302
 0.615,-6.320
 0.601,-6.293
 0.602,-6.277
 0.614,-6.276
 0.626,-6.233
 0.640,-6.235
 0.640,-6.185
 0.629,-6.160
 0.654,-6.101
 0.666,-6.059
 0.667,-6.018
 0.665,-5.949
 0.653,-5.941
 0.653,-5.924
 0.653,-5.924
 0.653,-5.924
 0.652,-5.906
 0.640,-5.907
 0.627,-5.873
 0.640,-5.856
 0.641,-5.823
 0.626,-5.764
 0.614,-5.764
 0.627,-5.722
 0.639,-5.697
 0.640,-5.656
 0.652,-5.613
 0.653,-5.597
 0.665,-5.580
 0.665,-5.597
 0.652,-5.613
 0.664,-5.613
 0.639,-5.681
 0.653,-5.697
 0.653,-5.773
 0.668,-5.833
 0.640,-5.840
 0.641,-5.925
 0.652,-5.974
 0.652,-6.041
 0.666,-6.043
 0.664,-6.049
 0.678,-6.076
 0.718,-6.068
 0.717,-6.084
 0.731,-6.111
 0.729,-6.092
 0.730,-6.076
 0.730,-6.076
 0.729,-6.042
 0.743,-6.044
 0.755,-5.992
 0.769,-5.959
 0.767,-5.925
 0.742,-5.900
 0.756,-5.900
 0.741,-5.849
 0.756,-5.850
 0.729,-5.790
 0.717,-5.782
 0.705,-5.757
 0.690,-5.723
 0.678,-5.774
 0.652,-5.739
 0.612,-5.747
 0.601,-5.773
 0.600,-5.755
 0.588,-5.789
 0.575,-5.764
 0.549,-5.763
 0.550,-5.755
 0.536,-5.729
 0.551,-5.713
 0.525,-5.704
 0.537,-5.704
 0.538,-5.738
 0.537,-5.696
 0.524,-5.721
 0.537,-5.705
 0.550,-5.721
 0.538,-5.722
 0.549,-5.713
 0.589,-5.739
 0.575,-5.739
 0.588,-5.730
 0.589,-5.739
 0.575,-5.738
 0.589,-5.739
 0.576,-5.722
 0.576,-5.722
 0.576,-5.722
 0.548,-5.679
 0.550,-5.696
 0.563,-5.680
 0.563,-5.663
 0.576,-5.654
 0.537,-5.646
 0.537,-5.688
 0.537,-5.679
 0.524,-5.696
 0.525,-5.705
 0.498,-5.687
 0.512,-5.713
 0.524,-5.721
 0.498,-5.738
 0.512,-5.713
 0.497,-5.704
 0.511,-5.730
 0.524,-5.712
 0.537,-5.704
 0.538,-5.722
 0.538,-5.738
 0.539,-5.756
 0.538,-5.738
 0.538,-5.738
 0.550,-5.747
 0.548,-5.729
 0.550,-5.747
 0.550,-5.747
 0.577,-5.756
 0.577,-5.756
 0.563,-5.730
 0.576,-5.722
 0.588,-5.705
 0.589,-5.689
 0.588,-5.663
 0.588,-5.654
 0.603,-5.655
 0.588,-5.655
 0.563,-5.663
 0.589,-5.689
 0.561,-5.671
 0.563,-5.688
 0.563,-5.680
 0.588,-5.680
 0.576,-5.671
 0.561,-5.671
 0.576,-5.705
 0.589,-5.705
 0.562,-5.705
 0.563,-5.739
 0.575,-5.738
 0.577,-5.756
 0.575,-5.738
 0.589,-5.764
 0.577,-5.756
 0.562,-5.771
 0.563,-5.789
 0.575,-5.789
 0.575,-5.814
 0.601,-5.823
 0.601,-5.823
 0.629,-5.816
 0.628,-5.807
 0.615,-5.840
 0.627,-5.848
 0.626,-5.831
 0.602,-5.873
 0.613,-5.847
 0.640,-5.857
 0.640,-5.840
 0.639,-5.823
 0.654,-5.858
 0.639,-5.806
 0.666,-5.816
 0.640,-5.790
 0.652,-5.789
 0.667,-5.774
 0.652,-5.739
 0.653,-5.748
 0.641,-5.739
 0.639,-5.722
 0.641,-5.740
 0.640,-5.706
 0.641,-5.739
 0.615,-5.714
 0.639,-5.722
 0.615,-5.714
 0.614,-5.680
 0.615,-5.714
 0.615,-5.663
 0.588,-5.655
 0.603,-5.655
 0.614,-5.630
 0.588,-5.604
 0.602,-5.571
 0.588,-5.545
 0.576,-5.545
 0.600,-5.504
 0.614,-5.529
 0.614,-5.512
 0.614,-5.512
 0.629,-5.520
 0.627,-5.503
 0.653,-5.529
 0.627,-5.521
 0.652,-5.512
 0.653,-5.546
 0.664,-5.496
 0.666,-5.521
 0.667,-5.496
 0.678,-5.521
 0.692,-5.546
 0.702,-5.488
 0.691,-5.513
 0.691,-5.513
 0.690,-5.529
 0.691,-5.513
 0.703,-5.513
 0.730,-5.522
 0.730,-5.522
 0.728,-5.513
 0.742,-5.538
 0.741,-5.497
 0.729,-5.547
 0.755,-5.521
 0.742,-5.530
 0.756,-5.555
 0.740,-5.522
 0.729,-5.547
 0.729,-5.547
 0.716,-5.530
 0.717,-5.539
 0.714,-5.538
 0.716,-5.555
 0.678,-5.571
 0.678,-5.571
 0.679,-5.606
 0.678,-5.571
 0.679,-5.606
 0.679,-5.630
 0.678,-5.647
 0.667,-5.672
 0.652,-5.688
 0.653,-5.722
 0.653,-5.773
 0.665,-5.781
 0.666,-5.815
 0.665,-5.781
 0.653,-5.832
 0.665,-5.840
 0.665,-5.882
 0.679,-5.908
 0.677,-5.906
 0.692,-5.967
 0.692,-5.967
 0.704,-5.975
 0.678,-6.000
 0.678,-6.016
 0.665,-6.033
 0.704,-6.026
 0.704,-6.042
 0.692,-6.043
 0.690,-5.999
 0.679,-6.026
 0.679,-6.034
 0.679,-6.050
 0.666,-6.043
 0.678,-6.016
 0.640,-6.017
 0.640,-6.017
 0.614,-6.008
 0.602,-5.983
 0.600,-5.931
 0.588,-5.907
 0.588,-5.856
 0.600,-5.856
 0.589,-5.840
 0.600,-5.813
 0.603,-5.840
 0.602,-5.814
 0.614,-5.823
 0.627,-5.815
 0.651,-5.788
 0.614,-5.789
 0.652,-5.772
 0.625,-5.764
 0.627,-5.756
 0.652,-5.697
 0.627,-5.706
 0.653,-5.680
 0.664,-5.655
 0.652,-5.655
 0.650,-5.638
 0.665,-5.639
 0.651,-5.596
 0.638,-5.579
 0.652,-5.580
 0.650,-5.529
 0.652,-5.521
 0.639,-5.487
 0.639,-5.487
 0.652,-5.454
 0.651,-5.420
 0.652,-5.453
 0.651,-5.419
 0.638,-5.403
 0.639,-5.419
 0.638,-5.378
 0.640,-5.394
 0.639,-5.361
 0.613,-5.386
 0.638,-5.335
 0.624,-5.328
 0.626,-5.327
 0.624,-5.310
 0.611,-5.294
 0.639,-5.268
 0.651,-5.218
 0.653,-5.224
 0.653,-5.216
 0.663,-5.209
 0.689,-5.210
 0.713,-5.194
 0.728,-5.202
 0.727,-5.168
 0.727,-5.169
 0.729,-5.184
 0.739,-5.177
 0.741,-5.193
 0.740,-5.210
 0.740,-5.210
 0.754,-5.202
 0.714,-5.202
 0.689,-5.261
 0.663,-5.277
 0.612,-5.310
 0.612,-5.335
 0.610,-5.369
 0.612,-5.386
 0.638,-5.411
 0.637,-5.436
 0.664,-5.495
 0.675,-5.487
 0.715,-5.538
 0.727,-5.546
 0.739,-5.555
 0.766,-5.564
 0.803,-5.564
 0.806,-5.556
 0.830,-5.522
 0.855,-5.497
 0.868,-5.481
 0.892,-5.422
 0.895,-5.439
 0.933,-5.422
 0.935,-5.439
 0.937,-5.447
 0.920,-5.414
 0.934,-5.456
 0.931,-5.440
 0.945,-5.456
 0.921,-5.464
 0.894,-5.456
 0.909,-5.464
 0.883,-5.430
 0.870,-5.447
 0.870,-5.447
 0.868,-5.430
 0.845,-5.447
 0.805,-5.454
 0.779,-5.472
 0.766,-5.488
 0.765,-5.505
 0.754,-5.530
 0.752,-5.538
 0.766,-5.556
 0.754,-5.530
 0.740,-5.530
 0.729,-5.555
 0.727,-5.521
 0.741,-5.539
 0.729,-5.555
 0.740,-5.530
 0.742,-5.547
 0.740,-5.504
 0.728,-5.522
 0.741,-5.538
 0.727,-5.538
 0.753,-5.547
 0.766,-5.530
 0.767,-5.539
 0.769,-5.555
 0.792,-5.513
 0.793,-5.547
 0.792,-5.513
 0.805,-5.497
 0.806,-5.480
 0.804,-5.463
 0.819,-5.471
 0.818,-5.438
 0.818,-5.438
 0.806,-5.430
 0.817,-5.405
 0.819,-5.422
 0.817,-5.405
 0.818,-5.388
 0.805,-5.379
 0.804,-5.346
 0.806,-5.362
 0.778,-5.320
 0.804,-5.346
 0.779,-5.353
 0.777,-5.337
 0.781,-5.387
 0.766,-5.362
 0.766,-5.362
 0.767,-5.395
 0.753,-5.395
 0.754,-5.404
 0.766,-5.429
 0.753,-5.446
 0.753,-5.446
 0.752,-5.463
 0.728,-5.505
 0.739,-5.497
 0.740,-5.530
 0.754,-5.530
 0.753,-5.521
 0.755,-5.513
 0.741,-5.495
 0.728,-5.504
 0.728,-5.504
 0.700,-5.462
 0.702,-5.471
 0.701,-5.437
 0.677,-5.429
 0.678,-5.462
 0.650,-5.420
 0.639,-5.445
 0.649,-5.437
 0.638,-5.462
 0.612,-5.436
 0.612,-5.436
 0.600,-5.436
 0.599,-5.444
 0.586,-5.461
 0.573,-5.494
 0.572,-5.511
 0.587,-5.545
 0.573,-5.494
 0.574,-5.528
 0.587,-5.545
 0.586,-5.528
 0.587,-5.562
 0.586,-5.579
 0.613,-5.587
 0.601,-5.629
 0.638,-5.629
 0.627,-5.655
 0.638,-5.680
 0.639,-5.714
 0.638,-5.730
 0.650,-5.755
 0.652,-5.798
 0.664,-5.806
 0.692,-5.824
 0.706,-5.824
 0.704,-5.832
 0.705,-5.857
 0.715,-5.848
 0.731,-5.883
 0.742,-5.857
 0.729,-5.865
 0.743,-5.841
 0.755,-5.824
 0.769,-5.850
 0.782,-5.833
 0.780,-5.824
 0.795,-5.825
 0.805,-5.816
 0.807,-5.834
 0.806,-5.850
 0.818,-5.858
 0.832,-5.875
 0.818,-5.874
 0.805,-5.867
 0.844,-5.883
 0.832,-5.901
 0.821,-5.875
 0.844,-5.883
 0.846,-5.867
 0.832,-5.875
 0.844,-5.884
 0.847,-5.901
 0.831,-5.892
 0.820,-5.892
 0.820,-5.892
 0.793,-5.883
 0.807,-5.901
 0.793,-5.858
 0.795,-5.876
 0.807,-5.833
 0.834,-5.842
 0.822,-5.859
 0.832,-5.825
 0.820,-5.825
 0.833,-5.808
 0.818,-5.808
 0.806,-5.749
 0.843,-5.724
 0.820,-5.716
 0.806,-5.699
 0.794,-5.690
 0.795,-5.673
 0.780,-5.648
 0.781,-5.657
 0.768,-5.640
 0.741,-5.656
 0.742,-5.664
 0.740,-5.647
 0.754,-5.623
 0.754,-5.623
 0.728,-5.597
 0.717,-5.622
 0.689,-5.596
 0.703,-5.605
 0.716,-5.588
 0.703,-5.597
 0.691,-5.597
 0.689,-5.580
 0.703,-5.597
 0.716,-5.588
 0.689,-5.580
 0.704,-5.580
 0.689,-5.579
 0.704,-5.580
 0.703,-5.555
 0.704,-5.529
 0.705,-5.563
 0.703,-5.546
 0.705,-5.563
 0.690,-5.512
 0.690,-5.504
 0.678,-5.504
 0.689,-5.479
 0.679,-5.488
 0.678,-5.454
 0.678,-5.453
 0.690,-5.463
 0.689,-5.429
 0.678,-5.454
 0.678,-5.453
 0.677,-5.420
 0.678,-5.436
 0.689,-5.428
 0.677,-5.420
 0.689,-5.429
 0.677,-5.420
 0.677,-5.428
 0.677,-5.420
 0.665,-5.470
 0.677,-5.470
 0.678,-5.504
 0.678,-5.504
 0.677,-5.521
 0.665,-5.521
 0.664,-5.538
 0.651,-5.563
 0.652,-5.580
 0.651,-5.613
 0.651,-5.672
 0.651,-5.672
 0.652,-5.706
 0.653,-5.740
 0.639,-5.722
 0.653,-5.740
 0.665,-5.765
 0.626,-5.748
 0.652,-5.756
 0.651,-5.739
 0.652,-5.756
 0.639,-5.739
 0.626,-5.731
 0.627,-5.714
 0.625,-5.697
 0.627,-5.706
 0.626,-5.671
 0.613,-5.688
 0.613,-5.688
 0.599,-5.671
 0.614,-5.672
 0.612,-5.654
 0.600,-5.672
 0.613,-5.688
 0.599,-5.663
 0.600,-5.655
 0.600,-5.654
 0.614,-5.672
 0.614,-5.671
 0.599,-5.671
 0.627,-5.663
 0.627,-5.655
 0.613,-5.638
 0.639,-5.672
 0.625,-5.663
 0.613,-5.638
 0.624,-5.613
 0.625,-5.647
 0.613,-5.630
 0.624,-5.613
 0.614,-5.622
 0.639,-5.596
 0.627,-5.596
 0.627,-5.596
 0.650,-5.588
 0.664,-5.613
 0.650,-5.588
 0.637,-5.605
 0.638,-5.588
 0.651,-5.571
 0.679,-5.596
 0.703,-5.579
 0.730,-5.588
 0.730,-5.588
 0.728,-5.554
 0.716,-5.571
 0.715,-5.512
 0.703,-5.530
 0.715,-5.513
 0.713,-5.496
 0.715,-5.513
 0.714,-5.479
 0.715,-5.513
 0.729,-5.487
 0.701,-5.496
 0.703,-5.530
 0.702,-5.521
 0.690,-5.538
 0.689,-5.537
 0.689,-5.554
 0.703,-5.605
 0.689,-5.604
 0.690,-5.639
 0.703,-5.630
 0.715,-5.630
 0.715,-5.639
 0.727,-5.639
 0.742,-5.647
 0.769,-5.656
 0.783,-5.622
 0.795,-5.631
 0.780,-5.623
 0.780,-5.623
 0.780,-5.623
 0.804,-5.614
 0.818,-5.589
 0.805,-5.597
 0.819,-5.598
 0.820,-5.623
 0.805,-5.572
 0.819,-5.598
 0.817,-5.581
 0.792,-5.564
 0.818,-5.589
 0.804,-5.564
 0.793,-5.564
 0.804,-5.589
 0.805,-5.623
 0.807,-5.631
 0.805,-5.622
 0.806,-5.657
 0.818,-5.656
 0.806,-5.707
 0.793,-5.715
 0.792,-5.732
 0.781,-5.757
 0.792,-5.782
 0.755,-5.782
 0.742,-5.790
 0.753,-5.765
 0.742,-5.791
 0.715,-5.781
 0.730,-5.782
 0.717,-5.799
 0.716,-5.765
 0.718,-5.782
 0.716,-5.765
 0.718,-5.773
 0.691,-5.773
 0.702,-5.739
 0.704,-5.757
 0.688,-5.722
 0.678,-5.731
 0.691,-5.723
 0.691,-5.714
 0.679,-5.715
 0.676,-5.664
 0.678,-5.680
 0.664,-5.663
 0.664,-5.655
 0.653,-5.664
 0.638,-5.629
 0.640,-5.647
 0.639,-5.663
 0.638,-5.630
 0.652,-5.630
 0.638,-5.629
 0.626,-5.630
 0.639,-5.613
 0.639,-5.613
 0.640,-5.646
 0.651,-5.621
 0.665,-5.647
 0.665,-5.638
 0.665,-5.638
 0.679,-5.664
 0.664,-5.655
 0.678,-5.681
 0.690,-5.689
 0.688,-5.672
 0.716,-5.715
 0.715,-5.681
 0.718,-5.732
 0.730,-5.740
 0.729,-5.757
 0.743,-5.799
 0.740,-5.798
 0.743,-5.841
 0.755,-5.849
 0.755,-5.850
 0.745,-5.859
 0.755,-5.849
 0.743,-5.850
 0.768,-5.841
 0.768,-5.841
 0.756,-5.833
 0.755,-5.849
 0.769,-5.850
 0.743,-5.841
 0.730,-5.858
 0.730,-5.858
 0.741,-5.833
 0.704,-5.832
 0.717,-5.815
 0.691,-5.832
 0.692,-5.824
 0.703,-5.823
 0.692,-5.824
 0.691,-5.790
 0.691,-5.790
 0.691,-5.773
 0.690,-5.756
 0.665,-5.748
 0.678,-5.731
 0.678,-5.731
 0.678,-5.740
 0.664,-5.705
 0.664,-5.714
 0.677,-5.748
 0.690,-5.740
 0.692,-5.757
 0.704,-5.765
 0.704,-5.765
 0.729,-5.757
 0.729,-5.774
 0.754,-5.774
 0.765,-5.723
 0.755,-5.758
 0.767,-5.690
 0.779,-5.699
 0.768,-5.673
 0.766,-5.656
 0.780,-5.682
 0.766,-5.665
 0.754,-5.656
 0.756,-5.665
 0.727,-5.647
 0.703,-5.656
 0.688,-5.605
 0.675,-5.596
 0.676,-5.580
 0.649,-5.545
 0.651,-5.562
 0.637,-5.520
 0.625,-5.503
 0.625,-5.511
 0.598,-5.520
 0.612,-5.520
 0.625,-5.503
 0.611,-5.537
 0.612,-5.571
 0.649,-5.537
 0.676,-5.529
 0.687,-5.504
 0.674,-5.513
 0.714,-5.513
 0.725,-5.488
 0.742,-5.505
 0.743,-5.487
 0.743,-5.487
 0.728,-5.488
 0.726,-5.521
 0.701,-5.529
 0.726,-5.521
 0.714,-5.513
 0.715,-5.496
 0.701,-5.471
 0.677,-5.462
 0.689,-5.462
 0.650,-5.454
 0.624,-5.428
 0.611,-5.436
 0.586,-5.444
 0.597,-5.419
 0.573,-5.435
 0.574,-5.435
 0.547,-5.427
 0.560,-5.418
 0.533,-5.410
 0.533,-5.427
 0.546,-5.444
 0.520,-5.435
 0.535,-5.452
 0.547,-5.427
 0.509,-5.443
 0.548,-5.461
 0.546,-5.461
 0.534,-5.486
 0.559,-5.478
 0.534,-5.503
 0.547,-5.477
 0.573,-5.503
 0.588,-5.511
 0.613,-5.502
 0.612,-5.520
 0.624,-5.528
 0.624,-5.545
 0.637,-5.563
 0.636,-5.529
 0.650,-5.554
 0.652,-5.563
 0.663,-5.537
 0.677,-5.563
 0.675,-5.546
 0.689,-5.589
 0.664,-5.597
 0.676,-5.596
 0.690,-5.622
 0.689,-5.639
 0.663,-5.664
 0.677,-5.681
 0.662,-5.680
 0.663,-5.714
 0.663,-5.706
 0.665,-5.723
 0.664,-5.748
 0.663,-5.764
 0.678,-5.766
 0.701,-5.748
 0.677,-5.782
 0.664,-5.790
 0.675,-5.764
 0.652,-5.790
 0.650,-5.772
 0.664,-5.815
 0.664,-5.815
 0.664,-5.815
 0.665,-5.832
 0.664,-5.815
 0.652,-5.857
 0.665,-5.874
 0.650,-5.840
 0.664,-5.840
 0.663,-5.806
 0.664,-5.841
 0.665,-5.824
 0.651,-5.823
 0.665,-5.824
 0.663,-5.831
 0.664,-5.866
 0.652,-5.857
 0.663,-5.832
 0.665,-5.849
 0.651,-5.823
 0.652,-5.857
 0.652,-5.857
 0.650,-5.839
 0.652,-5.857
 0.651,-5.873
 0.639,-5.899
 0.652,-5.907
 0.651,-5.873
 0.653,-5.917
 0.663,-5.882
 0.652,-5.907
 0.652,-5.907
 0.651,-5.924
 0.652,-5.908
 0.638,-5.881
 0.639,-5.916
 0.639,-5.865
 0.651,-5.823
 0.664,-5.798
 0.665,-5.773
 0.666,-5.757
 0.664,-5.748
 0.650,-5.722
 0.651,-5.705
 0.636,-5.654
 0.637,-5.638
 0.638,-5.621
 0.637,-5.587
 0.664,-5.580
 0.663,-5.562
 0.663,-5.546
 0.663,-5.546
 0.676,-5.529
 0.651,-5.537
 0.675,-5.546
 0.677,-5.563
 0.664,-5.521
 0.649,-5.521
 0.664,-5.521
 0.662,-5.504
 0.637,-5.512
 0.651,-5.529
 0.651,-5.529
 0.653,-5.546
 0.624,-5.520
 0.626,-5.537
 0.613,-5.545
 0.599,-5.528
 0.600,-5.562
 0.599,-5.595
 0.600,-5.630
 0.599,-5.646
 0.585,-5.679
 0.600,-5.688
 0.599,-5.705
 0.626,-5.714
 0.627,-5.747
 0.639,-5.748
 0.652,-5.739
 0.649,-5.739
 0.676,-5.773
 0.663,-5.781
 0.663,-5.781
 0.677,-5.782
 0.702,-5.773
 0.716,-5.799
 0.702,-5.824
 0.702,-5.824
 0.703,-5.807
 0.690,-5.815
 0.704,-5.842
 0.704,-5.841
 0.702,-5.824
 0.716,-5.850
 0.702,-5.823
 0.716,-5.849
 0.715,-5.815
 0.716,-5.841
 0.729,-5.833
 0.702,-5.824
 0.716,-5.850
 0.715,-5.815
 0.702,-5.824
 0.729,-5.832
 0.688,-5.823
 0.703,-5.858
 0.690,-5.840
 0.689,-5.857
 0.703,-5.857
 0.703,-5.857
 0.731,-5.901
 0.744,-5.892
 0.731,-5.901
 0.730,-5.917
 0.740,-5.899
 0.742,-5.917
 0.741,-5.908
 0.728,-5.899
 0.743,-5.909
 0.741,-5.891
 0.743,-5.901
 0.755,-5.909
 0.742,-5.942
 0.743,-5.977
 0.729,-5.950
 0.731,-5.968
 0.730,-5.984
 0.703,-5.975
 0.704,-6.009
 0.728,-6.017
 0.717,-6.043
 0.716,-6.068
 0.704,-6.060
 0.718,-6.086
 0.704,-6.085
 0.705,-6.120
 0.704,-6.136
 0.716,-6.169
 0.715,-6.210
 0.740,-6.226
 0.730,-6.237
 0.754,-6.244
 0.767,-6.211
 0.795,-6.230
 0.793,-6.195
 0.796,-6.197
 0.794,-6.179
 0.806,-6.187
 0.819,-6.220
 0.817,-6.202
 0.819,-6.221
 0.818,-6.187
 0.833,-6.188
 0.834,-6.172
 0.844,-6.170
 0.846,-6.180
 0.857,-6.153
 0.845,-6.145
 0.857,-6.154
 0.843,-6.127
 0.858,-6.137
 0.846,-6.129
 0.858,-6.137
 0.858,-6.137
 0.844,-6.111
 0.858,-6.138
 0.856,-6.119
 0.831,-6.128
 0.832,-6.112
 0.817,-6.110
 0.821,-6.138
 0.832,-6.111
 0.806,-6.137
 0.806,-6.128
 0.792,-6.110
 0.755,-6.162
 0.753,-6.143
 0.754,-6.128
 0.742,-6.128
 0.742,-6.119
 0.731,-6.154
 0.729,-6.136
 0.717,-6.178
 0.704,-6.186
 0.702,-6.168
 0.690,-6.169
 0.651,-6.151
 0.652,-6.135
 0.628,-6.119
 0.626,-6.110
 0.628,-6.119
 0.600,-6.125
 0.587,-6.143
 0.575,-6.134
 0.574,-6.100
 0.576,-6.118
 0.562,-6.142
 0.536,-6.168
 0.563,-6.177
 0.549,-6.166
 0.537,-6.202
 0.562,-6.193
 0.536,-6.218
 0.550,-6.235
 0.549,-6.251
 0.563,-6.278
 0.575,-6.276
 0.589,-6.319
 0.602,-6.337
 0.575,-6.343
 0.590,-6.396
 0.602,-6.403
 0.588,-6.386
 0.602,-6.403
 0.615,-6.437
 0.630,-6.448
 0.628,-6.429
 0.629,-6.448
 0.656,-6.473
 0.654,-6.454
 0.642,-6.456
 0.653,-6.419
 0.667,-6.438
 0.667,-6.396
 0.680,-6.388
 0.694,-6.381
 0.666,-6.361
 0.667,-6.396
 0.666,-6.371
 0.679,-6.329
 0.680,-6.322
 0.666,-6.295
 0.667,-6.330
 0.679,-6.287
 0.677,-6.269
 0.692,-6.271
 0.691,-6.235
 0.691,-6.245
 0.705,-6.212
 0.704,-6.228
 0.692,-6.229
 0.690,-6.210
 0.705,-6.212
 0.718,-6.254
 0.716,-6.185
 0.705,-6.212
 0.718,-6.194
 0.717,-6.170
 0.730,-6.152
 0.703,-6.143
 0.730,-6.136
 0.728,-6.118
 0.742,-6.085
 0.731,-6.061
 0.743,-6.017
 0.771,-6.036
 0.757,-6.019
 0.771,-6.062
 0.758,-6.070
 0.743,-6.068
 0.730,-6.086
 0.717,-6.085
 0.706,-6.120
 0.706,-6.120
 0.719,-6.103
 0.693,-6.137
 0.704,-6.152
 0.692,-6.169
 0.679,-6.161
 0.666,-6.194
 0.667,-6.204
 0.653,-6.202
 0.640,-6.219
 0.666,-6.244
 0.639,-6.235
 0.654,-6.287
 0.653,-6.252
 0.654,-6.287
 0.642,-6.279
 0.653,-6.252
 0.667,-6.254
 0.666,-6.235
 0.680,-6.262
 0.667,-6.254
 0.666,-6.245
 0.668,-6.254
 0.653,-6.253
 0.679,-6.278
 0.679,-6.278
 0.651,-6.284
 0.665,-6.311
 0.664,-6.277
 0.654,-6.287
 0.667,-6.279
 0.655,-6.271
 0.669,-6.273
 0.641,-6.295
 0.615,-6.320
 0.653,-6.303
 0.640,-6.311
 0.641,-6.346
 0.640,-6.311
 0.642,-6.330
 0.640,-6.320
 0.641,-6.346
 0.668,-6.365
 0.666,-6.345
 0.668,-6.365
 0.641,-6.355
 0.641,-6.370
 0.655,-6.398
 0.666,-6.361
 0.654,-6.362
 0.666,-6.345
 0.653,-6.328
 0.667,-6.330
 0.678,-6.294
 0.692,-6.321
 0.705,-6.313
 0.704,-6.278
 0.732,-6.272
 0.730,-6.253
 0.745,-6.255
 0.745,-6.255
 0.743,-6.245
 0.745,-6.255
 0.730,-6.244
 0.730,-6.253
 0.730,-6.253
 0.742,-6.252
 0.770,-6.255
 0.769,-6.221
