-0.565,-2.840
-0.575,-2.868
-0.565,-2.856
-0.576,-2.895
-0.565,-2.899
-0.555,-2.931
-0.565,-2.963
-0.565,-2.999
-0.554,-3.051
-0.563,-3.091
-0.574,-3.131
-0.545,-3.171
-0.533,-3.215
-0.545,-3.251
-0.543,-3.262
-0.553,-3.290
-0.562,-3.274
-0.561,-3.290
-0.593,-3.310
-0.593,-3.286
-0.615,-3.314
-0.625,-3.302
-0.624,-3.317
-0.636,-3.314
-0.645,-3.317
-0.655,-3.309
-0.656,-3.289
-0.666,-3.257
-0.666,-3.242
-0.685,-3.213
-0.687,-3.217
-0.687,-3.221
-0.696,-3.225
-0.698,-3.233
-0.707,-3.241
-0.728,-3.261
-0.737,-3.269
-0.736,-3.261
-0.757,-3.265
-0.766,-3.268
-0.748,-3.281
-0.770,-3.285
-0.759,-3.273
-0.770,-3.289
-0.799,-3.288
-0.809,-3.320
-0.808,-3.336
-0.818,-3.344
-0.809,-3.360
-0.817,-3.359
-0.839,-3.388
-0.849,-3.395
-0.849,-3.415
-0.871,-3.424
-0.880,-3.427
-0.901,-3.452
-0.909,-3.475
-0.928,-3.486
-0.929,-3.515
-0.949,-3.510
-0.971,-3.539
-0.971,-3.578
-1.000,-3.581
-1.021,-3.606
-1.039,-3.576
-1.061,-3.581
-1.061,-3.581
-1.059,-3.572
-1.082,-3.581
-1.062,-3.561
-1.045,-3.574
-1.034,-3.562
-1.045,-3.574
-1.055,-3.607
-1.050,-3.589
-1.072,-3.593
-1.071,-3.569
-1.090,-3.564
-1.113,-3.553
-1.112,-3.528
-1.126,-3.510
-1.136,-3.501
-1.156,-3.497
-1.166,-3.489
-1.162,-3.456
-1.186,-3.424
-1.216,-3.372
-1.226,-3.320
-1.229,-3.289
-1.258,-3.252
-1.261,-3.220
-1.271,-3.168
-1.299,-3.132
-1.321,-3.096
-1.339,-3.088
-1.360,-3.068
-1.362,-3.052
-1.363,-3.035
-1.366,-3.043
-1.385,-3.039
-1.398,-3.075
-1.394,-3.087
-1.393,-3.103
-1.403,-3.095
-1.411,-3.099
-1.392,-3.123
-1.403,-3.135
-1.392,-3.143
-1.373,-3.187
-1.390,-3.199
-1.372,-3.248
-1.361,-3.255
-1.348,-3.259
-1.351,-3.268
-1.358,-3.247
-1.341,-3.276
-1.350,-3.284
-1.349,-3.279
-1.341,-3.316
-1.329,-3.343
-1.340,-3.376
-1.309,-3.404
-1.318,-3.451
-1.298,-3.516
-1.283,-3.550
-1.284,-3.595
-1.275,-3.632
-1.256,-3.676
-1.228,-3.718
-1.246,-3.749
-1.246,-3.789
-1.233,-3.811
-1.230,-3.822
-1.233,-3.832
-1.231,-3.847
-1.255,-3.876
-1.264,-3.884
-1.251,-3.887
-1.275,-3.876
-1.263,-3.859
-1.284,-3.884
-1.292,-3.886
-1.302,-3.874
-1.315,-3.831
-1.324,-3.799
-1.367,-3.823
-1.387,-3.842
-1.385,-3.858
-1.398,-3.875
-1.385,-3.838
-1.429,-3.847
-1.448,-3.842
-1.467,-3.837
-1.497,-3.804
-1.494,-3.755
-1.501,-3.734
-1.513,-3.710
-1.523,-3.698
-1.546,-3.683
-1.561,-3.669
-1.561,-3.629
-1.550,-3.597
-1.571,-3.577
-1.582,-3.589
-1.580,-3.564
-1.584,-3.573
-1.584,-3.573
-1.583,-3.553
-1.574,-3.545
-1.582,-3.509
-1.584,-3.533
-1.571,-3.517
-1.571,-3.517
-1.573,-3.501
-1.551,-3.497
-1.555,-3.486
-1.543,-3.473
-1.534,-3.466
-1.533,-3.461
-1.530,-3.453
-1.522,-3.450
-1.500,-3.445
-1.489,-3.453
-1.494,-3.446
-1.473,-3.426
-1.477,-3.435
-1.465,-3.423
-1.473,-3.426
-1.463,-3.434
-1.447,-3.409
-1.439,-3.406
-1.431,-3.383
-1.431,-3.383
-1.446,-3.363
-1.420,-3.350
-1.412,-3.347
-1.412,-3.347
-1.402,-3.355
-1.392,-3.367
-1.379,-3.351
-1.381,-3.375
-1.359,-3.371
-1.348,-3.359
-1.339,-3.351
-1.328,-3.359
-1.340,-3.376
-1.329,-3.363
-1.338,-3.391
-1.310,-3.408
-1.304,-3.391
-1.318,-3.392
-1.308,-3.364
-1.319,-3.376
-1.321,-3.340
-1.330,-3.348
-1.332,-3.332
-1.331,-3.288
-1.328,-3.280
-1.309,-3.264
-1.306,-3.236
-1.320,-3.216
-1.291,-3.188
-1.291,-3.188
-1.270,-3.168
-1.269,-3.144
-1.248,-3.125
-1.259,-3.093
-1.249,-3.065
-1.240,-3.057
-1.228,-3.041
-1.230,-3.029
-1.219,-2.997
-1.201,-2.981
-1.200,-2.937
-1.208,-2.902
-1.191,-2.889
-1.200,-2.858
-1.189,-2.866
-1.178,-2.874
-1.169,-2.886
-1.141,-2.905
-1.120,-2.905
-1.110,-2.914
-1.110,-2.914
-1.117,-2.894
-1.107,-2.906
-1.097,-2.875
-1.108,-2.886
-1.088,-2.870
-1.107,-2.866
-1.099,-2.862
-1.098,-2.858
-1.099,-2.882
-1.069,-2.914
-1.055,-2.935
-1.026,-2.971
-1.003,-2.983
-0.995,-3.019
-0.995,-3.019
-0.982,-3.023
-0.995,-3.039
-0.963,-3.047
-0.964,-3.071
-0.964,-3.111
-0.963,-3.127
-0.953,-3.139
-0.951,-3.171
-0.963,-3.187
-0.923,-3.211
-0.922,-3.251
-0.915,-3.312
-0.901,-3.331
-0.901,-3.372
-0.911,-3.379
-0.897,-3.394
-0.910,-3.435
-0.907,-3.426
-0.920,-3.467
-0.932,-3.483
-0.929,-3.495
-0.941,-3.531
-0.940,-3.547
-0.961,-3.571
-0.960,-3.591
-0.987,-3.605
-1.000,-3.606
-1.019,-3.641
-1.021,-3.626
-1.031,-3.618
-1.041,-3.606
-1.053,-3.622
-1.071,-3.633
-1.081,-3.661
-1.091,-3.673
-1.100,-3.676
-1.110,-3.668
-1.119,-3.671
-1.123,-3.665
-1.125,-3.674
-1.116,-3.666
-1.127,-3.659
-1.153,-3.632
-1.172,-3.628
-1.203,-3.600
-1.223,-3.575
-1.248,-3.548
-1.256,-3.512
-1.278,-3.516
-1.299,-3.496
-1.316,-3.467
-1.341,-3.460
-1.359,-3.411
-1.382,-3.399
-1.392,-3.387
-1.400,-3.370
-1.412,-3.387
-1.430,-3.398
-1.432,-3.402
-1.442,-3.394
-1.441,-3.370
-1.444,-3.339
-1.452,-3.342
-1.473,-3.362
-1.472,-3.342
-1.478,-3.361
-1.480,-3.366
-1.481,-3.350
-1.485,-3.358
-1.498,-3.354
-1.485,-3.358
-1.498,-3.355
-1.493,-3.362
-1.492,-3.382
-1.502,-3.410
-1.489,-3.413
-1.483,-3.414
-1.482,-3.394
-1.473,-3.386
-1.475,-3.411
-1.482,-3.394
-1.475,-3.411
-1.461,-3.370
-1.483,-3.374
-1.483,-3.354
-1.480,-3.346
-1.453,-3.346
-1.441,-3.330
-1.444,-3.339
-1.434,-3.351
-1.411,-3.363
-1.412,-3.387
-1.419,-3.366
-1.402,-3.355
-1.390,-3.343
-1.398,-3.346
-1.381,-3.335
-1.381,-3.335
-1.353,-3.332
-1.354,-3.356
-1.340,-3.335
-1.351,-3.348
-1.337,-3.327
-1.339,-3.351
-1.320,-3.356
-1.339,-3.351
-1.321,-3.380
-1.318,-3.351
-1.310,-3.388
-1.280,-3.381
-1.288,-3.364
-1.291,-3.353
-1.288,-3.344
-1.298,-3.352
-1.318,-3.372
-1.306,-3.355
-1.320,-3.356
-1.318,-3.332
-1.332,-3.352
-1.321,-3.340
-1.329,-3.364
-1.340,-3.376
-1.357,-3.347
-1.361,-3.355
-1.370,-3.343
-1.388,-3.354
-1.391,-3.323
-1.392,-3.307
-1.396,-3.316
-1.396,-3.315
-1.392,-3.347
-1.402,-3.355
-1.397,-3.362
-1.400,-3.371
-1.391,-3.363
-1.370,-3.383
-1.353,-3.372
-1.340,-3.376
-1.340,-3.376
-1.340,-3.376
-1.350,-3.403
-1.381,-3.415
-1.357,-3.427
-1.370,-3.443
-1.390,-3.423
-1.411,-3.443
-1.403,-3.439
-1.399,-3.431
-1.412,-3.447
-1.401,-3.455
-1.410,-3.482
-1.421,-3.515
-1.418,-3.506
-1.451,-3.502
-1.440,-3.490
-1.448,-3.493
-1.483,-3.494
-1.481,-3.510
-1.486,-3.503
-1.486,-3.503
-1.495,-3.510
-1.504,-3.518
-1.499,-3.525
-1.501,-3.549
-1.501,-3.549
-1.490,-3.557
-1.493,-3.586
-1.491,-3.602
-1.502,-3.634
-1.502,-3.654
-1.502,-3.654
-1.505,-3.663
-1.498,-3.645
-1.500,-3.649
-1.519,-3.625
-1.519,-3.605
-1.534,-3.586
-1.512,-3.581
-1.534,-3.586
-1.534,-3.586
-1.542,-3.589
-1.543,-3.594
-1.551,-3.597
-1.543,-3.594
-1.541,-3.609
-1.568,-3.607
-1.562,-3.589
-1.553,-3.581
-1.558,-3.575
-1.558,-3.574
-1.566,-3.577
-1.565,-3.598
-1.570,-3.592
-1.572,-3.616
-1.572,-3.616
-1.551,-3.597
-1.566,-3.578
-1.542,-3.549
-1.546,-3.558
-1.564,-3.553
-1.564,-3.553
-1.564,-3.553
-1.542,-3.549
-1.564,-3.553
-1.544,-3.533
-1.563,-3.529
-1.564,-3.513
-1.552,-3.497
-1.556,-3.486
-1.535,-3.486
-1.533,-3.481
-1.543,-3.489
-1.520,-3.465
-1.504,-3.434
-1.502,-3.410
-1.492,-3.382
-1.496,-3.371
-1.484,-3.354
-1.478,-3.355
-1.476,-3.330
-1.474,-3.306
-1.465,-3.298
-1.472,-3.278
-1.473,-3.262
-1.453,-3.243
-1.464,-3.235
-1.458,-3.235
-1.423,-3.215
-1.425,-3.199
-1.403,-3.195
-1.403,-3.195
-1.403,-3.195
-1.381,-3.191
-1.373,-3.188
-1.362,-3.156
-1.363,-3.180
-1.343,-3.160
-1.340,-3.152
-1.341,-3.156
-1.351,-3.144
-1.340,-3.152
-1.341,-3.136
-1.339,-3.132
-1.341,-3.136
-1.349,-3.120
-1.362,-3.116
-1.345,-3.104
-1.322,-3.100
-1.346,-3.088
-1.344,-3.104
-1.341,-3.096
-1.351,-3.084
-1.350,-3.060
-1.342,-3.056
-1.351,-3.044
-1.342,-3.036
-1.344,-3.060
-1.320,-3.032
-1.323,-3.040
-1.322,-3.016
-1.321,-3.036
-1.323,-3.040
-1.331,-3.044
-1.353,-3.048
-1.342,-3.036
-1.342,-3.036
-1.343,-3.060
-1.331,-3.044
-1.324,-3.060
-1.322,-3.036
-1.322,-3.056
-1.333,-3.068
-1.309,-3.080
-1.311,-3.104
-1.311,-3.104
-1.293,-3.092
-1.286,-3.112
-1.293,-3.092
-1.275,-3.116
-1.260,-3.117
-1.289,-3.140
-1.270,-3.144
-1.248,-3.141
-1.239,-3.137
-1.239,-3.137
-1.232,-3.153
-1.230,-3.169
-1.217,-3.193
-1.209,-3.209
-1.208,-3.225
-1.219,-3.277
-1.208,-3.309
-1.226,-3.320
-1.218,-3.337
-1.207,-3.325
-1.229,-3.369
-1.228,-3.389
-1.237,-3.392
-1.238,-3.377
-1.276,-3.368
-1.289,-3.364
-1.301,-3.360
-1.308,-3.359
-1.320,-3.396
-1.312,-3.392
-1.323,-3.384
-1.323,-3.384
-1.331,-3.388
-1.363,-3.380
-1.360,-3.371
-1.371,-3.363
-1.372,-3.347
-1.369,-3.339
-1.402,-3.335
-1.391,-3.343
-1.402,-3.335
-1.426,-3.323
-1.422,-3.335
-1.435,-3.331
-1.452,-3.342
-1.464,-3.355
-1.472,-3.342
-1.482,-3.350
-1.484,-3.334
-1.495,-3.346
-1.495,-3.326
-1.506,-3.338
-1.512,-3.338
-1.534,-3.342
-1.522,-3.326
-1.551,-3.313
-1.564,-3.309
-1.587,-3.273
-1.581,-3.274
-1.591,-3.261
-1.581,-3.274
-1.611,-3.261
-1.585,-3.289
-1.596,-3.301
-1.593,-3.293
-1.605,-3.309
-1.618,-3.285
-1.618,-3.285
-1.629,-3.277
-1.657,-3.261
-1.668,-3.293
-1.659,-3.285
-1.657,-3.281
-1.659,-3.305
-1.657,-3.301
-1.670,-3.317
-1.670,-3.317
-1.666,-3.309
-1.700,-3.305
-1.698,-3.320
-1.709,-3.332
-1.707,-3.328
-1.707,-3.328
-1.720,-3.345
-1.727,-3.348
-1.738,-3.380
-1.741,-3.384
-1.720,-3.384
-1.735,-3.385
-1.721,-3.388
-1.721,-3.429
-1.717,-3.460
-1.704,-3.464
-1.699,-3.465
-1.685,-3.468
-1.677,-3.505
-1.668,-3.497
-1.646,-3.533
-1.657,-3.525
-1.653,-3.516
-1.657,-3.525
-1.655,-3.521
-1.674,-3.496
-1.689,-3.517
-1.696,-3.500
-1.700,-3.509
-1.719,-3.504
-1.715,-3.515
-1.728,-3.532
-1.735,-3.515
-1.728,-3.512
-1.750,-3.516
-1.755,-3.495
-1.749,-3.512
-1.745,-3.503
-1.750,-3.496
-1.754,-3.505
-1.741,-3.508
-1.752,-3.540
-1.755,-3.535
-1.746,-3.547
-1.737,-3.540
-1.726,-3.547
-1.718,-3.544
-1.726,-3.547
-1.739,-3.544
-1.730,-3.516
-1.728,-3.492
-1.730,-3.517
-1.728,-3.532
-1.727,-3.552
-1.728,-3.532
-1.726,-3.547
-1.730,-3.517
-1.717,-3.500
-1.721,-3.529
-1.719,-3.524
-1.727,-3.527
-1.728,-3.532
-1.715,-3.516
-1.728,-3.532
-1.736,-3.535
-1.726,-3.547
-1.710,-3.557
-1.698,-3.544
-1.702,-3.553
-1.700,-3.549
-1.696,-3.540
-1.697,-3.560
-1.713,-3.531
-1.719,-3.524
-1.708,-3.532
-1.696,-3.560
-1.689,-3.557
-1.676,-3.540
-1.668,-3.577
-1.678,-3.565
-1.676,-3.580
-1.676,-3.580
-1.663,-3.584
-1.657,-3.585
-1.687,-3.572
-1.665,-3.568
-1.659,-3.569
-1.655,-3.560
-1.668,-3.577
-1.667,-3.572
-1.654,-3.576
-1.655,-3.560
-1.654,-3.536
-1.654,-3.536
-1.667,-3.533
-1.678,-3.525
-1.673,-3.526
-1.648,-3.497
-1.671,-3.501
-1.660,-3.469
-1.666,-3.468
-1.656,-3.460
-1.675,-3.436
-1.657,-3.440
-1.658,-3.425
-1.647,-3.413
-1.640,-3.429
-1.646,-3.408
-1.649,-3.417
-1.649,-3.417
-1.648,-3.393
-1.640,-3.389
-1.646,-3.368
-1.636,-3.381
-1.636,-3.381
-1.646,-3.369
-1.640,-3.349
-1.646,-3.328
-1.650,-3.337
-1.638,-3.325
-1.666,-3.308
-1.670,-3.277
-1.644,-3.264
-1.659,-3.245
-1.648,-3.213
-1.650,-3.197
-1.645,-3.197
-1.639,-3.165
-1.641,-3.149
-1.630,-3.117
-1.608,-3.113
-1.608,-3.074
-1.586,-3.070
-1.589,-3.078
-1.578,-3.046
-1.569,-3.038
-1.560,-3.030
-1.558,-3.006
-1.560,-2.990
-1.568,-2.974
-1.568,-2.974
-1.559,-2.966
-1.545,-2.970
-1.540,-2.970
-1.528,-2.958
-1.518,-2.966
-1.499,-2.970
-1.504,-2.971
-1.518,-3.006
-1.497,-2.987
-1.486,-2.995
-1.476,-3.007
-1.486,-3.015
-1.480,-3.014
-1.448,-3.023
-1.439,-3.015
-1.428,-3.023
-1.424,-3.015
-1.404,-3.015
-1.413,-3.004
-1.393,-2.984
-1.365,-2.980
-1.354,-2.948
-1.327,-2.967
-1.313,-2.948
-1.293,-2.948
-1.274,-2.952
-1.250,-2.945
-1.232,-2.933
-1.211,-2.909
-1.211,-2.909
-1.202,-2.901
-1.189,-2.866
-1.192,-2.873
-1.159,-2.878
-1.149,-2.890
-1.140,-2.882
-1.138,-2.874
-1.142,-2.866
-1.118,-2.838
-1.128,-2.866
-1.120,-2.862
-1.098,-2.858
-1.081,-2.870
-1.081,-2.870
-1.070,-2.878
-1.060,-2.890
-1.035,-2.895
-1.056,-2.919
-1.036,-2.919
-1.036,-2.919
-1.038,-2.903
-1.035,-2.895
-1.017,-2.903
-1.006,-2.891
-1.006,-2.891
-1.008,-2.915
-1.016,-2.919
-1.017,-2.943
-1.006,-2.931
-0.996,-2.943
-0.997,-2.963
-0.985,-2.967
-0.986,-2.991
-0.986,-2.991
-0.976,-2.983
-0.976,-2.983
-0.974,-2.975
-0.956,-2.983
-0.955,-2.979
-0.964,-2.987
-0.996,-2.979
-0.965,-2.967
-0.967,-2.979
-0.966,-2.955
-0.977,-2.967
-0.967,-2.975
-0.984,-2.967
-0.965,-2.971
-0.964,-2.947
-0.974,-2.936
-0.976,-2.923
-0.975,-2.919
-0.997,-2.923
-0.986,-2.911
-0.987,-2.895
-0.998,-2.867
-0.996,-2.859
-0.986,-2.851
-1.006,-2.847
-1.017,-2.859
-1.019,-2.866
-1.017,-2.859
-1.040,-2.846
-1.037,-2.839
-1.048,-2.831
-1.028,-2.831
-1.058,-2.818
-1.070,-2.814
-1.047,-2.807
-1.068,-2.807
-1.069,-2.810
-1.067,-2.787
-1.051,-2.778
-1.071,-2.757
-1.072,-2.758
-1.090,-2.734
-1.098,-2.715
-1.090,-2.730
-1.077,-2.695
-1.099,-2.699
-1.100,-2.682
-1.099,-2.698
-1.102,-2.706
-1.080,-2.702
-1.070,-2.714
-1.070,-2.714
-1.077,-2.735
-1.079,-2.722
-1.088,-2.727
-1.100,-2.742
-1.090,-2.754
-1.089,-2.750
-1.081,-2.746
-1.098,-2.758
-1.099,-2.758
-1.109,-2.750
-1.108,-2.767
-1.122,-2.786
-1.118,-2.795
-1.130,-2.810
-1.110,-2.814
-1.100,-2.822
-1.092,-2.841
-1.101,-2.845
-1.100,-2.866
-1.100,-2.862
-1.106,-2.863
-1.109,-2.870
-1.108,-2.846
-1.109,-2.830
-1.132,-2.817
-1.120,-2.822
-1.131,-2.834
-1.109,-2.830
-1.131,-2.834
-1.140,-2.802
-1.150,-2.790
-1.163,-2.785
-1.161,-2.761
-1.150,-2.750
-1.161,-2.761
-1.139,-2.758
-1.142,-2.765
-1.159,-2.754
-1.171,-2.770
-1.161,-2.762
-1.171,-2.770
-1.172,-2.753
-1.188,-2.782
-1.191,-2.790
-1.173,-2.777
-1.172,-2.793
-1.176,-2.784
-1.172,-2.793
-1.163,-2.825
-1.172,-2.833
-1.169,-2.826
-1.170,-2.830
-1.179,-2.834
-1.181,-2.841
-1.161,-2.861
-1.180,-2.858
-1.171,-2.853
-1.159,-2.838
-1.181,-2.861
-1.191,-2.849
-1.210,-2.846
-1.203,-2.845
-1.232,-2.849
-1.233,-2.873
-1.222,-2.881
-1.231,-2.889
-1.233,-2.873
-1.230,-2.885
-1.252,-2.889
-1.272,-2.909
-1.291,-2.905
-1.313,-2.948
-1.299,-2.949
-1.313,-2.948
-1.305,-2.964
-1.316,-2.955
-1.307,-2.948
-1.324,-2.920
-1.345,-2.900
-1.364,-2.896
-1.383,-2.892
-1.377,-2.891
-1.373,-2.864
-1.377,-2.851
-1.386,-2.819
-1.396,-2.807
-1.399,-2.815
-1.416,-2.827
-1.418,-2.851
-1.418,-2.851
-1.418,-2.851
-1.438,-2.831
-1.435,-2.823
-1.438,-2.831
-1.447,-2.839
-1.447,-2.839
-1.449,-2.862
-1.465,-2.851
-1.457,-2.827
-1.478,-2.807
-1.465,-2.812
-1.457,-2.807
-1.457,-2.787
-1.430,-2.786
-1.410,-2.786
-1.410,-2.786
-1.431,-2.766
-1.405,-2.756
-1.416,-2.748
-1.416,-2.748
-1.415,-2.764
-1.407,-2.779
-1.385,-2.776
-1.377,-2.771
-1.377,-2.771
-1.355,-2.768
-1.358,-2.775
-1.344,-2.776
-1.355,-2.768
-1.336,-2.772
-1.314,-2.768
-1.327,-2.764
-1.313,-2.765
-1.295,-2.772
-1.283,-2.760
-1.292,-2.765
-1.284,-2.781
-1.292,-2.765
-1.284,-2.781
-1.282,-2.777
-1.282,-2.777
-1.276,-2.776
-1.244,-2.764
-1.268,-2.791
-1.256,-2.776
-1.251,-2.805
-1.262,-2.817
-1.239,-2.790
-1.252,-2.789
-1.243,-2.781
-1.244,-2.764
-1.246,-2.748
-1.243,-2.741
-1.254,-2.753
-1.242,-2.737
-1.253,-2.729
-1.244,-2.721
-1.242,-2.717
-1.254,-2.713
-1.254,-2.713
-1.264,-2.721
-1.254,-2.713
-1.251,-2.706
-1.264,-2.701
-1.253,-2.689
-1.264,-2.701
-1.256,-2.696
-1.250,-2.682
-1.254,-2.713
-1.234,-2.693
-1.235,-2.676
-1.227,-2.692
-1.235,-2.716
-1.236,-2.736
-1.212,-2.729
-1.231,-2.726
-1.234,-2.733
-1.212,-2.729
-1.215,-2.737
-1.213,-2.713
-1.224,-2.745
-1.213,-2.753
-1.220,-2.754
-1.212,-2.770
-1.232,-2.749
-1.222,-2.761
-1.234,-2.773
-1.230,-2.746
-1.233,-2.753
-1.243,-2.741
-1.234,-2.733
-1.234,-2.773
-1.261,-2.754
-1.273,-2.769
-1.272,-2.765
-1.292,-2.765
-1.284,-2.781
-1.284,-2.780
-1.277,-2.759
-1.257,-2.760
-1.276,-2.776
-1.274,-2.792
-1.272,-2.765
-1.273,-2.769
-1.263,-2.761
-1.262,-2.757
-1.284,-2.741
-1.262,-2.737
-1.275,-2.732
-1.275,-2.732
-1.275,-2.732
-1.297,-2.736
-1.273,-2.709
-1.286,-2.704
-1.283,-2.677
-1.285,-2.681
-1.295,-2.672
-1.292,-2.665
-1.295,-2.672
-1.307,-2.644
-1.307,-2.644
-1.316,-2.612
-1.322,-2.614
-1.324,-2.617
-1.333,-2.625
-1.326,-2.600
-1.329,-2.607
-1.308,-2.587
-1.321,-2.582
-1.316,-2.592
-1.326,-2.580
-1.325,-2.597
-1.312,-2.562
-1.316,-2.572
-1.315,-2.549
-1.317,-2.552
-1.317,-2.552
-1.324,-2.537
-1.307,-2.544
-1.305,-2.541
-1.317,-2.552
-1.307,-2.564
-1.304,-2.557
-1.315,-2.549
-1.315,-2.529
-1.305,-2.541
-1.318,-2.516
-1.306,-2.501
-1.328,-2.504
-1.324,-2.497
-1.335,-2.489
-1.317,-2.472
-1.333,-2.462
-1.347,-2.461
-1.337,-2.432
-1.320,-2.439
-1.321,-2.422
-1.318,-2.415
-1.341,-2.399
-1.327,-2.381
-1.346,-2.377
-1.317,-2.353
-1.305,-2.338
-1.297,-2.333
-1.327,-2.301
-1.308,-2.304
-1.319,-2.276
-1.316,-2.270
-1.319,-2.236
-1.307,-2.182
-1.330,-2.164
-1.330,-2.164
-1.328,-2.141
-1.350,-2.144
-1.339,-2.113
-1.350,-2.104
-1.330,-2.084
-1.358,-2.070
-1.341,-2.096
-1.339,-2.093
-1.319,-2.093
-1.318,-2.113
-1.316,-2.127
-1.300,-2.136
-1.268,-2.145
-1.270,-2.148
-1.251,-2.151
-1.247,-2.165
-1.227,-2.185
-1.215,-2.211
-1.196,-2.214
-1.196,-2.217
-1.194,-2.231
-1.186,-2.226
-1.153,-2.211
-1.155,-2.214
-1.135,-2.217
-1.134,-2.234
-1.135,-2.257
-1.112,-2.271
-1.123,-2.263
-1.134,-2.274
-1.122,-2.280
-1.104,-2.306
-1.082,-2.323
-1.073,-2.358
-1.073,-2.378
-1.081,-2.423
-1.072,-2.435
-1.050,-2.432
-1.060,-2.463
-1.040,-2.503
-1.047,-2.505
-1.052,-2.518
-1.021,-2.507
-1.023,-2.513
-1.033,-2.521
-1.029,-2.531
-1.039,-2.559
-1.058,-2.556
-1.051,-2.575
-1.061,-2.563
-1.070,-2.571
-1.072,-2.578
-1.060,-2.583
-1.092,-2.574
-1.101,-2.582
-1.111,-2.610
-1.102,-2.606
-1.122,-2.602
-1.132,-2.594
-1.155,-2.577
-1.152,-2.570
-1.164,-2.585
-1.172,-2.590
-1.194,-2.613
-1.214,-2.593
-1.222,-2.578
-1.246,-2.584
-1.254,-2.569
-1.285,-2.581
-1.304,-2.577
-1.325,-2.577
-1.330,-2.527
-1.339,-2.495
-1.341,-2.499
-1.340,-2.475
-1.367,-2.477
-1.388,-2.500
-1.378,-2.508
-1.400,-2.512
-1.409,-2.480
-1.398,-2.488
-1.411,-2.483
-1.419,-2.468
-1.431,-2.443
-1.424,-2.418
-1.452,-2.403
-1.432,-2.443
-1.418,-2.425
-1.429,-2.436
-1.419,-2.448
-1.430,-2.459
-1.412,-2.463
-1.389,-2.460
-1.380,-2.472
-1.370,-2.483
-1.378,-2.508
-1.400,-2.531
-1.366,-2.537
-1.367,-2.557
-1.359,-2.552
-1.349,-2.544
-1.343,-2.542
-1.340,-2.515
-1.342,-2.519
-1.340,-2.495
-1.336,-2.506
-1.348,-2.480
-1.336,-2.466
-1.339,-2.472
-1.339,-2.432
-1.339,-2.432
-1.331,-2.407
-1.328,-2.401
-1.330,-2.384
-1.318,-2.412
-1.317,-2.409
-1.320,-2.396
-1.317,-2.389
-1.320,-2.396
-1.329,-2.404
-1.328,-2.401
-1.310,-2.407
-1.306,-2.418
-1.337,-2.429
-1.337,-2.429
-1.326,-2.397
-1.329,-2.404
-1.326,-2.397
-1.350,-2.384
-1.329,-2.364
-1.320,-2.355
-1.333,-2.350
-1.318,-2.332
-1.341,-2.335
-1.339,-2.312
-1.347,-2.298
-1.329,-2.284
-1.327,-2.258
-1.341,-2.256
-1.339,-2.232
-1.317,-2.230
-1.341,-2.216
-1.338,-2.210
-1.351,-2.204
-1.351,-2.204
-1.349,-2.181
-1.371,-2.184
-1.388,-2.158
-1.381,-2.132
-1.381,-2.092
-1.381,-2.092
-1.384,-2.098
-1.370,-2.101
-1.372,-2.084
-1.361,-2.073
-1.370,-2.061
-1.359,-2.070
-1.358,-2.087
-1.362,-2.096
-1.334,-2.090
-1.334,-2.090
-1.315,-2.093
-1.301,-2.096
-1.301,-2.136
-1.308,-2.161
-1.307,-2.178
-1.269,-2.185
-1.256,-2.190
-1.259,-2.196
-1.237,-2.233
-1.258,-2.253
-1.237,-2.273
-1.245,-2.279
-1.250,-2.308
-1.228,-2.305
-1.237,-2.313
-1.208,-2.328
-1.214,-2.327
-1.216,-2.333
-1.206,-2.342
-1.207,-2.365
-1.220,-2.360
-1.206,-2.382
-1.218,-2.396
-1.175,-2.414
-1.194,-2.410
-1.194,-2.410
-1.193,-2.427
-1.186,-2.445
-1.178,-2.460
-1.168,-2.472
-1.167,-2.488
-1.184,-2.502
-1.165,-2.505
-1.164,-2.522
-1.164,-2.522
-1.164,-2.522
-1.151,-2.527
-1.156,-2.537
-1.184,-2.502
-1.184,-2.502
-1.208,-2.488
-1.206,-2.465
-1.218,-2.476
-1.226,-2.441
-1.237,-2.433
-1.257,-2.413
-1.284,-2.395
-1.310,-2.384
-1.319,-2.352
-1.329,-2.341
-1.341,-2.315
-1.358,-2.289
-1.371,-2.284
-1.389,-2.257
-1.399,-2.246
-1.402,-2.252
-1.411,-2.220
-1.416,-2.229
-1.405,-2.218
-1.405,-2.218
-1.414,-2.186
-1.410,-2.177
-1.403,-2.195
-1.390,-2.161
-1.391,-2.161
-1.383,-2.155
-1.381,-2.112
-1.385,-2.118
-1.362,-2.115
-1.362,-2.115
-1.363,-2.095
-1.339,-2.090
-1.342,-2.136
-1.320,-2.133
-1.310,-2.144
-1.300,-2.156
-1.288,-2.182
-1.280,-2.216
-1.258,-2.213
-1.267,-2.222
-1.267,-2.222
-1.256,-2.230
-1.248,-2.225
-1.256,-2.230
-1.246,-2.242
-1.229,-2.268
-1.228,-2.265
-1.230,-2.291
-1.238,-2.296
-1.238,-2.296
-1.227,-2.325
-1.234,-2.307
-1.248,-2.305
-1.236,-2.290
-1.248,-2.305
-1.260,-2.299
-1.256,-2.270
-1.259,-2.276
-1.278,-2.273
-1.278,-2.273
-1.269,-2.265
-1.288,-2.261
-1.302,-2.259
-1.299,-2.253
-1.299,-2.253
-1.300,-2.276
-1.297,-2.270
-1.300,-2.276
-1.308,-2.261
-1.310,-2.264
-1.310,-2.264
-1.297,-2.270
-1.319,-2.273
-1.306,-2.278
-1.310,-2.304
-1.313,-2.310
-1.290,-2.327
-1.282,-2.362
-1.277,-2.373
-1.296,-2.409
-1.296,-2.429
-1.285,-2.438
-1.300,-2.459
-1.269,-2.448
-1.280,-2.479
-1.278,-2.496
-1.285,-2.498
-1.297,-2.533
-1.294,-2.546
-1.304,-2.577
-1.295,-2.609
-1.304,-2.617
-1.320,-2.639
-1.318,-2.656
-1.318,-2.696
-1.337,-2.732
-1.343,-2.773
-1.376,-2.788
-1.396,-2.788
-1.409,-2.783
-1.411,-2.807
-1.426,-2.835
-1.439,-2.851
-1.428,-2.859
-1.431,-2.866
-1.442,-2.878
-1.448,-2.879
-1.461,-2.874
-1.469,-2.879
-1.492,-2.882
-1.480,-2.870
-1.499,-2.867
-1.501,-2.870
-1.501,-2.890
-1.512,-2.922
-1.502,-2.914
-1.531,-2.918
-1.532,-2.942
-1.560,-2.946
-1.571,-2.978
-1.573,-3.002
-1.569,-3.014
-1.593,-3.042
-1.600,-3.065
-1.622,-3.069
-1.622,-3.089
-1.659,-3.101
-1.673,-3.141
-1.699,-3.140
-1.740,-3.140
-1.770,-3.128
-1.781,-3.080
-1.778,-3.084
-1.798,-3.064
-1.819,-3.083
-1.848,-3.071
-1.873,-3.091
-1.876,-3.075
-1.903,-3.079
-1.896,-3.075
-1.887,-3.067
-1.896,-3.035
-1.921,-2.982
-1.917,-2.935
-1.922,-2.942
-1.910,-2.950
-1.895,-2.971
-1.888,-2.987
-1.874,-2.951
-1.867,-2.967
-1.858,-2.959
-1.847,-2.947
-1.849,-2.951
-1.835,-2.935
-1.824,-2.944
-1.833,-2.952
-1.820,-2.936
-1.824,-2.944
-1.822,-2.920
-1.817,-2.900
-1.800,-2.887
-1.769,-2.855
-1.760,-2.847
-1.765,-2.848
-1.754,-2.856
-1.761,-2.841
-1.761,-2.801
-1.747,-2.772
-1.745,-2.748
-1.737,-2.744
-1.726,-2.752
-1.713,-2.737
-1.706,-2.712
-1.691,-2.694
-1.695,-2.701
-1.674,-2.681
-1.703,-2.666
-1.686,-2.653
-1.694,-2.617
-1.685,-2.609
-1.675,-2.621
-1.653,-2.578
-1.645,-2.593
-1.642,-2.586
-1.634,-2.581
-1.633,-2.578
-1.631,-2.594
-1.634,-2.601
-1.614,-2.581
-1.597,-2.568
-1.586,-2.577
-1.582,-2.570
-1.605,-2.573
-1.579,-2.563
-1.582,-2.570
-1.562,-2.550
-1.551,-2.519
-1.556,-2.509
-1.562,-2.510
-1.564,-2.514
-1.555,-2.525
-1.551,-2.519
-1.564,-2.534
-1.549,-2.495
-1.544,-2.494
-1.555,-2.485
-1.544,-2.454
-1.546,-2.457
-1.531,-2.439
-1.552,-2.439
-1.539,-2.444
-1.537,-2.421
-1.522,-2.431
-1.530,-2.396
-1.524,-2.394
-1.523,-2.371
-1.512,-2.379
-1.517,-2.369
-1.495,-2.366
-1.485,-2.377
-1.483,-2.394
-1.491,-2.399
-1.472,-2.403
-1.459,-2.368
-1.461,-2.391
-1.441,-2.371
-1.441,-2.371
-1.433,-2.386
-1.418,-2.368
-1.412,-2.366
-1.402,-2.375
-1.411,-2.383
-1.402,-2.375
-1.398,-2.369
-1.411,-2.363
-1.400,-2.352
-1.411,-2.323
-1.404,-2.338
-1.389,-2.320
-1.411,-2.323
-1.421,-2.332
-1.420,-2.331
-1.421,-2.332
-1.429,-2.337
-1.443,-2.335
-1.443,-2.334
-1.424,-2.338
-1.425,-2.321
-1.422,-2.315
-1.424,-2.318
-1.421,-2.312
-1.419,-2.328
-1.411,-2.323
-1.396,-2.303
-1.421,-2.292
-1.401,-2.292
-1.401,-2.292
-1.383,-2.278
-1.402,-2.275
-1.383,-2.278
-1.401,-2.272
-1.390,-2.261
-1.411,-2.260
-1.409,-2.237
-1.403,-2.215
-1.403,-2.195
-1.394,-2.206
-1.395,-2.210
-1.381,-2.212
-1.380,-2.232
-1.357,-2.246
-1.376,-2.243
-1.392,-2.204
-1.380,-2.192
-1.385,-2.181
-1.387,-2.164
-1.383,-2.158
-1.403,-2.155
-1.418,-2.146
-1.412,-2.144
-1.412,-2.144
-1.412,-2.163
-1.415,-2.149
-1.421,-2.152
-1.423,-2.155
-1.423,-2.135
-1.452,-2.120
-1.453,-2.103
-1.452,-2.080
-1.446,-2.078
-1.444,-2.075
-1.463,-2.072
-1.455,-2.066
-1.441,-2.049
-1.444,-2.055
-1.453,-2.063
-1.453,-2.083
-1.464,-2.095
-1.459,-2.106
-1.463,-2.112
-1.473,-2.103
-1.464,-2.095
-1.468,-2.100
-1.464,-2.095
-1.496,-2.106
-1.483,-2.092
-1.481,-2.089
-1.484,-2.095
-1.472,-2.120
-1.475,-2.126
-1.475,-2.126
-1.484,-2.134
-1.484,-2.134
-1.492,-2.140
-1.484,-2.155
-1.473,-2.143
-1.483,-2.152
-1.484,-2.134
-1.492,-2.140
-1.484,-2.134
-1.473,-2.143
-1.464,-2.155
-1.484,-2.174
-1.481,-2.169
-1.484,-2.175
-1.483,-2.131
-1.481,-2.129
-1.473,-2.103
-1.473,-2.103
-1.490,-2.103
-1.479,-2.111
-1.477,-2.109
-1.466,-2.117
-1.491,-2.097
-1.483,-2.092
-1.485,-2.074
-1.485,-2.074
-1.477,-2.069
-1.483,-2.091
-1.464,-2.095
-1.472,-2.100
-1.472,-2.100
-1.464,-2.095
-1.442,-2.092
-1.455,-2.106
-1.444,-2.115
-1.453,-2.123
-1.442,-2.132
-1.450,-2.137
-1.444,-2.155
-1.453,-2.123
-1.453,-2.143
-1.444,-2.155
-1.462,-2.152
-1.442,-2.172
-1.451,-2.180
-1.451,-2.180
-1.424,-2.178
-1.425,-2.158
-1.428,-2.164
-1.434,-2.146
-1.421,-2.152
-1.442,-2.172
-1.409,-2.138
-1.414,-2.127
-1.414,-2.107
-1.444,-2.095
-1.435,-2.086
-1.432,-2.081
-1.435,-2.086
-1.445,-2.075
-1.454,-2.083
-1.446,-2.078
-1.452,-2.060
-1.464,-2.072
-1.452,-2.061
-1.465,-2.055
-1.467,-2.077
-1.454,-2.063
-1.477,-2.066
-1.475,-2.043
-1.454,-2.043
-1.464,-2.032
-1.450,-2.035
-1.456,-2.046
-1.437,-2.049
-1.448,-2.060
-1.450,-2.043
-1.434,-2.023
-1.445,-2.015
-1.431,-1.998
-1.432,-1.981
-1.414,-1.964
-1.412,-1.941
-1.406,-1.918
-1.395,-1.887
-1.385,-1.856
-1.366,-1.859
-1.353,-1.845
-1.334,-1.847
-1.322,-1.834
-1.322,-1.834
-1.323,-1.816
-1.333,-1.765
-1.346,-1.759
-1.335,-1.708
-1.333,-1.725
-1.354,-1.725
-1.351,-1.720
-1.343,-1.714
-1.352,-1.723
-1.363,-1.714
-1.357,-1.710
-1.345,-1.696
-1.348,-1.701
-1.327,-1.721
-1.337,-1.750
-1.316,-1.770
-1.301,-1.772
-1.304,-1.777
-1.302,-1.794
-1.293,-1.785
-1.284,-1.819
-1.281,-1.814
-1.273,-1.848
-1.281,-1.854
-1.281,-1.854
-1.294,-1.868
-1.291,-1.863
-1.294,-1.868
-1.303,-1.856
-1.323,-1.856
-1.304,-1.859
-1.303,-1.856
-1.304,-1.859
-1.313,-1.865
-1.313,-1.865
-1.323,-1.856
-1.321,-1.871
-1.322,-1.874
-1.320,-1.851
-1.323,-1.856
-1.317,-1.853
-1.304,-1.859
-1.317,-1.893
-1.314,-1.887
-1.322,-1.913
-1.333,-1.925
-1.310,-1.942
-1.335,-1.950
-1.313,-1.947
-1.324,-1.979
-1.334,-2.007
-1.321,-2.013
-1.324,-2.019
-1.311,-2.025
-1.311,-2.065
-1.324,-2.079
-1.311,-2.104
-1.323,-2.119
-1.311,-2.144
-1.322,-2.176
-1.291,-2.207
-1.291,-2.207
-1.302,-2.239
-1.308,-2.241
-1.318,-2.270
-1.327,-2.278
-1.345,-2.252
-1.372,-2.244
-1.373,-2.227
-1.397,-2.213
-1.397,-2.213
-1.403,-2.195
-1.435,-2.206
-1.441,-2.169
-1.450,-2.157
-1.445,-2.155
-1.463,-2.152
-1.465,-2.135
-1.445,-2.115
-1.454,-2.103
-1.447,-2.078
-1.464,-2.052
-1.488,-2.037
-1.496,-2.003
-1.517,-2.003
-1.528,-1.974
-1.536,-1.960
-1.550,-1.957
-1.571,-1.937
-1.581,-1.925
-1.601,-1.905
-1.597,-1.900
-1.622,-1.885
-1.629,-1.891
-1.640,-1.882
-1.651,-1.873
-1.657,-1.857
-1.643,-1.885
-1.633,-1.856
-1.635,-1.859
-1.646,-1.870
-1.641,-1.862
-1.663,-1.865
-1.680,-1.839
-1.680,-1.839
-1.684,-1.844
-1.669,-1.848
-1.693,-1.853
-1.693,-1.853
-1.682,-1.862
-1.686,-1.867
-1.693,-1.893
-1.704,-1.904
-1.672,-1.913
-1.681,-1.922
-1.693,-1.933
-1.659,-1.939
-1.663,-1.964
-1.640,-1.962
-1.652,-1.973
-1.642,-1.985
-1.648,-2.007
-1.650,-2.030
-1.629,-2.050
-1.620,-2.062
-1.621,-2.105
-1.608,-2.130
-1.602,-2.168
-1.570,-2.196
-1.570,-2.216
-1.549,-2.257
-1.555,-2.299
-1.547,-2.334
-1.544,-2.347
-1.545,-2.350
-1.527,-2.334
-1.517,-2.325
-1.508,-2.337
-1.515,-2.362
-1.538,-2.365
-1.538,-2.365
-1.525,-2.371
-1.547,-2.354
-1.555,-2.339
-1.545,-2.351
-1.558,-2.365
-1.575,-2.359
-1.588,-2.373
-1.586,-2.350
-1.607,-2.370
-1.606,-2.390
-1.614,-2.395
-1.629,-2.393
-1.616,-2.378
-1.628,-2.393
-1.601,-2.388
-1.589,-2.376
-1.623,-2.391
-1.608,-2.393
-1.629,-2.393
-1.616,-2.418
-1.614,-2.395
-1.610,-2.416
-1.606,-2.430
-1.608,-2.453
-1.608,-2.453
-1.596,-2.442
-1.619,-2.445
-1.606,-2.470
-1.606,-2.470
-1.617,-2.501
-1.626,-2.510
-1.628,-2.493
-1.637,-2.481
-1.638,-2.481
-1.639,-2.464
-1.658,-2.461
-1.669,-2.493
-1.688,-2.529
-1.678,-2.541
-1.690,-2.512
-1.686,-2.506
-1.719,-2.500
-1.708,-2.489
-1.703,-2.467
-1.716,-2.482
-1.723,-2.447
-1.733,-2.415
-1.738,-2.397
-1.749,-2.389
-1.740,-2.380
-1.747,-2.366
-1.754,-2.375
-1.742,-2.363
-1.762,-2.363
-1.783,-2.363
-1.779,-2.357
-1.792,-2.332
-1.811,-2.308
-1.813,-2.311
-1.815,-2.314
-1.822,-2.300
-1.816,-2.315
-1.822,-2.300
-1.804,-2.303
-1.793,-2.311
-1.800,-2.317
-1.814,-2.331
-1.791,-2.328
-1.791,-2.329
-1.781,-2.340
-1.789,-2.345
-1.786,-2.366
-1.765,-2.346
-1.756,-2.358
-1.745,-2.367
-1.739,-2.377
-1.743,-2.384
-1.730,-2.369
-1.723,-2.384
-1.721,-2.401
-1.717,-2.394
-1.709,-2.389
-1.678,-2.378
-1.703,-2.384
-1.704,-2.387
-1.703,-2.384
-1.714,-2.375
-1.699,-2.377
-1.698,-2.398
-1.701,-2.401
-1.699,-2.377
-1.694,-2.375
-1.701,-2.340
-1.713,-2.312
-1.713,-2.312
-1.718,-2.294
-1.721,-2.278
-1.717,-2.271
-1.721,-2.238
-1.697,-2.238
-1.696,-2.238
-1.677,-2.262
-1.674,-2.275
-1.651,-2.293
-1.620,-2.321
-1.595,-2.335
-1.579,-2.342
-1.577,-2.339
-1.580,-2.345
-1.590,-2.333
-1.597,-2.358
-1.611,-2.353
-1.588,-2.330
-1.590,-2.313
-1.591,-2.296
-1.599,-2.302
-1.612,-2.316
-1.599,-2.322
-1.599,-2.322
-1.589,-2.313
-1.606,-2.287
-1.620,-2.281
-1.608,-2.230
-1.622,-2.224
-1.631,-2.213
-1.620,-2.201
-1.622,-2.184
-1.602,-2.144
-1.614,-2.159
-1.605,-2.130
-1.602,-2.145
-1.613,-2.136
-1.600,-2.122
-1.579,-2.102
-1.590,-2.093
-1.569,-2.071
-1.563,-2.068
-1.561,-2.045
-1.561,-2.045
-1.542,-2.048
-1.539,-2.042
-1.550,-2.034
-1.528,-2.031
-1.529,-2.014
-1.531,-1.997
-1.518,-2.003
-1.511,-2.017
-1.507,-2.011
-1.498,-2.023
-1.499,-2.046
-1.487,-2.031
-1.490,-2.037
-1.485,-2.029
-1.487,-2.032
-1.480,-2.049
-1.480,-2.048
-1.482,-2.071
-1.460,-2.069
-1.467,-2.094
-1.466,-2.072
-1.462,-2.066
-1.447,-2.075
-1.445,-2.052
-1.439,-2.049
-1.439,-2.049
-1.436,-2.043
-1.439,-2.049
-1.427,-2.035
-1.417,-2.026
-1.398,-2.029
-1.397,-2.046
-1.388,-2.038
-1.375,-2.024
-1.375,-2.024
-1.355,-2.044
-1.353,-2.021
-1.346,-2.038
-1.324,-2.036
-1.325,-2.056
-1.322,-2.050
-1.320,-2.027
-1.306,-2.019
-1.297,-2.010
-1.300,-2.016
-1.290,-2.027
-1.296,-2.030
-1.304,-2.036
-1.292,-2.022
-1.311,-2.039
-1.292,-2.042
-1.292,-2.042
-1.286,-2.042
-1.285,-2.039
-1.255,-2.050
-1.265,-2.059
-1.252,-2.085
-1.263,-2.116
-1.240,-2.131
-1.241,-2.113
-1.245,-2.099
-1.233,-2.088
-1.214,-2.091
-1.222,-2.076
-1.233,-2.088
-1.232,-2.065
-1.251,-2.062
-1.254,-2.028
-1.261,-2.011
-1.273,-1.985
-1.256,-1.970
-1.256,-1.970
-1.268,-1.964
-1.276,-1.910
-1.285,-1.916
-1.294,-1.885
-1.283,-1.854
-1.287,-1.839
-1.295,-1.825
-1.297,-1.830
-1.297,-1.830
-1.294,-1.825
-1.296,-1.808
-1.317,-1.787
-1.317,-1.787
-1.327,-1.779
-1.334,-1.762
-1.347,-1.736
-1.345,-1.734
-1.347,-1.716
-1.349,-1.698
-1.347,-1.696
-1.369,-1.678
-1.377,-1.665
-1.378,-1.647
-1.378,-1.647
-1.385,-1.631
-1.390,-1.618
-1.369,-1.598
-1.371,-1.581
-1.363,-1.594
-1.358,-1.567
-1.359,-1.567
-1.346,-1.574
-1.338,-1.588
-1.328,-1.599
-1.305,-1.614
-1.298,-1.630
-1.286,-1.657
-1.266,-1.679
-1.256,-1.731
-1.223,-1.757
-1.235,-1.791
-1.212,-1.806
-1.212,-1.846
-1.213,-1.848
-1.212,-1.846
-1.234,-1.848
-1.213,-1.848
-1.224,-1.859
-1.233,-1.868
-1.252,-1.865
-1.274,-1.868
-1.272,-1.863
-1.292,-1.882
-1.295,-1.848
-1.295,-1.847
-1.309,-1.864
-1.296,-1.870
-1.307,-1.901
-1.326,-1.918
-1.331,-1.919
-1.334,-1.885
-1.354,-1.864
-1.345,-1.856
-1.338,-1.830
-1.325,-1.796
-1.338,-1.790
-1.336,-1.767
-1.326,-1.779
-1.317,-1.770
-1.325,-1.776
-1.317,-1.810
-1.284,-1.796
-1.295,-1.808
-1.296,-1.788
-1.294,-1.765
-1.277,-1.750
-1.264,-1.737
-1.265,-1.739
-1.267,-1.742
-1.242,-1.734
-1.254,-1.746
-1.243,-1.735
-1.223,-1.737
-1.205,-1.762
-1.215,-1.751
-1.218,-1.756
-1.215,-1.751
-1.223,-1.777
-1.223,-1.817
-1.200,-1.832
-1.203,-1.837
-1.212,-1.846
-1.213,-1.868
-1.205,-1.882
-1.212,-1.886
-1.214,-1.931
-1.213,-1.948
-1.224,-1.979
-1.224,-1.979
-1.231,-2.002
-1.244,-1.999
-1.252,-1.985
-1.252,-1.985
-1.265,-1.979
-1.251,-1.982
-1.276,-1.990
-1.275,-1.967
-1.294,-1.965
-1.316,-1.967
-1.304,-1.953
-1.305,-1.936
-1.282,-1.951
-1.305,-1.936
-1.299,-1.933
-1.287,-1.921
-1.289,-1.904
-1.286,-1.879
-1.285,-1.856
-1.283,-1.854
-1.282,-1.831
-1.286,-1.819
-1.285,-1.796
-1.286,-1.779
-1.298,-1.790
-1.295,-1.785
-1.307,-1.799
-1.305,-1.776
-1.318,-1.770
-1.330,-1.784
-1.336,-1.785
-1.357,-1.807
-1.354,-1.802
-1.377,-1.784
-1.380,-1.749
-1.387,-1.736
-1.379,-1.729
-1.388,-1.736
-1.388,-1.736
-1.388,-1.736
-1.395,-1.722
-1.397,-1.744
-1.395,-1.762
-1.387,-1.756
-1.390,-1.760
-1.379,-1.729
-1.373,-1.746
-1.350,-1.743
-1.368,-1.758
-1.346,-1.796
-1.362,-1.788
-1.326,-1.796
-1.316,-1.807
-1.308,-1.801
-1.288,-1.801
-1.274,-1.825
-1.266,-1.839
-1.274,-1.825
-1.263,-1.834
-1.266,-1.839
-1.263,-1.834
-1.266,-1.839
-1.266,-1.839
-1.266,-1.879
-1.255,-1.888
-1.242,-1.894
-1.256,-1.930
-1.243,-1.956
-1.263,-1.956
-1.265,-1.979
-1.273,-1.985
-1.285,-1.999
-1.293,-2.025
-1.284,-2.016
-1.277,-2.033
-1.296,-2.030
-1.298,-2.053
-1.295,-2.047
-1.284,-2.056
-1.284,-2.056
-1.303,-2.053
-1.306,-2.039
-1.295,-2.027
-1.318,-2.010
-1.317,-2.030
-1.334,-2.024
-1.336,-2.047
-1.346,-2.036
-1.346,-2.036
-1.368,-2.038
-1.365,-2.033
-1.378,-2.029
-1.387,-2.035
-1.387,-2.035
-1.388,-2.058
-1.387,-2.055
-1.399,-2.069
-1.387,-2.055
-1.387,-2.075
-1.398,-2.086
-1.396,-2.083
-1.416,-2.103
-1.415,-2.081
-1.428,-2.075
-1.432,-2.063
-1.431,-2.080
-1.424,-2.097
-1.431,-2.120
-1.448,-2.134
-1.457,-2.143
-1.465,-2.129
-1.449,-2.137
-1.459,-2.126
-1.448,-2.115
-1.449,-2.137
-1.446,-2.132
-1.448,-2.155
-1.447,-2.154
-1.447,-2.154
-1.470,-2.157
-1.457,-2.183
-1.460,-2.209
-1.447,-2.194
-1.447,-2.234
-1.451,-2.240
-1.457,-2.263
-1.468,-2.294
-1.466,-2.271
-1.466,-2.271
-1.469,-2.277
-1.477,-2.302
-1.480,-2.309
-1.479,-2.326
-1.494,-2.356
-1.475,-2.359
-1.466,-2.351
-1.473,-2.364
-1.472,-2.383
-1.471,-2.380
-1.480,-2.389
-1.465,-2.411
-1.467,-2.454
-1.446,-2.474
-1.424,-2.511
-1.435,-2.523
-1.444,-2.491
-1.467,-2.494
-1.478,-2.466
-1.487,-2.474
-1.479,-2.469
-1.487,-2.474
-1.519,-2.505
-1.526,-2.490
-1.547,-2.490
-1.549,-2.473
-1.558,-2.442
-1.562,-2.448
-1.571,-2.436
-1.590,-2.453
-1.601,-2.464
-1.607,-2.426
-1.630,-2.410
-1.631,-2.393
-1.639,-2.398
-1.663,-2.404
-1.650,-2.389
-1.676,-2.399
-1.687,-2.390
-1.685,-2.407
-1.696,-2.399
-1.709,-2.405
-1.702,-2.400
-1.713,-2.412
-1.722,-2.420
-1.724,-2.443
-1.734,-2.432
-1.724,-2.443
-1.735,-2.455
-1.743,-2.480
-1.735,-2.495
-1.742,-2.520
-1.725,-2.527
-1.723,-2.543
-1.744,-2.563
-1.732,-2.592
-1.730,-2.608
-1.711,-2.632
-1.712,-2.612
-1.721,-2.580
-1.721,-2.580
-1.719,-2.577
-1.723,-2.564
-1.731,-2.568
-1.721,-2.580
-1.714,-2.595
-1.682,-2.604
-1.697,-2.643
-1.683,-2.647
-1.670,-2.672
-1.681,-2.664
-1.675,-2.674
-1.689,-2.669
-1.691,-2.652
-1.689,-2.629
-1.695,-2.619
-1.670,-2.632
-1.691,-2.612
-1.691,-2.592
-1.680,-2.581
-1.702,-2.584
-1.691,-2.592
-1.723,-2.604
-1.711,-2.592
-1.721,-2.580
-1.722,-2.584
-1.728,-2.565
-1.764,-2.563
-1.752,-2.552
-1.772,-2.528
-1.787,-2.526
-1.771,-2.508
-1.775,-2.515
-1.792,-2.528
-1.792,-2.508
-1.786,-2.506
-1.775,-2.494
-1.759,-2.481
-1.759,-2.481
-1.755,-2.475
-1.754,-2.495
-1.729,-2.465
-1.723,-2.484
-1.702,-2.464
-1.712,-2.452
-1.714,-2.455
-1.690,-2.429
-1.664,-2.427
-1.655,-2.419
-1.651,-2.452
-1.634,-2.479
-1.630,-2.493
-1.630,-2.533
-1.607,-2.550
-1.605,-2.526
-1.630,-2.533
-1.618,-2.498
-1.612,-2.476
-1.602,-2.468
-1.621,-2.484
-1.621,-2.485
-1.614,-2.451
-1.627,-2.446
-1.630,-2.433
-1.623,-2.408
-1.618,-2.406
-1.602,-2.387
-1.603,-2.408
-1.569,-2.393
-1.596,-2.395
-1.588,-2.390
-1.579,-2.381
-1.592,-2.376
-1.583,-2.348
-1.570,-2.333
-1.583,-2.348
-1.570,-2.333
-1.572,-2.356
-1.563,-2.348
-1.538,-2.362
-1.542,-2.368
-1.529,-2.374
-1.540,-2.405
-1.508,-2.414
-1.516,-2.419
-1.519,-2.425
-1.516,-2.399
-1.538,-2.382
-1.531,-2.397
-1.548,-2.370
-1.529,-2.374
-1.536,-2.359
-1.531,-2.357
-1.532,-2.340
-1.532,-2.340
-1.534,-2.323
-1.538,-2.322
-1.539,-2.322
-1.548,-2.291
-1.539,-2.282
-1.531,-2.257
-1.529,-2.254
-1.542,-2.248
-1.531,-2.237
-1.530,-2.234
-1.531,-2.217
-1.539,-2.222
-1.541,-2.205
-1.543,-2.188
-1.529,-2.194
-1.542,-2.208
-1.528,-2.191
-1.520,-2.185
-1.531,-2.177
-1.528,-2.171
-1.540,-2.185
-1.519,-2.162
-1.530,-2.154
-1.519,-2.122
-1.528,-2.111
-1.533,-2.120
-1.502,-2.108
-1.524,-2.091
-1.503,-2.091
-1.521,-2.065
-1.511,-2.077
-1.517,-2.060
-1.510,-2.074
-1.511,-2.057
-1.510,-2.034
-1.502,-2.048
-1.510,-2.034
-1.501,-2.026
-1.491,-2.037
-1.499,-2.023
-1.493,-2.020
-1.478,-2.023
-1.491,-2.037
-1.491,-2.037
-1.469,-2.034
-1.472,-2.040
-1.469,-2.034
-1.450,-2.037
-1.439,-2.046
-1.458,-2.043
-1.439,-2.046
-1.436,-2.040
-1.437,-2.063
-1.428,-2.055
-1.419,-2.046
-1.414,-2.046
-1.392,-2.043
-1.401,-2.052
-1.387,-2.055
-1.375,-2.041
-1.398,-2.047
-1.376,-2.024
-1.369,-2.038
-1.370,-2.021
-1.357,-2.027
-1.329,-2.041
-1.337,-2.047
-1.316,-2.067
-1.297,-2.070
-1.296,-2.087
-1.288,-2.102
-1.254,-2.128
-1.235,-2.151
-1.225,-2.142
-1.222,-2.176
-1.224,-2.199
-1.230,-2.202
-1.242,-2.213
-1.232,-2.225
-1.241,-2.233
-1.252,-2.245
-1.241,-2.233
-1.234,-2.251
-1.236,-2.254
-1.244,-2.259
-1.266,-2.262
-1.252,-2.244
-1.252,-2.245
-1.274,-2.247
-1.252,-2.245
-1.264,-2.259
-1.252,-2.284
-1.254,-2.268
-1.254,-2.267
-1.283,-2.256
-1.285,-2.259
-1.274,-2.247
-1.274,-2.247
-1.285,-2.239
-1.282,-2.253
-1.274,-2.287
-1.303,-2.272
-1.295,-2.267
-1.276,-2.230
-1.294,-2.224
-1.306,-2.239
-1.303,-2.232
-1.324,-2.252
-1.323,-2.252
-1.333,-2.241
-1.319,-2.233
-1.309,-2.204
-1.330,-2.204
-1.339,-2.213
-1.335,-2.224
-1.336,-2.247
-1.354,-2.221
-1.346,-2.215
-1.357,-2.227
-1.346,-2.195
-1.349,-2.201
-1.335,-2.184
-1.366,-2.195
-1.378,-2.166
-1.385,-2.152
-1.390,-2.161
-1.378,-2.146
-1.378,-2.126
-1.389,-2.138
-1.386,-2.112
-1.379,-2.109
-1.389,-2.098
-1.378,-2.087
-1.389,-2.098
-1.386,-2.092
-1.389,-2.098
-1.365,-2.072
-1.367,-2.095
-1.349,-2.081
-1.348,-2.098
-1.352,-2.087
-1.329,-2.101
-1.337,-2.127
-1.325,-2.155
-1.311,-2.138
-1.305,-2.136
-1.305,-2.096
-1.297,-2.110
-1.308,-2.101
-1.294,-2.104
-1.297,-2.090
-1.295,-2.107
-1.306,-2.119
-1.296,-2.130
-1.303,-2.133
-1.306,-2.139
-1.294,-2.127
-1.315,-2.127
-1.315,-2.127
-1.303,-2.113
-1.327,-2.138
-1.334,-2.104
-1.345,-2.115
-1.325,-2.096
-1.322,-2.090
-1.325,-2.096
-1.316,-2.067
-1.319,-2.053
-1.330,-2.064
-1.317,-2.050
-1.319,-2.033
-1.314,-2.024
-1.303,-2.033
-1.306,-1.999
-1.305,-2.016
-1.297,-2.030
-1.296,-2.007
-1.286,-2.019
-1.286,-2.019
-1.275,-2.027
-1.276,-2.050
-1.254,-2.048
-1.265,-2.079
-1.245,-2.099
-1.241,-2.113
-1.244,-2.119
-1.243,-2.116
-1.234,-2.108
-1.246,-2.122
-1.234,-2.148
-1.235,-2.151
-1.233,-2.168
-1.241,-2.193
-1.233,-2.208
-1.221,-2.233
-1.215,-2.254
-1.205,-2.285
-1.195,-2.294
-1.205,-2.326
-1.190,-2.325
-1.190,-2.325
-1.200,-2.313
-1.211,-2.305
-1.191,-2.308
-1.211,-2.305
-1.193,-2.331
-1.212,-2.328
-1.202,-2.340
-1.202,-2.340
-1.210,-2.345
-1.232,-2.348
-1.231,-2.345
-1.242,-2.336
-1.254,-2.351
-1.261,-2.353
-1.284,-2.339
-1.285,-2.359
-1.294,-2.367
-1.305,-2.359
-1.332,-2.360
-1.334,-2.344
-1.365,-2.315
-1.375,-2.303
-1.377,-2.306
-1.384,-2.292
-1.398,-2.289
-1.370,-2.284
-1.391,-2.304
-1.391,-2.304
-1.405,-2.311
-1.416,-2.323
-1.395,-2.323
-1.416,-2.303
-1.428,-2.318
-1.436,-2.323
-1.437,-2.326
-1.459,-2.286
-1.468,-2.294
-1.460,-2.309
-1.457,-2.303
-1.470,-2.297
-1.468,-2.274
-1.489,-2.274
-1.511,-2.257
-1.509,-2.234
-1.532,-2.237
-1.530,-2.214
-1.530,-2.193
-1.543,-2.168
-1.540,-2.162
-1.562,-2.165
-1.551,-2.153
-1.551,-2.133
-1.553,-2.156
-1.540,-2.142
-1.534,-2.119
-1.504,-2.111
-1.513,-2.099
-1.504,-2.131
-1.479,-2.123
-1.501,-2.125
-1.489,-2.114
-1.489,-2.114
-1.471,-2.117
-1.460,-2.126
-1.441,-2.129
-1.420,-2.129
-1.407,-2.155
-1.409,-2.138
-1.395,-2.140
-1.378,-2.166
-1.368,-2.178
-1.366,-2.195
-1.358,-2.210
-1.346,-2.195
-1.337,-2.187
-1.327,-2.178
-1.327,-2.178
-1.319,-2.193
-1.305,-2.216
-1.305,-2.216
-1.305,-2.216
-1.294,-2.224
-1.285,-2.216
-1.263,-2.216
-1.268,-2.225
-1.247,-2.225
-1.236,-2.234
-1.247,-2.265
-1.223,-2.276
-1.243,-2.276
-1.221,-2.273
-1.222,-2.256
-1.225,-2.262
-1.233,-2.248
-1.214,-2.251
-1.203,-2.259
-1.212,-2.265
-1.203,-2.259
-1.232,-2.245
-1.235,-2.251
-1.244,-2.259
-1.232,-2.265
-1.234,-2.271
-1.243,-2.276
-1.246,-2.282
-1.254,-2.267
-1.254,-2.268
-1.254,-2.268
-1.263,-2.256
-1.254,-2.268
-1.254,-2.267
-1.263,-2.256
-1.254,-2.247
-1.251,-2.241
-1.244,-2.259
-1.248,-2.245
-1.236,-2.274
-1.258,-2.276
-1.243,-2.256
-1.234,-2.268
-1.241,-2.253
-1.241,-2.253
-1.244,-2.259
-1.232,-2.285
-1.224,-2.279
-1.233,-2.288
-1.232,-2.305
-1.246,-2.322
-1.233,-2.328
-1.255,-2.331
-1.275,-2.350
-1.274,-2.367
-1.253,-2.388
-1.250,-2.381
-1.263,-2.396
-1.272,-2.384
-1.292,-2.384
-1.295,-2.390
-1.294,-2.387
-1.305,-2.379
-1.326,-2.378
-1.325,-2.395
-1.324,-2.415
-1.351,-2.417
-1.346,-2.418
-1.338,-2.413
-1.339,-2.436
-1.310,-2.448
-1.295,-2.450
-1.303,-2.455
-1.322,-2.452
-1.371,-2.417
-1.376,-2.406
-1.384,-2.371
-1.378,-2.349
-1.398,-2.329
-1.395,-2.323
-1.409,-2.321
-1.437,-2.303
-1.449,-2.317
-1.449,-2.317
-1.448,-2.314
-1.449,-2.317
-1.457,-2.283
-1.449,-2.317
-1.479,-2.325
-1.457,-2.322
-1.469,-2.317
-1.466,-2.291
-1.479,-2.305
-1.500,-2.305
-1.498,-2.282
-1.490,-2.277
-1.487,-2.271
-1.479,-2.306
-1.471,-2.320
-1.451,-2.340
-1.452,-2.363
-1.449,-2.377
-1.447,-2.354
-1.446,-2.331
-1.455,-2.319
-1.460,-2.309
-1.438,-2.306
-1.441,-2.312
-1.440,-2.329
-1.416,-2.303
-1.429,-2.298
-1.417,-2.326
-1.429,-2.338
-1.428,-2.318
-1.438,-2.306
-1.440,-2.289
-1.427,-2.274
-1.438,-2.306
-1.429,-2.297
-1.438,-2.306
-1.460,-2.309
-1.446,-2.271
-1.448,-2.254
-1.429,-2.257
-1.437,-2.263
-1.429,-2.277
-1.417,-2.286
-1.420,-2.289
-1.412,-2.304
-1.399,-2.309
-1.389,-2.321
-1.386,-2.315
-1.385,-2.335
-1.397,-2.346
-1.395,-2.363
-1.377,-2.346
-1.386,-2.315
-1.356,-2.326
-1.358,-2.310
-1.356,-2.326
-1.348,-2.321
-1.346,-2.338
-1.345,-2.355
-1.315,-2.367
-1.321,-2.369
-1.326,-2.358
-1.324,-2.335
-1.326,-2.358
-1.327,-2.382
-1.304,-2.395
-1.305,-2.419
-1.302,-2.412
-1.313,-2.404
-1.304,-2.395
-1.302,-2.412
-1.296,-2.410
-1.265,-2.402
-1.268,-2.429
-1.255,-2.454
-1.281,-2.472
-1.294,-2.467
-1.302,-2.412
-1.295,-2.390
-1.286,-2.382
-1.285,-2.399
-1.296,-2.410
-1.302,-2.412
-1.293,-2.404
-1.294,-2.387
-1.302,-2.372
-1.305,-2.379
-1.304,-2.395
-1.305,-2.419
-1.307,-2.442
-1.313,-2.444
-1.327,-2.442
-1.324,-2.455
-1.333,-2.464
-1.354,-2.463
-1.354,-2.443
-1.359,-2.433
-1.377,-2.426
-1.386,-2.435
-1.397,-2.446
-1.385,-2.455
-1.390,-2.464
-1.400,-2.472
-1.398,-2.489
-1.407,-2.498
-1.414,-2.479
-1.404,-2.491
-1.415,-2.503
-1.406,-2.514
-1.406,-2.515
-1.406,-2.514
-1.407,-2.538
-1.396,-2.526
-1.375,-2.546
-1.386,-2.538
-1.393,-2.559
-1.408,-2.558
-1.415,-2.523
-1.417,-2.506
-1.409,-2.481
-1.417,-2.486
-1.417,-2.486
-1.425,-2.491
-1.447,-2.474
-1.460,-2.449
-1.468,-2.434
-1.470,-2.417
-1.475,-2.419
-1.489,-2.414
-1.471,-2.400
-1.470,-2.397
-1.483,-2.412
-1.481,-2.388
-1.491,-2.377
-1.489,-2.374
-1.476,-2.359
-1.470,-2.377
-1.457,-2.362
-1.459,-2.346
-1.451,-2.340
-1.437,-2.343
-1.429,-2.357
-1.418,-2.386
-1.406,-2.414
-1.398,-2.409
-1.406,-2.414
-1.398,-2.409
-1.395,-2.403
-1.386,-2.435
-1.367,-2.438
-1.365,-2.415
-1.376,-2.406
-1.375,-2.383
-1.375,-2.363
-1.375,-2.363
-1.364,-2.332
-1.390,-2.341
-1.358,-2.329
-1.348,-2.301
-1.350,-2.284
-1.347,-2.258
-1.358,-2.250
-1.376,-2.223
-1.366,-2.235
-1.368,-2.218
-1.356,-2.184
-1.349,-2.161
-1.338,-2.150
-1.346,-2.155
-1.349,-2.161
