 1.203,-1.476
 1.226,-1.442
 1.255,-1.412
 1.244,-1.402
 1.255,-1.412
 1.262,-1.398
 1.263,-1.400
 1.251,-1.406
 1.251,-1.426
 1.243,-1.419
 1.243,-1.419
 1.244,-1.440
 1.243,-1.457
 1.243,-1.477
 1.242,-1.494
 1.239,-1.490
 1.254,-1.487
 1.252,-1.485
 1.261,-1.475
 1.261,-1.494
 1.299,-1.454
 1.324,-1.403
 1.343,-1.383
 1.345,-1.366
 1.355,-1.338
 1.352,-1.334
 1.353,-1.334
 1.340,-1.341
 1.351,-1.352
 1.331,-1.352
 1.319,-1.377
 1.322,-1.381
 1.301,-1.379
 1.313,-1.373
 1.294,-1.374
 1.281,-1.379
 1.273,-1.391
 1.262,-1.417
 1.262,-1.417
 1.262,-1.419
 1.259,-1.432
 1.263,-1.458
 1.262,-1.458
 1.273,-1.468
 1.264,-1.479
 1.273,-1.468
 1.286,-1.462
 1.283,-1.458
 1.272,-1.486
 1.283,-1.496
 1.280,-1.511
 1.293,-1.507
 1.292,-1.505
 1.274,-1.507
 1.293,-1.526
 1.272,-1.543
 1.284,-1.576
 1.301,-1.552
 1.292,-1.563
 1.294,-1.565
 1.300,-1.531
 1.292,-1.563
 1.289,-1.558
 1.292,-1.524
 1.304,-1.518
 1.302,-1.496
 1.296,-1.492
 1.292,-1.467
 1.272,-1.447
 1.283,-1.419
 1.290,-1.407
 1.292,-1.371
 1.299,-1.358
 1.292,-1.351
 1.283,-1.323
 1.301,-1.322
 1.305,-1.308
 1.293,-1.315
 1.294,-1.334
 1.273,-1.334
 1.251,-1.349
 1.243,-1.342
 1.261,-1.340
 1.242,-1.340
 1.242,-1.340
 1.222,-1.340
 1.215,-1.335
 1.214,-1.314
 1.205,-1.305
 1.226,-1.307
 1.213,-1.312
 1.233,-1.295
 1.231,-1.272
 1.252,-1.274
 1.253,-1.257
 1.242,-1.244
 1.253,-1.218
 1.243,-1.227
 1.253,-1.218
 1.263,-1.208
 1.243,-1.188
 1.255,-1.220
 1.233,-1.197
 1.242,-1.206
 1.233,-1.197
 1.240,-1.185
 1.233,-1.197
 1.243,-1.188
 1.244,-1.171
 1.225,-1.172
 1.244,-1.171
 1.215,-1.181
 1.223,-1.207
 1.223,-1.207
 1.213,-1.216
 1.201,-1.223
 1.194,-1.256
 1.183,-1.263
 1.194,-1.275
 1.194,-1.275
 1.204,-1.303
 1.196,-1.335
 1.202,-1.340
 1.184,-1.342
 1.184,-1.380
 1.192,-1.387
 1.184,-1.419
 1.182,-1.416
 1.173,-1.446
 1.183,-1.455
 1.182,-1.455
 1.197,-1.453
 1.183,-1.457
 1.185,-1.459
 1.185,-1.459
 1.174,-1.485
 1.184,-1.476
 1.192,-1.483
 1.213,-1.485
 1.204,-1.476
 1.183,-1.474
 1.176,-1.489
 1.183,-1.493
 1.184,-1.476
 1.186,-1.478
 1.175,-1.487
 1.186,-1.478
 1.163,-1.493
 1.155,-1.487
 1.155,-1.487
 1.144,-1.474
 1.165,-1.476
 1.141,-1.470
 1.134,-1.465
 1.146,-1.459
 1.117,-1.450
 1.129,-1.443
 1.135,-1.448
 1.116,-1.467
 1.114,-1.446
 1.113,-1.463
 1.124,-1.474
 1.113,-1.463
 1.095,-1.465
 1.116,-1.448
 1.105,-1.437
 1.117,-1.450
 1.105,-1.456
 1.116,-1.487
 1.124,-1.493
 1.114,-1.501
 1.116,-1.506
 1.114,-1.501
 1.125,-1.495
 1.125,-1.476
 1.114,-1.501
 1.094,-1.521
 1.104,-1.512
 1.097,-1.508
 1.107,-1.499
 1.117,-1.527
 1.117,-1.527
 1.135,-1.542
 1.125,-1.591
 1.133,-1.617
 1.133,-1.653
 1.146,-1.668
 1.154,-1.655
 1.156,-1.660
 1.167,-1.671
 1.166,-1.688
 1.167,-1.709
 1.164,-1.724
 1.185,-1.726
 1.175,-1.696
 1.164,-1.685
 1.165,-1.669
 1.164,-1.647
 1.165,-1.630
 1.183,-1.626
 1.162,-1.604
 1.166,-1.575
 1.156,-1.544
 1.157,-1.527
 1.157,-1.489
 1.146,-1.497
 1.155,-1.487
 1.152,-1.481
 1.154,-1.446
 1.144,-1.416
 1.133,-1.406
 1.145,-1.361
 1.143,-1.339
 1.165,-1.324
 1.144,-1.322
 1.144,-1.322
 1.146,-1.305
 1.143,-1.301
 1.146,-1.305
 1.134,-1.292
 1.123,-1.282
 1.155,-1.294
 1.162,-1.299
 1.163,-1.301
 1.144,-1.284
 1.145,-1.266
 1.146,-1.249
 1.144,-1.245
 1.147,-1.230
 1.135,-1.198
 1.134,-1.215
 1.125,-1.207
 1.123,-1.186
 1.135,-1.179
 1.134,-1.158
 1.134,-1.158
 1.135,-1.140
 1.153,-1.156
 1.146,-1.151
 1.135,-1.140
 1.144,-1.149
 1.136,-1.161
 1.134,-1.177
 1.144,-1.188
 1.143,-1.205
 1.143,-1.205
 1.144,-1.226
 1.142,-1.261
 1.136,-1.258
 1.127,-1.287
 1.127,-1.307
 1.107,-1.326
 1.094,-1.350
 1.115,-1.352
 1.124,-1.358
 1.113,-1.348
 1.106,-1.343
 1.093,-1.367
 1.106,-1.362
 1.105,-1.360
 1.116,-1.371
 1.096,-1.390
 1.103,-1.395
 1.105,-1.399
 1.096,-1.409
 1.085,-1.418
 1.096,-1.409
 1.083,-1.414
 1.096,-1.409
 1.093,-1.405
 1.092,-1.422
 1.096,-1.409
 1.085,-1.418
 1.088,-1.422
 1.086,-1.420
 1.087,-1.439
 1.088,-1.460
 1.094,-1.482
 1.096,-1.525
 1.095,-1.542
 1.105,-1.570
 1.106,-1.591
 1.103,-1.606
 1.086,-1.630
 1.086,-1.629
 1.076,-1.640
 1.087,-1.651
 1.066,-1.668
 1.067,-1.689
 1.056,-1.676
 1.056,-1.676
 1.066,-1.668
 1.074,-1.636
 1.086,-1.649
 1.075,-1.638
 1.075,-1.619
 1.097,-1.604
 1.087,-1.574
 1.098,-1.587
 1.097,-1.565
 1.086,-1.591
 1.087,-1.612
 1.082,-1.603
 1.085,-1.608
 1.074,-1.597
 1.095,-1.580
 1.096,-1.563
 1.105,-1.570
 1.087,-1.574
 1.095,-1.561
 1.096,-1.563
 1.096,-1.563
 1.104,-1.550
 1.096,-1.525
 1.115,-1.523
 1.116,-1.544
 1.116,-1.544
 1.131,-1.555
 1.124,-1.570
 1.136,-1.544
 1.137,-1.547
 1.138,-1.529
 1.147,-1.536
 1.148,-1.557
 1.155,-1.562
 1.144,-1.589
 1.144,-1.589
 1.133,-1.576
 1.135,-1.581
 1.144,-1.551
 1.156,-1.545
 1.167,-1.557
 1.165,-1.553
 1.166,-1.575
 1.175,-1.581
 1.156,-1.583
 1.165,-1.592
 1.164,-1.570
 1.166,-1.575
 1.155,-1.562
 1.154,-1.579
 1.144,-1.570
 1.145,-1.534
 1.148,-1.519
 1.166,-1.498
 1.167,-1.519
 1.155,-1.487
 1.153,-1.502
 1.155,-1.487
 1.162,-1.472
 1.164,-1.438
 1.155,-1.410
 1.153,-1.388
 1.165,-1.343
 1.184,-1.322
 1.186,-1.286
 1.176,-1.296
 1.173,-1.273
 1.185,-1.267
 1.183,-1.263
 1.174,-1.254
 1.173,-1.216
 1.173,-1.216
 1.184,-1.246
 1.172,-1.233
 1.175,-1.237
 1.176,-1.219
 1.194,-1.218
 1.187,-1.232
 1.185,-1.228
 1.175,-1.237
 1.173,-1.254
 1.163,-1.263
 1.145,-1.265
 1.143,-1.263
 1.145,-1.264
 1.155,-1.256
 1.143,-1.263
 1.145,-1.266
 1.134,-1.254
 1.155,-1.275
 1.155,-1.256
 1.164,-1.265
 1.145,-1.266
 1.143,-1.263
 1.144,-1.284
 1.144,-1.284
 1.142,-1.280
 1.165,-1.247
 1.165,-1.247
 1.166,-1.230
 1.166,-1.230
 1.164,-1.226
 1.165,-1.209
 1.172,-1.195
 1.173,-1.177
 1.183,-1.169
 1.173,-1.139
 1.175,-1.142
 1.182,-1.128
 1.175,-1.104
 1.185,-1.093
 1.173,-1.081
 1.186,-1.076
 1.183,-1.072
 1.165,-1.074
 1.174,-1.083
 1.173,-1.081
 1.165,-1.074
 1.173,-1.081
 1.163,-1.109
 1.153,-1.119
 1.155,-1.121
 1.158,-1.126
 1.136,-1.142
 1.137,-1.144
 1.136,-1.161
 1.134,-1.158
 1.135,-1.179
 1.112,-1.173
 1.095,-1.196
 1.095,-1.196
 1.094,-1.196
 1.097,-1.199
 1.085,-1.206
 1.086,-1.227
 1.086,-1.227
 1.075,-1.253
 1.085,-1.245
 1.075,-1.253
 1.086,-1.266
 1.067,-1.266
 1.076,-1.255
 1.076,-1.274
 1.073,-1.288
 1.077,-1.296
 1.089,-1.308
 1.088,-1.325
 1.079,-1.317
 1.076,-1.313
 1.087,-1.343
 1.095,-1.350
 1.083,-1.356
 1.076,-1.369
 1.083,-1.356
 1.096,-1.371
 1.078,-1.373
 1.087,-1.381
 1.098,-1.392
 1.085,-1.416
 1.096,-1.429
 1.096,-1.427
 1.094,-1.424
 1.087,-1.420
 1.086,-1.437
 1.088,-1.441
 1.095,-1.484
 1.092,-1.497
 1.105,-1.474
 1.096,-1.467
 1.098,-1.488
 1.108,-1.480
 1.108,-1.499
 1.098,-1.527
 1.123,-1.529
 1.105,-1.531
 1.114,-1.540
 1.105,-1.531
 1.127,-1.516
 1.115,-1.523
 1.128,-1.538
 1.126,-1.536
 1.135,-1.542
 1.146,-1.553
 1.153,-1.540
 1.147,-1.536
 1.126,-1.536
 1.115,-1.561
 1.136,-1.564
 1.132,-1.557
 1.135,-1.542
 1.123,-1.549
 1.145,-1.534
 1.148,-1.521
 1.136,-1.489
 1.147,-1.499
 1.146,-1.478
 1.154,-1.465
 1.155,-1.468
 1.153,-1.425
 1.163,-1.416
 1.154,-1.369
 1.175,-1.371
 1.166,-1.363
 1.163,-1.359
 1.166,-1.363
 1.145,-1.361
 1.145,-1.361
 1.155,-1.352
 1.145,-1.361
 1.126,-1.362
 1.124,-1.360
 1.124,-1.358
 1.115,-1.352
 1.103,-1.356
 1.094,-1.388
 1.075,-1.370
 1.077,-1.372
 1.087,-1.364
 1.076,-1.351
 1.086,-1.362
 1.085,-1.360
 1.085,-1.360
 1.095,-1.332
 1.072,-1.326
 1.095,-1.332
 1.085,-1.302
 1.085,-1.302
 1.087,-1.287
 1.075,-1.293
 1.086,-1.304
 1.104,-1.302
 1.104,-1.303
 1.095,-1.294
 1.103,-1.281
 1.105,-1.285
 1.105,-1.285
 1.114,-1.292
 1.115,-1.275
 1.112,-1.288
 1.115,-1.275
 1.116,-1.257
 1.127,-1.229
 1.127,-1.229
 1.135,-1.198
 1.127,-1.172
 1.124,-1.149
 1.133,-1.139
 1.114,-1.121
 1.124,-1.110
 1.126,-1.114
 1.133,-1.100
 1.124,-1.110
 1.125,-1.131
 1.123,-1.128
 1.145,-1.151
 1.154,-1.160
 1.136,-1.200
 1.136,-1.238
 1.135,-1.294
 1.135,-1.352
 1.143,-1.397
 1.132,-1.386
 1.115,-1.371
 1.113,-1.367
 1.135,-1.390
 1.130,-1.382
 1.132,-1.386
 1.137,-1.356
 1.166,-1.365
 1.178,-1.377
 1.197,-1.414
 1.214,-1.430
 1.213,-1.447
 1.191,-1.462
 1.192,-1.483
 1.202,-1.472
 1.213,-1.485
 1.216,-1.489
 1.225,-1.517
 1.237,-1.530
 1.244,-1.554
 1.264,-1.612
 1.274,-1.659
 1.271,-1.693
 1.255,-1.738
 1.234,-1.716
 1.243,-1.705
 1.247,-1.693
 1.235,-1.680
 1.246,-1.672
 1.224,-1.669
 1.215,-1.680
 1.206,-1.671
 1.211,-1.692
 1.220,-1.701
 1.221,-1.682
 1.216,-1.663
 1.207,-1.654
 1.205,-1.652
 1.208,-1.657
 1.205,-1.652
 1.195,-1.660
 1.205,-1.650
 1.202,-1.645
 1.195,-1.641
 1.194,-1.639
 1.195,-1.660
 1.197,-1.663
 1.183,-1.647
 1.187,-1.673
 1.175,-1.679
 1.176,-1.699
 1.186,-1.729
 1.173,-1.752
 1.185,-1.746
 1.155,-1.754
 1.156,-1.776
 1.146,-1.786
 1.154,-1.812
 1.147,-1.825
 1.145,-1.803
 1.135,-1.812
 1.154,-1.812
 1.152,-1.807
 1.154,-1.809
 1.164,-1.801
 1.177,-1.797
 1.178,-1.800
 1.186,-1.787
 1.188,-1.772
 1.204,-1.765
 1.194,-1.774
 1.203,-1.782
 1.193,-1.790
 1.196,-1.776
 1.194,-1.774
 1.186,-1.748
 1.186,-1.748
 1.183,-1.743
 1.175,-1.737
 1.174,-1.754
 1.174,-1.754
 1.154,-1.735
 1.144,-1.745
 1.137,-1.739
 1.144,-1.724
 1.156,-1.698
 1.157,-1.701
 1.145,-1.707
 1.147,-1.728
 1.164,-1.724
 1.155,-1.716
 1.145,-1.707
 1.144,-1.704
 1.145,-1.726
 1.154,-1.735
 1.167,-1.750
 1.147,-1.731
 1.166,-1.729
 1.167,-1.712
 1.165,-1.707
 1.165,-1.707
 1.175,-1.699
 1.183,-1.705
 1.185,-1.707
 1.203,-1.647
 1.205,-1.652
 1.206,-1.633
 1.213,-1.620
 1.236,-1.605
 1.213,-1.581
 1.225,-1.575
 1.235,-1.564
 1.233,-1.543
 1.225,-1.517
 1.243,-1.494
 1.234,-1.487
 1.235,-1.468
 1.223,-1.475
 1.225,-1.479
 1.223,-1.475
 1.214,-1.466
 1.225,-1.479
 1.213,-1.485
 1.212,-1.502
 1.202,-1.511
 1.216,-1.509
 1.208,-1.502
 1.207,-1.519
 1.218,-1.532
 1.204,-1.553
 1.194,-1.581
 1.194,-1.581
 1.193,-1.598
 1.194,-1.620
 1.202,-1.626
 1.205,-1.631
 1.186,-1.652
 1.186,-1.652
 1.197,-1.665
 1.203,-1.667
 1.215,-1.680
 1.215,-1.699
 1.203,-1.705
 1.205,-1.688
 1.214,-1.677
 1.217,-1.682
 1.215,-1.661
 1.204,-1.650
 1.206,-1.652
 1.223,-1.648
 1.214,-1.639
 1.224,-1.631
 1.211,-1.635
 1.212,-1.637
 1.214,-1.600
 1.217,-1.588
 1.237,-1.569
 1.238,-1.549
 1.237,-1.530
 1.233,-1.543
 1.233,-1.543
 1.222,-1.532
 1.232,-1.522
 1.224,-1.496
 1.233,-1.466
 1.234,-1.449
 1.234,-1.449
 1.234,-1.449
 1.235,-1.432
 1.244,-1.438
 1.245,-1.460
 1.234,-1.449
 1.233,-1.466
 1.236,-1.470
 1.213,-1.485
 1.205,-1.517
 1.224,-1.515
 1.213,-1.485
 1.205,-1.498
 1.203,-1.494
 1.195,-1.526
 1.194,-1.543
 1.194,-1.543
 1.185,-1.536
 1.195,-1.525
 1.197,-1.530
 1.186,-1.519
 1.185,-1.536
 1.185,-1.536
 1.183,-1.532
 1.194,-1.545
 1.204,-1.534
 1.203,-1.513
 1.216,-1.489
 1.224,-1.457
 1.196,-1.470
 1.204,-1.457
 1.213,-1.447
 1.214,-1.429
 1.213,-1.408
 1.205,-1.421
 1.214,-1.391
 1.224,-1.380
 1.225,-1.363
 1.213,-1.351
 1.205,-1.344
 1.195,-1.352
 1.173,-1.350
 1.173,-1.350
 1.181,-1.338
 1.166,-1.326
 1.177,-1.337
 1.157,-1.356
 1.169,-1.369
 1.155,-1.390
 1.135,-1.410
 1.143,-1.436
 1.144,-1.474
 1.145,-1.495
 1.135,-1.504
 1.136,-1.525
 1.125,-1.553
 1.125,-1.591
 1.107,-1.593
 1.115,-1.619
 1.107,-1.651
 1.105,-1.668
 1.106,-1.706
 1.127,-1.709
 1.125,-1.724
 1.136,-1.737
 1.126,-1.726
 1.126,-1.726
 1.097,-1.739
 1.115,-1.753
 1.104,-1.781
 1.103,-1.798
 1.106,-1.783
 1.119,-1.780
 1.117,-1.797
 1.129,-1.830
 1.147,-1.863
 1.125,-1.897
 1.146,-1.919
 1.134,-1.924
 1.136,-1.965
 1.136,-1.966
 1.154,-1.963
 1.168,-1.979
 1.156,-1.985
 1.149,-2.001
 1.137,-2.006
 1.146,-2.015
 1.155,-2.004
 1.154,-1.982
 1.147,-1.979
 1.155,-1.965
 1.164,-1.935
 1.176,-1.930
 1.155,-1.927
 1.176,-1.930
 1.163,-1.914
 1.151,-1.919
 1.176,-1.891
 1.176,-1.853
 1.189,-1.830
 1.206,-1.806
 1.206,-1.806
 1.205,-1.785
 1.201,-1.758
 1.224,-1.727
 1.223,-1.686
 1.223,-1.667
 1.224,-1.631
 1.233,-1.582
 1.236,-1.567
 1.244,-1.535
 1.235,-1.526
 1.254,-1.507
 1.232,-1.483
 1.234,-1.488
 1.243,-1.496
 1.243,-1.496
 1.245,-1.498
 1.232,-1.483
 1.225,-1.498
 1.215,-1.507
 1.223,-1.532
 1.214,-1.562
 1.183,-1.570
 1.198,-1.569
 1.186,-1.575
 1.176,-1.585
 1.167,-1.577
 1.145,-1.591
 1.155,-1.621
 1.154,-1.638
 1.134,-1.638
 1.126,-1.651
 1.124,-1.647
 1.107,-1.672
 1.115,-1.679
 1.106,-1.689
 1.106,-1.689
 1.103,-1.685
 1.126,-1.690
 1.134,-1.677
 1.115,-1.679
 1.136,-1.681
 1.143,-1.666
 1.145,-1.651
 1.145,-1.649
 1.164,-1.630
 1.154,-1.619
 1.152,-1.598
 1.157,-1.607
 1.165,-1.574
 1.156,-1.566
 1.176,-1.547
 1.174,-1.545
 1.165,-1.536
 1.173,-1.543
 1.163,-1.534
 1.175,-1.525
 1.173,-1.504
 1.176,-1.489
 1.165,-1.478
 1.155,-1.467
 1.155,-1.468
 1.154,-1.465
 1.156,-1.450
 1.153,-1.446
 1.155,-1.448
 1.135,-1.429
 1.143,-1.435
 1.135,-1.429
 1.135,-1.429
 1.135,-1.429
 1.114,-1.427
 1.121,-1.431
 1.096,-1.411
 1.127,-1.403
 1.108,-1.405
 1.127,-1.403
 1.125,-1.399
 1.126,-1.420
 1.143,-1.397
 1.125,-1.399
 1.135,-1.390
 1.123,-1.378
 1.136,-1.392
 1.124,-1.360
 1.116,-1.373
 1.136,-1.373
 1.124,-1.360
 1.127,-1.364
 1.124,-1.360
 1.135,-1.371
 1.135,-1.371
 1.125,-1.380
 1.136,-1.392
 1.125,-1.380
 1.126,-1.401
 1.135,-1.410
 1.140,-1.429
 1.143,-1.436
 1.155,-1.429
 1.148,-1.444
 1.149,-1.465
 1.156,-1.470
 1.167,-1.480
 1.154,-1.485
 1.135,-1.506
 1.154,-1.485
 1.143,-1.472
 1.145,-1.457
 1.154,-1.446
 1.157,-1.450
 1.147,-1.422
 1.135,-1.429
 1.146,-1.440
 1.143,-1.435
 1.145,-1.418
 1.155,-1.410
 1.153,-1.389
 1.165,-1.382
 1.144,-1.380
 1.155,-1.371
 1.164,-1.361
 1.162,-1.357
 1.134,-1.350
 1.144,-1.303
 1.146,-1.307
 1.146,-1.268
 1.156,-1.258
 1.147,-1.251
 1.144,-1.264
 1.144,-1.245
 1.144,-1.245
 1.133,-1.235
 1.145,-1.228
 1.134,-1.217
 1.125,-1.208
 1.146,-1.210
 1.124,-1.226
 1.127,-1.229
 1.144,-1.245
 1.125,-1.266
 1.125,-1.266
 1.104,-1.264
 1.127,-1.268
 1.114,-1.273
 1.106,-1.304
 1.106,-1.304
 1.123,-1.320
 1.124,-1.320
 1.123,-1.320
 1.107,-1.306
 1.107,-1.287
 1.116,-1.296
 1.118,-1.300
 1.135,-1.294
 1.115,-1.313
 1.125,-1.303
 1.123,-1.282
 1.106,-1.266
 1.124,-1.264
 1.127,-1.268
 1.116,-1.257
 1.115,-1.275
 1.106,-1.266
 1.114,-1.273
 1.107,-1.287
 1.087,-1.306
 1.075,-1.311
 1.086,-1.324
 1.074,-1.330
 1.066,-1.343
 1.065,-1.321
 1.064,-1.339
 1.065,-1.360
 1.054,-1.366
 1.068,-1.364
 1.069,-1.346
 1.057,-1.353
 1.069,-1.346
 1.047,-1.362
 1.056,-1.390
 1.064,-1.377
 1.054,-1.386
 1.056,-1.351
 1.044,-1.358
 1.047,-1.342
 1.037,-1.353
 1.037,-1.353
 1.057,-1.372
 1.034,-1.366
 1.027,-1.381
 1.027,-1.400
 1.016,-1.407
 1.027,-1.419
 1.026,-1.417
 1.019,-1.432
 1.038,-1.430
 1.045,-1.435
 1.055,-1.463
 1.052,-1.458
 1.068,-1.441
 1.070,-1.443
 1.079,-1.452
 1.090,-1.464
 1.105,-1.476
 1.086,-1.495
 1.094,-1.520
 1.103,-1.510
 1.085,-1.512
 1.106,-1.514
 1.098,-1.527
 1.108,-1.518
 1.099,-1.568
 1.098,-1.587
 1.104,-1.589
 1.106,-1.572
 1.106,-1.572
 1.105,-1.589
 1.096,-1.582
 1.094,-1.580
 1.077,-1.604
 1.096,-1.602
 1.095,-1.619
 1.113,-1.617
 1.111,-1.612
 1.126,-1.594
 1.136,-1.546
 1.148,-1.540
 1.149,-1.523
 1.165,-1.517
 1.175,-1.506
 1.183,-1.474
 1.183,-1.474
 1.184,-1.457
 1.193,-1.427
 1.196,-1.431
 1.194,-1.410
 1.205,-1.421
 1.205,-1.421
 1.213,-1.408
 1.205,-1.421
 1.214,-1.430
 1.195,-1.449
 1.195,-1.449
 1.203,-1.455
 1.196,-1.470
 1.204,-1.477
 1.204,-1.496
 1.195,-1.526
 1.191,-1.538
 1.205,-1.517
 1.205,-1.517
 1.206,-1.538
 1.197,-1.549
 1.185,-1.575
 1.187,-1.596
 1.174,-1.619
 1.165,-1.611
 1.156,-1.602
 1.163,-1.589
 1.167,-1.577
 1.165,-1.572
 1.155,-1.564
 1.155,-1.564
 1.134,-1.542
 1.136,-1.546
 1.155,-1.544
 1.155,-1.525
 1.156,-1.508
 1.154,-1.504
 1.135,-1.506
 1.143,-1.493
 1.134,-1.484
 1.136,-1.487
 1.133,-1.482
 1.147,-1.461
 1.138,-1.452
 1.128,-1.463
 1.118,-1.471
 1.105,-1.495
 1.106,-1.516
 1.114,-1.501
 1.104,-1.512
 1.116,-1.506
 1.095,-1.503
 1.087,-1.516
 1.085,-1.514
 1.076,-1.505
 1.078,-1.529
 1.066,-1.533
 1.067,-1.554
 1.076,-1.563
 1.057,-1.563
 1.066,-1.552
 1.065,-1.550
 1.067,-1.554
 1.056,-1.582
 1.056,-1.582
 1.057,-1.601
 1.062,-1.601
 1.065,-1.589
 1.067,-1.554
 1.070,-1.540
 1.089,-1.559
 1.097,-1.565
 1.087,-1.574
 1.095,-1.580
 1.095,-1.580
 1.095,-1.580
 1.105,-1.570
 1.117,-1.566
 1.115,-1.561
 1.107,-1.555
 1.128,-1.557
 1.116,-1.563
 1.137,-1.585
 1.144,-1.589
 1.144,-1.589
 1.165,-1.592
 1.143,-1.568
 1.137,-1.585
 1.176,-1.564
 1.167,-1.555
 1.186,-1.555
 1.181,-1.585
 1.182,-1.568
 1.203,-1.532
 1.187,-1.519
 1.217,-1.491
 1.217,-1.491
 1.227,-1.500
 1.214,-1.504
 1.215,-1.526
 1.204,-1.515
 1.213,-1.522
 1.215,-1.526
 1.205,-1.534
 1.186,-1.556
 1.176,-1.566
 1.164,-1.572
 1.157,-1.585
 1.154,-1.581
 1.156,-1.602
 1.145,-1.630
 1.135,-1.638
 1.146,-1.651
 1.135,-1.638
 1.126,-1.632
 1.137,-1.604
 1.123,-1.606
 1.135,-1.600
 1.125,-1.591
 1.117,-1.585
 1.128,-1.557
 1.128,-1.557
 1.129,-1.579
 1.134,-1.561
 1.134,-1.561
 1.126,-1.574
 1.124,-1.570
 1.127,-1.574
 1.136,-1.564
 1.127,-1.594
 1.127,-1.594
 1.115,-1.600
 1.118,-1.604
 1.115,-1.600
 1.118,-1.604
 1.127,-1.613
 1.126,-1.630
 1.127,-1.651
 1.124,-1.647
 1.106,-1.649
 1.106,-1.649
 1.105,-1.666
 1.126,-1.668
 1.146,-1.688
 1.148,-1.692
 1.139,-1.703
 1.137,-1.720
 1.157,-1.739
 1.146,-1.765
 1.166,-1.784
 1.166,-1.784
 1.145,-1.782
 1.147,-1.786
 1.126,-1.784
 1.128,-1.806
 1.117,-1.775
 1.117,-1.775
 1.098,-1.758
 1.087,-1.745
 1.068,-1.766
 1.058,-1.756
 1.056,-1.734
 1.028,-1.728
 1.016,-1.712
 1.048,-1.708
 1.028,-1.689
 1.007,-1.703
 1.008,-1.725
 1.006,-1.665
 1.019,-1.681
 1.020,-1.663
 1.008,-1.670
 0.999,-1.661
 0.997,-1.656
 0.989,-1.689
 0.997,-1.695
 0.996,-1.731
 0.979,-1.736
 0.997,-1.750
 0.980,-1.796
 0.980,-1.796
 0.989,-1.843
 1.009,-1.862
 1.027,-1.877
 1.009,-1.898
 1.029,-1.918
 1.008,-1.954
 1.020,-1.948
 1.019,-1.945
 1.021,-1.970
 1.020,-1.987
 0.988,-2.028
 0.980,-2.041
 0.991,-2.055
 0.973,-2.080
 0.982,-2.126
 0.952,-2.173
 0.921,-2.217
 0.909,-2.258
 0.870,-2.279
 0.859,-2.268
 0.860,-2.252
 0.851,-2.247
 0.830,-2.221
 0.832,-2.230
 0.840,-2.216
 0.840,-2.175
 0.840,-2.120
 0.849,-2.087
 0.869,-2.051
 0.860,-2.004
 0.860,-1.966
 0.890,-1.919
 0.899,-1.887
 0.900,-1.870
 0.898,-1.865
 0.897,-1.843
 0.890,-1.823
 0.879,-1.812
 0.901,-1.798
 0.910,-1.806
 0.900,-1.814
 0.910,-1.842
 0.898,-1.865
 0.889,-1.878
 0.879,-1.867
 0.889,-1.859
 0.901,-1.892
 0.908,-1.876
 0.910,-1.881
 0.909,-1.859
 0.899,-1.848
 0.890,-1.842
 0.879,-1.812
 0.900,-1.814
 0.899,-1.831
 0.910,-1.804
 0.900,-1.814
 0.897,-1.807
 0.899,-1.812
 0.908,-1.818
 0.908,-1.801
 0.921,-1.817
 0.930,-1.823
 0.921,-1.817
 0.909,-1.823
 0.928,-1.821
 0.919,-1.812
 0.938,-1.810
 0.928,-1.821
 0.929,-1.801
 0.928,-1.782
 0.940,-1.776
 0.938,-1.771
 0.941,-1.759
 0.948,-1.763
 0.948,-1.763
 0.950,-1.768
 0.947,-1.741
 0.928,-1.746
 0.938,-1.735
 0.958,-1.735
 0.959,-1.738
 0.956,-1.731
 0.948,-1.725
 0.958,-1.716
 0.949,-1.691
 0.960,-1.682
 0.978,-1.680
 0.969,-1.671
 0.978,-1.678
 0.987,-1.686
 1.007,-1.706
 0.995,-1.709
 0.998,-1.697
 0.997,-1.678
 0.997,-1.678
 1.018,-1.680
 1.007,-1.667
 1.029,-1.653
 1.027,-1.648
 1.027,-1.648
 1.027,-1.648
 1.026,-1.646
 1.018,-1.623
 1.037,-1.621
 1.007,-1.629
 1.016,-1.637
 1.014,-1.652
 1.017,-1.659
 1.018,-1.642
 1.019,-1.663
 1.010,-1.674
 1.016,-1.676
 1.017,-1.659
 1.027,-1.648
 1.027,-1.648
 1.016,-1.637
 1.016,-1.637
 1.017,-1.620
 1.027,-1.593
 1.028,-1.576
 1.028,-1.576
 1.026,-1.571
 1.027,-1.554
 1.035,-1.541
 1.026,-1.533
 1.037,-1.505
 1.046,-1.514
 1.047,-1.497
 1.055,-1.465
 1.054,-1.482
 1.056,-1.445
 1.047,-1.439
 1.041,-1.436
 1.037,-1.411
 1.037,-1.411
 1.037,-1.411
 1.035,-1.407
 1.056,-1.409
 1.045,-1.396
 1.026,-1.398
 1.027,-1.381
 1.025,-1.377
 1.027,-1.381
 1.027,-1.381
 1.027,-1.381
 1.027,-1.381
 1.015,-1.387
 1.008,-1.383
 0.996,-1.389
 1.007,-1.400
 0.987,-1.419
 0.986,-1.398
 0.987,-1.419
 0.965,-1.415
 0.977,-1.408
 0.968,-1.382
 0.957,-1.389
 0.959,-1.393
 0.947,-1.399
 0.958,-1.410
 0.958,-1.410
 0.956,-1.406
 0.957,-1.389
 0.947,-1.397
 0.948,-1.380
 0.958,-1.391
 0.947,-1.397
 0.949,-1.401
 0.957,-1.389
 0.947,-1.399
 0.928,-1.399
 0.927,-1.416
 0.938,-1.429
 0.917,-1.427
 0.937,-1.446
 0.948,-1.457
 0.936,-1.483
 0.928,-1.476
 0.919,-1.487
 0.920,-1.508
 0.940,-1.528
 0.948,-1.515
 0.950,-1.558
 0.947,-1.570
 0.948,-1.611
 0.948,-1.650
 0.947,-1.667
 0.938,-1.658
 0.947,-1.667
 0.939,-1.680
 0.967,-1.688
 0.957,-1.697
 0.968,-1.710
 0.997,-1.716
 1.017,-1.717
 1.029,-1.711
 1.026,-1.706
 1.038,-1.700
 1.046,-1.687
 1.057,-1.698
 1.056,-1.676
 1.056,-1.676
 1.049,-1.634
 1.067,-1.631
 1.059,-1.625
 1.049,-1.617
 1.057,-1.621
 1.046,-1.629
 1.045,-1.608
 1.046,-1.629
 1.046,-1.629
 1.045,-1.608
 1.038,-1.623
 1.037,-1.601
 1.038,-1.604
 1.027,-1.593
 1.036,-1.599
 1.029,-1.614
 1.036,-1.618
 1.036,-1.620
 1.026,-1.610
 1.027,-1.593
 1.049,-1.576
 1.025,-1.588
 1.035,-1.616
 1.037,-1.582
 1.038,-1.565
 1.040,-1.569
 1.027,-1.554
 1.029,-1.558
 1.028,-1.576
 1.016,-1.580
 1.027,-1.591
 1.025,-1.586
 1.007,-1.571
 1.006,-1.552
 1.006,-1.552
 0.999,-1.548
 1.008,-1.554
 0.998,-1.565
 1.008,-1.554
 1.006,-1.552
 0.998,-1.565
 0.996,-1.541
 0.977,-1.543
 0.978,-1.545
 0.986,-1.532
 0.988,-1.554
 0.984,-1.545
 0.976,-1.541
 0.989,-1.517
 0.987,-1.515
 0.980,-1.511
 0.989,-1.517
 0.989,-1.537
 0.997,-1.543
 0.996,-1.560
 0.997,-1.543
 0.995,-1.539
 0.988,-1.554
 0.988,-1.554
 0.977,-1.581
 0.989,-1.575
 0.967,-1.590
 0.987,-1.612
 0.988,-1.631
 0.976,-1.637
 0.968,-1.631
 0.947,-1.628
 0.968,-1.631
 0.988,-1.650
 0.987,-1.667
 0.987,-1.667
 0.985,-1.662
 0.988,-1.669
 0.998,-1.661
 0.998,-1.661
 1.030,-1.674
 1.027,-1.689
 1.018,-1.719
 1.027,-1.744
 1.016,-1.753
 1.028,-1.766
 1.026,-1.761
 1.048,-1.785
 1.037,-1.794
 1.057,-1.813
 1.048,-1.824
 1.056,-1.830
 1.059,-1.835
 1.068,-1.843
 1.058,-1.852
 1.059,-1.835
 1.056,-1.830
 1.067,-1.822
 1.048,-1.805
 1.047,-1.783
 1.057,-1.775
 1.035,-1.751
 1.019,-1.738
 1.030,-1.713
 1.019,-1.702
 1.010,-1.693
 1.008,-1.689
 0.997,-1.678
 0.986,-1.665
 0.966,-1.645
 0.959,-1.641
 0.957,-1.637
 0.959,-1.641
 0.938,-1.639
 0.937,-1.656
 0.939,-1.660
 0.927,-1.664
 0.929,-1.669
 0.929,-1.650
 0.919,-1.680
 0.919,-1.680
 0.928,-1.686
 0.929,-1.707
 0.908,-1.705
 0.907,-1.703
 0.918,-1.713
 0.916,-1.709
 0.910,-1.710
 0.911,-1.693
 0.921,-1.721
 0.921,-1.740
 0.918,-1.733
 0.919,-1.735
 0.918,-1.752
 0.928,-1.741
 0.919,-1.754
 0.927,-1.741
 0.920,-1.737
 0.920,-1.737
 0.911,-1.748
 0.921,-1.740
 0.919,-1.754
 0.919,-1.774
 0.918,-1.790
 0.908,-1.799
 0.908,-1.801
 0.908,-1.818
 0.900,-1.814
 0.920,-1.795
 0.929,-1.801
 0.938,-1.810
 0.916,-1.824
 0.920,-1.834
 0.910,-1.845
 0.920,-1.834
 0.931,-1.847
 0.949,-1.823
 0.950,-1.843
 0.968,-1.860
 0.967,-1.895
 0.968,-1.898
 0.967,-1.915
 0.969,-1.920
 0.979,-1.928
 0.980,-1.950
 0.981,-1.972
 0.987,-1.992
 0.998,-2.005
 0.988,-2.033
 0.988,-2.052
 0.969,-2.074
 0.977,-2.099
 0.989,-2.093
 0.988,-2.091
 0.997,-2.099
 0.987,-2.107
 0.976,-2.077
 0.989,-2.058
 1.009,-2.038
 1.009,-2.000
 1.021,-1.994
 1.019,-1.989
 1.028,-1.978
 1.037,-1.984
 1.036,-1.965
 1.038,-1.967
 1.037,-1.945
 1.038,-1.931
 1.039,-1.912
 1.048,-1.920
 1.039,-1.912
 1.017,-1.887
 1.038,-1.873
 1.027,-1.841
 1.008,-1.843
 1.018,-1.835
 1.006,-1.800
 0.998,-1.796
 1.007,-1.763
 0.987,-1.763
 0.996,-1.753
 0.997,-1.736
 0.990,-1.732
 0.989,-1.710
 0.999,-1.702
 0.999,-1.702
 0.996,-1.695
 1.007,-1.687
 1.006,-1.684
 1.017,-1.697
 1.008,-1.650
 1.027,-1.648
 1.019,-1.663
 1.017,-1.659
 1.017,-1.659
 1.017,-1.659
 1.016,-1.676
 1.009,-1.691
 0.997,-1.697
 0.987,-1.708
 0.988,-1.727
 0.996,-1.714
 0.988,-1.727
 0.976,-1.733
 0.957,-1.752
 0.959,-1.757
 0.948,-1.784
 0.950,-1.789
 0.949,-1.787
 0.940,-1.798
 0.958,-1.812
 0.957,-1.810
 0.959,-1.834
 0.966,-1.818
 0.948,-1.802
 0.949,-1.785
 0.938,-1.774
 0.960,-1.759
 0.969,-1.727
 0.959,-1.738
 0.969,-1.729
 0.967,-1.722
 0.969,-1.727
 0.967,-1.705
 0.978,-1.697
 0.988,-1.689
 0.987,-1.686
 0.998,-1.700
 0.994,-1.690
 0.995,-1.673
 1.019,-1.661
 1.020,-1.644
 1.011,-1.638
 1.030,-1.636
 1.029,-1.653
 1.027,-1.648
 1.016,-1.637
 1.027,-1.648
 1.026,-1.646
 1.027,-1.648
 1.028,-1.631
 1.017,-1.640
 1.029,-1.653
 1.037,-1.640
 1.027,-1.689
 1.017,-1.697
 1.006,-1.703
 1.009,-1.730
 0.998,-1.755
 0.998,-1.757
 1.009,-1.768
 1.007,-1.763
 1.007,-1.783
 0.994,-1.786
 1.017,-1.794
 1.019,-1.798
 1.017,-1.794
 1.030,-1.773
 1.029,-1.749
 1.038,-1.758
 1.037,-1.775
 1.025,-1.742
 1.037,-1.736
 1.037,-1.736
 1.037,-1.736
 1.037,-1.736
 1.057,-1.717
 1.048,-1.711
 1.046,-1.706
 1.057,-1.717
 1.058,-1.700
 1.037,-1.698
 1.037,-1.698
 1.045,-1.685
 1.047,-1.670
 1.047,-1.689
 1.055,-1.695
 1.047,-1.689
 1.045,-1.684
 1.057,-1.661
 1.049,-1.675
 1.057,-1.661
 1.070,-1.696
 1.067,-1.708
 1.057,-1.717
 1.067,-1.728
 1.056,-1.734
 1.047,-1.728
 1.046,-1.706
 1.058,-1.739
 1.037,-1.738
 1.035,-1.734
 1.037,-1.738
 1.026,-1.725
 1.018,-1.738
 1.028,-1.730
 1.027,-1.727
 1.028,-1.730
 1.016,-1.736
 1.006,-1.744
 1.026,-1.725
 1.025,-1.742
 1.017,-1.755
 1.006,-1.744
 1.018,-1.757
 1.019,-1.760
 1.018,-1.738
 1.008,-1.749
 1.006,-1.744
 1.017,-1.755
 1.017,-1.755
 1.016,-1.772
 1.009,-1.788
 0.996,-1.753
 1.007,-1.766
 1.007,-1.766
 0.997,-1.774
 0.998,-1.757
 0.997,-1.736
 0.988,-1.746
 0.987,-1.746
 0.988,-1.746
 0.978,-1.738
 0.976,-1.733
 0.977,-1.716
 0.997,-1.697
 0.995,-1.693
 0.998,-1.680
 0.998,-1.680
 1.019,-1.663
 1.029,-1.655
 1.038,-1.661
 1.027,-1.651
 1.036,-1.657
 1.007,-1.669
 1.016,-1.676
 1.026,-1.665
 1.008,-1.650
 1.017,-1.659
 0.998,-1.661
 1.018,-1.680
 1.007,-1.706
 1.008,-1.708
 0.995,-1.712
 0.997,-1.736
 0.988,-1.727
 0.987,-1.744
 0.968,-1.746
 0.977,-1.755
 0.978,-1.776
 0.995,-1.769
 0.985,-1.778
 0.989,-1.787
 0.997,-1.774
 1.010,-1.790
 1.010,-1.790
 1.028,-1.805
 1.018,-1.815
 1.026,-1.800
 1.027,-1.822
 1.016,-1.811
 1.015,-1.827
 1.046,-1.822
 1.037,-1.813
 1.050,-1.810
 1.049,-1.807
 1.057,-1.833
 1.058,-1.835
 1.045,-1.838
 1.066,-1.841
 1.087,-1.844
 1.076,-1.830
 1.078,-1.835
 1.086,-1.822
 1.095,-1.830
 1.095,-1.828
 1.086,-1.822
 1.119,-1.819
 1.107,-1.825
 1.100,-1.821
 1.109,-1.829
 1.106,-1.841
 1.096,-1.852
 1.096,-1.850
 1.086,-1.860
 1.086,-1.822
 1.075,-1.811
 1.078,-1.797
 1.057,-1.794
 1.059,-1.799
 1.047,-1.805
 1.056,-1.811
 1.047,-1.805
 1.026,-1.802
 1.027,-1.785
 1.027,-1.785
 1.037,-1.774
 1.028,-1.768
 1.016,-1.772
 1.046,-1.783
 1.047,-1.764
 1.028,-1.766
 1.059,-1.760
 1.058,-1.738
 1.049,-1.732
 1.048,-1.749
 1.037,-1.775
 1.058,-1.777
 1.065,-1.781
 1.047,-1.766
 1.067,-1.747
 1.067,-1.747
 1.068,-1.769
 1.066,-1.764
 1.068,-1.769
 1.067,-1.786
 1.057,-1.794
 1.058,-1.777
 1.066,-1.783
 1.069,-1.788
 1.057,-1.794
 1.066,-1.802
 1.058,-1.816
 1.065,-1.819
 1.056,-1.811
 1.068,-1.805
 1.058,-1.816
 1.059,-1.799
 1.047,-1.805
 1.050,-1.810
 1.038,-1.835
 1.027,-1.841
 1.028,-1.862
 1.026,-1.857
 1.028,-1.862
 1.037,-1.852
 1.027,-1.860
 1.039,-1.857
 1.028,-1.862
 1.029,-1.865
 1.028,-1.862
 1.008,-1.843
 1.029,-1.846
 1.037,-1.852
 1.038,-1.873
 1.039,-1.854
 1.037,-1.852
 1.048,-1.863
 1.036,-1.866
 1.057,-1.869
 1.057,-1.869
 1.058,-1.852
 1.060,-1.818
 1.058,-1.796
 1.061,-1.782
 1.048,-1.785
 1.056,-1.792
 1.057,-1.775
 1.045,-1.778
 1.027,-1.764
 1.037,-1.755
 1.019,-1.758
 1.020,-1.779
 1.018,-1.774
 1.019,-1.796
 0.988,-1.804
 0.987,-1.821
 0.998,-1.832
 1.006,-1.819
 0.999,-1.815
 0.979,-1.815
 0.988,-1.804
 0.999,-1.815
 0.985,-1.816
 0.987,-1.819
 1.007,-1.802
 1.009,-1.788
 1.030,-1.790
 1.029,-1.788
 1.050,-1.810
 1.048,-1.824
 1.047,-1.841
 1.058,-1.852
 1.065,-1.855
 1.078,-1.871
 1.078,-1.871
 1.058,-1.852
 1.070,-1.848
 1.059,-1.835
 1.069,-1.846
 1.068,-1.863
 1.067,-1.860
 1.068,-1.882
 1.066,-1.877
 1.068,-1.882
 1.058,-1.852
 1.058,-1.852
 1.058,-1.854
 1.046,-1.858
 1.078,-1.871
 1.058,-1.852
 1.069,-1.865
 1.059,-1.876
 1.078,-1.854
 1.090,-1.868
 1.068,-1.882
 1.058,-1.890
 1.068,-1.863
 1.055,-1.847
 1.058,-1.852
 1.067,-1.841
 1.068,-1.824
 1.059,-1.835
 1.057,-1.813
 1.060,-1.818
 1.068,-1.805
 1.057,-1.813
 1.058,-1.796
 1.047,-1.802
 1.048,-1.785
 1.057,-1.775
 1.057,-1.775
 1.049,-1.769
 1.036,-1.772
 1.048,-1.786
 1.057,-1.775
 1.058,-1.758
 1.050,-1.752
 1.078,-1.739
 1.070,-1.733
 1.067,-1.728
 1.066,-1.745
 1.078,-1.739
 1.076,-1.734
 1.067,-1.728
 1.066,-1.706
 1.087,-1.709
 1.088,-1.692
 1.086,-1.726
 1.097,-1.739
 1.086,-1.726
 1.087,-1.747
 1.078,-1.758
 1.066,-1.745
 1.069,-1.750
 1.066,-1.745
 1.075,-1.753
 1.087,-1.747
 1.065,-1.762
 1.068,-1.767
 1.058,-1.758
 1.039,-1.760
 1.060,-1.743
 1.068,-1.749
 1.070,-1.771
 1.058,-1.777
 1.047,-1.802
 1.068,-1.805
 1.047,-1.802
 1.049,-1.807
 1.057,-1.794
 1.038,-1.794
 1.049,-1.807
 1.046,-1.822
 1.038,-1.835
 1.048,-1.824
 1.038,-1.835
 1.038,-1.835
 1.038,-1.832
 1.040,-1.837
 1.037,-1.852
 1.028,-1.882
 1.037,-1.890
 1.034,-1.902
 1.028,-1.920
 1.020,-1.914
 1.029,-1.903
 1.050,-1.906
 1.028,-1.920
 1.049,-1.923
 1.047,-1.918
 1.048,-1.940
 1.038,-1.948
 1.036,-1.943
 1.058,-1.948
 1.048,-1.940
 1.078,-1.951
 1.080,-1.954
 1.068,-1.959
 1.069,-1.962
 1.067,-1.956
 1.068,-1.978
 1.078,-1.968
 1.057,-1.965
 1.068,-1.978
 1.077,-1.987
 1.067,-1.995
 1.055,-2.001
 1.044,-1.987
 1.058,-1.989
 1.060,-1.992
 1.050,-2.003
 1.071,-2.005
 1.057,-2.006
 1.068,-2.017
 1.056,-2.023
 1.047,-2.033
 1.038,-2.064
 1.036,-2.061
 1.059,-2.066
 1.038,-2.064
 1.039,-2.086
 1.040,-2.127
 1.007,-2.129
 1.008,-2.151
 1.016,-2.138
 1.007,-2.129
 1.017,-2.121
 1.016,-2.099
 1.038,-2.085
 1.057,-2.044
 1.065,-1.992
 1.066,-1.976
 1.075,-1.946
 1.089,-1.907
 1.118,-1.893
 1.119,-1.896
 1.128,-1.885
 1.115,-1.888
 1.127,-1.883
 1.116,-1.872
 1.117,-1.891
 1.107,-1.882
 1.106,-1.880
 1.088,-1.865
 1.106,-1.841
 1.096,-1.852
 1.097,-1.835
 1.086,-1.841
 1.108,-1.827
 1.095,-1.792
 1.097,-1.797
 1.088,-1.788
 1.075,-1.772
 1.077,-1.777
 1.075,-1.772
 1.066,-1.764
 1.088,-1.750
 1.078,-1.758
 1.069,-1.752
 1.067,-1.747
 1.057,-1.758
 1.057,-1.758
 1.066,-1.764
 1.057,-1.758
 1.066,-1.764
 1.047,-1.766
 1.057,-1.758
 1.056,-1.736
 1.058,-1.741
 1.076,-1.756
 1.077,-1.777
 1.077,-1.777
 1.076,-1.794
 1.068,-1.788
 1.076,-1.794
 1.067,-1.805
 1.057,-1.813
 1.066,-1.822
 1.076,-1.833
 1.066,-1.822
 1.077,-1.816
 1.089,-1.810
 1.077,-1.816
 1.100,-1.840
 1.097,-1.835
 1.098,-1.874
 1.116,-1.872
 1.105,-1.858
 1.077,-1.871
 1.075,-1.849
 1.068,-1.846
 1.079,-1.857
 1.077,-1.852
 1.068,-1.865
 1.047,-1.860
 1.067,-1.863
 1.057,-1.871
 1.036,-1.888
 1.038,-1.873
 1.057,-1.871
 1.038,-1.893
 1.026,-1.898
 1.005,-1.893
 1.019,-1.893
 1.019,-1.892
 1.020,-1.876
 1.030,-1.887
 1.029,-1.884
 1.020,-1.914
 1.016,-1.907
 1.037,-1.909
 1.027,-1.918
 1.027,-1.898
 1.029,-1.920
 1.037,-1.890
 1.020,-1.914
 1.029,-1.923
 1.028,-1.939
 1.039,-1.951
 1.036,-1.965
 1.029,-1.981
 1.038,-1.987
 1.035,-1.981
 1.048,-1.978
 1.045,-1.973
 1.037,-2.003
 1.037,-1.986
 1.038,-1.970
 1.050,-1.964
 1.048,-1.959
 1.059,-1.973
 1.058,-1.970
 1.057,-1.987
 1.058,-1.989
 1.057,-1.987
 1.066,-1.976
 1.086,-1.957
 1.066,-1.937
 1.079,-1.915
 1.068,-1.901
 1.099,-1.896
 1.088,-1.885
 1.077,-1.871
 1.078,-1.854
 1.086,-1.841
 1.087,-1.824
 1.087,-1.805
 1.086,-1.783
 1.086,-1.786
 1.084,-1.781
 1.086,-1.786
 1.088,-1.750
 1.097,-1.758
 1.089,-1.733
 1.097,-1.720
 1.087,-1.730
 1.106,-1.728
 1.105,-1.726
 1.097,-1.720
 1.094,-1.676
 1.097,-1.681
 1.097,-1.681
 1.096,-1.679
 1.098,-1.664
 1.095,-1.659
 1.096,-1.642
 1.096,-1.642
 1.076,-1.640
 1.087,-1.634
 1.094,-1.599
 1.086,-1.612
 1.086,-1.612
 1.075,-1.602
 1.075,-1.602
 1.074,-1.580
 1.087,-1.557
 1.088,-1.540
 1.087,-1.557
 1.088,-1.540
 1.095,-1.525
 1.096,-1.527
 1.095,-1.525
 1.094,-1.503
 1.086,-1.497
 1.084,-1.475
 1.096,-1.469
 1.096,-1.469
 1.085,-1.458
 1.067,-1.460
 1.075,-1.447
 1.067,-1.460
 1.068,-1.443
 1.065,-1.439
 1.056,-1.430
 1.064,-1.418
 1.056,-1.430
 1.076,-1.411
 1.064,-1.418
 1.055,-1.409
 1.055,-1.409
 1.048,-1.385
 1.058,-1.395
 1.047,-1.383
 1.057,-1.374
 1.055,-1.370
 1.036,-1.372
 1.046,-1.362
 1.055,-1.351
 1.047,-1.344
 1.044,-1.358
 1.046,-1.362
 1.027,-1.363
 1.026,-1.381
 1.048,-1.404
 1.046,-1.400
 1.027,-1.441
 1.026,-1.458
 1.035,-1.486
 1.026,-1.496
 1.054,-1.503
 1.028,-1.518
 1.047,-1.518
 1.044,-1.531
 1.054,-1.558
 1.064,-1.531
 1.070,-1.522
 1.088,-1.520
 1.087,-1.537
 1.099,-1.531
 1.085,-1.533
 1.115,-1.544
 1.115,-1.544
 1.125,-1.553
 1.115,-1.544
 1.115,-1.542
 1.127,-1.538
 1.127,-1.538
 1.117,-1.546
 1.127,-1.557
 1.134,-1.581
 1.136,-1.585
 1.126,-1.593
 1.126,-1.613
 1.117,-1.604
 1.116,-1.621
 1.138,-1.607
 1.136,-1.623
 1.125,-1.649
 1.124,-1.666
 1.102,-1.661
 1.106,-1.670
 1.118,-1.664
 1.108,-1.673
 1.120,-1.669
 1.117,-1.681
 1.116,-1.698
 1.116,-1.698
 1.096,-1.717
 1.106,-1.709
 1.085,-1.706
 1.097,-1.700
 1.097,-1.700
 1.087,-1.728
 1.088,-1.711
 1.096,-1.717
 1.088,-1.730
 1.087,-1.766
 1.078,-1.797
 1.079,-1.818
 1.066,-1.841
 1.067,-1.863
 1.077,-1.871
 1.077,-1.910
 1.068,-1.901
 1.075,-1.924
 1.088,-1.902
 1.098,-1.893
 1.078,-1.874
 1.060,-1.859
 1.068,-1.843
 1.069,-1.885
 1.068,-1.921
 1.058,-1.948
 1.068,-1.978
 1.048,-1.995
 1.039,-2.028
 1.039,-2.047
 1.028,-2.074
 1.059,-2.105
 1.048,-2.130
 1.048,-2.133
 1.027,-2.129
 1.009,-2.132
 1.020,-2.107
 0.999,-2.104
 0.999,-2.066
 0.998,-2.025
 1.007,-1.994
 1.018,-2.006
 1.016,-1.981
 1.018,-1.986
 1.008,-1.959
 1.029,-1.923
 1.030,-1.906
 1.029,-1.884
 1.039,-1.876
 1.038,-1.873
 1.018,-1.873
 1.038,-1.873
 1.036,-1.830
 1.038,-1.835
 1.038,-1.835
 1.028,-1.843
 1.029,-1.846
 1.027,-1.821
 1.049,-1.846
 1.057,-1.833
 1.037,-1.852
 1.028,-1.862
 1.027,-1.860
 1.028,-1.862
 1.037,-1.852
 1.008,-1.843
 1.019,-1.837
 1.016,-1.849
 1.027,-1.860
 1.037,-1.849
 1.039,-1.857
 1.030,-1.848
 1.038,-1.854
 1.039,-1.857
 1.038,-1.873
 1.037,-1.890
 1.057,-1.871
 1.055,-1.866
 1.048,-1.882
 1.047,-1.860
 1.058,-1.854
 1.050,-1.848
 1.058,-1.854
 1.068,-1.846
 1.067,-1.860
 1.057,-1.871
 1.068,-1.846
 1.077,-1.852
 1.049,-1.865
 1.067,-1.863
 1.067,-1.863
 1.067,-1.863
 1.076,-1.869
 1.085,-1.877
 1.085,-1.877
 1.089,-1.885
 1.099,-1.876
 1.087,-1.882
 1.100,-1.898
 1.116,-1.910
 1.117,-1.949
 1.108,-1.979
 1.114,-1.982
 1.107,-1.996
 1.117,-1.987
 1.118,-1.990
 1.128,-2.001
 1.126,-2.034
 1.119,-2.070
 1.128,-2.095
 1.119,-2.125
 1.108,-2.152
 1.087,-2.169
 1.089,-2.194
 1.096,-2.196
 1.097,-2.180
 1.099,-2.183
 1.097,-2.180
 1.087,-2.188
 1.086,-2.204
 1.078,-2.199
 1.068,-2.191
 1.077,-2.179
 1.082,-2.171
 1.099,-2.147
 1.089,-2.155
 1.089,-2.136
 1.096,-2.138
 1.117,-2.122
 1.116,-2.100
 1.128,-2.095
 1.147,-2.095
 1.136,-2.084
 1.128,-2.097
 1.127,-2.075
 1.127,-2.075
 1.118,-2.067
 1.117,-2.045
 1.128,-2.039
 1.126,-1.996
 1.127,-1.998
 1.127,-1.979
 1.135,-1.965
 1.116,-1.968
 1.116,-1.929
 1.117,-1.913
 1.120,-1.898
 1.117,-1.874
 1.099,-1.860
 1.097,-1.855
 1.087,-1.863
 1.107,-1.844
 1.095,-1.830
 1.088,-1.808
 1.096,-1.775
 1.087,-1.767
 1.098,-1.741
 1.096,-1.737
 1.107,-1.711
 1.106,-1.709
 1.117,-1.701
 1.107,-1.692
 1.124,-1.687
 1.136,-1.681
 1.136,-1.681
 1.126,-1.690
 1.137,-1.701
 1.133,-1.694
 1.146,-1.709
 1.147,-1.692
 1.168,-1.695
 1.168,-1.695
 1.167,-1.712
 1.177,-1.703
 1.184,-1.746
 1.176,-1.759
 1.186,-1.748
 1.203,-1.763
 1.186,-1.748
 1.185,-1.727
 1.176,-1.720
 1.188,-1.714
 1.206,-1.729
 1.207,-1.712
 1.195,-1.718
 1.196,-1.740
 1.206,-1.729
 1.194,-1.735
 1.187,-1.731
 1.196,-1.740
 1.196,-1.740
 1.195,-1.757
 1.182,-1.760
 1.186,-1.748
 1.196,-1.740
 1.178,-1.742
 1.199,-1.744
 1.177,-1.739
 1.198,-1.761
 1.205,-1.746
 1.186,-1.748
 1.195,-1.757
 1.183,-1.743
 1.186,-1.748
 1.195,-1.737
 1.207,-1.712
 1.188,-1.714
 1.186,-1.710
 1.197,-1.723
 1.184,-1.707
 1.176,-1.720
 1.186,-1.710
 1.174,-1.696
 1.176,-1.682
 1.174,-1.658
 1.164,-1.649
 1.164,-1.630
 1.165,-1.613
 1.149,-1.581
 1.157,-1.568
 1.138,-1.570
 1.146,-1.557
 1.124,-1.572
 1.136,-1.566
 1.124,-1.533
 1.135,-1.544
 1.125,-1.516
 1.134,-1.506
 1.156,-1.491
 1.154,-1.487
 1.156,-1.491
 1.175,-1.470
 1.174,-1.468
 1.186,-1.461
 1.175,-1.450
 1.175,-1.450
 1.184,-1.440
 1.194,-1.449
 1.206,-1.442
 1.191,-1.444
 1.203,-1.438
 1.216,-1.433
 1.206,-1.442
 1.228,-1.427
 1.236,-1.414
 1.227,-1.444
 1.224,-1.440
 1.232,-1.428
 1.225,-1.423
 1.223,-1.419
 1.235,-1.412
 1.225,-1.423
 1.234,-1.430
 1.236,-1.434
 1.233,-1.449
 1.225,-1.460
 1.215,-1.470
 1.213,-1.468
 1.217,-1.491
 1.214,-1.487
 1.195,-1.508
 1.215,-1.528
 1.202,-1.551
 1.194,-1.564
 1.194,-1.564
 1.197,-1.568
 1.207,-1.579
 1.195,-1.585
 1.197,-1.607
 1.205,-1.613
 1.196,-1.624
 1.194,-1.641
 1.184,-1.649
 1.187,-1.654
 1.195,-1.679
 1.207,-1.712
 1.196,-1.701
 1.185,-1.690
 1.189,-1.697
 1.186,-1.712
 1.186,-1.712
 1.176,-1.720
 1.185,-1.726
 1.196,-1.740
 1.204,-1.746
 1.194,-1.773
 1.184,-1.784
 1.186,-1.787
 1.189,-1.791
 1.197,-1.797
 1.198,-1.781
 1.179,-1.781
 1.177,-1.778
 1.177,-1.778
 1.164,-1.782
 1.147,-1.806
 1.136,-1.795
 1.126,-1.803
 1.139,-1.800
 1.136,-1.795
 1.128,-1.808
 1.137,-1.816
 1.117,-1.852
 1.117,-1.852
 1.115,-1.831
 1.109,-1.866
 1.109,-1.866
 1.117,-1.891
 1.128,-1.902
 1.125,-1.897
 1.108,-1.882
 1.099,-1.876
 1.079,-1.857
 1.122,-1.882
 1.118,-1.874
 1.109,-1.904
 1.108,-1.921
 1.107,-1.938
 1.088,-1.940
 1.095,-1.924
 1.098,-1.929
 1.108,-1.921
 1.108,-1.921
 1.120,-1.954
 1.108,-1.960
 1.129,-1.962
 1.119,-1.971
 1.107,-1.957
 1.108,-1.940
 1.118,-1.949
 1.119,-1.932
 1.128,-1.940
 1.115,-1.943
 1.118,-1.949
 1.119,-1.932
 1.130,-1.945
 1.130,-1.946
 1.129,-1.962
 1.120,-1.973
 1.127,-1.996
 1.128,-1.979
 1.108,-1.998
 1.097,-1.987
 1.109,-1.981
 1.096,-1.965
 1.108,-1.979
 1.118,-1.970
 1.108,-1.979
 1.108,-1.981
 1.117,-1.987
 1.129,-1.982
 1.147,-1.979
 1.126,-1.976
 1.147,-1.979
 1.155,-1.966
 1.166,-1.977
 1.166,-1.958
 1.178,-1.933
 1.179,-1.916
 1.178,-1.894
 1.189,-1.869
 1.179,-1.877
 1.167,-1.883
 1.188,-1.886
 1.155,-1.889
 1.167,-1.883
 1.146,-1.883
 1.137,-1.872
 1.138,-1.857
 1.145,-1.842
 1.148,-1.847
 1.127,-1.844
 1.127,-1.844
 1.128,-1.827
 1.115,-1.831
 1.118,-1.836
 1.118,-1.836
 1.116,-1.833
 1.128,-1.827
 1.115,-1.811
 1.127,-1.805
 1.128,-1.789
 1.138,-1.761
 1.130,-1.755
 1.128,-1.750
 1.128,-1.750
 1.146,-1.748
 1.116,-1.737
 1.137,-1.739
 1.135,-1.734
 1.137,-1.739
 1.128,-1.731
 1.117,-1.720
 1.128,-1.731
 1.126,-1.726
 1.128,-1.731
 1.128,-1.731
 1.116,-1.737
 1.118,-1.741
 1.116,-1.737
 1.117,-1.758
 1.107,-1.747
 1.117,-1.758
 1.117,-1.758
 1.123,-1.760
 1.116,-1.775
 1.117,-1.758
 1.138,-1.761
 1.130,-1.755
 1.137,-1.778
 1.128,-1.789
 1.135,-1.811
 1.135,-1.811
 1.156,-1.814
 1.156,-1.814
 1.159,-1.819
 1.157,-1.836
 1.157,-1.836
 1.159,-1.858
 1.175,-1.850
 1.156,-1.853
 1.166,-1.844
 1.167,-1.844
 1.168,-1.866
 1.156,-1.872
 1.167,-1.885
 1.157,-1.894
 1.156,-1.891
 1.178,-1.894
 1.164,-1.916
 1.184,-1.936
 1.167,-1.921
 1.169,-1.927
 1.190,-1.929
 1.208,-1.944
 1.198,-1.955
 1.207,-1.960
 1.204,-1.955
 1.227,-1.980
 1.213,-1.964
 1.207,-1.960
 1.196,-1.930
 1.207,-1.922
 1.209,-1.927
 1.216,-1.911
 1.218,-1.935
 1.207,-1.922
 1.196,-1.911
 1.197,-1.894
 1.196,-1.911
 1.198,-1.916
 1.197,-1.933
 1.207,-1.922
 1.197,-1.933
 1.185,-1.919
 1.188,-1.924
 1.195,-1.927
 1.193,-1.944
 1.198,-1.935
 1.197,-1.933
 1.189,-1.946
 1.209,-1.927
 1.198,-1.954
 1.197,-1.971
 1.185,-1.977
 1.198,-2.010
 1.186,-1.996
 1.196,-1.988
 1.208,-1.982
 1.207,-1.999
 1.209,-2.004
 1.217,-2.029
 1.218,-2.068
 1.227,-2.076
 1.235,-2.082
 1.236,-2.066
 1.216,-2.046
 1.217,-2.049
 1.218,-2.032
 1.207,-2.018
 1.179,-2.012
 1.176,-2.007
 1.147,-1.998
 1.156,-2.007
 1.134,-2.020
 1.119,-2.012
 1.137,-1.971
 1.138,-1.954
 1.130,-1.929
 1.128,-1.924
 1.128,-1.924
 1.116,-1.910
 1.116,-1.910
 1.128,-1.885
 1.125,-1.841
 1.118,-1.838
 1.128,-1.827
 1.128,-1.827
 1.119,-1.819
 1.126,-1.822
 1.128,-1.827
 1.127,-1.805
 1.128,-1.827
 1.128,-1.827
 1.116,-1.833
 1.128,-1.866
 1.117,-1.852
 1.117,-1.852
 1.108,-1.846
 1.106,-1.841
 1.098,-1.855
 1.105,-1.858
 1.107,-1.863
 1.109,-1.868
 1.109,-1.866
 1.101,-1.881
 1.099,-1.876
 1.089,-1.904
 1.078,-1.912
 1.096,-1.927
 1.097,-1.948
 1.117,-1.968
 1.109,-1.981
 1.109,-2.020
 1.118,-2.026
 1.119,-2.067
 1.137,-2.064
 1.128,-2.095
 1.139,-2.106
 1.127,-2.111
 1.140,-2.109
 1.119,-2.105
 1.109,-2.114
 1.119,-2.144
 1.108,-2.130
 1.100,-2.144
 1.099,-2.122
 1.078,-2.122
 1.088,-2.111
 1.076,-2.116
 1.080,-2.127
 1.081,-2.108
 1.071,-2.119
 1.072,-2.102
 1.079,-2.105
 1.080,-2.086
 1.088,-2.072
 1.088,-2.072
 1.088,-2.072
 1.077,-2.080
 1.090,-2.078
 1.089,-2.056
 1.090,-2.059
 1.091,-2.061
 1.088,-2.072
 1.080,-2.089
 1.089,-2.094
 1.089,-2.094
 1.089,-2.094
 1.088,-2.111
 1.090,-2.116
 1.099,-2.122
 1.089,-2.133
 1.100,-2.147
 1.097,-2.158
 1.099,-2.161
 1.095,-2.171
 1.099,-2.161
 1.102,-2.169
 1.101,-2.185
 1.113,-2.219
 1.090,-2.213
 1.109,-2.210
 1.109,-2.191
 1.116,-2.194
 1.109,-2.210
 1.117,-2.216
 1.109,-2.210
 1.139,-2.202
 1.138,-2.180
 1.131,-2.178
 1.129,-2.172
 1.138,-2.180
 1.139,-2.202
 1.148,-2.208
 1.141,-2.225
 1.148,-2.211
 1.139,-2.202
 1.150,-2.194
 1.127,-2.208
 1.120,-2.222
 1.118,-2.219
 1.107,-2.243
 1.107,-2.224
 1.108,-2.188
 1.122,-2.189
 1.120,-2.186
 1.131,-2.197
 1.141,-2.189
 1.128,-2.191
 1.119,-2.202
 1.117,-2.177
 1.138,-2.161
 1.139,-2.125
 1.138,-2.122
 1.120,-2.128
 1.119,-2.106
 1.119,-2.106
 1.129,-2.095
 1.127,-2.073
 1.140,-2.051
 1.119,-2.048
 1.129,-2.040
 1.111,-2.042
 1.098,-2.045
 1.099,-2.028
 1.097,-2.023
 1.109,-2.018
 1.099,-2.028
 1.096,-2.039
 1.090,-2.039
 1.080,-2.031
 1.062,-2.033
 1.062,-2.033
 1.059,-2.028
 1.061,-2.050
 1.058,-2.044
 1.039,-2.064
 1.039,-2.064
 1.039,-2.064
 1.051,-2.061
 1.029,-2.055
 1.020,-2.066
 1.011,-2.058
 1.009,-2.052
 1.020,-2.066
 1.019,-2.044
 1.020,-2.066
 1.030,-2.058
 1.020,-2.066
 1.021,-2.088
 1.019,-2.083
 1.019,-2.083
 1.019,-2.083
 1.037,-2.058
 1.039,-2.064
 1.040,-2.047
 1.042,-2.052
 1.042,-2.052
 1.049,-2.055
 1.061,-2.050
 1.058,-2.044
 1.060,-2.047
 1.069,-2.056
 1.047,-2.031
 1.060,-2.009
 1.068,-1.995
 1.069,-1.979
 1.081,-1.973
 1.058,-1.967
 1.070,-1.962
 1.098,-1.968
 1.109,-1.979
 1.099,-1.990
 1.098,-2.006
 1.110,-2.001
 1.118,-1.987
 1.110,-2.001
 1.129,-2.001
 1.137,-2.023
 1.117,-2.043
 1.118,-2.026
 1.130,-2.023
 1.121,-2.014
 1.140,-2.012
 1.150,-2.004
 1.138,-2.007
 1.148,-2.037
 1.148,-2.037
 1.155,-2.059
 1.147,-2.054
 1.137,-2.023
 1.149,-2.020
 1.150,-2.004
 1.169,-2.001
 1.160,-1.993
 1.148,-1.998
 1.159,-2.009
 1.168,-1.979
 1.176,-1.947
 1.169,-1.943
 1.178,-1.913
 1.178,-1.913
 1.167,-1.902
 1.176,-1.870
 1.176,-1.870
 1.186,-1.842
 1.179,-1.819
 1.171,-1.832
 1.179,-1.819
 1.191,-1.813
