-0.216,-2.538
-0.195,-2.535
-0.133,-2.535
-0.092,-2.529
-0.071,-2.532
-0.019,-2.518
 0.032,-2.510
 0.094,-2.494
 0.114,-2.470
 0.125,-2.465
 0.135,-2.450
 0.124,-2.442
 0.125,-2.425
 0.134,-2.410
 0.114,-2.393
 0.104,-2.381
 0.093,-2.373
 0.083,-2.364
 0.052,-2.349
 0.021,-2.343
-0.020,-2.320
-0.052,-2.311
-0.093,-2.290
-0.114,-2.267
-0.155,-2.270
-0.187,-2.260
-0.228,-2.237
-0.259,-2.248
-0.268,-2.251
-0.300,-2.251
-0.321,-2.248
-0.300,-2.251
-0.332,-2.265
-0.331,-2.259
-0.362,-2.271
-0.352,-2.296
-0.371,-2.313
-0.351,-2.340
-0.371,-2.330
-0.372,-2.360
-0.372,-2.360
-0.372,-2.377
-0.361,-2.389
-0.382,-2.408
-0.382,-2.432
-0.371,-2.437
-0.360,-2.486
-0.360,-2.489
-0.339,-2.503
-0.329,-2.518
-0.298,-2.551
-0.308,-2.559
-0.287,-2.579
-0.287,-2.596
-0.287,-2.619
-0.276,-2.631
-0.255,-2.628
-0.266,-2.644
-0.255,-2.621
-0.245,-2.640
-0.235,-2.632
-0.225,-2.640
-0.194,-2.639
-0.174,-2.616
-0.184,-2.624
-0.173,-2.609
-0.173,-2.602
-0.153,-2.612
-0.132,-2.569
-0.132,-2.576
-0.133,-2.555
-0.122,-2.544
-0.133,-2.539
-0.133,-2.532
-0.112,-2.529
-0.122,-2.517
-0.101,-2.514
-0.112,-2.529
-0.122,-2.497
-0.122,-2.520
-0.122,-2.503
-0.133,-2.491
-0.112,-2.478
-0.123,-2.460
-0.133,-2.451
-0.143,-2.439
-0.143,-2.416
-0.154,-2.387
-0.174,-2.361
-0.164,-2.355
-0.175,-2.327
-0.185,-2.318
-0.186,-2.331
-0.175,-2.313
-0.186,-2.324
-0.195,-2.350
-0.195,-2.367
-0.185,-2.379
-0.195,-2.367
-0.206,-2.382
-0.206,-2.382
-0.216,-2.390
-0.216,-2.413
-0.215,-2.430
-0.226,-2.462
-0.205,-2.483
-0.204,-2.516
-0.204,-2.543
-0.203,-2.577
-0.204,-2.600
-0.204,-2.600
-0.214,-2.608
-0.224,-2.624
-0.213,-2.649
-0.234,-2.669
-0.224,-2.681
-0.244,-2.693
-0.244,-2.701
-0.265,-2.697
-0.275,-2.712
-0.276,-2.736
-0.285,-2.744
-0.286,-2.768
-0.274,-2.789
-0.274,-2.810
-0.274,-2.830
-0.273,-2.826
-0.284,-2.862
-0.284,-2.841
-0.284,-2.865
-0.305,-2.885
-0.294,-2.894
-0.294,-2.874
-0.294,-2.870
-0.273,-2.890
-0.263,-2.902
-0.273,-2.886
-0.274,-2.874
-0.263,-2.862
-0.263,-2.846
-0.253,-2.837
-0.274,-2.789
-0.275,-2.773
-0.285,-2.717
-0.297,-2.672
-0.297,-2.631
-0.286,-2.616
-0.308,-2.603
-0.286,-2.576
-0.277,-2.551
-0.298,-2.537
-0.276,-2.527
-0.266,-2.522
-0.266,-2.499
-0.266,-2.499
-0.246,-2.462
-0.255,-2.447
-0.235,-2.413
-0.225,-2.399
-0.225,-2.402
-0.225,-2.405
-0.224,-2.398
-0.235,-2.413
-0.224,-2.398
-0.235,-2.410
-0.246,-2.402
-0.245,-2.418
-0.235,-2.410
-0.235,-2.410
-0.256,-2.430
-0.256,-2.430
-0.255,-2.423
-0.256,-2.427
-0.287,-2.438
-0.287,-2.438
-0.287,-2.438
-0.307,-2.435
-0.318,-2.433
-0.308,-2.401
-0.319,-2.412
-0.319,-2.392
-0.339,-2.386
-0.319,-2.389
-0.360,-2.365
-0.360,-2.345
-0.371,-2.320
-0.381,-2.264
-0.382,-2.253
-0.392,-2.219
-0.382,-2.190
-0.382,-2.173
-0.371,-2.175
-0.382,-2.167
-0.381,-2.144
-0.381,-2.144
-0.361,-2.147
-0.350,-2.112
-0.340,-2.130
-0.319,-2.110
-0.319,-2.110
-0.310,-2.124
-0.298,-2.147
-0.288,-2.159
-0.267,-2.156
-0.287,-2.176
-0.287,-2.217
-0.266,-2.231
-0.277,-2.269
-0.277,-2.292
-0.267,-2.324
-0.278,-2.362
-0.277,-2.413
-0.245,-2.442
-0.235,-2.470
-0.235,-2.508
-0.225,-2.499
-0.234,-2.524
-0.235,-2.531
-0.225,-2.522
-0.235,-2.507
-0.225,-2.506
-0.214,-2.488
-0.225,-2.482
-0.214,-2.471
-0.214,-2.487
-0.214,-2.471
-0.214,-2.467
-0.204,-2.462
-0.225,-2.459
-0.225,-2.419
-0.204,-2.422
-0.214,-2.407
-0.205,-2.382
-0.215,-2.350
-0.214,-2.326
-0.205,-2.318
-0.214,-2.263
-0.215,-2.269
-0.226,-2.240
-0.216,-2.214
-0.217,-2.197
-0.205,-2.180
-0.205,-2.180
-0.195,-2.165
-0.205,-2.174
-0.205,-2.180
-0.215,-2.185
-0.205,-2.180
-0.205,-2.180
-0.216,-2.191
-0.205,-2.203
-0.205,-2.214
-0.205,-2.238
-0.195,-2.246
-0.174,-2.266
-0.195,-2.292
-0.185,-2.301
-0.195,-2.313
-0.174,-2.330
-0.184,-2.358
-0.185,-2.362
-0.195,-2.387
-0.174,-2.410
-0.164,-2.416
-0.163,-2.433
-0.174,-2.451
-0.153,-2.448
-0.165,-2.466
-0.154,-2.478
-0.143,-2.483
-0.133,-2.475
-0.122,-2.497
-0.133,-2.508
-0.122,-2.517
-0.122,-2.517
-0.112,-2.535
-0.123,-2.523
-0.133,-2.535
-0.133,-2.535
-0.133,-2.532
-0.143,-2.543
-0.112,-2.525
-0.143,-2.560
-0.132,-2.549
-0.132,-2.548
-0.133,-2.555
-0.122,-2.540
-0.133,-2.555
-0.122,-2.540
-0.122,-2.557
-0.122,-2.540
-0.143,-2.537
-0.143,-2.537
-0.133,-2.532
-0.143,-2.520
-0.164,-2.506
-0.164,-2.483
-0.175,-2.498
-0.175,-2.474
-0.174,-2.468
-0.174,-2.451
-0.184,-2.432
-0.206,-2.419
-0.206,-2.402
-0.206,-2.378
-0.217,-2.376
-0.216,-2.370
-0.226,-2.361
-0.227,-2.341
-0.237,-2.326
-0.248,-2.321
-0.237,-2.306
-0.238,-2.289
-0.237,-2.269
-0.237,-2.205
-0.227,-2.183
-0.237,-2.148
-0.227,-2.122
-0.227,-2.119
-0.226,-2.093
-0.248,-2.079
-0.216,-2.065
-0.216,-2.065
-0.227,-2.059
-0.237,-2.047
-0.248,-2.044
-0.238,-2.053
-0.238,-2.053
-0.238,-2.070
-0.258,-2.084
-0.268,-2.096
-0.267,-2.110
-0.279,-2.107
-0.279,-2.110
-0.289,-2.098
-0.290,-2.121
-0.279,-2.107
-0.290,-2.121
-0.279,-2.130
-0.279,-2.124
-0.279,-2.148
-0.268,-2.136
-0.279,-2.148
-0.269,-2.139
-0.279,-2.147
-0.269,-2.142
-0.279,-2.147
-0.268,-2.159
-0.268,-2.176
-0.278,-2.185
-0.279,-2.188
-0.258,-2.188
-0.248,-2.200
-0.238,-2.211
-0.237,-2.205
-0.238,-2.211
-0.237,-2.223
-0.237,-2.246
-0.237,-2.228
-0.217,-2.208
-0.238,-2.217
-0.206,-2.203
-0.196,-2.212
-0.186,-2.220
-0.185,-2.214
-0.185,-2.217
-0.165,-2.194
-0.186,-2.197
-0.186,-2.203
-0.175,-2.209
-0.176,-2.215
-0.165,-2.200
-0.165,-2.218
-0.154,-2.229
-0.165,-2.235
-0.155,-2.249
-0.144,-2.238
-0.134,-2.250
-0.124,-2.241
-0.113,-2.247
-0.124,-2.264
-0.113,-2.250
-0.123,-2.258
-0.124,-2.264
-0.123,-2.258
-0.134,-2.273
-0.134,-2.250
-0.134,-2.250
-0.134,-2.232
-0.123,-2.258
-0.134,-2.253
-0.134,-2.250
-0.134,-2.246
-0.123,-2.258
-0.144,-2.255
-0.144,-2.244
-0.134,-2.252
-0.134,-2.256
-0.134,-2.235
-0.134,-2.229
-0.144,-2.261
-0.144,-2.238
-0.144,-2.238
-0.165,-2.241
-0.165,-2.218
-0.165,-2.224
-0.155,-2.212
-0.165,-2.221
-0.155,-2.212
-0.165,-2.218
-0.176,-2.229
-0.196,-2.206
-0.196,-2.229
-0.186,-2.238
-0.185,-2.217
-0.196,-2.252
-0.196,-2.229
-0.196,-2.229
-0.217,-2.232
-0.216,-2.226
-0.216,-2.249
-0.216,-2.249
-0.237,-2.269
-0.237,-2.272
-0.226,-2.257
-0.227,-2.281
-0.237,-2.289
-0.237,-2.309
-0.236,-2.329
-0.236,-2.363
-0.257,-2.390
-0.246,-2.401
-0.246,-2.401
-0.226,-2.428
-0.246,-2.462
-0.225,-2.482
-0.235,-2.507
-0.245,-2.539
-0.255,-2.551
-0.255,-2.568
-0.287,-2.586
-0.307,-2.582
-0.307,-2.599
-0.307,-2.626
-0.316,-2.648
-0.306,-2.680
-0.327,-2.700
-0.317,-2.712
-0.306,-2.724
-0.295,-2.749
-0.296,-2.756
-0.275,-2.752
-0.265,-2.761
-0.265,-2.765
-0.233,-2.769
-0.234,-2.777
-0.223,-2.761
-0.202,-2.758
-0.181,-2.742
-0.172,-2.729
-0.172,-2.696
-0.161,-2.678
-0.130,-2.666
-0.130,-2.653
-0.110,-2.629
-0.100,-2.608
-0.090,-2.579
-0.090,-2.556
-0.059,-2.504
-0.059,-2.497
-0.070,-2.469
-0.049,-2.449
-0.039,-2.417
-0.039,-2.424
-0.029,-2.391
-0.040,-2.406
-0.040,-2.383
-0.040,-2.383
-0.030,-2.375
-0.060,-2.356
-0.061,-2.343
-0.050,-2.331
-0.072,-2.331
-0.071,-2.334
-0.061,-2.319
-0.082,-2.322
-0.061,-2.302
-0.071,-2.311
-0.072,-2.314
-0.082,-2.299
-0.082,-2.299
-0.092,-2.290
-0.082,-2.276
-0.082,-2.282
-0.092,-2.267
-0.082,-2.282
-0.093,-2.253
-0.093,-2.253
-0.072,-2.256
-0.082,-2.258
-0.103,-2.261
-0.092,-2.250
-0.103,-2.238
-0.103,-2.241
-0.123,-2.218
-0.114,-2.233
-0.114,-2.232
-0.123,-2.218
-0.114,-2.215
-0.114,-2.229
-0.134,-2.229
-0.124,-2.221
-0.134,-2.229
-0.134,-2.229
-0.133,-2.226
-0.144,-2.221
-0.144,-2.221
-0.145,-2.218
-0.155,-2.232
-0.155,-2.226
-0.144,-2.221
-0.154,-2.229
-0.155,-2.226
-0.144,-2.244
-0.154,-2.246
-0.165,-2.258
-0.154,-2.270
-0.154,-2.270
-0.134,-2.279
-0.134,-2.313
-0.134,-2.336
-0.123,-2.382
-0.132,-2.425
-0.090,-2.472
-0.079,-2.541
-0.089,-2.573
-0.100,-2.568
-0.121,-2.564
-0.121,-2.571
-0.121,-2.564
-0.121,-2.564
-0.131,-2.569
-0.120,-2.557
-0.131,-2.552
-0.131,-2.529
-0.142,-2.527
-0.152,-2.495
-0.142,-2.463
-0.153,-2.458
-0.163,-2.439
-0.173,-2.431
-0.174,-2.411
-0.183,-2.396
-0.163,-2.359
-0.153,-2.327
-0.163,-2.301
-0.195,-2.269
-0.184,-2.255
-0.185,-2.220
-0.205,-2.180
-0.206,-2.143
-0.206,-2.105
-0.196,-2.091
-0.196,-2.074
-0.205,-2.036
-0.205,-2.036
-0.216,-2.007
-0.226,-1.993
-0.217,-1.990
-0.227,-1.958
-0.238,-1.952
-0.238,-1.952
-0.237,-1.926
-0.248,-1.897
-0.236,-1.904
-0.248,-1.898
-0.238,-1.889
-0.247,-1.875
-0.248,-1.880
-0.248,-1.857
-0.258,-1.846
-0.259,-1.828
-0.258,-1.823
-0.289,-1.816
-0.289,-1.791
-0.311,-1.773
-0.332,-1.758
-0.364,-1.726
-0.344,-1.731
-0.363,-1.721
-0.374,-1.715
-0.374,-1.717
-0.384,-1.703
-0.365,-1.711
-0.365,-1.688
-0.354,-1.697
-0.333,-1.695
-0.363,-1.699
-0.364,-1.706
-0.353,-1.692
-0.354,-1.675
-0.354,-1.657
-0.365,-1.645
-0.355,-1.637
-0.344,-1.626
-0.334,-1.617
-0.334,-1.617
-0.333,-1.612
-0.313,-1.615
-0.303,-1.583
-0.292,-1.594
-0.262,-1.588
-0.262,-1.566
-0.241,-1.568
-0.231,-1.557
-0.220,-1.566
-0.210,-1.578
-0.220,-1.584
-0.210,-1.595
-0.189,-1.593
-0.188,-1.633
-0.188,-1.636
-0.188,-1.654
-0.178,-1.652
-0.168,-1.661
-0.168,-1.679
-0.157,-1.710
-0.157,-1.705
-0.146,-1.717
-0.136,-1.723
-0.146,-1.717
-0.147,-1.739
-0.146,-1.755
-0.136,-1.769
-0.136,-1.768
-0.136,-1.809
-0.136,-1.791
-0.135,-1.826
-0.126,-1.841
-0.135,-1.867
-0.135,-1.890
-0.125,-1.898
-0.125,-1.916
-0.125,-1.939
-0.125,-1.956
-0.125,-1.979
-0.125,-1.982
-0.135,-1.987
-0.125,-2.002
-0.124,-2.016
-0.114,-2.025
-0.135,-2.010
-0.135,-2.005
-0.135,-1.993
-0.146,-2.004
-0.146,-2.022
-0.156,-2.030
-0.155,-2.025
-0.166,-2.039
-0.145,-2.036
-0.155,-2.048
-0.145,-2.042
-0.135,-2.028
-0.125,-2.042
-0.114,-2.031
-0.094,-2.048
-0.104,-2.057
-0.083,-2.054
-0.094,-2.048
-0.104,-2.016
-0.125,-2.019
-0.135,-1.993
-0.156,-1.967
-0.157,-1.952
-0.146,-1.918
-0.198,-1.909
-0.229,-1.920
-0.259,-1.903
-0.280,-1.906
-0.290,-1.894
-0.300,-1.885
-0.301,-1.868
-0.302,-1.870
-0.292,-1.887
-0.291,-1.882
-0.291,-1.877
-0.301,-1.908
-0.300,-1.903
-0.301,-1.908
-0.290,-1.897
-0.290,-1.917
-0.281,-1.931
-0.270,-1.937
-0.260,-1.952
-0.229,-1.981
-0.228,-1.998
-0.208,-2.042
-0.207,-2.053
-0.197,-2.088
-0.187,-2.119
-0.176,-2.148
-0.166,-2.163
-0.145,-2.218
-0.134,-2.253
-0.113,-2.270
-0.102,-2.296
-0.092,-2.348
-0.091,-2.364
-0.102,-2.403
-0.102,-2.426
-0.102,-2.449
-0.112,-2.481
-0.101,-2.520
-0.111,-2.576
-0.142,-2.580
-0.152,-2.592
-0.152,-2.579
-0.131,-2.552
-0.163,-2.526
-0.173,-2.515
-0.193,-2.491
-0.194,-2.454
-0.204,-2.415
-0.173,-2.390
-0.173,-2.327
-0.174,-2.307
-0.184,-2.281
-0.184,-2.258
-0.174,-2.235
-0.174,-2.192
-0.174,-2.169
-0.174,-2.169
-0.175,-2.148
-0.174,-2.128
-0.185,-2.117
-0.195,-2.105
-0.206,-2.102
-0.195,-2.108
-0.217,-2.117
-0.227,-2.105
-0.237,-2.110
-0.237,-2.111
-0.236,-2.125
-0.247,-2.119
-0.247,-2.119
-0.257,-2.128
-0.258,-2.133
-0.258,-2.130
-0.279,-2.150
-0.268,-2.162
-0.258,-2.188
-0.247,-2.200
-0.257,-2.225
-0.247,-2.240
-0.237,-2.249
-0.226,-2.274
-0.206,-2.284
-0.206,-2.277
-0.206,-2.281
-0.186,-2.284
-0.196,-2.309
-0.185,-2.304
-0.175,-2.306
-0.175,-2.307
-0.165,-2.298
-0.154,-2.287
-0.134,-2.256
-0.123,-2.244
-0.113,-2.236
-0.092,-2.236
-0.071,-2.230
-0.082,-2.245
-0.071,-2.247
-0.082,-2.262
-0.071,-2.270
-0.071,-2.270
-0.061,-2.305
-0.071,-2.311
-0.061,-2.326
-0.061,-2.346
-0.070,-2.371
-0.081,-2.383
-0.071,-2.408
-0.081,-2.423
-0.091,-2.455
-0.080,-2.460
-0.091,-2.495
-0.101,-2.520
-0.122,-2.547
-0.132,-2.572
-0.142,-2.581
-0.142,-2.604
-0.162,-2.600
-0.172,-2.632
-0.183,-2.644
-0.193,-2.669
-0.182,-2.681
-0.193,-2.709
-0.192,-2.713
-0.203,-2.728
-0.224,-2.728
-0.214,-2.740
-0.223,-2.765
-0.233,-2.773
-0.222,-2.802
-0.222,-2.818
-0.212,-2.834
-0.212,-2.870
-0.212,-2.911
-0.181,-2.927
-0.181,-2.943
-0.192,-2.979
-0.202,-3.044
-0.212,-3.076
-0.223,-3.088
-0.223,-3.104
-0.233,-3.120
-0.243,-3.128
-0.243,-3.128
-0.233,-3.116
-0.263,-3.100
-0.253,-3.096
-0.243,-3.080
-0.243,-3.084
-0.243,-3.068
-0.242,-3.060
-0.243,-3.051
-0.222,-3.044
-0.222,-3.040
-0.233,-3.036
-0.222,-3.040
-0.222,-3.024
-0.222,-3.024
-0.202,-3.028
-0.171,-3.024
-0.171,-3.016
-0.160,-3.012
-0.150,-2.996
-0.150,-3.012
-0.150,-2.992
-0.140,-2.980
-0.130,-2.980
-0.119,-2.968
-0.119,-2.968
-0.119,-2.968
-0.098,-2.964
-0.109,-2.960
-0.088,-2.956
-0.109,-2.976
-0.088,-2.997
-0.088,-2.989
-0.109,-3.017
-0.088,-3.013
-0.088,-3.017
-0.077,-3.049
-0.108,-3.053
-0.098,-3.093
-0.108,-3.093
-0.118,-3.126
-0.117,-3.146
-0.117,-3.162
-0.117,-3.227
-0.136,-3.294
-0.125,-3.379
-0.146,-3.432
-0.166,-3.472
-0.187,-3.546
-0.208,-3.595
-0.228,-3.644
-0.228,-3.660
-0.268,-3.686
-0.298,-3.734
-0.318,-3.765
-0.316,-3.821
-0.316,-3.866
-0.264,-3.874
-0.244,-3.864
-0.213,-3.857
-0.182,-3.870
-0.120,-3.870
-0.078,-3.861
-0.037,-3.887
 0.025,-3.877
 0.056,-3.890
 0.097,-3.875
 0.149,-3.883
 0.211,-3.868
 0.273,-3.869
 0.294,-3.870
 0.325,-3.882
 0.365,-3.868
 0.396,-3.866
 0.417,-3.846
 0.406,-3.833
 0.427,-3.798
 0.437,-3.780
 0.467,-3.717
 0.467,-3.656
 0.529,-3.601
 0.621,-3.549
 0.681,-3.496
 0.703,-3.465
 0.733,-3.416
 0.723,-3.388
 0.713,-3.344
 0.691,-3.315
 0.671,-3.283
 0.659,-3.246
 0.648,-3.234
 0.617,-3.205
 0.555,-3.180
 0.493,-3.168
 0.441,-3.155
 0.430,-3.155
 0.410,-3.142
 0.347,-3.097
 0.307,-3.085
 0.276,-3.072
 0.244,-3.064
 0.224,-3.084
 0.213,-3.068
 0.182,-3.043
 0.161,-3.019
 0.141,-3.039
 0.099,-3.022
 0.068,-3.022
 0.037,-3.022
-0.004,-3.013
-0.045,-3.029
-0.076,-3.025
-0.087,-3.013
-0.087,-3.025
-0.108,-3.028
-0.118,-3.032
-0.118,-3.032
-0.107,-3.012
-0.097,-3.049
-0.087,-3.057
-0.086,-3.053
-0.086,-3.078
-0.086,-3.094
-0.096,-3.110
-0.117,-3.130
-0.105,-3.178
-0.105,-3.202
-0.094,-3.223
-0.094,-3.247
-0.105,-3.235
-0.095,-3.243
-0.074,-3.252
-0.074,-3.267
-0.064,-3.284
-0.074,-3.292
-0.084,-3.300
-0.104,-3.320
-0.124,-3.336
-0.135,-3.368
-0.166,-3.380
-0.186,-3.416
-0.206,-3.480
-0.215,-3.524
-0.215,-3.569
-0.214,-3.625
-0.223,-3.673
-0.213,-3.716
-0.213,-3.715
-0.213,-3.720
-0.213,-3.720
-0.212,-3.736
-0.233,-3.756
-0.253,-3.741
-0.263,-3.774
-0.263,-3.774
-0.284,-3.794
-0.295,-3.796
-0.305,-3.798
-0.326,-3.808
-0.357,-3.815
-0.367,-3.823
-0.367,-3.823
-0.387,-3.818
-0.367,-3.823
-0.377,-3.810
-0.346,-3.818
-0.336,-3.811
-0.324,-3.814
-0.336,-3.811
-0.326,-3.803
-0.315,-3.791
-0.285,-3.788
-0.263,-3.758
-0.275,-3.751
-0.254,-3.731
-0.233,-3.726
-0.202,-3.699
-0.182,-3.674
-0.162,-3.663
-0.162,-3.643
-0.172,-3.626
-0.173,-3.615
-0.183,-3.578
-0.194,-3.554
-0.215,-3.518
-0.216,-3.473
-0.247,-3.465
-0.236,-3.423
-0.247,-3.416
-0.247,-3.395
-0.268,-3.391
-0.289,-3.379
-0.309,-3.395
-0.330,-3.399
-0.340,-3.391
-0.372,-3.398
-0.362,-3.395
-0.392,-3.394
-0.444,-3.410
-0.444,-3.385
-0.474,-3.373
-0.485,-3.389
-0.464,-3.381
-0.464,-3.385
-0.475,-3.397
-0.495,-3.373
-0.497,-3.381
-0.495,-3.373
-0.496,-3.377
-0.496,-3.357
-0.505,-3.340
-0.497,-3.341
-0.485,-3.300
-0.485,-3.300
-0.485,-3.300
-0.496,-3.271
-0.477,-3.260
-0.487,-3.252
-0.477,-3.248
-0.477,-3.244
-0.465,-3.223
-0.445,-3.228
-0.413,-3.208
-0.393,-3.212
-0.362,-3.184
-0.331,-3.172
-0.270,-3.161
-0.249,-3.153
-0.218,-3.129
-0.208,-3.121
-0.187,-3.093
-0.146,-3.098
-0.146,-3.097
-0.125,-3.118
-0.146,-3.122
-0.146,-3.114
-0.156,-3.130
-0.156,-3.146
-0.156,-3.146
-0.187,-3.158
-0.197,-3.165
-0.228,-3.161
-0.248,-3.173
-0.269,-3.177
-0.280,-3.169
-0.289,-3.189
-0.300,-3.185
-0.310,-3.172
-0.311,-3.177
-0.332,-3.185
-0.332,-3.180
-0.343,-3.197
-0.342,-3.184
-0.362,-3.200
-0.383,-3.204
-0.372,-3.188
-0.384,-3.188
-0.394,-3.176
-0.404,-3.168
-0.426,-3.167
-0.425,-3.163
-0.435,-3.179
-0.435,-3.175
-0.445,-3.183
-0.435,-3.176
-0.456,-3.171
-0.467,-3.187
-0.466,-3.163
-0.477,-3.175
-0.487,-3.167
-0.487,-3.143
-0.498,-3.159
-0.508,-3.163
-0.529,-3.167
-0.518,-3.155
-0.537,-3.162
-0.538,-3.151
-0.538,-3.150
-0.539,-3.134
-0.550,-3.130
-0.550,-3.106
-0.550,-3.130
-0.549,-3.122
-0.570,-3.142
-0.581,-3.114
-0.569,-3.118
-0.571,-3.126
-0.560,-3.093
-0.582,-3.097
-0.572,-3.089
-0.560,-3.094
-0.561,-3.118
-0.570,-3.102
-0.591,-3.122
-0.571,-3.126
-0.579,-3.106
-0.570,-3.102
-0.560,-3.094
-0.550,-3.086
-0.541,-3.082
-0.529,-3.062
-0.540,-3.057
-0.529,-3.042
-0.519,-3.050
-0.509,-3.046
-0.518,-3.026
-0.508,-3.021
-0.519,-3.013
-0.509,-3.005
-0.490,-2.993
-0.499,-2.977
-0.500,-2.981
-0.488,-2.985
-0.477,-2.969
-0.468,-2.965
-0.456,-2.966
-0.467,-2.941
-0.457,-2.933
-0.457,-2.933
-0.468,-2.925
-0.457,-2.933
-0.458,-2.941
-0.468,-2.904
-0.478,-2.913
-0.468,-2.905
-0.467,-2.901
-0.457,-2.893
-0.457,-2.893
-0.478,-2.872
-0.468,-2.844
-0.468,-2.840
-0.469,-2.848
-0.458,-2.836
-0.478,-2.832
-0.479,-2.815
-0.458,-2.808
-0.468,-2.820
-0.468,-2.800
-0.479,-2.812
-0.469,-2.807
-0.469,-2.783
-0.480,-2.782
-0.490,-2.787
-0.489,-2.780
-0.489,-2.783
-0.499,-2.767
-0.510,-2.783
-0.509,-2.779
-0.510,-2.783
-0.522,-2.778
-0.510,-2.783
-0.521,-2.798
-0.510,-2.783
-0.509,-2.799
-0.521,-2.815
-0.519,-2.808
-0.521,-2.815
-0.521,-2.815
-0.541,-2.811
-0.552,-2.827
-0.529,-2.816
-0.561,-2.811
-0.541,-2.811
-0.572,-2.819
-0.572,-2.823
-0.570,-2.816
-0.583,-2.835
-0.593,-2.826
-0.592,-2.819
-0.593,-2.843
-0.592,-2.819
-0.583,-2.835
-0.593,-2.826
-0.583,-2.838
-0.583,-2.838
-0.582,-2.851
-0.572,-2.863
-0.582,-2.851
-0.603,-2.871
-0.603,-2.871
-0.592,-2.859
-0.613,-2.863
-0.603,-2.871
-0.603,-2.871
-0.593,-2.867
-0.572,-2.859
-0.573,-2.867
-0.562,-2.855
-0.561,-2.871
-0.573,-2.867
-0.572,-2.859
-0.572,-2.843
-0.572,-2.843
-0.592,-2.839
-0.593,-2.863
-0.592,-2.839
-0.603,-2.855
-0.603,-2.855
-0.613,-2.839
-0.613,-2.839
-0.611,-2.831
-0.634,-2.839
-0.635,-2.822
-0.604,-2.814
-0.626,-2.801
-0.615,-2.786
-0.625,-2.818
-0.614,-2.802
-0.644,-2.807
-0.644,-2.790
-0.644,-2.786
-0.655,-2.802
-0.656,-2.785
-0.665,-2.770
-0.698,-2.785
-0.687,-2.773
-0.707,-2.793
-0.707,-2.793
-0.717,-2.798
-0.707,-2.793
-0.717,-2.797
-0.727,-2.830
-0.718,-2.825
-0.727,-2.810
-0.728,-2.834
-0.727,-2.830
-0.717,-2.842
-0.696,-2.862
-0.716,-2.858
-0.706,-2.870
-0.735,-2.871
-0.737,-2.878
-0.748,-2.894
-0.758,-2.922
-0.760,-2.950
-0.748,-2.978
-0.768,-3.015
-0.778,-3.064
-0.744,-3.104
-0.776,-3.140
-0.786,-3.128
-0.819,-3.124
-0.831,-3.120
-0.849,-3.131
-0.850,-3.176
-0.859,-3.180
-0.849,-3.192
-0.869,-3.192
-0.869,-3.188
-0.891,-3.196
-0.880,-3.204
-0.880,-3.224
-0.891,-3.236
-0.879,-3.240
-0.911,-3.236
-0.900,-3.244
-0.920,-3.240
-0.920,-3.240
-0.930,-3.228
-0.952,-3.232
-0.972,-3.187
-0.994,-3.191
-1.004,-3.183
-0.994,-3.150
-1.006,-3.146
-1.004,-3.118
-1.015,-3.110
-1.015,-3.090
-1.024,-3.053
-1.027,-3.021
-1.016,-2.989
-1.017,-2.972
-1.008,-2.964
-0.995,-2.965
-0.976,-2.952
-0.965,-2.940
-0.943,-2.937
-0.924,-2.941
-0.912,-2.925
-0.903,-2.921
-0.872,-2.909
-0.872,-2.909
-0.853,-2.893
-0.820,-2.878
-0.812,-2.877
-0.811,-2.853
-0.800,-2.837
-0.791,-2.813
-0.788,-2.781
-0.800,-2.757
-0.790,-2.748
-0.801,-2.720
-0.782,-2.707
-0.761,-2.704
-0.762,-2.687
-0.739,-2.700
-0.749,-2.708
-0.739,-2.700
-0.718,-2.697
-0.719,-2.704
-0.718,-2.721
-0.719,-2.744
-0.698,-2.745
-0.686,-2.769
-0.707,-2.793
-0.686,-2.830
-0.664,-2.871
-0.654,-2.923
-0.653,-2.939
-0.665,-2.955
-0.664,-2.972
-0.695,-2.983
-0.674,-3.004
-0.662,-3.008
-0.663,-3.032
-0.663,-3.032
-0.672,-3.057
-0.663,-3.077
-0.662,-3.048
-0.663,-3.073
-0.652,-3.061
-0.662,-3.069
-0.633,-3.089
-0.653,-3.085
-0.633,-3.113
-0.632,-3.105
-0.621,-3.134
-0.611,-3.126
-0.619,-3.126
-0.611,-3.146
-0.590,-3.166
-0.589,-3.186
-0.579,-3.223
-0.599,-3.235
-0.631,-3.231
-0.630,-3.206
-0.661,-3.214
-0.662,-3.198
-0.660,-3.166
-0.661,-3.174
-0.650,-3.158
-0.640,-3.150
-0.642,-3.158
-0.631,-3.142
-0.632,-3.150
-0.631,-3.146
-0.652,-3.145
-0.642,-3.137
-0.650,-3.137
-0.662,-3.133
-0.673,-3.125
-0.672,-3.101
-0.673,-3.081
-0.692,-3.056
-0.705,-3.036
-0.716,-3.003
-0.727,-2.979
-0.739,-2.930
-0.758,-2.858
-0.790,-2.788
-0.832,-2.684
-0.864,-2.574
-0.877,-2.529
-0.876,-2.485
-0.910,-2.483
-0.899,-2.471
-0.899,-2.471
-0.868,-2.504
-0.844,-2.534
-0.814,-2.590
-0.803,-2.619
-0.760,-2.656
-0.730,-2.712
-0.708,-2.749
-0.688,-2.773
-0.657,-2.806
-0.635,-2.842
-0.615,-2.846
-0.602,-2.867
-0.573,-2.904
-0.561,-2.912
-0.551,-2.920
-0.542,-2.940
-0.519,-2.929
-0.510,-2.945
-0.499,-2.953
-0.488,-2.941
-0.479,-2.933
-0.479,-2.916
-0.469,-2.912
-0.459,-2.917
-0.448,-2.905
-0.438,-2.917
-0.447,-2.897
-0.427,-2.901
-0.417,-2.893
-0.417,-2.869
-0.428,-2.868
-0.407,-2.865
-0.418,-2.860
-0.397,-2.856
-0.417,-2.853
-0.407,-2.865
-0.396,-2.849
-0.387,-2.824
-0.387,-2.824
-0.376,-2.812
-0.366,-2.828
-0.376,-2.809
-0.355,-2.816
-0.366,-2.804
-0.355,-2.789
-0.355,-2.793
-0.356,-2.772
-0.366,-2.784
-0.356,-2.772
-0.376,-2.769
-0.356,-2.756
-0.356,-2.732
-0.367,-2.751
-0.357,-2.739
-0.367,-2.744
-0.367,-2.727
-0.366,-2.740
-0.376,-2.752
-0.367,-2.744
-0.376,-2.752
-0.377,-2.759
-0.376,-2.752
-0.377,-2.759
-0.377,-2.759
-0.386,-2.760
-0.387,-2.784
-0.397,-2.789
-0.397,-2.812
-0.407,-2.821
-0.407,-2.821
-0.418,-2.860
-0.417,-2.852
-0.417,-2.897
-0.416,-2.917
-0.405,-2.962
-0.415,-3.038
-0.424,-3.059
-0.446,-3.066
-0.435,-3.079
-0.444,-3.099
-0.455,-3.115
-0.455,-3.091
-0.456,-3.099
-0.467,-3.094
-0.477,-3.078
-0.488,-3.074
-0.487,-3.066
-0.497,-3.054
-0.508,-3.046
-0.517,-3.025
-0.519,-3.017
-0.518,-2.993
-0.540,-2.976
-0.529,-2.965
-0.540,-2.952
-0.540,-2.936
-0.550,-2.940
-0.550,-2.940
-0.551,-2.924
-0.549,-2.916
-0.541,-2.916
-0.530,-2.904
-0.530,-2.904
-0.530,-2.904
-0.529,-2.920
-0.531,-2.928
-0.520,-2.912
-0.520,-2.912
-0.530,-2.904
-0.529,-2.920
-0.509,-2.924
-0.498,-2.908
-0.519,-2.909
-0.509,-2.925
-0.478,-2.913
-0.479,-2.920
-0.468,-2.908
-0.468,-2.908
-0.458,-2.917
-0.456,-2.929
-0.437,-2.937
-0.446,-2.921
-0.436,-2.933
-0.426,-2.945
-0.425,-2.921
-0.406,-2.929
-0.406,-2.905
-0.385,-2.905
-0.385,-2.885
-0.374,-2.893
-0.375,-2.877
-0.375,-2.853
-0.375,-2.853
-0.354,-2.857
-0.354,-2.833
-0.345,-2.808
-0.354,-2.792
-0.354,-2.753
-0.344,-2.748
-0.354,-2.712
-0.344,-2.708
-0.344,-2.700
-0.333,-2.712
-0.334,-2.719
-0.333,-2.729
-0.344,-2.724
-0.344,-2.724
-0.355,-2.736
-0.356,-2.723
-0.355,-2.719
-0.366,-2.731
-0.366,-2.747
-0.375,-2.732
-0.385,-2.760
-0.395,-2.745
-0.406,-2.744
-0.448,-2.723
-0.448,-2.723
-0.459,-2.738
-0.469,-2.703
-0.480,-2.718
-0.490,-2.723
-0.490,-2.723
-0.490,-2.723
-0.499,-2.727
-0.500,-2.734
-0.521,-2.714
-0.521,-2.714
-0.543,-2.717
-0.541,-2.710
-0.563,-2.714
-0.583,-2.710
-0.583,-2.710
-0.584,-2.693
-0.583,-2.710
-0.604,-2.713
-0.604,-2.713
-0.615,-2.701
-0.625,-2.693
-0.644,-2.682
-0.635,-2.681
-0.645,-2.649
-0.657,-2.644
-0.648,-2.619
-0.658,-2.583
-0.679,-2.586
-0.678,-2.563
-0.698,-2.576
-0.678,-2.559
-0.708,-2.564
-0.689,-2.551
-0.699,-2.539
-0.720,-2.519
-0.721,-2.525
-0.730,-2.510
-0.722,-2.505
-0.721,-2.502
-0.709,-2.487
-0.731,-2.490
-0.719,-2.451
-0.721,-2.441
-0.711,-2.409
-0.721,-2.418
-0.721,-2.401
-0.689,-2.383
-0.669,-2.369
-0.660,-2.361
-0.658,-2.358
-0.660,-2.361
-0.638,-2.335
-0.628,-2.329
-0.618,-2.338
-0.648,-2.366
-0.618,-2.361
-0.586,-2.370
-0.588,-2.380
-0.567,-2.397
-0.576,-2.422
-0.566,-2.475
-0.533,-2.477
-0.534,-2.520
-0.512,-2.520
-0.502,-2.552
-0.492,-2.564
-0.471,-2.601
-0.471,-2.625
-0.450,-2.625
-0.429,-2.642
-0.408,-2.666
-0.397,-2.668
-0.377,-2.671
-0.367,-2.663
-0.346,-2.660
-0.336,-2.675
-0.336,-2.651
-0.336,-2.635
-0.336,-2.635
-0.347,-2.623
-0.326,-2.627
-0.315,-2.588
-0.326,-2.603
-0.326,-2.579
-0.326,-2.579
-0.337,-2.574
-0.337,-2.574
-0.327,-2.569
-0.337,-2.557
-0.358,-2.554
-0.347,-2.566
-0.367,-2.555
-0.377,-2.571
-0.409,-2.562
-0.419,-2.550
-0.420,-2.557
-0.419,-2.530
-0.452,-2.524
-0.441,-2.513
-0.441,-2.512
-0.452,-2.524
-0.461,-2.509
-0.462,-2.533
-0.472,-2.521
-0.471,-2.517
-0.493,-2.544
-0.482,-2.529
-0.493,-2.544
-0.523,-2.532
-0.513,-2.540
-0.534,-2.544
-0.533,-2.537
-0.554,-2.540
-0.545,-2.532
-0.553,-2.533
-0.555,-2.523
-0.564,-2.508
-0.565,-2.515
-0.587,-2.518
-0.576,-2.503
-0.576,-2.527
-0.585,-2.528
-0.606,-2.552
-0.606,-2.531
-0.605,-2.548
-0.607,-2.555
-0.627,-2.551
-0.638,-2.563
-0.627,-2.551
-0.647,-2.548
-0.648,-2.554
-0.658,-2.559
-0.658,-2.559
-0.638,-2.563
-0.647,-2.568
-0.638,-2.563
-0.638,-2.560
-0.627,-2.571
-0.627,-2.571
-0.627,-2.568
-0.638,-2.583
-0.638,-2.559
-0.649,-2.571
-0.638,-2.543
-0.627,-2.528
-0.638,-2.519
-0.627,-2.504
-0.617,-2.499
-0.628,-2.491
-0.597,-2.462
-0.608,-2.437
-0.586,-2.410
-0.577,-2.402
-0.566,-2.390
-0.564,-2.344
-0.566,-2.350
-0.565,-2.286
-0.576,-2.298
-0.567,-2.272
-0.556,-2.258
-0.546,-2.252
-0.566,-2.249
-0.567,-2.249
-0.556,-2.220
-0.535,-2.214
-0.525,-2.209
-0.525,-2.186
-0.525,-2.169
-0.526,-2.131
-0.526,-2.108
-0.537,-2.102
-0.526,-2.065
-0.527,-2.048
-0.538,-1.998
-0.548,-1.964
-0.539,-1.920
-0.539,-1.897
-0.530,-1.871
-0.540,-1.860
-0.518,-1.834
-0.498,-1.837
-0.487,-1.826
-0.477,-1.817
-0.458,-1.802
-0.447,-1.811
-0.458,-1.843
-0.426,-1.829
-0.435,-1.815
-0.415,-1.815
-0.404,-1.804
-0.415,-1.818
-0.446,-1.809
-0.446,-1.809
-0.426,-1.832
-0.425,-1.849
-0.425,-1.872
-0.435,-1.899
-0.424,-1.928
-0.424,-1.968
-0.422,-2.005
-0.434,-2.040
-0.412,-2.077
-0.423,-2.149
-0.423,-2.172
-0.422,-2.207
-0.433,-2.262
-0.411,-2.299
-0.422,-2.331
-0.412,-2.363
-0.421,-2.385
-0.421,-2.412
-0.421,-2.411
-0.421,-2.429
-0.421,-2.429
-0.441,-2.425
-0.432,-2.423
-0.443,-2.415
-0.443,-2.398
-0.432,-2.386
-0.462,-2.347
-0.473,-2.319
-0.473,-2.295
-0.494,-2.275
-0.494,-2.258
-0.495,-2.238
-0.496,-2.244
-0.485,-2.232
-0.496,-2.244
-0.486,-2.256
-0.463,-2.264
-0.464,-2.270
-0.453,-2.278
-0.463,-2.287
-0.453,-2.282
-0.453,-2.279
-0.453,-2.282
-0.443,-2.273
-0.443,-2.290
-0.443,-2.290
-0.432,-2.276
-0.423,-2.294
-0.401,-2.291
-0.412,-2.279
-0.381,-2.271
-0.379,-2.241
-0.380,-2.248
-0.381,-2.230
-0.370,-2.219
-0.371,-2.208
-0.351,-2.184
-0.361,-2.176
-0.340,-2.173
-0.350,-2.179
-0.339,-2.190
-0.329,-2.176
-0.319,-2.171
-0.340,-2.133
-0.330,-2.142
-0.340,-2.133
-0.340,-2.110
-0.351,-2.121
-0.340,-2.110
-0.350,-2.115
-0.340,-2.110
-0.340,-2.107
-0.361,-2.089
-0.371,-2.081
-0.371,-2.078
-0.382,-2.092
-0.371,-2.078
-0.392,-2.101
-0.402,-2.089
-0.402,-2.066
-0.423,-2.069
-0.423,-2.068
-0.443,-2.066
-0.443,-2.066
-0.464,-2.045
-0.465,-2.031
-0.465,-2.010
-0.487,-2.036
-0.486,-2.013
-0.496,-1.996
-0.507,-1.990
-0.526,-1.941
-0.558,-1.915
-0.569,-1.886
-0.601,-1.854
-0.613,-1.833
-0.612,-1.807
-0.624,-1.781
-0.623,-1.778
-0.622,-1.773
-0.622,-1.776
-0.621,-1.771
-0.633,-1.764
-0.612,-1.744
-0.612,-1.744
-0.603,-1.720
-0.581,-1.695
-0.571,-1.707
-0.560,-1.655
-0.538,-1.653
-0.550,-1.646
-0.528,-1.622
-0.540,-1.615
-0.530,-1.609
-0.549,-1.602
-0.529,-1.604
-0.539,-1.593
-0.540,-1.575
-0.541,-1.559
-0.530,-1.546
-0.530,-1.528
-0.508,-1.503
-0.519,-1.476
-0.509,-1.445
-0.498,-1.412
-0.509,-1.405
-0.520,-1.376
-0.500,-1.378
-0.489,-1.365
-0.489,-1.365
-0.469,-1.367
-0.447,-1.343
-0.427,-1.345
-0.427,-1.367
-0.406,-1.383
-0.406,-1.408
-0.396,-1.415
-0.385,-1.466
-0.375,-1.478
-0.364,-1.505
-0.374,-1.536
-0.342,-1.545
-0.343,-1.568
-0.322,-1.588
-0.321,-1.606
-0.311,-1.640
-0.311,-1.658
-0.311,-1.698
-0.311,-1.736
-0.310,-1.773
-0.332,-1.821
-0.342,-1.850
-0.353,-1.902
-0.343,-1.956
-0.352,-2.000
-0.362,-2.032
-0.382,-2.086
-0.382,-2.106
-0.372,-2.118
-0.403,-2.126
-0.414,-2.123
-0.414,-2.141
-0.424,-2.149
-0.414,-2.184
-0.423,-2.207
-0.434,-2.221
-0.423,-2.230
-0.423,-2.250
-0.412,-2.262
-0.412,-2.276
-0.423,-2.294
-0.412,-2.302
-0.412,-2.302
-0.412,-2.302
-0.401,-2.308
-0.423,-2.334
-0.432,-2.316
-0.433,-2.322
-0.433,-2.322
-0.422,-2.328
-0.412,-2.363
-0.401,-2.348
-0.411,-2.380
-0.421,-2.388
-0.410,-2.397
-0.400,-2.432
-0.401,-2.455
-0.381,-2.482
-0.380,-2.499
-0.379,-2.533
-0.369,-2.586
-0.368,-2.579
-0.368,-2.619
-0.358,-2.614
-0.368,-2.619
-0.358,-2.638
-0.348,-2.646
-0.337,-2.635
-0.348,-2.606
-0.348,-2.582
-0.307,-2.566
-0.316,-2.551
-0.327,-2.522
-0.317,-2.493
-0.327,-2.458
-0.339,-2.436
-0.317,-2.413
-0.349,-2.404
-0.338,-2.375
-0.327,-2.337
-0.338,-2.312
-0.317,-2.292
-0.328,-2.280
-0.339,-2.254
-0.338,-2.228
-0.349,-2.219
-0.348,-2.196
-0.360,-2.190
-0.381,-2.173
-0.381,-2.170
-0.382,-2.159
-0.392,-2.167
-0.402,-2.173
-0.412,-2.181
-0.411,-2.175
-0.422,-2.213
-0.422,-2.210
-0.422,-2.210
-0.432,-2.204
-0.431,-2.195
-0.443,-2.213
-0.443,-2.213
-0.442,-2.210
-0.453,-2.221
-0.442,-2.207
-0.443,-2.230
-0.463,-2.230
-0.463,-2.230
-0.464,-2.233
-0.473,-2.235
-0.484,-2.233
-0.474,-2.241
-0.494,-2.238
-0.484,-2.233
-0.493,-2.218
-0.484,-2.209
-0.494,-2.201
-0.514,-2.198
-0.514,-2.198
-0.503,-2.183
-0.525,-2.209
-0.515,-2.200
-0.515,-2.203
-0.517,-2.210
-0.505,-2.212
-0.526,-2.232
-0.514,-2.238
-0.524,-2.243
-0.546,-2.269
-0.545,-2.246
-0.546,-2.293
-0.557,-2.304
-0.557,-2.321
-0.557,-2.321
-0.576,-2.358
-0.577,-2.382
-0.577,-2.378
-0.576,-2.395
-0.567,-2.390
-0.566,-2.367
-0.567,-2.373
-0.556,-2.362
-0.556,-2.338
-0.547,-2.353
-0.535,-2.318
-0.557,-2.321
-0.546,-2.310
-0.546,-2.310
-0.546,-2.293
-0.535,-2.278
-0.536,-2.261
-0.525,-2.249
-0.535,-2.255
-0.525,-2.249
-0.524,-2.267
-0.515,-2.261
-0.516,-2.247
-0.516,-2.264
-0.485,-2.296
-0.494,-2.278
-0.494,-2.278
-0.494,-2.278
-0.483,-2.267
-0.484,-2.273
-0.484,-2.250
-0.474,-2.265
-0.494,-2.261
-0.473,-2.258
-0.464,-2.273
-0.473,-2.299
-0.474,-2.322
-0.463,-2.331
-0.473,-2.319
-0.464,-2.334
-0.463,-2.331
-0.454,-2.345
-0.453,-2.363
-0.462,-2.348
-0.453,-2.363
-0.442,-2.368
-0.453,-2.383
-0.442,-2.391
-0.452,-2.396
-0.443,-2.415
-0.421,-2.429
-0.422,-2.435
-0.441,-2.449
-0.430,-2.477
-0.432,-2.484
-0.431,-2.501
-0.422,-2.519
-0.422,-2.519
-0.410,-2.525
-0.411,-2.548
-0.389,-2.562
-0.409,-2.582
-0.409,-2.582
-0.419,-2.590
-0.409,-2.585
-0.399,-2.594
-0.420,-2.614
-0.409,-2.626
-0.419,-2.630
-0.399,-2.658
-0.398,-2.671
-0.388,-2.703
-0.398,-2.695
-0.377,-2.732
-0.398,-2.759
-0.396,-2.792
-0.397,-2.856
-0.438,-2.876
-0.437,-2.913
-0.438,-2.961
-0.446,-2.961
-0.468,-2.965
-0.468,-2.965
-0.488,-2.961
-0.479,-2.977
-0.477,-2.973
-0.479,-2.977
-0.467,-2.981
-0.456,-3.006
-0.447,-3.022
-0.436,-3.034
-0.437,-3.042
-0.439,-3.074
-0.438,-3.066
-0.438,-3.107
-0.426,-3.086
-0.426,-3.123
-0.425,-3.103
-0.415,-3.111
-0.374,-3.119
-0.385,-3.107
-0.364,-3.111
-0.354,-3.103
-0.343,-3.107
-0.333,-3.120
-0.332,-3.136
-0.322,-3.128
-0.312,-3.136
-0.301,-3.140
-0.312,-3.160
-0.312,-3.160
-0.312,-3.160
-0.302,-3.172
-0.291,-3.173
-0.282,-3.173
-0.271,-3.156
-0.260,-3.169
-0.240,-3.149
-0.219,-3.145
-0.209,-3.161
-0.198,-3.145
-0.178,-3.165
-0.167,-3.162
-0.147,-3.137
-0.147,-3.146
-0.147,-3.145
-0.137,-3.137
-0.137,-3.113
-0.137,-3.105
-0.158,-3.109
-0.136,-3.085
-0.137,-3.089
-0.137,-3.073
-0.137,-3.065
-0.137,-3.073
-0.137,-3.049
-0.137,-3.049
-0.117,-3.053
-0.116,-3.045
-0.127,-3.061
-0.127,-3.041
-0.117,-3.029
-0.127,-3.045
-0.117,-3.029
-0.117,-3.053
-0.106,-3.037
-0.106,-3.037
-0.127,-3.041
-0.116,-3.021
-0.127,-3.017
-0.117,-3.008
-0.127,-3.016
-0.127,-3.017
-0.148,-3.013
-0.148,-3.020
-0.148,-3.020
-0.158,-3.012
-0.159,-3.016
-0.169,-3.000
-0.180,-3.012
-0.179,-3.004
-0.210,-3.016
-0.210,-2.999
-0.241,-3.003
-0.231,-3.023
-0.241,-3.011
-0.241,-3.028
-0.252,-3.043
-0.262,-3.047
-0.283,-3.051
-0.293,-3.059
-0.302,-3.084
-0.313,-3.100
-0.312,-3.092
-0.324,-3.112
-0.313,-3.099
-0.313,-3.116
-0.345,-3.132
-0.333,-3.136
-0.323,-3.148
-0.343,-3.168
-0.343,-3.184
-0.323,-3.189
-0.322,-3.180
-0.312,-3.201
-0.343,-3.208
-0.354,-3.241
-0.375,-3.249
-0.363,-3.269
-0.363,-3.334
-0.373,-3.357
-0.372,-3.394
-0.362,-3.431
-0.329,-3.455
-0.309,-3.484
-0.299,-3.496
-0.267,-3.500
-0.247,-3.529
-0.226,-3.541
-0.195,-3.554
-0.194,-3.549
-0.163,-3.562
-0.153,-3.595
-0.112,-3.570
-0.091,-3.600
-0.060,-3.608
-0.039,-3.603
 0.003,-3.629
 0.013,-3.612
 0.044,-3.625
 0.075,-3.617
 0.065,-3.600
 0.085,-3.610
 0.096,-3.613
 0.106,-3.605
 0.116,-3.613
 0.106,-3.621
 0.148,-3.630
 0.158,-3.622
 0.179,-3.627
 0.199,-3.627
 0.220,-3.598
 0.240,-3.619
 0.261,-3.590
 0.271,-3.607
 0.250,-3.586
 0.251,-3.581
 0.240,-3.578
 0.219,-3.573
 0.189,-3.570
 0.178,-3.557
 0.146,-3.540
 0.115,-3.536
 0.095,-3.512
 0.074,-3.495
 0.032,-3.455
 0.001,-3.462
-0.041,-3.430
-0.051,-3.413
-0.062,-3.401
-0.083,-3.365
-0.114,-3.348
-0.114,-3.332
-0.145,-3.295
-0.146,-3.283
-0.167,-3.263
-0.177,-3.242
-0.187,-3.243
-0.208,-3.238
-0.229,-3.242
-0.229,-3.226
-0.261,-3.193
-0.261,-3.201
-0.291,-3.181
-0.312,-3.197
-0.322,-3.164
-0.332,-3.132
-0.344,-3.128
-0.354,-3.115
-0.355,-3.099
-0.376,-3.103
-0.375,-3.079
-0.397,-3.083
-0.396,-3.074
-0.406,-3.087
-0.406,-3.087
-0.415,-3.091
-0.417,-3.103
-0.427,-3.086
-0.427,-3.111
-0.417,-3.103
-0.427,-3.127
-0.417,-3.119
-0.416,-3.115
-0.416,-3.115
-0.416,-3.139
-0.426,-3.123
-0.406,-3.151
-0.394,-3.151
-0.416,-3.155
-0.395,-3.160
-0.395,-3.176
-0.396,-3.168
-0.375,-3.164
-0.375,-3.180
-0.364,-3.168
-0.353,-3.168
-0.364,-3.168
-0.343,-3.164
-0.333,-3.156
-0.334,-3.164
-0.333,-3.156
-0.343,-3.172
-0.312,-3.160
-0.323,-3.193
-0.312,-3.205
-0.322,-3.225
-0.301,-3.229
-0.291,-3.237
-0.301,-3.229
-0.281,-3.234
-0.280,-3.225
-0.281,-3.233
-0.281,-3.209
-0.260,-3.229
-0.270,-3.217
-0.259,-3.221
-0.260,-3.230
-0.239,-3.225
-0.270,-3.238
-0.249,-3.242
-0.249,-3.238
-0.240,-3.258
-0.219,-3.238
-0.228,-3.262
-0.228,-3.262
-0.228,-3.254
-0.249,-3.282
-0.249,-3.258
-0.249,-3.258
-0.250,-3.266
-0.259,-3.266
-0.260,-3.274
-0.270,-3.262
-0.291,-3.282
-0.280,-3.270
-0.280,-3.286
-0.290,-3.302
-0.279,-3.306
-0.279,-3.330
-0.290,-3.322
-0.289,-3.338
-0.311,-3.326
-0.321,-3.330
-0.321,-3.330
-0.331,-3.322
-0.341,-3.342
-0.362,-3.330
-0.341,-3.330
-0.382,-3.346
-0.372,-3.338
-0.392,-3.333
-0.393,-3.342
-0.415,-3.346
-0.415,-3.346
-0.415,-3.346
-0.423,-3.361
-0.434,-3.377
-0.454,-3.373
-0.465,-3.385
-0.455,-3.382
-0.475,-3.377
-0.476,-3.386
-0.476,-3.361
-0.486,-3.369
-0.487,-3.378
-0.475,-3.377
-0.476,-3.402
-0.475,-3.418
-0.465,-3.430
-0.465,-3.430
-0.454,-3.438
-0.465,-3.455
-0.465,-3.475
-0.464,-3.490
-0.454,-3.503
-0.453,-3.519
-0.422,-3.552
-0.421,-3.567
-0.411,-3.580
-0.391,-3.585
-0.369,-3.596
-0.379,-3.629
-0.358,-3.649
-0.348,-3.657
-0.328,-3.691
-0.328,-3.707
-0.317,-3.749
-0.285,-3.788
-0.263,-3.844
-0.263,-3.890
-0.262,-3.920
-0.241,-3.971
-0.241,-3.971
-0.230,-3.999
-0.231,-4.024
-0.219,-4.027
-0.221,-4.017
-0.220,-4.032
-0.219,-4.027
-0.210,-4.045
-0.188,-4.029
-0.199,-4.047
-0.167,-4.055
-0.209,-4.050
-0.178,-4.068
-0.168,-4.060
-0.178,-4.053
-0.167,-4.040
-0.157,-4.048
-0.168,-4.045
-0.178,-4.022
-0.168,-4.020
-0.158,-3.987
-0.147,-3.970
-0.168,-3.934
-0.168,-3.909
-0.169,-3.898
-0.180,-3.870
-0.170,-3.842
-0.191,-3.831
-0.190,-3.797
-0.191,-3.777
-0.212,-3.731
-0.211,-3.706
-0.223,-3.683
-0.243,-3.637
-0.265,-3.602
-0.266,-3.566
-0.276,-3.513
-0.288,-3.469
-0.287,-3.439
-0.278,-3.391
-0.278,-3.351
-0.288,-3.314
-0.268,-3.282
-0.257,-3.246
-0.259,-3.234
-0.259,-3.193
-0.290,-3.181
-0.291,-3.144
-0.280,-3.128
-0.301,-3.132
-0.291,-3.060
-0.291,-3.015
-0.292,-2.978
-0.302,-2.942
-0.313,-2.914
-0.313,-2.914
-0.314,-2.894
-0.294,-2.922
-0.294,-2.922
-0.294,-2.926
-0.283,-2.934
-0.283,-2.950
-0.293,-2.958
-0.292,-2.975
-0.272,-2.979
-0.272,-2.979
-0.292,-2.979
-0.272,-2.983
-0.282,-2.970
-0.282,-2.995
-0.282,-2.995
-0.271,-2.995
-0.272,-3.019
-0.271,-3.011
-0.282,-3.007
-0.282,-3.007
-0.271,-2.995
-0.283,-2.991
-0.282,-2.987
-0.283,-2.991
-0.293,-2.999
-0.303,-3.003
-0.293,-2.999
-0.303,-2.986
-0.302,-3.007
-0.303,-2.987
-0.313,-2.995
-0.314,-3.002
-0.313,-2.978
-0.314,-2.986
-0.324,-2.994
-0.323,-2.986
-0.323,-2.987
-0.322,-2.979
-0.323,-2.986
-0.323,-2.987
-0.344,-3.006
-0.334,-3.002
-0.354,-2.998
-0.355,-3.023
-0.355,-3.022
-0.354,-3.015
-0.365,-3.031
-0.364,-3.023
-0.375,-3.039
-0.365,-3.030
-0.375,-3.035
-0.375,-3.063
-0.395,-3.058
-0.374,-3.079
-0.396,-3.083
-0.395,-3.095
-0.385,-3.091
-0.384,-3.083
-0.375,-3.099
-0.375,-3.099
-0.332,-3.112
-0.312,-3.120
-0.281,-3.128
-0.282,-3.137
-0.271,-3.149
-0.250,-3.161
-0.260,-3.193
-0.259,-3.185
-0.270,-3.197
-0.301,-3.209
-0.300,-3.205
-0.322,-3.217
-0.332,-3.221
-0.352,-3.221
-0.373,-3.225
-0.373,-3.241
-0.373,-3.241
-0.393,-3.236
-0.404,-3.249
-0.404,-3.249
-0.414,-3.256
-0.415,-3.265
-0.435,-3.260
-0.435,-3.260
-0.435,-3.260
-0.434,-3.256
-0.435,-3.260
-0.435,-3.276
-0.435,-3.276
-0.436,-3.285
-0.425,-3.268
-0.414,-3.281
-0.424,-3.285
-0.424,-3.289
-0.415,-3.305
-0.414,-3.281
-0.415,-3.289
-0.404,-3.293
-0.414,-3.301
-0.424,-3.289
-0.413,-3.313
-0.435,-3.321
-0.434,-3.297
-0.445,-3.309
-0.445,-3.313
-0.455,-3.317
-0.456,-3.325
-0.444,-3.329
-0.455,-3.357
-0.444,-3.370
-0.433,-3.373
-0.434,-3.422
-0.433,-3.438
-0.444,-3.455
-0.433,-3.483
-0.422,-3.487
-0.443,-3.516
-0.443,-3.491
-0.453,-3.499
-0.464,-3.511
-0.442,-3.522
-0.464,-3.551
-0.452,-3.555
-0.462,-3.587
-0.463,-3.612
-0.473,-3.620
-0.494,-3.669
-0.484,-3.702
-0.504,-3.763
-0.513,-3.827
-0.510,-3.913
-0.541,-4.011
-0.549,-4.074
-0.558,-4.168
-0.559,-4.239
-0.568,-4.307
-0.568,-4.353
-0.547,-4.373
-0.527,-4.353
-0.486,-4.333
-0.454,-4.290
-0.434,-4.276
-0.413,-4.270
-0.393,-4.250
-0.385,-4.233
-0.353,-4.210
-0.366,-4.203
-0.344,-4.198
-0.334,-4.180
-0.324,-4.173
-0.323,-4.203
-0.302,-4.208
-0.323,-4.188
-0.302,-4.183
-0.303,-4.163
-0.292,-4.150
-0.293,-4.181
-0.262,-4.153
-0.262,-4.158
-0.253,-4.130
-0.242,-4.113
-0.243,-4.092
-0.232,-4.095
-0.211,-4.075
-0.211,-4.060
-0.211,-4.034
-0.201,-4.012
-0.201,-3.986
-0.202,-3.951
-0.182,-3.915
-0.203,-3.865
-0.193,-3.817
-0.193,-3.812
-0.203,-3.779
-0.224,-3.743
-0.224,-3.739
-0.214,-3.736
-0.225,-3.728
-0.225,-3.708
-0.225,-3.712
-0.214,-3.670
-0.235,-3.675
-0.225,-3.683
-0.235,-3.666
-0.246,-3.663
-0.245,-3.653
-0.246,-3.647
-0.257,-3.634
-0.257,-3.618
-0.288,-3.615
-0.298,-3.613
-0.318,-3.634
-0.318,-3.624
-0.318,-3.609
-0.329,-3.605
-0.339,-3.588
-0.351,-3.610
-0.340,-3.597
-0.319,-3.577
-0.309,-3.570
-0.298,-3.548
-0.278,-3.553
-0.257,-3.533
-0.236,-3.529
-0.227,-3.530
-0.206,-3.496
-0.196,-3.518
-0.185,-3.501
-0.175,-3.514
-0.154,-3.518
-0.154,-3.509
-0.154,-3.534
-0.143,-3.546
-0.112,-3.550
-0.112,-3.575
-0.101,-3.578
-0.133,-3.599
-0.153,-3.619
-0.143,-3.632
-0.163,-3.632
-0.174,-3.635
-0.174,-3.635
-0.194,-3.630
-0.225,-3.642
-0.235,-3.635
-0.235,-3.634
-0.267,-3.626
-0.277,-3.618
-0.308,-3.601
-0.329,-3.610
-0.349,-3.621
-0.360,-3.633
-0.369,-3.616
-0.359,-3.629
-0.370,-3.625
-0.360,-3.613
-0.360,-3.618
-0.350,-3.585
-0.361,-3.573
-0.340,-3.577
-0.360,-3.564
-0.361,-3.573
-0.371,-3.560
-0.381,-3.552
-0.372,-3.544
-0.381,-3.527
-0.414,-3.528
-0.434,-3.483
-0.455,-3.458
-0.395,-3.440
-0.393,-3.423
-0.394,-3.427
-0.393,-3.439
-0.412,-3.450
-0.423,-3.467
-0.423,-3.442
-0.424,-3.476
-0.425,-3.480
-0.434,-3.483
-0.455,-3.488
-0.465,-3.491
-0.487,-3.495
-0.485,-3.491
-0.506,-3.486
-0.537,-3.482
-0.557,-3.453
-0.569,-3.449
-0.590,-3.453
-0.589,-3.429
-0.601,-3.401
-0.610,-3.384
-0.631,-3.388
-0.631,-3.388
-0.661,-3.371
-0.673,-3.388
-0.661,-3.371
-0.663,-3.380
-0.683,-3.375
-0.683,-3.375
-0.715,-3.371
-0.684,-3.359
-0.706,-3.368
-0.737,-3.375
-0.745,-3.375
-0.745,-3.399
-0.754,-3.383
-0.766,-3.379
-0.766,-3.379
-0.786,-3.379
-0.808,-3.383
-0.776,-3.387
-0.777,-3.371
-0.798,-3.371
-0.786,-3.374
-0.787,-3.399
-0.774,-3.378
-0.776,-3.387
-0.776,-3.387
-0.776,-3.387
-0.746,-3.383
-0.745,-3.375
-0.725,-3.379
-0.693,-3.367
-0.672,-3.363
-0.684,-3.359
-0.662,-3.355
-0.685,-3.344
-0.673,-3.347
-0.682,-3.351
-0.694,-3.352
-0.662,-3.335
-0.663,-3.339
-0.654,-3.336
-0.674,-3.331
-0.685,-3.344
-0.694,-3.327
-0.694,-3.327
-0.703,-3.335
-0.713,-3.323
-0.726,-3.323
-0.735,-3.327
-0.735,-3.331
-0.746,-3.319
-0.755,-3.322
-0.757,-3.331
-0.766,-3.314
-0.787,-3.339
-0.777,-3.326
-0.786,-3.334
-0.808,-3.338
-0.807,-3.314
-0.829,-3.318
-0.828,-3.338
-0.849,-3.313
-0.860,-3.330
-0.869,-3.333
-0.870,-3.338
-0.860,-3.329
-0.858,-3.321
-0.881,-3.350
-0.879,-3.341
-0.881,-3.350
-0.882,-3.334
-0.870,-3.337
-0.881,-3.350
-0.879,-3.345
-0.890,-3.358
-0.879,-3.345
-0.869,-3.353
-0.871,-3.362
-0.869,-3.353
-0.860,-3.370
-0.838,-3.366
-0.838,-3.366
-0.828,-3.378
-0.816,-3.382
-0.807,-3.399
-0.808,-3.423
-0.817,-3.447
-0.808,-3.484
-0.806,-3.520
-0.805,-3.581
-0.774,-3.634
-0.752,-3.670
-0.752,-3.716
-0.751,-3.731
-0.772,-3.751
-0.752,-3.756
-0.751,-3.751
-0.740,-3.759
-0.739,-3.734
-0.741,-3.739
-0.731,-3.716
-0.732,-3.695
-0.723,-3.713
-0.731,-3.691
-0.731,-3.691
-0.731,-3.691
-0.730,-3.706
-0.742,-3.703
-0.741,-3.698
-0.743,-3.708
-0.743,-3.708
-0.742,-3.703
-0.743,-3.708
-0.721,-3.699
-0.720,-3.719
-0.710,-3.732
-0.709,-3.747
-0.711,-3.756
-0.720,-3.759
-0.699,-3.785
-0.699,-3.785
-0.731,-3.751
-0.722,-3.769
-0.721,-3.744
-0.721,-3.744
-0.721,-3.703
-0.720,-3.678
-0.722,-3.643
-0.730,-3.626
-0.751,-3.605
-0.762,-3.577
-0.772,-3.544
-0.764,-3.505
-0.774,-3.472
-0.764,-3.464
-0.764,-3.464
-0.753,-3.448
-0.764,-3.440
-0.753,-3.403
-0.774,-3.407
-0.765,-3.399
-0.764,-3.375
-0.766,-3.383
-0.765,-3.379
-0.776,-3.371
-0.766,-3.343
-0.765,-3.314
-0.777,-3.310
-0.795,-3.322
-0.796,-3.306
-0.786,-3.273
-0.775,-3.241
-0.767,-3.221
-0.756,-3.205
-0.757,-3.149
-0.725,-3.080
-0.692,-3.040
-0.684,-3.020
-0.661,-2.972
-0.662,-2.956
-0.662,-2.939
-0.661,-2.911
-0.673,-2.927
-0.650,-2.900
-0.652,-2.907
-0.664,-2.902
-0.653,-2.890
-0.654,-2.915
-0.652,-2.907
-0.661,-2.911
-0.662,-2.895
-0.692,-2.879
-0.694,-2.886
-0.684,-2.874
-0.694,-2.882
-0.705,-2.898
-0.694,-2.906
-0.726,-2.938
-0.705,-2.935
-0.714,-2.983
-0.715,-3.007
-0.714,-3.019
-0.736,-3.047
-0.725,-3.056
-0.726,-3.120
-0.726,-3.120
-0.715,-3.145
-0.716,-3.169
-0.713,-3.181
-0.714,-3.201
-0.715,-3.209
-0.714,-3.201
-0.705,-3.218
-0.714,-3.225
-0.695,-3.230
-0.675,-3.234
-0.675,-3.234
-0.654,-3.255
-0.653,-3.266
-0.642,-3.295
-0.632,-3.287
-0.610,-3.283
-0.612,-3.291
-0.601,-3.299
-0.601,-3.299
-0.591,-3.312
-0.580,-3.295
-0.571,-3.312
-0.570,-3.328
-0.560,-3.340
-0.570,-3.332
-0.558,-3.336
-0.570,-3.373
-0.559,-3.361
-0.570,-3.373
-0.580,-3.405
-0.579,-3.397
-0.590,-3.413
-0.579,-3.417
-0.610,-3.429
-0.600,-3.462
-0.598,-3.473
-0.599,-3.482
-0.599,-3.482
-0.599,-3.498
-0.610,-3.519
-0.610,-3.514
-0.631,-3.539
-0.619,-3.583
-0.638,-3.598
-0.649,-3.651
-0.647,-3.662
-0.669,-3.712
-0.668,-3.732
-0.689,-3.752
-0.699,-3.785
-0.719,-3.779
-0.721,-3.809
-0.752,-3.776
-0.762,-3.763
-0.772,-3.756
-0.771,-3.746
-0.783,-3.743
-0.772,-3.710
-0.783,-3.703
-0.794,-3.674
-0.824,-3.657
-0.815,-3.634
-0.834,-3.604
-0.835,-3.588
-0.836,-3.568
-0.835,-3.544
-0.847,-3.540
-0.836,-3.528
-0.847,-3.500
-0.849,-3.508
-0.828,-3.484
-0.828,-3.484
-0.826,-3.479
-0.836,-3.483
-0.826,-3.475
-0.814,-3.479
-0.827,-3.504
-0.806,-3.460
-0.806,-3.460
-0.807,-3.464
-0.785,-3.460
-0.777,-3.477
-0.765,-3.480
-0.753,-3.468
-0.765,-3.480
-0.742,-3.492
-0.744,-3.501
-0.733,-3.488
-0.733,-3.513
-0.724,-3.505
-0.701,-3.517
-0.702,-3.501
-0.691,-3.489
-0.701,-3.476
-0.683,-3.485
-0.680,-3.472
-0.671,-3.489
-0.671,-3.489
-0.671,-3.489
-0.651,-3.494
-0.651,-3.494
-0.652,-3.503
-0.641,-3.531
