 1.407,-0.180
 1.454,-0.170
 1.489,-0.132
 1.523,-0.107
 1.541,-0.069
 1.561,-0.033
 1.601, 0.022
 1.610, 0.032
 1.628, 0.032
 1.612, 0.061
 1.622, 0.089
 1.663, 0.106
 1.693, 0.134
 1.717, 0.151
 1.715, 0.207
 1.719, 0.207
 1.697, 0.170
 1.693, 0.171
 1.705, 0.217
 1.712, 0.245
 1.723, 0.217
 1.740, 0.217
 1.742, 0.235
 1.749, 0.234
 1.744, 0.216
 1.744, 0.216
 1.745, 0.235
 1.732, 0.226
 1.742, 0.198
 1.739, 0.162
 1.740, 0.180
 1.742, 0.198
 1.751, 0.189
 1.754, 0.188
 1.751, 0.189
 1.744, 0.161
 1.733, 0.152
 1.712, 0.152
 1.716, 0.151
 1.684, 0.161
 1.665, 0.124
 1.656, 0.096
 1.653, 0.079
 1.658, 0.059
 1.646, 0.050
 1.672, 0.004
 1.670, 0.005
 1.689,-0.014
 1.701,-0.024
 1.729,-0.052
 1.732,-0.090
 1.742,-0.081
 1.753,-0.053
 1.736,-0.091
 1.722,-0.117
 1.722,-0.154
 1.713,-0.164
 1.708,-0.162
 1.743,-0.118
 1.762,-0.100
 1.781,-0.081
 1.771,-0.053
 1.778,-0.062
 1.741,-0.043
 1.741, 0.012
 1.733, 0.022
 1.714, 0.003
 1.730, 0.041
 1.752, 0.059
 1.780, 0.068
 1.792, 0.021
 1.792,-0.017
 1.806,-0.052
 1.789,-0.053
 1.797,-0.025
 1.781,-0.007
 1.771,-0.034
 1.750,-0.052
 1.744,-0.081
 1.757,-0.079
 1.778,-0.080
 1.791,-0.072
 1.769,-0.090
 1.775,-0.091
 1.789,-0.090
 1.779,-0.062
 1.780,-0.044
 1.777,-0.080
 1.766,-0.107
 1.766,-0.107
 1.765,-0.063
 1.759,-0.036
 1.759,-0.074
 1.730,-0.101
 1.693,-0.145
 1.683,-0.135
 1.692,-0.126
 1.692,-0.163
 1.704,-0.173
 1.692,-0.163
 1.686,-0.136
 1.699,-0.128
 1.685,-0.154
 1.704,-0.192
 1.701,-0.190
 1.713,-0.182
 1.714,-0.146
 1.713,-0.126
 1.754,-0.128
 1.751,-0.127
 1.742,-0.136
 1.734,-0.127
 1.738,-0.135
 1.751,-0.127
 1.759,-0.136
 1.753,-0.146
 1.744,-0.100
 1.753,-0.109
 1.746,-0.119
 1.742,-0.099
 1.763,-0.100
 1.772,-0.090
 1.769,-0.090
 1.754,-0.091
 1.733,-0.090
 1.733,-0.090
 1.725,-0.081
 1.723,-0.099
 1.723,-0.062
 1.711,-0.070
 1.714,-0.071
 1.714,-0.071
 1.695,-0.071
 1.681,-0.073
 1.669,-0.081
 1.676,-0.108
 1.683,-0.117
 1.681,-0.097
 1.672,-0.070
 1.681,-0.060
 1.683,-0.042
 1.683,-0.042
 1.681,-0.060
 1.704,-0.024
 1.714, 0.003
 1.726, 0.030
 1.707, 0.049
 1.712, 0.059
 1.716, 0.096
 1.695, 0.133
 1.676, 0.133
 1.664, 0.143
 1.653, 0.153
 1.650, 0.180
 1.647, 0.217
 1.620, 0.226
 1.601, 0.245
 1.606, 0.236
 1.625, 0.255
 1.643, 0.255
 1.627, 0.273
 1.630, 0.310
 1.600, 0.338
 1.572, 0.366
 1.560, 0.394
 1.539, 0.432
 1.536, 0.450
 1.535, 0.469
 1.549, 0.459
 1.537, 0.469
 1.521, 0.469
 1.543, 0.487
 1.552, 0.497
 1.527, 0.506
 1.514, 0.497
 1.512, 0.478
 1.493, 0.460
 1.461, 0.432
 1.454, 0.423
 1.452, 0.442
 1.454, 0.460
 1.447, 0.451
 1.444, 0.414
 1.453, 0.423
 1.454, 0.442
 1.428, 0.432
 1.444, 0.377
 1.443, 0.377
 1.447, 0.414
 1.466, 0.432
 1.457, 0.386
 1.466, 0.376
 1.446, 0.358
 1.438, 0.367
 1.425, 0.358
 1.418, 0.368
 1.418, 0.330
 1.406, 0.321
 1.406, 0.321
 1.406, 0.321
 1.388, 0.284
 1.369, 0.229
 1.368, 0.210
 1.360, 0.219
 1.359, 0.201
 1.358, 0.183
 1.358, 0.183
 1.346, 0.193
 1.358, 0.183
 1.337, 0.183
 1.351, 0.173
 1.362, 0.201
 1.370, 0.229
 1.364, 0.237
 1.341, 0.201
 1.349, 0.174
 1.348, 0.174
 1.338, 0.202
 1.381, 0.238
 1.399, 0.256
 1.409, 0.265
 1.409, 0.265
 1.406, 0.266
 1.390, 0.247
 1.387, 0.247
 1.398, 0.219
 1.418, 0.219
 1.426, 0.247
 1.458, 0.237
 1.456, 0.200
 1.455, 0.182
 1.436, 0.163
 1.424, 0.155
 1.428, 0.135
 1.416, 0.126
 1.418, 0.108
 1.409, 0.098
 1.406, 0.062
 1.408, 0.080
 1.417, 0.089
 1.408, 0.043
 1.436, 0.052
 1.453, 0.052
 1.458, 0.070
 1.455, 0.070
 1.455, 0.052
 1.455, 0.070
 1.453, 0.071
 1.445, 0.080
 1.443, 0.062
 1.466, 0.042
 1.497, 0.069
 1.477, 0.069
 1.481, 0.050
 1.495, 0.051
 1.504, 0.042
 1.504, 0.042
 1.501, 0.080
 1.505, 0.097
 1.513, 0.088
 1.504, 0.079
 1.505, 0.097
 1.485, 0.098
 1.477, 0.088
 1.475, 0.070
 1.456, 0.052
 1.463, 0.080
 1.473, 0.089
 1.478, 0.107
 1.475, 0.107
 1.485, 0.116
 1.495, 0.107
 1.492, 0.108
 1.485, 0.116
 1.485, 0.116
 1.495, 0.125
 1.505, 0.153
 1.512, 0.163
 1.516, 0.143
 1.503, 0.117
 1.511, 0.107
 1.522, 0.135
 1.513, 0.144
 1.497, 0.162
 1.495, 0.181
 1.459, 0.181
 1.413, 0.153
 1.389, 0.117
 1.390, 0.099
 1.415, 0.109
 1.436, 0.108
 1.457, 0.107
 1.475, 0.107
 1.488, 0.097
 1.515, 0.088
 1.505, 0.079
 1.513, 0.070
 1.501, 0.061
 1.515, 0.088
 1.543, 0.116
 1.562, 0.134
 1.591, 0.125
 1.597, 0.079
 1.606, 0.088
 1.635, 0.116
 1.640, 0.133
 1.650, 0.124
 1.656, 0.097
 1.677, 0.133
 1.685, 0.198
 1.696, 0.189
 1.685, 0.180
 1.680, 0.199
 1.695, 0.208
 1.704, 0.198
 1.714, 0.226
 1.724, 0.235
 1.714, 0.226
 1.706, 0.198
 1.673, 0.227
 1.655, 0.264
 1.637, 0.264
 1.608, 0.255
 1.612, 0.273
 1.619, 0.245
 1.590, 0.218
 1.599, 0.208
 1.585, 0.200
 1.587, 0.181
 1.583, 0.163
 1.598, 0.171
 1.602, 0.171
 1.611, 0.143
 1.615, 0.142
 1.603, 0.133
 1.621, 0.115
 1.617, 0.116
 1.605, 0.107
 1.609, 0.106
 1.607, 0.088
 1.618, 0.079
 1.619, 0.097
 1.617, 0.116
 1.612, 0.106
 1.600, 0.115
 1.581, 0.097
 1.591, 0.069
 1.599, 0.060
 1.600, 0.060
 1.607, 0.070
 1.608, 0.088
 1.648, 0.106
 1.636, 0.097
 1.619, 0.078
 1.608, 0.088
 1.608, 0.088
 1.591, 0.087
 1.589, 0.106
 1.561, 0.097
 1.549, 0.107
 1.541, 0.116
 1.515, 0.144
 1.494, 0.144
 1.475, 0.126
 1.472, 0.126
 1.464, 0.136
 1.453, 0.108
 1.442, 0.081
 1.445, 0.080
 1.446, 0.098
 1.450, 0.116
 1.470, 0.134
 1.448, 0.116
 1.448, 0.116
 1.436, 0.089
 1.408, 0.061
 1.417, 0.071
 1.407, 0.080
 1.428, 0.098
 1.427, 0.080
 1.436, 0.071
 1.436, 0.071
 1.425, 0.080
 1.420, 0.070
 1.407, 0.043
 1.407, 0.043
 1.398, 0.034
 1.396, 0.016
 1.391, 0.024
 1.379, 0.015
 1.380,-0.004
 1.371, 0.005
 1.358,-0.021
 1.369,-0.031
 1.379,-0.040
 1.380,-0.078
 1.381,-0.115
 1.359,-0.132
 1.372,-0.125
 1.398,-0.115
 1.379,-0.133
 1.379,-0.152
 1.376,-0.188
 1.379,-0.226
 1.407,-0.217
 1.416,-0.226
 1.435,-0.207
 1.454,-0.189
 1.468,-0.163
 1.479,-0.173
 1.468,-0.201
 1.486,-0.200
 1.475,-0.190
 1.495,-0.191
 1.491,-0.170
 1.503,-0.162
 1.495,-0.135
 1.494,-0.135
 1.497,-0.173
 1.483,-0.199
 1.473,-0.208
 1.485,-0.181
 1.483,-0.180
 1.467,-0.181
 1.495,-0.191
 1.476,-0.228
 1.486,-0.219
 1.491,-0.226
 1.504,-0.218
 1.502,-0.199
 1.521,-0.180
 1.541,-0.144
 1.530,-0.115
 1.533,-0.116
 1.550,-0.097
 1.542,-0.088
 1.561,-0.107
 1.549,-0.060
 1.552,-0.042
 1.559,-0.051
 1.549,-0.060
 1.530,-0.041
 1.549,-0.023
 1.571,-0.005
 1.559,-0.014
 1.553,-0.006
 1.576, 0.012
 1.563, 0.003
 1.536,-0.006
 1.522, 0.005
 1.530,-0.004
 1.510,-0.004
 1.491, 0.015
 1.506, 0.060
 1.495, 0.051
 1.467, 0.060
 1.457, 0.051
 1.442, 0.043
 1.453, 0.034
 1.472, 0.052
 1.484, 0.061
 1.464, 0.061
 1.472, 0.052
 1.474, 0.033
 1.471, 0.053
 1.444, 0.080
 1.437, 0.107
 1.415, 0.090
 1.436, 0.108
 1.406, 0.155
 1.398, 0.163
 1.390, 0.135
 1.405, 0.136
 1.380, 0.164
 1.368, 0.192
 1.369, 0.173
 1.351, 0.173
 1.367, 0.174
 1.340, 0.183
 1.328, 0.211
 1.328, 0.174
 1.319, 0.183
 1.329, 0.155
 1.341, 0.164
 1.372, 0.172
 1.333, 0.173
 1.334, 0.136
 1.340, 0.090
 1.342, 0.090
 1.351, 0.099
 1.331, 0.062
 1.333, 0.043
 1.330, 0.044
 1.352, 0.043
 1.351, 0.043
 1.351, 0.043
 1.341, 0.034
 1.331, 0.025
 1.342, 0.015
 1.342, 0.015
 1.342, 0.015
 1.353, 0.043
 1.331, 0.062
 1.351, 0.062
 1.357, 0.053
 1.329, 0.044
 1.312, 0.044
 1.321, 0.053
 1.305, 0.034
 1.313, 0.006
 1.302,-0.058
 1.322,-0.077
 1.331,-0.123
 1.333,-0.143
 1.350,-0.161
 1.340,-0.170
 1.350,-0.161
 1.338,-0.169
 1.348,-0.197
 1.336,-0.187
 1.349,-0.142
 1.383,-0.116
 1.410,-0.107
 1.402,-0.098
 1.397,-0.078
 1.389,-0.106
 1.389,-0.143
 1.376,-0.169
 1.389,-0.143
 1.399,-0.115
 1.390,-0.143
 1.390,-0.143
 1.370,-0.180
 1.361,-0.208
 1.358,-0.225
 1.359,-0.207
 1.380,-0.208
 1.349,-0.216
 1.360,-0.208
 1.349,-0.198
 1.340,-0.151
 1.341,-0.133
 1.367,-0.141
 1.359,-0.152
 1.349,-0.123
 1.360,-0.096
 1.361,-0.041
 1.350,-0.012
 1.351,-0.013
 1.358,-0.003
 1.358, 0.053
 1.390, 0.098
 1.388, 0.118
 1.381, 0.108
 1.378, 0.109
 1.387, 0.118
 1.387, 0.099
 1.386, 0.118
 1.391, 0.173
 1.392, 0.191
 1.374, 0.153
 1.364, 0.182
 1.342, 0.164
 1.314, 0.155
 1.311, 0.137
 1.292, 0.118
 1.295, 0.099
 1.292, 0.100
 1.256, 0.137
 1.246, 0.146
 1.225, 0.147
 1.226, 0.165
 1.235, 0.193
 1.245, 0.183
 1.245, 0.183
 1.237, 0.155
 1.244, 0.128
 1.252, 0.101
 1.264, 0.109
 1.263, 0.128
 1.274, 0.118
 1.265, 0.090
 1.263, 0.054
 1.275, 0.025
 1.283,-0.002
 1.273, 0.026
 1.284, 0.034
 1.293, 0.025
 1.312, 0.006
 1.320,-0.021
 1.302,-0.021
 1.312,-0.012
 1.321,-0.003
 1.342,-0.041
 1.337,-0.038
 1.358,-0.040
 1.363,-0.041
 1.362,-0.060
 1.365,-0.098
 1.364,-0.116
 1.362,-0.153
 1.361,-0.171
 1.367,-0.197
 1.400,-0.208
 1.408,-0.199
 1.400,-0.190
 1.401,-0.190
 1.417,-0.208
 1.410,-0.199
 1.428,-0.181
 1.420,-0.228
 1.411,-0.256
 1.398,-0.282
 1.399,-0.301
 1.397,-0.337
 1.395,-0.355
 1.408,-0.347
 1.416,-0.318
 1.399,-0.301
 1.389,-0.310
 1.360,-0.319
 1.350,-0.290
 1.347,-0.289
 1.351,-0.273
 1.369,-0.272
 1.358,-0.262
 1.369,-0.236
 1.379,-0.263
 1.370,-0.310
 1.358,-0.299
 1.358,-0.299
 1.349,-0.309
 1.338,-0.317
 1.351,-0.328
 1.333,-0.310
 1.334,-0.311
 1.335,-0.331
 1.322,-0.356
 1.323,-0.394
 1.301,-0.410
 1.282,-0.392
 1.293,-0.347
 1.312,-0.328
 1.303,-0.338
 1.292,-0.327
 1.292,-0.364
 1.283,-0.355
 1.292,-0.327
 1.295,-0.329
 1.293,-0.346
 1.292,-0.364
 1.302,-0.355
 1.282,-0.354
 1.284,-0.356
 1.282,-0.355
 1.293,-0.346
 1.312,-0.347
 1.320,-0.355
 1.333,-0.366
 1.351,-0.366
 1.360,-0.356
 1.371,-0.347
 1.378,-0.318
 1.380,-0.320
 1.388,-0.309
 1.360,-0.282
 1.322,-0.263
 1.310,-0.271
 1.291,-0.326
 1.298,-0.316
 1.300,-0.298
 1.305,-0.264
 1.333,-0.236
 1.336,-0.256
 1.343,-0.246
 1.342,-0.245
 1.351,-0.217
 1.369,-0.179
 1.370,-0.143
 1.389,-0.124
 1.389,-0.106
 1.390,-0.088
 1.406,-0.068
 1.389,-0.050
 1.386,-0.012
 1.368, 0.025
 1.359, 0.053
 1.348, 0.062
 1.381, 0.070
 1.379, 0.089
 1.362, 0.052
 1.369, 0.043
 1.385, 0.007
 1.377, 0.016
 1.386, 0.025
 1.380, 0.015
 1.390, 0.005
 1.387, 0.006
 1.381,-0.004
 1.378,-0.040
 1.369,-0.049
 1.368,-0.049
 1.367,-0.049
 1.350,-0.068
 1.349,-0.086
 1.368,-0.105
 1.367,-0.123
 1.345,-0.140
 1.359,-0.152
 1.380,-0.115
 1.374,-0.107
 1.404,-0.099
 1.390,-0.125
 1.380,-0.134
 1.368,-0.141
 1.347,-0.141
 1.369,-0.124
 1.379,-0.115
 1.390,-0.088
 1.390,-0.088
 1.398,-0.133
 1.407,-0.142
 1.396,-0.133
 1.399,-0.134
 1.389,-0.143
 1.389,-0.161
 1.390,-0.143
 1.398,-0.152
 1.390,-0.181
 1.377,-0.188
 1.379,-0.207
 1.380,-0.171
 1.387,-0.179
 1.390,-0.181
 1.370,-0.180
 1.360,-0.189
 1.360,-0.226
 1.348,-0.215
 1.342,-0.226
 1.351,-0.235
 1.340,-0.263
 1.342,-0.264
 1.330,-0.272
 1.324,-0.283
 1.320,-0.299
 1.319,-0.280
 1.322,-0.263
 1.332,-0.255
 1.335,-0.256
 1.315,-0.255
 1.333,-0.292
 1.334,-0.311
 1.292,-0.327
 1.314,-0.310
 1.359,-0.300
 1.358,-0.318
 1.361,-0.320
 1.359,-0.337
 1.352,-0.366
 1.330,-0.383
 1.323,-0.394
 1.314,-0.385
 1.301,-0.410
 1.283,-0.448
 1.282,-0.466
 1.303,-0.467
 1.295,-0.440
 1.292,-0.439
 1.285,-0.468
 1.273,-0.457
 1.263,-0.466
 1.274,-0.458
 1.273,-0.475
 1.285,-0.468
 1.283,-0.448
 1.302,-0.430
 1.296,-0.441
 1.264,-0.467
 1.274,-0.495
 1.253,-0.512
 1.244,-0.503
 1.245,-0.504
 1.251,-0.492
 1.234,-0.493
 1.235,-0.475
 1.246,-0.467
 1.268,-0.451
 1.239,-0.442
 1.250,-0.452
 1.245,-0.466
 1.244,-0.466
 1.244,-0.410
 1.254,-0.401
 1.255,-0.402
 1.254,-0.420
 1.273,-0.401
 1.265,-0.375
 1.272,-0.364
 1.256,-0.384
 1.264,-0.392
 1.273,-0.383
 1.274,-0.365
 1.273,-0.364
 1.275,-0.366
 1.282,-0.355
 1.283,-0.392
 1.302,-0.374
 1.280,-0.354
 1.274,-0.346
 1.264,-0.355
 1.262,-0.336
 1.274,-0.309
 1.310,-0.290
 1.312,-0.272
 1.321,-0.244
 1.331,-0.235
 1.341,-0.226
 1.338,-0.225
 1.340,-0.226
 1.337,-0.187
 1.357,-0.187
 1.349,-0.142
 1.369,-0.143
 1.391,-0.125
 1.390,-0.106
 1.373,-0.126
 1.382,-0.135
 1.386,-0.160
 1.398,-0.115
 1.396,-0.096
 1.399,-0.097
 1.380,-0.115
 1.377,-0.114
 1.371,-0.087
 1.371,-0.087
 1.361,-0.096
 1.340,-0.077
 1.348,-0.067
 1.350,-0.068
 1.340,-0.077
 1.340,-0.096
 1.342,-0.096
 1.330,-0.105
 1.342,-0.096
 1.319,-0.095
 1.311,-0.086
 1.293,-0.086
 1.274,-0.105
 1.247,-0.133
 1.265,-0.151
 1.255,-0.160
 1.283,-0.170
 1.282,-0.132
 1.284,-0.114
 1.273,-0.104
 1.292,-0.086
 1.293,-0.068
 1.289,-0.048
 1.292,-0.012
 1.294,-0.013
 1.296,-0.032
 1.296,-0.032
 1.285,-0.022
 1.286,-0.041
 1.293,-0.068
 1.283,-0.077
 1.292,-0.086
 1.280,-0.094
 1.284,-0.077
 1.274,-0.049
 1.275,-0.050
 1.285,-0.059
 1.292,-0.067
 1.303,-0.059
 1.302,-0.040
 1.284,-0.040
 1.266,-0.040
 1.274,-0.068
 1.294,-0.068
 1.301,-0.058
 1.293,-0.049
 1.303,-0.040
 1.300,-0.095
 1.302,-0.095
 1.302,-0.095
 1.322,-0.133
 1.324,-0.115
 1.331,-0.142
 1.331,-0.161
 1.339,-0.170
 1.330,-0.179
 1.341,-0.171
 1.359,-0.133
 1.370,-0.143
 1.396,-0.151
 1.394,-0.132
 1.398,-0.115
 1.418,-0.097
 1.441,-0.099
 1.448,-0.089
 1.459,-0.098
 1.468,-0.107
 1.453,-0.115
 1.446,-0.125
 1.444,-0.105
 1.457,-0.098
 1.457,-0.098
 1.465,-0.106
 1.485,-0.107
 1.504,-0.089
 1.486,-0.108
 1.486,-0.108
 1.492,-0.134
 1.501,-0.143
 1.507,-0.132
 1.519,-0.087
 1.503,-0.069
 1.491,-0.078
 1.484,-0.051
 1.473,-0.041
 1.496,-0.042
 1.505,-0.033
 1.502,-0.032
 1.513,-0.005
 1.492,-0.023
 1.473,-0.041
 1.482,-0.032
 1.471,-0.022
 1.466,-0.014
 1.463,-0.013
 1.473, 0.015
 1.464, 0.024
 1.462, 0.025
 1.452, 0.052
 1.455, 0.052
 1.467, 0.060
 1.496, 0.088
 1.506, 0.116
 1.479, 0.106
 1.464, 0.098
 1.454, 0.089
 1.416, 0.089
 1.425, 0.099
 1.417, 0.108
 1.415, 0.127
 1.398, 0.126
 1.388, 0.117
 1.366, 0.137
 1.361, 0.163
 1.349, 0.155
 1.330, 0.173
 1.323, 0.201
 1.301, 0.220
 1.302, 0.239
 1.280, 0.258
 1.281, 0.276
 1.274, 0.304
 1.272, 0.322
 1.273, 0.341
 1.281, 0.350
 1.273, 0.341
 1.273, 0.341
 1.290, 0.360
 1.284, 0.369
 1.320, 0.368
 1.310, 0.322
 1.321, 0.350
 1.329, 0.396
 1.322, 0.424
 1.309, 0.452
 1.309, 0.434
 1.300, 0.443
 1.309, 0.471
 1.323, 0.461
 1.343, 0.461
 1.332, 0.433
 1.350, 0.433
 1.338, 0.424
 1.341, 0.405
 1.347, 0.396
 1.358, 0.368
 1.358, 0.368
 1.358, 0.368
 1.379, 0.368
 1.368, 0.340
 1.378, 0.331
 1.397, 0.331
 1.414, 0.312
 1.407, 0.321
 1.415, 0.349
 1.397, 0.331
 1.408, 0.377
 1.397, 0.386
 1.420, 0.386
 1.405, 0.359
 1.415, 0.349
 1.407, 0.359
 1.405, 0.340
 1.389, 0.321
 1.407, 0.321
 1.398, 0.312
 1.400, 0.312
 1.396, 0.294
 1.388, 0.303
 1.388, 0.303
 1.379, 0.275
 1.387, 0.247
 1.403, 0.266
 1.416, 0.275
 1.398, 0.275
 1.409, 0.265
 1.402, 0.293
 1.410, 0.284
 1.401, 0.237
 1.385, 0.211
 1.385, 0.229
 1.360, 0.238
 1.360, 0.257
 1.361, 0.256
 1.368, 0.266
 1.341, 0.257
 1.341, 0.257
 1.357, 0.220
 1.341, 0.220
 1.320, 0.202
 1.311, 0.192
 1.313, 0.192
 1.321, 0.183
 1.312, 0.173
 1.309, 0.174
 1.302, 0.164
 1.302, 0.164
 1.280, 0.184
 1.284, 0.164
 1.282, 0.165
 1.291, 0.156
 1.273, 0.174
 1.262, 0.183
 1.265, 0.183
 1.273, 0.211
 1.274, 0.192
 1.264, 0.183
 1.261, 0.165
 1.254, 0.156
 1.233, 0.156
 1.224, 0.147
 1.234, 0.119
 1.216, 0.119
 1.239, 0.117
 1.219, 0.118
 1.219, 0.099
 1.236, 0.081
 1.234, 0.045
 1.216, 0.026
 1.224, 0.017
 1.244, 0.017
 1.246, 0.053
 1.265, 0.072
 1.247, 0.071
 1.253, 0.063
 1.264, 0.053
 1.285, 0.071
 1.275, 0.062
 1.276, 0.062
 1.265, 0.071
 1.267, 0.071
 1.258, 0.061
 1.255, 0.007
 1.244,-0.021
 1.224,-0.020
 1.225,-0.039
 1.227,-0.040
 1.225,-0.039
 1.228,-0.040
 1.216,-0.048
 1.197,-0.048
 1.188,-0.058
 1.205,-0.038
 1.218,-0.012
 1.226,-0.021
 1.207,-0.039
 1.207,-0.039
 1.196,-0.029
 1.207,-0.039
 1.212,-0.065
 1.242,-0.057
 1.255,-0.030
 1.275, 0.006
 1.269,-0.005
 1.267, 0.015
 1.265, 0.016
 1.264, 0.016
 1.252, 0.008
 1.273,-0.011
 1.302, 0.016
 1.305, 0.015
 1.315, 0.005
 1.302,-0.021
 1.302,-0.021
 1.299, 0.017
 1.293, 0.007
 1.295, 0.006
 1.301, 0.016
 1.314, 0.024
 1.303, 0.034
 1.313, 0.006
 1.321,-0.003
 1.320,-0.021
 1.312,-0.012
 1.340, 0.016
 1.322,-0.003
 1.323,-0.022
 1.311,-0.030
 1.314,-0.031
 1.311,-0.049
 1.322,-0.040
 1.342,-0.059
 1.330,-0.067
 1.340,-0.077
 1.330,-0.067
 1.330,-0.105
 1.311,-0.123
 1.310,-0.141
 1.283,-0.132
 1.293,-0.086
 1.306,-0.079
 1.288,-0.079
 1.256,-0.105
 1.236,-0.105
 1.244,-0.113
 1.216,-0.141
 1.206,-0.150
 1.213,-0.103
 1.236,-0.068
 1.244,-0.039
 1.254,-0.030
 1.254,-0.030
 1.252,-0.011
 1.275,-0.012
 1.301,-0.021
 1.312,-0.031
 1.312, 0.006
 1.330, 0.043
 1.314, 0.061
 1.301, 0.053
 1.301, 0.053
 1.320, 0.090
 1.319, 0.109
 1.332, 0.117
 1.330, 0.099
 1.321, 0.090
 1.293, 0.118
 1.282, 0.128
 1.294, 0.136
 1.300, 0.128
 1.291, 0.118
 1.273, 0.118
 1.252, 0.119
 1.245, 0.109
 1.243, 0.109
 1.225, 0.109
 1.237, 0.118
 1.236, 0.100
 1.238, 0.099
 1.217, 0.081
 1.198, 0.063
 1.196, 0.045
 1.204, 0.054
 1.208, 0.072
 1.217, 0.081
 1.198, 0.063
 1.198, 0.044
 1.195, 0.026
 1.216, 0.026
 1.204, 0.017
 1.215, 0.008
 1.205,-0.002
 1.213,-0.010
 1.217, 0.007
 1.226,-0.002
 1.227,-0.021
 1.218,-0.012
 1.215,-0.030
 1.226,-0.002
 1.224, 0.017
 1.226,-0.002
 1.226,-0.002
 1.225,-0.020
 1.217,-0.049
 1.253,-0.011
 1.275, 0.025
 1.265, 0.053
 1.263, 0.072
 1.273, 0.044
 1.281, 0.054
 1.281, 0.054
 1.291, 0.081
 1.320, 0.090
 1.323, 0.127
 1.331, 0.155
 1.335, 0.172
 1.334, 0.154
 1.330, 0.136
 1.321, 0.127
 1.328, 0.137
 1.340, 0.145
 1.351, 0.136
 1.330, 0.099
 1.331, 0.099
 1.339, 0.090
 1.330, 0.081
 1.320, 0.072
 1.310, 0.063
 1.304, 0.052
 1.292, 0.025
 1.285,-0.003
 1.303,-0.003
 1.282,-0.039
 1.273,-0.049
 1.291,-0.067
 1.313,-0.087
 1.321,-0.096
 1.338,-0.114
 1.341,-0.115
 1.320,-0.114
 1.314,-0.106
 1.302,-0.114
 1.310,-0.123
 1.274,-0.124
 1.263,-0.151
 1.247,-0.170
 1.218,-0.161
 1.204,-0.168
 1.213,-0.159
 1.229,-0.157
 1.214,-0.141
 1.219,-0.143
 1.219,-0.143
 1.214,-0.136
 1.220,-0.163
 1.208,-0.170
 1.235,-0.160
 1.214,-0.140
 1.216,-0.141
 1.216,-0.141
 1.244,-0.132
 1.243,-0.131
 1.252,-0.122
 1.254,-0.142
 1.225,-0.169
 1.227,-0.152
 1.247,-0.115
 1.238,-0.124
 1.220,-0.125
 1.215,-0.159
 1.197,-0.160
 1.206,-0.132
 1.216,-0.104
 1.227,-0.096
 1.214,-0.085
 1.205,-0.057
 1.215,-0.029
 1.234,-0.011
 1.235, 0.026
 1.235, 0.081
 1.238, 0.062
 1.237, 0.043
 1.234, 0.026
 1.244, 0.035
 1.232, 0.045
 1.232, 0.045
 1.260, 0.054
 1.279, 0.073
 1.303, 0.090
 1.303, 0.108
 1.296, 0.080
 1.315, 0.098
 1.303, 0.090
 1.323, 0.071
 1.319, 0.053
 1.339, 0.053
 1.359, 0.053
 1.367, 0.062
 1.379, 0.071
 1.377, 0.090
 1.380, 0.052
 1.377, 0.053
 1.357, 0.072
 1.351, 0.061
 1.359, 0.053
 1.371, 0.061
 1.379, 0.089
 1.371, 0.098
 1.389, 0.098
 1.367, 0.081
 1.359, 0.090
 1.359, 0.090
 1.359, 0.090
 1.361, 0.089
 1.360, 0.071
 1.342, 0.071
 1.332, 0.062
 1.330, 0.100
 1.343, 0.126
 1.330, 0.100
 1.320, 0.090
 1.329, 0.100
 1.310, 0.118
 1.312, 0.136
 1.319, 0.146
 1.314, 0.136
 1.332, 0.136
 1.342, 0.164
 1.315, 0.191
 1.293, 0.173
 1.303, 0.146
 1.292, 0.155
 1.281, 0.165
 1.293, 0.174
 1.290, 0.174
 1.311, 0.229
 1.312, 0.266
 1.304, 0.257
 1.274, 0.248
 1.261, 0.258
 1.264, 0.257
 1.254, 0.248
 1.223, 0.221
 1.225, 0.239
 1.244, 0.258
 1.256, 0.267
 1.274, 0.229
 1.263, 0.202
 1.245, 0.183
 1.262, 0.184
 1.255, 0.174
 1.274, 0.192
 1.274, 0.192
 1.274, 0.155
 1.262, 0.147
 1.274, 0.155
 1.274, 0.155
 1.263, 0.128
 1.273, 0.137
 1.272, 0.156
 1.282, 0.128
 1.262, 0.091
 1.265, 0.072
 1.276, 0.099
 1.286, 0.108
 1.288, 0.107
 1.267, 0.089
 1.273, 0.044
 1.254, 0.026
 1.241, 0.055
 1.245, 0.072
 1.246, 0.090
 1.266, 0.071
 1.283, 0.071
 1.291, 0.044
 1.292, 0.025
 1.292, 0.007
 1.303,-0.003
 1.314,-0.013
 1.320,-0.003
 1.323, 0.034
 1.331, 0.062
 1.331, 0.062
 1.341, 0.034
 1.338, 0.035
 1.360, 0.015
 1.379, 0.034
 1.390, 0.005
 1.390,-0.013
 1.376,-0.003
 1.351, 0.006
 1.350, 0.006
 1.341, 0.034
 1.343, 0.033
 1.341,-0.003
 1.341,-0.040
 1.329,-0.049
 1.301,-0.040
 1.312,-0.049
 1.309,-0.067
 1.315,-0.069
 1.324,-0.060
 1.305,-0.041
 1.280,-0.033
 1.276,-0.051
 1.276,-0.087
 1.264,-0.096
 1.264,-0.096
 1.267,-0.097
 1.275,-0.105
 1.258,-0.125
 1.257,-0.143
 1.243,-0.150
 1.244,-0.169
 1.224,-0.168
 1.206,-0.206
 1.205,-0.224
 1.205,-0.205
 1.207,-0.188
 1.206,-0.169
 1.207,-0.188
 1.177,-0.196
 1.187,-0.224
 1.197,-0.234
 1.186,-0.242
 1.179,-0.253
 1.197,-0.253
 1.206,-0.243
 1.207,-0.263
 1.187,-0.262
 1.179,-0.253
 1.198,-0.235
 1.197,-0.234
 1.207,-0.225
 1.205,-0.224
 1.206,-0.243
 1.214,-0.233
 1.214,-0.214
 1.225,-0.150
 1.236,-0.124
 1.228,-0.115
 1.247,-0.097
 1.247,-0.097
 1.228,-0.096
 1.235,-0.142
 1.225,-0.169
 1.243,-0.150
 1.244,-0.151
 1.255,-0.161
 1.262,-0.187
 1.274,-0.216
 1.281,-0.206
 1.273,-0.216
 1.285,-0.227
 1.291,-0.234
 1.304,-0.245
 1.313,-0.254
 1.322,-0.263
 1.331,-0.254
 1.338,-0.225
 1.331,-0.198
 1.339,-0.170
 1.330,-0.179
 1.340,-0.170
 1.339,-0.133
 1.322,-0.133
 1.339,-0.133
 1.350,-0.105
 1.361,-0.078
 1.358,-0.077
 1.350,-0.069
 1.328,-0.049
 1.311,-0.049
 1.302,-0.040
 1.288,-0.047
 1.290,-0.048
 1.271,-0.030
 1.293,-0.031
 1.285,-0.022
 1.265,-0.022
 1.248,-0.060
 1.235,-0.068
 1.234,-0.086
 1.234,-0.067
 1.232,-0.066
 1.254,-0.049
 1.253,-0.030
 1.244,-0.021
 1.256, 0.025
 1.252, 0.007
 1.273, 0.025
 1.260, 0.073
 1.262, 0.109
 1.255, 0.099
 1.234, 0.063
 1.246, 0.053
 1.254, 0.044
 1.244, 0.035
 1.243, 0.017
 1.232, 0.027
 1.236, 0.044
 1.224, 0.035
 1.216, 0.063
 1.207, 0.053
 1.196, 0.063
 1.208, 0.072
 1.224, 0.091
 1.197, 0.137
 1.208, 0.127
 1.186, 0.091
 1.186, 0.091
 1.166, 0.092
 1.176, 0.082
 1.167, 0.091
 1.167, 0.091
 1.188, 0.091
 1.217, 0.118
 1.199, 0.118
 1.191, 0.090
 1.176, 0.045
 1.177, 0.026
 1.175, 0.027
 1.196, 0.045
 1.208, 0.090
 1.226, 0.091
 1.207, 0.109
 1.196, 0.119
 1.207, 0.109
 1.186, 0.110
 1.186, 0.110
 1.208, 0.128
 1.243, 0.165
 1.246, 0.183
 1.256, 0.192
 1.253, 0.174
 1.254, 0.193
 1.263, 0.239
 1.255, 0.230
 1.236, 0.193
 1.233, 0.156
 1.227, 0.146
 1.226, 0.128
 1.227, 0.109
 1.236, 0.100
 1.205, 0.073
 1.207, 0.072
 1.206, 0.073
 1.178, 0.082
 1.159, 0.063
 1.176, 0.064
 1.167, 0.054
 1.184, 0.074
 1.188, 0.054
 1.180, 0.062
 1.150, 0.035
 1.162, 0.062
 1.150, 0.072
 1.159, 0.026
 1.148,-0.001
 1.146,-0.000
 1.140, 0.007
 1.158, 0.008
 1.169,-0.002
 1.189,-0.003
 1.187,-0.039
 1.169,-0.039
 1.167,-0.001
 1.179, 0.007
 1.179,-0.030
 1.178,-0.048
 1.180,-0.087
 1.178,-0.085
 1.178,-0.104
 1.178,-0.104
 1.177,-0.103
 1.170,-0.114
 1.150,-0.113
 1.133,-0.133
 1.123,-0.124
 1.131,-0.132
 1.139,-0.141
 1.157,-0.140
 1.170,-0.170
 1.161,-0.179
 1.159,-0.159
 1.142,-0.142
 1.159,-0.141
 1.149,-0.168
 1.176,-0.177
 1.175,-0.213
 1.190,-0.207
 1.228,-0.189
 1.231,-0.209
 1.229,-0.227
 1.235,-0.234
 1.246,-0.244
 1.244,-0.243
 1.245,-0.262
 1.246,-0.244
 1.243,-0.261
 1.255,-0.253
 1.255,-0.253
 1.245,-0.281
 1.245,-0.281
 1.245,-0.281
 1.266,-0.264
 1.274,-0.291
 1.275,-0.291
 1.265,-0.282
 1.255,-0.253
 1.266,-0.264
 1.253,-0.290
 1.254,-0.271
 1.274,-0.235
 1.265,-0.226
 1.256,-0.235
 1.272,-0.233
 1.265,-0.207
 1.256,-0.198
 1.246,-0.226
 1.265,-0.244
 1.233,-0.233
 1.206,-0.206
 1.215,-0.196
 1.205,-0.205
 1.206,-0.224
 1.187,-0.242
 1.210,-0.226
 1.220,-0.180
 1.212,-0.153
 1.213,-0.154
 1.188,-0.187
 1.188,-0.187
 1.187,-0.150
 1.197,-0.141
 1.208,-0.132
 1.185,-0.130
 1.161,-0.142
 1.162,-0.124
 1.171,-0.114
 1.163,-0.124
 1.151,-0.169
 1.150,-0.168
 1.169,-0.150
 1.149,-0.094
 1.151,-0.058
 1.159,-0.030
 1.169,-0.020
 1.139, 0.008
 1.129, 0.018
 1.141, 0.045
 1.121, 0.082
 1.103, 0.082
 1.083, 0.101
 1.091, 0.111
 1.092, 0.129
 1.099, 0.176
 1.072, 0.222
 1.071, 0.241
 1.090, 0.259
 1.092, 0.296
 1.100, 0.324
 1.093, 0.352
 1.111, 0.389
 1.102, 0.417
 1.132, 0.407
 1.127, 0.389
 1.109, 0.389
 1.110, 0.407
 1.120, 0.398
 1.140, 0.379
 1.147, 0.389
 1.139, 0.379
 1.150, 0.370
 1.138, 0.361
 1.129, 0.351
 1.119, 0.342
 1.130, 0.333
 1.128, 0.333
 1.128, 0.333
 1.141, 0.360
 1.158, 0.342
 1.159, 0.323
 1.138, 0.361
 1.148, 0.370
 1.142, 0.379
 1.120, 0.361
 1.100, 0.361
 1.090, 0.408
 1.089, 0.445
 1.093, 0.463
 1.080, 0.454
 1.063, 0.417
 1.071, 0.445
 1.098, 0.472
 1.080, 0.491
 1.070, 0.500
 1.054, 0.501
 1.075, 0.519
 1.075, 0.519
 1.076, 0.501
 1.062, 0.454
 1.043, 0.436
 1.043, 0.436
 1.053, 0.408
 1.074, 0.389
 1.051, 0.371
 1.035, 0.371
 1.034, 0.389
 1.034, 0.352
 1.026, 0.324
 1.025, 0.306
 1.017, 0.278
 1.044, 0.268
 1.044, 0.250
 1.073, 0.240
 1.061, 0.232
 1.043, 0.232
 1.042, 0.250
 1.043, 0.269
 1.045, 0.268
 1.034, 0.259
 1.025, 0.231
 1.053, 0.203
 1.081, 0.176
 1.083, 0.157
 1.082, 0.138
 1.074, 0.129
 1.073, 0.110
 1.073, 0.110
 1.092, 0.110
 1.100, 0.101
 1.133, 0.091
 1.143, 0.062
 1.153, 0.034
 1.164, 0.024
 1.198,-0.012
 1.198,-0.049
 1.214,-0.085
 1.202,-0.093
 1.196,-0.085
 1.213,-0.102
 1.197,-0.104
 1.178,-0.123
 1.160,-0.160
 1.142,-0.179
 1.122,-0.216
 1.132,-0.225
 1.151,-0.207
 1.150,-0.225
 1.181,-0.254
 1.177,-0.252
 1.169,-0.206
 1.199,-0.161
 1.207,-0.170
 1.207,-0.170
 1.205,-0.168
 1.227,-0.151
 1.236,-0.104
 1.226,-0.077
 1.227,-0.058
 1.222,-0.019
 1.206,-0.002
 1.205, 0.017
 1.175, 0.046
 1.147, 0.110
 1.127, 0.111
 1.149, 0.109
 1.187, 0.146
 1.191, 0.127
 1.201, 0.098
 1.206, 0.072
 1.217, 0.025
 1.233,-0.011
 1.242,-0.001
 1.255, 0.007
 1.243,-0.021
 1.264,-0.058
 1.292,-0.086
 1.292,-0.123
 1.274,-0.124
 1.282,-0.151
 1.284,-0.152
 1.293,-0.179
 1.293,-0.179
 1.314,-0.217
 1.310,-0.197
 1.321,-0.170
 1.300,-0.132
 1.312,-0.124
 1.322,-0.115
 1.310,-0.104
 1.283,-0.077
 1.283,-0.040
 1.283,-0.040
 1.292,-0.031
 1.272,-0.030
 1.254,-0.030
 1.233, 0.008
 1.195, 0.026
 1.206, 0.054
 1.195, 0.064
 1.207, 0.072
 1.179, 0.118
 1.179, 0.118
 1.161, 0.081
 1.138, 0.045
 1.149, 0.017
 1.139, 0.008
 1.130, 0.017
 1.150, 0.054
 1.149, 0.073
 1.150, 0.091
 1.149, 0.091
 1.130, 0.073
 1.091, 0.055
 1.098, 0.065
 1.090, 0.111
 1.100, 0.138
 1.092, 0.147
 1.102, 0.138
 1.129, 0.129
 1.140, 0.156
 1.128, 0.185
 1.129, 0.166
 1.139, 0.194
 1.146, 0.203
 1.159, 0.230
 1.168, 0.277
 1.178, 0.305
 1.179, 0.323
 1.195, 0.323
 1.187, 0.332
 1.187, 0.370
 1.178, 0.342
 1.176, 0.342
 1.155, 0.342
 1.178, 0.379
 1.158, 0.379
 1.170, 0.388
 1.163, 0.397
 1.158, 0.416
 1.160, 0.416
 1.157, 0.398
 1.166, 0.370
 1.176, 0.379
 1.195, 0.397
 1.208, 0.388
 1.207, 0.406
 1.217, 0.416
 1.197, 0.434
 1.194, 0.416
 1.169, 0.407
 1.196, 0.416
 1.197, 0.434
 1.216, 0.434
 1.233, 0.434
 1.217, 0.416
 1.216, 0.397
 1.225, 0.369
 1.236, 0.360
 1.215, 0.342
 1.245, 0.313
 1.253, 0.304
 1.235, 0.304
 1.235, 0.304
 1.234, 0.304
 1.225, 0.295
 1.215, 0.267
 1.215, 0.230
 1.235, 0.230
 1.252, 0.212
 1.264, 0.202
 1.245, 0.183
 1.246, 0.164
 1.258, 0.173
 1.246, 0.164
 1.238, 0.136
 1.225, 0.109
 1.196, 0.063
 1.205, 0.073
 1.195, 0.064
 1.198, 0.063
 1.187, 0.072
 1.198, 0.063
 1.189, 0.072
 1.177, 0.063
 1.187, 0.035
 1.186, 0.054
 1.179, 0.044
 1.188, 0.053
 1.187, 0.035
 1.180, 0.025
 1.186, 0.017
 1.177, 0.026
 1.187, 0.035
 1.167, 0.036
 1.168, 0.017
 1.168, 0.017
 1.159, 0.026
 1.159, 0.044
 1.147, 0.036
 1.141, 0.044
 1.130, 0.017
 1.130, 0.017
 1.131,-0.002
 1.100, 0.008
 1.113,-0.002
 1.120,-0.010
 1.080,-0.028
 1.073,-0.038
 1.072,-0.020
 1.095,-0.021
 1.095,-0.003
 1.084,-0.012
 1.074,-0.021
 1.071,-0.038
 1.092,-0.020
 1.119, 0.027
 1.111, 0.036
 1.130, 0.054
 1.128, 0.073
 1.121, 0.082
 1.128, 0.092
 1.119, 0.120
 1.108, 0.166
 1.127, 0.185
 1.128, 0.166
 1.136, 0.194
 1.148, 0.203
 1.148, 0.203
 1.166, 0.203
 1.177, 0.193
 1.184, 0.203
 1.215, 0.193
 1.216, 0.211
 1.205, 0.202
 1.206, 0.183
 1.214, 0.175
 1.223, 0.165
 1.235, 0.174
 1.224, 0.146
 1.216, 0.137
 1.194, 0.138
 1.204, 0.128
 1.206, 0.109
 1.203, 0.073
 1.214, 0.045
 1.225, 0.035
 1.227, 0.034
 1.238, 0.024
 1.227, 0.034
 1.246, 0.052
 1.243, 0.035
 1.224, 0.017
 1.243, 0.035
 1.252, 0.082
 1.264, 0.127
 1.263, 0.146
 1.274, 0.118
 1.263, 0.109
 1.260, 0.110
 1.274, 0.136
 1.272, 0.155
 1.246, 0.127
 1.244, 0.090
 1.242, 0.072
 1.233, 0.063
 1.232, 0.082
 1.204, 0.091
 1.213, 0.100
 1.205, 0.109
 1.217, 0.155
 1.205, 0.184
 1.207, 0.183
 1.186, 0.184
 1.183, 0.203
 1.185, 0.240
 1.194, 0.249
 1.186, 0.221
 1.195, 0.193
 1.192, 0.212
 1.186, 0.221
 1.183, 0.185
 1.204, 0.147
 1.196, 0.156
 1.216, 0.193
 1.200, 0.192
 1.198, 0.174
 1.177, 0.137
 1.176, 0.119
 1.175, 0.101
 1.176, 0.119
 1.193, 0.156
 1.187, 0.165
 1.196, 0.156
 1.205, 0.147
 1.196, 0.156
 1.193, 0.138
 1.204, 0.128
 1.214, 0.119
 1.232, 0.119
 1.243, 0.128
 1.223, 0.147
 1.226, 0.127
 1.226, 0.090
 1.223, 0.073
 1.216, 0.062
 1.214, 0.063
 1.205, 0.091
 1.216, 0.118
 1.194, 0.138
 1.196, 0.156
 1.175, 0.156
 1.178, 0.156
 1.196, 0.156
 1.166, 0.147
 1.157, 0.156
 1.164, 0.166
 1.154, 0.176
 1.146, 0.185
 1.147, 0.166
 1.170, 0.165
 1.178, 0.156
 1.170, 0.146
 1.169, 0.128
 1.167, 0.091
 1.167, 0.091
 1.166, 0.073
 1.177, 0.063
 1.188, 0.053
 1.186, 0.035
 1.187,-0.002
 1.167,-0.039
 1.149,-0.132
 1.158,-0.141
 1.167,-0.169
 1.188,-0.170
 1.175,-0.177
 1.186,-0.151
 1.187,-0.132
 1.186,-0.113
 1.216,-0.105
 1.223,-0.095
 1.224,-0.077
 1.224,-0.077
 1.242,-0.039
 1.253,-0.012
 1.262, 0.016
 1.274, 0.006
 1.291, 0.025
 1.299, 0.091
 1.303, 0.108
 1.300, 0.109
 1.290, 0.063
 1.280, 0.072
 1.289, 0.081
 1.299, 0.091
 1.299, 0.091
 1.303, 0.108
 1.332, 0.117
 1.315, 0.117
 1.315, 0.117
 1.300, 0.109
 1.291, 0.118
 1.291, 0.118
 1.274, 0.118
 1.267, 0.108
 1.255, 0.136
 1.264, 0.127
 1.298, 0.109
 1.273, 0.074
 1.265, 0.083
 1.268, 0.101
 1.254, 0.118
 1.245, 0.127
 1.237, 0.136
 1.246, 0.145
 1.250, 0.138
 1.268, 0.156
 1.259, 0.184
 1.233, 0.193
 1.246, 0.183
 1.223, 0.184
 1.215, 0.193
 1.222, 0.203
 1.221, 0.184
 1.213, 0.193
 1.232, 0.174
 1.206, 0.183
 1.224, 0.221
 1.204, 0.240
 1.204, 0.240
 1.200, 0.222
 1.209, 0.213
 1.210, 0.231
 1.223, 0.258
 1.237, 0.304
 1.246, 0.313
 1.229, 0.313
 1.226, 0.276
 1.213, 0.249
 1.204, 0.221
 1.192, 0.249
 1.195, 0.267
 1.197, 0.249
 1.204, 0.221
 1.207, 0.220
 1.222, 0.184
 1.187, 0.146
 1.194, 0.119
 1.184, 0.110
 1.206, 0.128
 1.213, 0.138
 1.216, 0.137
 1.225, 0.146
 1.223, 0.147
 1.203, 0.166
 1.202, 0.184
 1.205, 0.202
 1.215, 0.193
 1.224, 0.184
 1.244, 0.183
 1.241, 0.165
 1.243, 0.202
 1.244, 0.220
 1.253, 0.230
 1.264, 0.202
 1.241, 0.203
 1.233, 0.193
 1.223, 0.221
 1.232, 0.230
 1.242, 0.239
 1.233, 0.267
 1.256, 0.285
 1.256, 0.304
 1.237, 0.304
 1.237, 0.304
 1.195, 0.286
 1.215, 0.304
 1.214, 0.304
 1.224, 0.314
 1.225, 0.332
 1.214, 0.342
 1.216, 0.323
 1.215, 0.304
 1.215, 0.286
 1.224, 0.295
 1.223, 0.295
 1.205, 0.295
 1.215, 0.323
 1.215, 0.323
 1.206, 0.314
 1.203, 0.314
 1.215, 0.323
 1.214, 0.342
 1.224, 0.351
 1.206, 0.351
 1.194, 0.360
 1.186, 0.370
 1.196, 0.379
 1.186, 0.407
 1.177, 0.416
 1.175, 0.416
 1.176, 0.435
 1.174, 0.435
 1.146, 0.426
 1.157, 0.416
 1.145, 0.407
 1.137, 0.417
 1.158, 0.435
 1.169, 0.463
 1.160, 0.453
 1.138, 0.472
 1.131, 0.463
 1.137, 0.454
 1.136, 0.435
 1.145, 0.444
 1.155, 0.491
 1.157, 0.491
 1.166, 0.481
 1.177, 0.472
 1.185, 0.463
 1.203, 0.462
 1.196, 0.453
 1.204, 0.444
 1.223, 0.425
 1.244, 0.425
 1.242, 0.443
 1.264, 0.425
 1.252, 0.416
 1.262, 0.388
 1.253, 0.378
 1.271, 0.341
 1.283, 0.313
 1.300, 0.294
 1.300, 0.257
 1.300, 0.257
 1.290, 0.230
 1.293, 0.210
 1.311, 0.192
 1.300, 0.164
 1.300, 0.164
 1.298, 0.165
 1.292, 0.136
 1.308, 0.118
 1.289, 0.100
 1.283, 0.090
 1.293, 0.080
 1.305, 0.070
 1.295, 0.061
 1.284, 0.034
 1.271, 0.007
 1.271,-0.030
 1.263,-0.058
 1.281,-0.058
 1.272,-0.086
 1.284,-0.096
 1.291,-0.123
 1.284,-0.134
 1.283,-0.151
 1.283,-0.170
 1.295,-0.180
 1.302,-0.207
 1.277,-0.237
 1.267,-0.246
 1.245,-0.263
 1.225,-0.262
 1.213,-0.270
 1.196,-0.290
 1.186,-0.299
 1.187,-0.281
 1.180,-0.255
 1.159,-0.234
 1.141,-0.198
 1.120,-0.197
 1.130,-0.225
 1.109,-0.224
 1.079,-0.213
 1.053,-0.187
 1.022,-0.139
 1.014,-0.112
 1.023,-0.103
 1.002,-0.101
 0.995,-0.130
 0.995,-0.130
 1.006,-0.141
 0.998,-0.114
 1.016,-0.113
 1.006,-0.141
 1.003,-0.157
 0.984,-0.176
 1.005,-0.177
 1.004,-0.140
 1.015,-0.113
 1.032,-0.093
 1.033,-0.112
 1.051,-0.093
 1.031,-0.092
 1.053,-0.094
 1.062,-0.103
 1.080,-0.103
 1.092,-0.095
 1.110,-0.094
 1.111,-0.113
 1.108,-0.131
 1.119,-0.140
 1.138,-0.122
 1.147,-0.094
 1.140,-0.086
 1.158,-0.086
 1.148,-0.132
 1.158,-0.123
 1.166,-0.113
 1.168,-0.113
 1.175,-0.103
 1.157,-0.104
 1.166,-0.094
 1.174,-0.084
 1.187,-0.095
 1.202,-0.093
 1.196,-0.085
 1.217,-0.049
 1.217,-0.049
 1.240,-0.051
 1.226,-0.059
 1.217,-0.049
 1.216,-0.067
 1.212,-0.047
 1.235,-0.012
 1.233, 0.007
 1.244,-0.002
 1.245, 0.016
 1.233, 0.007
 1.233, 0.007
 1.252, 0.026
 1.254, 0.025
 1.255, 0.025
 1.253, 0.007
 1.245, 0.016
 1.262,-0.002
 1.253, 0.007
 1.272, 0.007
 1.279, 0.035
 1.264, 0.071
 1.252, 0.081
 1.236, 0.062
 1.234, 0.063
 1.232, 0.063
 1.234, 0.100
 1.223, 0.110
 1.215, 0.100
 1.186, 0.091
 1.165, 0.092
 1.165, 0.092
 1.154, 0.139
 1.156, 0.138
 1.167, 0.165
 1.149, 0.165
 1.151, 0.165
 1.169, 0.165
 1.149, 0.165
 1.130, 0.147
 1.117, 0.157
 1.139, 0.156
 1.127, 0.185
 1.139, 0.193
 1.140, 0.212
 1.137, 0.212
 1.138, 0.231
 1.137, 0.212
 1.119, 0.212
 1.109, 0.203
 1.109, 0.203
 1.112, 0.203
 1.120, 0.194
 1.119, 0.175
 1.110, 0.166
 1.126, 0.166
 1.119, 0.175
 1.098, 0.194
 1.111, 0.184
 1.120, 0.194
 1.120, 0.194
 1.102, 0.193
 1.098, 0.176
 1.108, 0.185
 1.109, 0.203
 1.098, 0.213
 1.092, 0.222
 1.089, 0.204
 1.089, 0.204
 1.090, 0.222
 1.081, 0.231
 1.093, 0.240
 1.082, 0.231
 1.065, 0.212
 1.072, 0.222
 1.070, 0.222
 1.061, 0.231
 1.078, 0.250
 1.100, 0.287
 1.101, 0.305
 1.102, 0.286
 1.101, 0.305
 1.109, 0.296
 1.120, 0.286
 1.119, 0.305
 1.110, 0.315
 1.111, 0.333
 1.120, 0.324
 1.120, 0.324
 1.139, 0.305
 1.137, 0.305
 1.149, 0.314
 1.148, 0.333
 1.150, 0.333
 1.140, 0.305
 1.137, 0.305
 1.140, 0.305
 1.148, 0.296
 1.149, 0.277
 1.159, 0.267
 1.157, 0.268
 1.158, 0.286
 1.147, 0.296
 1.158, 0.286
 1.156, 0.287
 1.146, 0.277
 1.159, 0.267
 1.159, 0.267
 1.153, 0.276
 1.172, 0.276
 1.159, 0.249
 1.160, 0.230
 1.156, 0.212
 1.148, 0.184
 1.157, 0.194
 1.156, 0.212
 1.179, 0.211
 1.188, 0.221
 1.199, 0.211
 1.189, 0.220
 1.169, 0.202
 1.179, 0.193
 1.175, 0.194
 1.168, 0.184
 1.157, 0.193
 1.157, 0.194
 1.141, 0.212
 1.138, 0.212
 1.130, 0.184
 1.129, 0.166
 1.119, 0.157
 1.112, 0.147
 1.090, 0.148
 1.092, 0.110
 1.091, 0.092
 1.081, 0.083
 1.092, 0.110
 1.071, 0.092
 1.063, 0.082
 1.043, 0.083
 1.042, 0.102
 1.062, 0.101
 1.051, 0.093
 1.054, 0.073
 1.064, 0.082
 1.083, 0.082
 1.076, 0.109
 1.045, 0.119
 1.026, 0.101
 1.024, 0.102
 1.013, 0.111
 1.007, 0.120
 1.004, 0.120
 1.007, 0.120
 0.995, 0.111
 0.985, 0.121
 0.986, 0.102
 0.956, 0.093
 0.987, 0.083
 0.996, 0.092
 1.015, 0.092
 1.016, 0.073
 1.003, 0.084
 1.014, 0.092
 1.005, 0.083
 1.023, 0.083
 1.025, 0.082
 1.033, 0.093
 1.035, 0.092
 1.034, 0.111
 1.043, 0.120
 1.053, 0.129
 1.060, 0.139
 1.072, 0.148
 1.071, 0.167
 1.051, 0.185
 1.043, 0.194
 1.070, 0.204
 1.062, 0.213
 1.082, 0.250
 1.082, 0.250
 1.084, 0.249
 1.083, 0.268
 1.075, 0.258
 1.064, 0.250
 1.071, 0.259
 1.062, 0.268
 1.061, 0.287
 1.073, 0.296
 1.081, 0.287
 1.081, 0.287
 1.081, 0.324
 1.089, 0.333
 1.091, 0.333
 1.091, 0.333
 1.080, 0.306
 1.072, 0.352
 1.100, 0.380
 1.091, 0.370
 1.099, 0.343
 1.097, 0.343
 1.091, 0.370
 1.109, 0.370
 1.093, 0.370
 1.091, 0.333
 1.108, 0.315
 1.108, 0.315
 1.117, 0.324
 1.120, 0.324
 1.101, 0.305
 1.091, 0.296
 1.092, 0.277
 1.071, 0.259
 1.081, 0.268
 1.079, 0.287
 1.072, 0.278
 1.084, 0.286
 1.093, 0.277
 1.095, 0.277
 1.084, 0.286
 1.063, 0.231
 1.052, 0.204
 1.070, 0.204
 1.063, 0.231
 1.072, 0.240
 1.063, 0.231
 1.074, 0.221
 1.062, 0.213
 1.062, 0.175
 1.053, 0.166
 1.071, 0.167
 1.063, 0.194
 1.072, 0.185
 1.065, 0.175
 1.073, 0.166
 1.082, 0.157
 1.092, 0.147
 1.071, 0.129
 1.054, 0.110
 1.063, 0.101
 1.081, 0.101
 1.073, 0.091
 1.072, 0.073
 1.073, 0.054
 1.071, 0.055
 1.072, 0.036
 1.044, 0.045
 1.024, 0.046
 1.016, 0.036
 1.024, 0.009
 1.032, 0.000
 1.043,-0.010
 1.025,-0.010
 1.009,-0.012
 1.018,-0.021
 0.998,-0.039
 1.017,-0.076
 1.004,-0.083
 1.005,-0.084
 1.005,-0.084
 1.005,-0.047
 1.026,-0.029
 1.025,-0.047
 1.016,-0.057
 1.024,-0.065
 1.044,-0.066
 1.065,-0.067
 1.093,-0.076
 1.095,-0.077
 1.084,-0.067
 1.075,-0.077
 1.076,-0.096
 1.083,-0.104
 1.065,-0.104
 1.064,-0.085
 1.064,-0.085
 1.064,-0.066
 1.041,-0.083
 1.053,-0.075
 1.062,-0.066
 1.054,-0.057
 1.064,-0.030
 1.063,-0.011
 1.082,-0.029
 1.070,-0.056
 1.051,-0.074
 1.052,-0.056
 1.060,-0.065
 1.074,-0.057
 1.084,-0.048
 1.085,-0.068
 1.105,-0.068
 1.083,-0.066
 1.084,-0.086
 1.053,-0.075
 1.043,-0.066
 1.043,-0.029
 1.052, 0.018
 1.045, 0.008
 1.043, 0.027
 1.043, 0.009
 1.053, 0.036
 1.042, 0.046
 1.044, 0.045
 1.044, 0.045
 1.034, 0.074
 1.026, 0.082
 1.014, 0.074
 1.043, 0.064
 1.062, 0.083
 1.063, 0.101
 1.064, 0.119
 1.072, 0.110
 1.092, 0.147
 1.072, 0.148
 1.082, 0.138
 1.073, 0.129
 1.072, 0.110
 1.073, 0.091
 1.081, 0.101
 1.062, 0.083
 1.061, 0.083
 1.069, 0.056
 1.062, 0.046
 1.082, 0.045
 1.084, 0.044
 1.095, 0.035
 1.102, 0.045
 1.093, 0.035
 1.091,-0.001
 1.071,-0.038
 1.071,-0.038
 1.109,-0.001
 1.122, 0.026
 1.131, 0.017
 1.111, 0.035
 1.111, 0.073
 1.089, 0.093
 1.082, 0.138
 1.072, 0.148
 1.081, 0.157
 1.092, 0.184
 1.063, 0.194
 1.074, 0.184
 1.071, 0.166
 1.061, 0.157
 1.044, 0.175
 1.053, 0.129
 1.063, 0.138
 1.081, 0.175
 1.127, 0.185
 1.185, 0.165
 1.176, 0.156
 1.151, 0.146
 1.139, 0.156
 1.121, 0.156
 1.113, 0.184
 1.097, 0.213
 1.099, 0.213
 1.100, 0.231
 1.091, 0.222
 1.084, 0.212
 1.084, 0.174
 1.065, 0.119
 1.062, 0.064
 1.062, 0.027
 1.092,-0.002
 1.111,-0.002
 1.139,-0.048
 1.168,-0.058
 1.167,-0.076
 1.166,-0.094
 1.154,-0.102
 1.140,-0.123
 1.130,-0.132
 1.131,-0.169
 1.113,-0.170
 1.118,-0.196
 1.091,-0.187
 1.091,-0.187
 1.084,-0.235
 1.083,-0.290
 1.051,-0.297
 1.045,-0.290
 1.044,-0.308
 1.053,-0.354
 1.050,-0.389
 1.038,-0.396
 1.060,-0.436
 1.051,-0.482
 1.043,-0.493
 1.084,-0.458
 1.093,-0.467
 1.104,-0.459
 1.103,-0.440
 1.074,-0.467
 1.064,-0.457
 1.042,-0.436
 1.036,-0.430
 1.045,-0.439
 1.044,-0.457
 1.044,-0.494
 1.042,-0.492
 1.054,-0.466
 1.043,-0.456
 1.043,-0.456
 1.062,-0.456
 1.061,-0.474
 1.073,-0.467
 1.092,-0.486
 1.073,-0.504
 1.092,-0.447
 1.061,-0.399
 1.074,-0.392
 1.062,-0.400
 1.072,-0.429
 1.054,-0.429
 1.052,-0.428
 1.064,-0.421
 1.054,-0.429
 1.025,-0.457
 1.033,-0.446
 1.023,-0.436
 1.034,-0.429
 1.054,-0.411
 1.065,-0.403
 1.066,-0.385
 1.044,-0.383
 1.035,-0.412
 1.042,-0.419
 1.043,-0.438
 1.054,-0.448
 1.061,-0.436
 1.082,-0.420
 1.071,-0.409
 1.063,-0.438
 1.064,-0.402
 1.064,-0.402
 1.057,-0.413
 1.035,-0.429
 1.056,-0.430
 1.058,-0.432
 1.086,-0.423
 1.079,-0.453
 1.077,-0.451
 1.066,-0.459
 1.052,-0.428
 1.029,-0.424
 1.040,-0.397
 1.058,-0.397
 1.070,-0.407
 1.073,-0.410
 1.071,-0.391
 1.072,-0.373
 1.080,-0.344
 1.081,-0.345
 1.101,-0.346
 1.112,-0.355
 1.114,-0.357
 1.112,-0.355
 1.101,-0.383
 1.090,-0.391
 1.090,-0.391
 1.103,-0.402
 1.111,-0.374
 1.121,-0.402
 1.130,-0.392
 1.128,-0.390
 1.120,-0.419
 1.119,-0.437
 1.140,-0.457
 1.131,-0.449
 1.140,-0.458
 1.171,-0.469
 1.160,-0.458
 1.159,-0.439
 1.140,-0.458
 1.147,-0.446
 1.150,-0.448
 1.157,-0.474
 1.148,-0.466
 1.149,-0.411
 1.110,-0.391
 1.111,-0.410
 1.118,-0.418
 1.109,-0.409
 1.131,-0.412
 1.131,-0.411
 1.145,-0.424
 1.142,-0.460
 1.132,-0.524
 1.131,-0.542
 1.101,-0.549
 1.122,-0.551
 1.090,-0.594
 1.080,-0.584
 1.082,-0.549
 1.081,-0.567
 1.063,-0.605
 1.044,-0.623
 1.045,-0.643
 1.044,-0.662
 1.034,-0.670
 1.044,-0.662
 1.034,-0.670
 1.054,-0.689
 1.034,-0.689
 1.004,-0.659
 1.016,-0.634
 1.005,-0.604
 0.986,-0.605
 0.967,-0.624
 0.955,-0.612
 0.965,-0.547
 0.974,-0.500
 0.976,-0.502
 0.975,-0.464
 0.966,-0.437
 0.989,-0.366
 1.007,-0.346
 0.998,-0.375
 0.996,-0.373
 1.024,-0.363
 1.016,-0.336
 1.015,-0.317
 1.016,-0.299
 1.035,-0.280
 1.033,-0.261
 1.064,-0.234
 1.052,-0.205
 1.034,-0.205
 1.033,-0.223
 1.022,-0.213
 1.063,-0.197
 1.052,-0.167
 1.071,-0.149
 1.091,-0.131
 1.100,-0.122
 1.072,-0.132
 1.090,-0.131
 1.110,-0.113
 1.120,-0.085
 1.110,-0.094
 1.111,-0.095
 1.108,-0.094
 1.101,-0.104
 1.101,-0.104
 1.108,-0.093
 1.092,-0.095
 1.111,-0.095
 1.102,-0.123
 1.104,-0.124
 1.102,-0.123
 1.102,-0.086
 1.091,-0.075
 1.072,-0.094
 1.071,-0.057
 1.081,-0.047
 1.063,-0.030
 1.052,-0.038
 1.063,-0.048
 1.043,-0.028
 1.061,-0.029
 1.064,-0.030
 1.081,-0.047
 1.082,-0.066
 1.082,-0.066
 1.091,-0.075
 1.074,-0.095
 1.080,-0.103
 1.081,-0.122
 1.092,-0.095
 1.091,-0.094
 1.092,-0.095
 1.090,-0.112
 1.082,-0.141
 1.092,-0.169
 1.090,-0.186
 1.093,-0.226
 1.109,-0.223
 1.111,-0.224
 1.103,-0.235
 1.103,-0.198
 1.105,-0.199
 1.093,-0.188
 1.113,-0.189
 1.102,-0.178
 1.081,-0.158
 1.091,-0.131
 1.080,-0.121
 1.073,-0.095
 1.073,-0.095
 1.072,-0.113
 1.074,-0.114
 1.071,-0.131
 1.084,-0.142
 1.074,-0.151
 1.073,-0.169
 1.075,-0.188
 1.082,-0.178
 1.075,-0.188
 1.075,-0.188
 1.054,-0.225
 1.064,-0.216
 1.082,-0.215
 1.083,-0.197
 1.063,-0.196
 1.062,-0.214
 1.054,-0.187
 1.053,-0.168
 1.045,-0.178
 1.044,-0.196
 1.023,-0.213
 1.013,-0.204
 1.022,-0.194
 1.008,-0.160
 1.019,-0.171
 1.018,-0.170
 1.008,-0.160
 0.985,-0.177
 0.977,-0.205
 0.986,-0.196
 0.985,-0.177
 0.997,-0.150
 0.995,-0.168
 1.015,-0.168
 1.005,-0.177
 1.013,-0.167
 1.015,-0.131
 1.024,-0.121
 1.034,-0.112
 1.043,-0.103
 1.034,-0.075
 1.035,-0.057
 1.042,-0.046
 1.053,-0.019
 1.053,-0.001
 1.045, 0.008
 1.054, 0.017
 1.052, 0.018
 1.045,-0.029
 1.034,-0.019
 1.034,-0.019
 1.045, 0.008
 1.042, 0.009
 1.024, 0.008
 1.005, 0.028
 0.984, 0.028
 1.013, 0.056
 1.031, 0.093
 1.025, 0.101
 1.025, 0.101
 1.026, 0.119
 1.038, 0.128
 1.026, 0.082
 1.005, 0.064
 1.004, 0.083
 1.012, 0.112
 1.015, 0.129
 1.032, 0.130
 1.043, 0.138
 1.053, 0.110
 1.061, 0.101
 1.043, 0.101
 1.072, 0.092
 1.074, 0.091
 1.083, 0.082
 1.091, 0.073
 1.092, 0.054
 1.099, 0.046
 1.090, 0.055
 1.120, 0.045
 1.101, 0.026
 1.102, 0.007
 1.100, 0.008
 1.101, 0.008
 1.111, 0.017
 1.120, 0.008
 1.139,-0.011
 1.125,-0.019
 1.119,-0.010
 1.100,-0.029
 1.099,-0.047
 1.099,-0.066
 1.107,-0.056
 1.111,-0.039
 1.111,-0.039
 1.102,-0.049
 1.094,-0.059
 1.072,-0.057
 1.081,-0.085
 1.090,-0.094
 1.080,-0.084
 1.092,-0.095
 1.089,-0.112
 1.072,-0.132
 1.072,-0.132
 1.080,-0.159
 1.053,-0.169
 1.070,-0.149
 1.052,-0.131
 1.052,-0.094
 1.062,-0.085
 1.073,-0.076
 1.061,-0.066
 1.034,-0.057
 1.042,-0.029
 1.032,-0.001
 1.014,-0.001
 1.004,-0.010
 0.996,-0.039
 0.985,-0.010
 0.985,-0.010
 0.957,-0.019
 0.955,-0.018
 0.937,-0.019
 0.926,-0.046
 0.917,-0.055
 0.917,-0.037
 0.908,-0.046
 0.909,-0.047
 0.920,-0.019
 0.930, 0.008
 0.932, 0.007
 0.938,-0.000
 0.948, 0.009
 0.937, 0.019
 0.948, 0.009
 0.938, 0.018
 0.946, 0.010
 0.976, 0.018
 0.977, 0.037
