 0.825,-1.455
 0.835,-1.483
 0.820,-1.487
 0.805,-1.474
 0.806,-1.476
 0.814,-1.465
 0.815,-1.485
 0.782,-1.467
 0.732,-1.465
 0.689,-1.452
 0.630,-1.422
 0.581,-1.374
 0.556,-1.347
 0.507,-1.347
 0.460,-1.383
 0.419,-1.395
 0.355,-1.354
 0.296,-1.281
 0.288,-1.223
 0.288,-1.175
 0.320,-1.124
 0.345,-1.083
 0.408,-1.092
 0.471,-1.088
 0.513,-1.084
 0.530,-1.088
 0.541,-1.089
 0.527,-1.095
 0.520,-1.090
 0.528,-1.097
 0.508,-1.151
 0.476,-1.196
 0.466,-1.214
 0.483,-1.216
 0.509,-1.212
 0.533,-1.219
 0.583,-1.255
 0.615,-1.252
 0.648,-1.271
 0.657,-1.294
 0.622,-1.318
 0.574,-1.335
 0.517,-1.327
 0.477,-1.307
 0.454,-1.289
 0.470,-1.290
 0.446,-1.284
 0.477,-1.294
 0.510,-1.323
 0.524,-1.366
 0.531,-1.370
 0.541,-1.384
 0.559,-1.387
 0.585,-1.416
 0.577,-1.472
 0.552,-1.509
 0.537,-1.545
 0.520,-1.557
 0.512,-1.613
 0.504,-1.650
 0.472,-1.666
 0.415,-1.660
 0.341,-1.617
 0.284,-1.608
 0.242,-1.613
 0.218,-1.618
 0.194,-1.630
 0.169,-1.637
 0.153,-1.640
 0.161,-1.631
 0.169,-1.651
 0.161,-1.663
 0.178,-1.677
 0.186,-1.660
 0.178,-1.621
 0.153,-1.593
 0.136,-1.591
 0.103,-1.601
 0.071,-1.602
 0.046,-1.599
 0.055,-1.576
 0.071,-1.546
 0.112,-1.546
 0.160,-1.547
 0.193,-1.517
 0.209,-1.490
 0.210,-1.465
 0.201,-1.437
 0.202,-1.421
 0.217,-1.404
 0.274,-1.392
 0.307,-1.364
 0.356,-1.345
 0.406,-1.318
 0.431,-1.297
 0.505,-1.225
 0.547,-1.169
 0.543,-1.158
 0.550,-1.194
 0.541,-1.217
 0.543,-1.205
 0.537,-1.175
 0.523,-1.133
 0.499,-1.127
 0.481,-1.124
 0.495,-1.131
 0.543,-1.146
 0.568,-1.154
 0.585,-1.142
 0.610,-1.135
 0.634,-1.141
 0.674,-1.165
 0.689,-1.192
 0.691,-1.230
 0.676,-1.248
 0.652,-1.289
 0.596,-1.315
 0.578,-1.327
 0.569,-1.333
 0.536,-1.347
 0.527,-1.338
 0.521,-1.332
 0.544,-1.306
 0.552,-1.314
 0.527,-1.336
 0.479,-1.336
 0.456,-1.319
 0.423,-1.304
 0.383,-1.316
 0.342,-1.305
 0.259,-1.301
 0.210,-1.299
 0.161,-1.280
 0.088,-1.259
-0.010,-1.243
-0.035,-1.228
-0.034,-1.223
-0.034,-1.238
-0.042,-1.252
-0.051,-1.251
-0.059,-1.245
-0.059,-1.231
-0.035,-1.219
-0.018,-1.234
 0.006,-1.240
 0.014,-1.250
 0.014,-1.256
-0.043,-1.264
-0.084,-1.271
-0.116,-1.251
-0.090,-1.220
-0.000,-1.176
 0.105,-1.164
 0.211,-1.146
 0.293,-1.104
 0.359,-1.078
 0.409,-1.065
 0.491,-1.065
 0.590,-1.084
 0.631,-1.091
 0.662,-1.089
 0.711,-1.088
 0.773,-1.098
 0.839,-1.100
 0.905,-1.086
 0.955,-1.089
 0.998,-1.069
 1.036,-1.058
 1.062,-1.054
 1.038,-1.046
 0.924,-1.078
 0.743,-1.107
 0.529,-1.133
 0.334,-1.180
 0.245,-1.187
 0.220,-1.226
 0.220,-1.275
 0.204,-1.302
 0.196,-1.344
 0.155,-1.400
 0.197,-1.473
 0.296,-1.543
 0.429,-1.658
 0.488,-1.729
 0.486,-1.690
 0.444,-1.645
 0.371,-1.605
 0.305,-1.585
 0.241,-1.560
 0.209,-1.533
 0.192,-1.505
 0.133,-1.442
 0.100,-1.415
 0.051,-1.381
 0.026,-1.345
 0.051,-1.313
 0.108,-1.264
 0.166,-1.258
 0.207,-1.251
 0.231,-1.238
 0.247,-1.248
 0.255,-1.225
 0.271,-1.239
 0.280,-1.219
 0.296,-1.173
 0.321,-1.134
 0.353,-1.088
 0.377,-1.063
 0.394,-1.032
 0.377,-0.983
 0.336,-0.928
 0.345,-0.873
 0.400,-0.828
 0.482,-0.781
 0.539,-0.743
 0.548,-0.721
 0.516,-0.738
 0.476,-0.730
 0.427,-0.748
 0.369,-0.784
 0.320,-0.831
 0.304,-0.864
 0.271,-0.925
 0.198,-0.966
 0.133,-0.978
 0.084,-0.991
 0.100,-1.007
 0.124,-1.031
 0.149,-1.045
 0.174,-1.023
 0.191,-1.023
 0.191,-1.022
 0.167,-1.041
 0.159,-1.051
 0.134,-1.058
 0.126,-1.069
 0.102,-1.079
 0.077,-1.101
 0.036,-1.109
-0.021,-1.129
-0.078,-1.151
-0.151,-1.143
-0.175,-1.117
-0.176,-1.104
-0.151,-1.110
-0.110,-1.118
-0.070,-1.099
-0.021,-1.116
 0.027,-1.133
 0.060,-1.177
 0.044,-1.210
 0.028,-1.226
 0.036,-1.235
 0.077,-1.261
 0.102,-1.298
 0.151,-1.328
 0.167,-1.390
 0.184,-1.406
 0.168,-1.443
 0.143,-1.434
 0.119,-1.460
 0.078,-1.464
 0.062,-1.473
 0.054,-1.481
 0.054,-1.497
 0.029,-1.514
 0.029,-1.519
 0.038,-1.525
 0.079,-1.534
 0.095,-1.559
 0.095,-1.587
 0.120,-1.595
 0.104,-1.610
 0.038,-1.617
 0.006,-1.601
-0.052,-1.607
-0.084,-1.605
-0.117,-1.585
-0.158,-1.564
-0.157,-1.530
-0.134,-1.511
-0.126,-1.487
-0.069,-1.446
-0.012,-1.424
 0.046,-1.412
 0.070,-1.407
 0.053,-1.391
 0.021,-1.373
 0.013,-1.352
 0.012,-1.320
 0.021,-1.318
 0.013,-1.293
-0.012,-1.252
-0.020,-1.245
-0.019,-1.209
-0.044,-1.217
-0.068,-1.240
-0.084,-1.238
-0.068,-1.243
-0.060,-1.250
-0.060,-1.282
-0.068,-1.300
-0.059,-1.320
-0.043,-1.368
-0.083,-1.422
-0.125,-1.456
-0.158,-1.466
-0.225,-1.451
-0.240,-1.466
-0.255,-1.471
-0.247,-1.505
-0.213,-1.516
-0.189,-1.509
-0.141,-1.501
-0.133,-1.476
-0.149,-1.492
-0.133,-1.476
-0.149,-1.474
-0.157,-1.499
-0.116,-1.490
-0.091,-1.505
-0.059,-1.507
-0.051,-1.482
-0.010,-1.461
 0.022,-1.458
 0.047,-1.469
 0.056,-1.478
 0.072,-1.494
 0.097,-1.504
 0.097,-1.498
 0.080,-1.450
 0.064,-1.416
 0.031,-1.384
-0.017,-1.368
-0.050,-1.348
-0.075,-1.327
-0.083,-1.300
-0.050,-1.299
-0.018,-1.304
-0.018,-1.321
-0.043,-1.319
-0.068,-1.311
-0.092,-1.331
-0.132,-1.347
-0.164,-1.372
-0.238,-1.415
-0.312,-1.395
-0.370,-1.392
-0.412,-1.388
-0.435,-1.406
-0.419,-1.456
-0.402,-1.470
-0.370,-1.470
-0.330,-1.435
-0.288,-1.422
-0.264,-1.431
-0.247,-1.443
-0.230,-1.442
-0.199,-1.415
-0.198,-1.399
-0.174,-1.394
-0.190,-1.406
-0.165,-1.414
-0.141,-1.409
-0.076,-1.376
-0.019,-1.371
 0.038,-1.377
 0.103,-1.411
 0.144,-1.418
 0.201,-1.456
 0.218,-1.458
 0.242,-1.479
 0.267,-1.485
 0.275,-1.510
 0.291,-1.511
 0.300,-1.521
 0.291,-1.556
 0.275,-1.571
 0.260,-1.579
 0.235,-1.569
 0.211,-1.550
 0.186,-1.511
 0.210,-1.489
 0.226,-1.443
 0.233,-1.401
 0.224,-1.377
 0.183,-1.367
 0.150,-1.362
 0.134,-1.355
 0.166,-1.377
 0.158,-1.404
 0.151,-1.431
 0.110,-1.448
 0.062,-1.483
 0.013,-1.575
-0.035,-1.670
-0.099,-1.747
-0.123,-1.839
-0.156,-1.897
-0.230,-1.889
-0.338,-1.867
-0.426,-1.865
-0.473,-1.872
-0.455,-1.869
-0.387,-1.841
-0.322,-1.874
-0.273,-1.876
-0.258,-1.916
-0.243,-1.909
-0.235,-1.931
-0.267,-1.951
-0.291,-1.956
-0.324,-1.922
-0.317,-1.869
-0.326,-1.814
-0.302,-1.780
-0.293,-1.753
-0.333,-1.740
-0.340,-1.725
-0.348,-1.698
-0.350,-1.674
-0.334,-1.612
-0.343,-1.557
-0.360,-1.511
-0.359,-1.476
-0.368,-1.471
-0.319,-1.437
-0.311,-1.398
-0.328,-1.349
-0.327,-1.314
-0.344,-1.301
-0.329,-1.287
-0.313,-1.242
-0.272,-1.220
-0.247,-1.176
-0.190,-1.135
-0.175,-1.020
-0.143,-0.927
-0.112,-0.837
-0.088,-0.784
-0.039,-0.755
 0.019,-0.760
 0.043,-0.795
 0.060,-0.823
 0.052,-0.861
 0.060,-0.874
 0.028,-0.907
 0.028,-0.927
-0.022,-0.926
-0.030,-0.931
-0.088,-0.956
-0.170,-1.003
-0.228,-0.996
-0.227,-0.979
-0.217,-0.998
-0.201,-1.058
-0.192,-1.129
-0.218,-1.159
-0.244,-1.189
-0.235,-1.198
-0.227,-1.239
-0.234,-1.319
-0.250,-1.381
-0.234,-1.415
-0.234,-1.447
-0.209,-1.425
-0.217,-1.417
-0.249,-1.416
-0.265,-1.446
-0.289,-1.469
-0.289,-1.471
-0.238,-1.465
-0.189,-1.481
-0.156,-1.511
-0.156,-1.545
-0.115,-1.593
-0.074,-1.622
-0.058,-1.644
-0.033,-1.665
 0.001,-1.720
 0.050,-1.764
 0.108,-1.781
 0.149,-1.829
 0.198,-1.801
 0.197,-1.753
 0.229,-1.724
 0.220,-1.693
 0.212,-1.684
 0.204,-1.645
 0.171,-1.565
 0.130,-1.452
 0.064,-1.370
 0.006,-1.331
-0.043,-1.311
-0.092,-1.342
-0.125,-1.347
-0.175,-1.327
-0.223,-1.325
-0.206,-1.337
-0.214,-1.391
-0.183,-1.428
-0.191,-1.470
-0.200,-1.486
-0.216,-1.502
-0.247,-1.572
-0.352,-1.656
-0.458,-1.708
-0.540,-1.762
-0.599,-1.761
-0.656,-1.753
-0.704,-1.783
-0.707,-1.842
-0.666,-1.894
-0.601,-1.960
-0.554,-2.001
-0.465,-2.036
-0.414,-2.080
-0.414,-2.062
-0.438,-2.016
-0.469,-1.975
-0.479,-1.939
-0.503,-1.900
-0.513,-1.867
-0.497,-1.838
-0.497,-1.804
-0.441,-1.766
-0.383,-1.707
-0.302,-1.676
-0.252,-1.643
-0.220,-1.610
-0.196,-1.601
-0.179,-1.580
-0.196,-1.553
-0.222,-1.504
-0.255,-1.443
-0.272,-1.413
-0.271,-1.392
-0.272,-1.376
-0.247,-1.350
-0.239,-1.342
-0.207,-1.329
-0.166,-1.304
-0.100,-1.290
-0.043,-1.298
-0.026,-1.297
-0.019,-1.275
-0.027,-1.232
-0.051,-1.226
-0.035,-1.224
-0.018,-1.237
-0.011,-1.230
-0.043,-1.213
-0.043,-1.201
-0.044,-1.172
-0.011,-1.172
 0.022,-1.173
 0.055,-1.185
 0.063,-1.177
 0.087,-1.168
 0.103,-1.168
 0.160,-1.177
 0.192,-1.206
 0.208,-1.239
 0.200,-1.267
 0.151,-1.271
 0.118,-1.259
 0.093,-1.215
 0.094,-1.182
 0.093,-1.163
 0.059,-1.128
 0.002,-1.059
-0.032,-0.962
-0.057,-0.894
-0.090,-0.842
-0.131,-0.785
-0.214,-0.752
-0.255,-0.697
-0.314,-0.660
-0.347,-0.628
-0.395,-0.593
-0.444,-0.592
-0.485,-0.599
-0.528,-0.611
-0.562,-0.580
-0.652,-0.539
-0.732,-0.505
-0.785,-0.508
-0.801,-0.540
-0.817,-0.572
-0.811,-0.598
-0.790,-0.610
-0.757,-0.611
-0.709,-0.613
-0.625,-0.611
-0.550,-0.634
-0.534,-0.650
-0.541,-0.656
-0.558,-0.641
-0.574,-0.640
-0.548,-0.646
-0.499,-0.647
-0.442,-0.672
-0.395,-0.677
-0.354,-0.670
-0.338,-0.639
-0.313,-0.630
-0.288,-0.635
-0.239,-0.650
-0.190,-0.666
-0.181,-0.674
-0.165,-0.690
-0.189,-0.694
-0.197,-0.704
-0.221,-0.728
-0.246,-0.739
-0.247,-0.742
-0.263,-0.743
-0.239,-0.752
-0.189,-0.764
-0.140,-0.762
-0.124,-0.732
-0.099,-0.723
-0.099,-0.710
-0.091,-0.701
-0.115,-0.723
-0.115,-0.722
-0.156,-0.729
-0.165,-0.709
-0.205,-0.716
-0.263,-0.723
-0.294,-0.737
-0.301,-0.725
-0.294,-0.688
-0.304,-0.666
-0.313,-0.644
-0.306,-0.639
-0.289,-0.638
-0.288,-0.653
-0.271,-0.665
-0.254,-0.696
-0.238,-0.714
-0.263,-0.705
-0.287,-0.700
-0.352,-0.714
-0.433,-0.759
-0.538,-0.799
-0.619,-0.814
-0.645,-0.856
-0.675,-0.884
-0.699,-0.907
-0.692,-0.933
-0.652,-0.973
-0.581,-1.003
-0.523,-1.044
-0.533,-1.040
-0.532,-1.022
-0.522,-1.026
-0.530,-1.033
-0.528,-1.013
-0.536,-0.987
-0.553,-0.924
-0.553,-0.843
-0.564,-0.760
-0.581,-0.697
-0.573,-0.675
-0.549,-0.652
-0.516,-0.602
-0.484,-0.539
-0.466,-0.489
-0.458,-0.466
-0.468,-0.460
-0.452,-0.461
-0.445,-0.439
-0.444,-0.420
-0.410,-0.466
-0.384,-0.489
-0.368,-0.535
-0.369,-0.540
-0.395,-0.534
-0.404,-0.528
-0.411,-0.551
-0.401,-0.602
-0.425,-0.672
-0.449,-0.710
-0.492,-0.704
-0.535,-0.730
-0.593,-0.801
-0.609,-0.831
-0.608,-0.859
-0.575,-0.828
-0.518,-0.789
-0.486,-0.743
-0.463,-0.722
-0.447,-0.723
-0.431,-0.742
-0.406,-0.750
-0.372,-0.748
-0.356,-0.732
-0.330,-0.735
-0.339,-0.746
-0.339,-0.749
-0.364,-0.744
-0.356,-0.704
-0.336,-0.712
-0.309,-0.730
-0.292,-0.790
-0.292,-0.838
-0.303,-0.840
-0.312,-0.823
-0.305,-0.834
-0.313,-0.872
-0.311,-0.915
-0.302,-0.938
-0.310,-0.931
-0.311,-0.919
-0.328,-0.884
-0.343,-0.863
-0.375,-0.907
-0.422,-0.965
-0.472,-0.969
-0.523,-0.926
-0.540,-0.881
-0.534,-0.861
-0.509,-0.853
-0.485,-0.862
-0.476,-0.835
-0.484,-0.809
-0.492,-0.802
-0.498,-0.805
-0.498,-0.806
-0.523,-0.798
-0.556,-0.783
-0.581,-0.762
-0.598,-0.745
-0.582,-0.714
-0.540,-0.673
-0.499,-0.664
-0.475,-0.657
-0.442,-0.688
-0.418,-0.713
-0.385,-0.714
-0.361,-0.706
-0.336,-0.717
-0.319,-0.731
-0.311,-0.756
-0.311,-0.802
-0.343,-0.834
-0.360,-0.820
-0.392,-0.800
-0.383,-0.793
-0.366,-0.792
-0.334,-0.840
-0.319,-0.829
-0.294,-0.807
-0.312,-0.778
-0.302,-0.751
-0.300,-0.745
-0.258,-0.765
-0.232,-0.832
-0.233,-0.850
-0.201,-0.838
-0.210,-0.800
-0.194,-0.786
-0.161,-0.802
-0.137,-0.859
-0.137,-0.893
-0.179,-0.872
-0.196,-0.826
-0.212,-0.807
-0.212,-0.821
-0.236,-0.811
-0.252,-0.828
-0.302,-0.833
-0.326,-0.806
-0.317,-0.796
-0.306,-0.813
-0.305,-0.870
-0.290,-0.904
-0.258,-0.909
-0.210,-0.901
-0.153,-0.926
-0.112,-0.980
-0.103,-1.033
-0.102,-1.062
-0.136,-1.084
-0.127,-1.080
-0.151,-1.086
-0.184,-1.129
-0.215,-1.169
-0.272,-1.193
-0.289,-1.196
-0.307,-1.184
-0.291,-1.158
-0.241,-1.154
-0.200,-1.146
-0.175,-1.151
-0.192,-1.151
-0.225,-1.123
-0.267,-1.066
-0.324,-1.028
-0.324,-1.008
-0.380,-0.997
-0.397,-0.981
-0.421,-0.958
-0.456,-0.914
-0.472,-0.898
-0.472,-0.882
-0.463,-0.888
-0.487,-0.893
-0.512,-0.855
-0.511,-0.790
-0.529,-0.744
-0.497,-0.714
-0.464,-0.713
-0.425,-0.739
-0.393,-0.708
-0.352,-0.669
-0.344,-0.646
-0.326,-0.642
-0.318,-0.666
-0.317,-0.665
-0.310,-0.674
-0.303,-0.637
-0.310,-0.644
-0.335,-0.637
-0.351,-0.635
-0.367,-0.650
-0.335,-0.668
-0.310,-0.659
-0.294,-0.677
-0.286,-0.668
-0.294,-0.659
-0.301,-0.665
-0.317,-0.664
-0.318,-0.666
-0.294,-0.628
-0.287,-0.605
-0.295,-0.565
-0.311,-0.546
-0.320,-0.570
-0.328,-0.562
-0.345,-0.595
-0.353,-0.605
-0.369,-0.618
-0.385,-0.620
-0.409,-0.642
-0.401,-0.651
-0.386,-0.669
-0.352,-0.684
-0.311,-0.661
-0.262,-0.658
-0.229,-0.657
-0.221,-0.650
-0.214,-0.644
-0.198,-0.616
-0.165,-0.583
-0.164,-0.582
-0.172,-0.587
-0.204,-0.583
-0.277,-0.561
-0.294,-0.546
-0.295,-0.550
-0.305,-0.545
-0.305,-0.527
-0.296,-0.551
-0.270,-0.571
-0.263,-0.580
-0.247,-0.568
-0.256,-0.544
-0.223,-0.545
-0.206,-0.540
-0.221,-0.553
-0.245,-0.544
-0.254,-0.536
-0.247,-0.517
-0.264,-0.502
-0.282,-0.458
-0.298,-0.408
-0.297,-0.372
-0.288,-0.395
-0.297,-0.403
-0.323,-0.399
-0.340,-0.368
-0.380,-0.342
-0.412,-0.325
-0.403,-0.347
-0.378,-0.386
-0.378,-0.419
-0.387,-0.413
-0.405,-0.416
-0.420,-0.382
-0.436,-0.396
-0.435,-0.395
-0.442,-0.401
-0.467,-0.442
-0.475,-0.450
-0.533,-0.444
-0.599,-0.428
-0.630,-0.426
-0.681,-0.411
-0.687,-0.417
-0.688,-0.434
-0.665,-0.413
-0.657,-0.405
-0.633,-0.414
-0.614,-0.410
-0.622,-0.402
-0.633,-0.397
-0.665,-0.381
-0.682,-0.365
-0.703,-0.353
-0.695,-0.346
-0.679,-0.330
-0.704,-0.338
-0.705,-0.340
-0.712,-0.331
-0.712,-0.346
-0.677,-0.312
-0.652,-0.303
-0.638,-0.274
-0.615,-0.236
-0.593,-0.199
-0.576,-0.182
-0.558,-0.181
-0.558,-0.181
-0.565,-0.172
-0.575,-0.165
-0.575,-0.165
-0.566,-0.156
-0.576,-0.133
-0.576,-0.117
-0.576,-0.134
-0.585,-0.125
-0.576,-0.086
-0.568,-0.062
-0.543,-0.022
-0.544, 0.009
-0.528, 0.025
-0.528, 0.041
-0.536, 0.065
-0.527, 0.105
-0.519, 0.113
-0.511, 0.121
-0.512, 0.152
-0.488, 0.176
-0.454, 0.208
-0.438, 0.191
-0.422, 0.191
-0.414, 0.183
-0.438, 0.159
-0.454, 0.159
-0.486, 0.224
-0.527, 0.296
-0.536, 0.367
-0.537, 0.399
-0.562, 0.407
-0.590, 0.399
-0.599, 0.375
-0.631, 0.359
-0.605, 0.304
-0.571, 0.240
-0.531, 0.168
-0.515, 0.135
-0.498, 0.088
-0.513, 0.040
-0.553, 0.034
-0.594, 0.026
-0.651, 0.066
-0.658, 0.075
-0.626, 0.074
-0.576, 0.027
-0.536, 0.003
-0.496,-0.054
-0.455,-0.062
-0.432,-0.072
-0.382,-0.088
-0.357,-0.112
-0.356,-0.143
-0.365,-0.134
-0.406,-0.111
-0.406,-0.078
-0.372,-0.093
-0.339,-0.092
-0.299,-0.133
-0.276,-0.143
-0.284,-0.184
-0.301,-0.201
-0.325,-0.240
-0.340,-0.286
-0.324,-0.318
-0.323,-0.332
-0.324,-0.333
-0.316,-0.341
-0.332,-0.372
-0.340,-0.397
-0.332,-0.404
-0.324,-0.414
-0.316,-0.421
-0.324,-0.414
-0.341,-0.414
-0.348,-0.405
-0.332,-0.422
-0.356,-0.428
-0.362,-0.418
-0.387,-0.410
-0.404,-0.393
-0.421,-0.395
-0.454,-0.380
-0.479,-0.388
-0.496,-0.374
-0.512,-0.356
-0.537,-0.366
-0.545,-0.357
-0.553,-0.332
-0.570,-0.284
-0.585,-0.219
-0.586,-0.172
-0.602,-0.155
-0.610,-0.148
-0.610,-0.116
-0.618,-0.092
-0.628,-0.069
-0.595,-0.054
-0.538,-0.046
-0.464,-0.055
-0.414,-0.070
-0.383,-0.056
-0.366,-0.055
-0.366,-0.055
-0.349,-0.087
-0.340,-0.094
-0.324,-0.095
-0.300,-0.072
-0.300,-0.056
-0.284,-0.041
-0.259,-0.079
-0.251,-0.119
-0.243,-0.112
-0.251,-0.120
-0.259,-0.144
-0.283,-0.167
-0.292,-0.176
-0.284,-0.168
-0.308,-0.159
-0.324,-0.143
-0.348,-0.134
-0.389,-0.126
-0.406,-0.094
-0.422,-0.094
-0.430,-0.086
-0.463,-0.085
-0.447,-0.087
-0.447,-0.071
-0.447,-0.071
-0.439,-0.063
-0.422,-0.078
-0.447,-0.102
-0.479,-0.117
-0.504,-0.125
-0.529,-0.149
-0.544,-0.180
-0.537,-0.189
-0.537,-0.236
-0.537,-0.268
-0.528,-0.277
-0.562,-0.293
-0.595,-0.277
-0.610,-0.292
-0.601,-0.315
-0.602,-0.316
-0.610,-0.324
-0.594,-0.324
-0.577,-0.323
-0.567,-0.345
-0.543,-0.354
-0.536,-0.347
-0.521,-0.333
-0.496,-0.310
-0.471,-0.318
-0.439,-0.318
-0.421,-0.301
-0.413,-0.278
-0.438,-0.238
-0.421,-0.191
-0.421,-0.175
-0.378,-0.211
-0.370,-0.251
-0.395,-0.260
-0.389,-0.238
-0.381,-0.216
-0.364,-0.215
-0.339,-0.239
-0.354,-0.284
-0.363,-0.293
-0.388,-0.255
-0.405,-0.222
-0.413,-0.199
-0.420,-0.206
-0.428,-0.245
-0.428,-0.277
-0.453,-0.269
-0.454,-0.255
-0.454,-0.238
-0.461,-0.245
-0.478,-0.261
-0.518,-0.284
-0.552,-0.285
-0.576,-0.260
-0.559,-0.275
-0.524,-0.290
-0.517,-0.313
-0.518,-0.315
-0.511,-0.309
-0.521,-0.287
-0.545,-0.263
-0.560,-0.229
-0.602,-0.206
-0.642,-0.197
-0.683,-0.189
-0.673,-0.180
-0.645,-0.233
-0.604,-0.287
-0.579,-0.342
-0.565,-0.361
-0.559,-0.357
-0.569,-0.351
-0.545,-0.376
-0.526,-0.436
-0.541,-0.498
-0.540,-0.529
-0.523,-0.514
-0.525,-0.500
-0.548,-0.490
-0.588,-0.496
-0.586,-0.525
-0.594,-0.549
-0.597,-0.522
-0.566,-0.477
-0.535,-0.479
-0.493,-0.503
-0.467,-0.540
-0.442,-0.565
-0.425,-0.579
-0.441,-0.595
-0.450,-0.604
-0.466,-0.604
-0.484,-0.591
-0.523,-0.579
-0.564,-0.586
-0.587,-0.607
-0.602,-0.622
-0.603,-0.608
-0.611,-0.568
-0.636,-0.576
-0.627,-0.599
-0.609,-0.628
-0.603,-0.639
-0.604,-0.626
-0.631,-0.589
-0.639,-0.550
-0.679,-0.571
-0.703,-0.578
-0.736,-0.561
-0.719,-0.546
-0.694,-0.522
-0.635,-0.495
-0.595,-0.488
-0.586,-0.496
-0.547,-0.491
-0.491,-0.469
-0.434,-0.445
-0.402,-0.413
-0.409,-0.388
-0.441,-0.387
-0.449,-0.364
-0.458,-0.355
-0.443,-0.326
-0.442,-0.325
-0.451,-0.318
-0.468,-0.286
-0.475,-0.261
-0.500,-0.254
-0.516,-0.268
-0.548,-0.252
-0.549,-0.236
-0.556,-0.227
-0.566,-0.205
-0.573,-0.181
-0.607,-0.181
-0.640,-0.181
-0.688,-0.180
-0.706,-0.149
-0.730,-0.109
-0.763,-0.029
-0.789, 0.011
-0.829, 0.068
-0.847, 0.099
-0.836, 0.092
-0.820, 0.061
-0.787, 0.029
-0.763,-0.027
-0.766,-0.061
-0.767,-0.110
-0.750,-0.158
-0.725,-0.198
-0.706,-0.243
-0.697,-0.299
-0.695,-0.329
-0.688,-0.354
-0.705,-0.339
-0.721,-0.322
-0.729,-0.346
-0.721,-0.385
-0.730,-0.441
-0.714,-0.442
-0.689,-0.417
-0.673,-0.386
-0.664,-0.345
-0.666,-0.347
-0.668,-0.334
-0.652,-0.334
-0.644,-0.311
-0.619,-0.286
-0.610,-0.230
-0.584,-0.220
-0.566,-0.234
-0.567,-0.267
-0.574,-0.258
-0.566,-0.283
-0.574,-0.322
-0.549,-0.346
-0.560,-0.373
-0.592,-0.388
-0.643,-0.390
-0.659,-0.357
-0.665,-0.363
-0.681,-0.347
-0.728,-0.360
-0.819,-0.369
-0.886,-0.354
-0.971,-0.371
-1.011,-0.362
-0.997,-0.334
-0.980,-0.302
-0.972,-0.279
-0.949,-0.224
-0.927,-0.186
-0.861,-0.139
-0.771,-0.115
-0.656,-0.099
-0.542,-0.116
-0.462,-0.118
-0.429,-0.134
-0.422,-0.144
-0.438,-0.144
-0.437,-0.174
-0.462,-0.199
-0.511,-0.183
-0.577,-0.166
-0.616,-0.141
-0.614,-0.139
-0.581,-0.139
-0.589,-0.146
-0.584,-0.156
-0.594,-0.151
-0.595,-0.135
-0.587,-0.112
-0.577,-0.118
-0.592,-0.148
-0.624,-0.163
-0.673,-0.195
-0.708,-0.180
-0.691,-0.148
-0.700,-0.125
-0.666,-0.124
-0.657,-0.147
-0.642,-0.149
-0.618,-0.125
-0.611,-0.103
-0.611,-0.086
-0.602,-0.109
-0.593,-0.132
-0.617,-0.140
-0.626,-0.149
-0.627,-0.134
-0.618,-0.126
-0.586,-0.110
-0.527,-0.117
-0.479,-0.133
-0.463,-0.134
-0.503,-0.141
-0.537,-0.173
-0.552,-0.172
-0.576,-0.226
-0.625,-0.289
-0.691,-0.322
-0.727,-0.309
-0.752,-0.269
-0.818,-0.269
-0.870,-0.304
-0.877,-0.343
-0.896,-0.344
-0.871,-0.352
-0.849,-0.362
-0.832,-0.362
-0.855,-0.367
-0.857,-0.352
-0.865,-0.361
-0.892,-0.355
-0.909,-0.371
-0.932,-0.377
-0.948,-0.361
-0.962,-0.327
-0.987,-0.304
-0.988,-0.257
-0.984,-0.187
-1.033,-0.138
-1.102,-0.112
-1.159,-0.088
-1.118,-0.080
-1.085,-0.048
-1.055,-0.002
-1.048, 0.021
-1.001, 0.052
-0.983, 0.068
-0.940, 0.061
-0.907, 0.060
-0.897, 0.037
-0.907, 0.060
-0.875, 0.092
-0.841, 0.076
-0.810, 0.044
-0.775, 0.013
-0.761,-0.021
-0.752,-0.013
-0.736, 0.003
-0.687,-0.013
-0.620,-0.045
-0.597,-0.085
-0.556,-0.110
-0.549,-0.119
-0.525,-0.127
-0.506,-0.141
-0.489,-0.172
-0.447,-0.210
-0.415,-0.227
-0.401,-0.246
-0.417,-0.247
-0.450,-0.246
-0.457,-0.237
-0.416,-0.277
-0.433,-0.324
-0.457,-0.332
-0.483,-0.358
-0.516,-0.358
-0.565,-0.373
-0.572,-0.379
-0.586,-0.392
-0.595,-0.401
-0.579,-0.402
-0.531,-0.388
-0.531,-0.403
-0.546,-0.418
-0.572,-0.443
-0.597,-0.420
-0.638,-0.412
-0.655,-0.413
-0.686,-0.426
-0.704,-0.412
-0.712,-0.387
-0.709,-0.385
-0.717,-0.376
-0.733,-0.376
-0.768,-0.362
-0.793,-0.338
-0.811,-0.323
-0.828,-0.292
-0.824,-0.305
-0.840,-0.320
-0.847,-0.343
-0.864,-0.343
-0.851,-0.330
-0.875,-0.338
-0.877,-0.339
-0.866,-0.361
-0.890,-0.416
-0.906,-0.431
-0.921,-0.415
-0.932,-0.393
-0.905,-0.383
-0.897,-0.438
-0.914,-0.455
-0.915,-0.471
-0.918,-0.475
-0.959,-0.482
-1.036,-0.526
-1.090,-0.563
-1.098,-0.586
-1.075,-0.611
-1.051,-0.620
-1.012,-0.631
-0.974,-0.625
-0.938,-0.639
-0.890,-0.640
-0.841,-0.625
-0.793,-0.594
-0.746,-0.565
-0.719,-0.539
-0.702,-0.538
-0.690,-0.541
-0.657,-0.524
-0.634,-0.487
-0.602,-0.472
-0.588,-0.444
-0.579,-0.436
-0.562,-0.419
-0.562,-0.419
-0.537,-0.395
-0.529,-0.371
-0.488,-0.331
-0.481,-0.325
-0.489,-0.301
-0.521,-0.300
-0.555,-0.285
-0.554,-0.269
-0.554,-0.253
-0.579,-0.245
-0.579,-0.229
-0.604,-0.205
-0.603,-0.204
-0.619,-0.188
-0.652,-0.188
-0.684,-0.155
-0.718,-0.124
-0.750,-0.108
-0.767,-0.108
-0.784,-0.092
-0.831,-0.075
-0.875,-0.068
-0.916,-0.059
-0.949,-0.059
-0.980,-0.027
-0.977,-0.025
-0.994,-0.025
-0.977, 0.007
-0.963,-0.010
-0.957,-0.019
-0.949,-0.011
-0.942,-0.036
-0.934,-0.028
-0.926,-0.036
-0.901,-0.012
-0.891, 0.012
-0.910, 0.027
-0.909, 0.075
-0.878, 0.122
-0.819, 0.209
-0.756, 0.234
-0.696, 0.227
-0.661, 0.243
-0.656, 0.250
-0.667, 0.289
-0.670, 0.304
-0.698, 0.327
-0.688, 0.320
-0.678, 0.280
-0.676, 0.265
-0.659, 0.234
-0.668, 0.225
-0.645, 0.248
-0.653, 0.240
-0.687, 0.225
-0.686, 0.209
-0.686, 0.209
-0.693, 0.201
-0.686, 0.209
-0.686, 0.177
-0.660, 0.154
-0.686, 0.146
-0.703, 0.177
-0.694, 0.185
-0.686, 0.177
-0.710, 0.169
-0.711, 0.153
-0.684, 0.130
-0.715, 0.115
-0.763, 0.116
-0.771, 0.123
-0.764, 0.131
-0.764, 0.115
-0.813, 0.083
-0.862, 0.052
-0.878, 0.020
-0.847,-0.013
-0.821,-0.068
-0.812,-0.108
-0.804,-0.116
-0.797,-0.125
-0.749,-0.110
-0.723,-0.086
-0.747,-0.109
-0.770,-0.115
-0.776,-0.122
-0.786,-0.083
-0.752,-0.066
-0.721,-0.068
-0.729,-0.092
-0.754,-0.116
-0.765,-0.142
-0.806,-0.197
-0.790,-0.245
-0.797,-0.315
-0.780,-0.314
-0.781,-0.299
-0.771,-0.290
-0.778,-0.234
-0.787,-0.194
-0.811,-0.170
-0.830,-0.139
-0.846,-0.060
-0.865, 0.003
-0.840, 0.091
-0.813, 0.147
-0.780, 0.194
-0.771, 0.218
-0.748, 0.226
-0.766, 0.273
-0.783, 0.337
-0.784, 0.384
-0.790, 0.424
-0.815, 0.464
-0.798, 0.527
-0.792, 0.551
-0.770, 0.575
-0.760, 0.615
-0.768, 0.623
-0.776, 0.599
-0.815, 0.575
-0.832, 0.575
-0.856, 0.583
-0.865, 0.607
-0.873, 0.599
-0.873, 0.600
-0.891, 0.584
-0.914, 0.592
-0.916, 0.592
-0.924, 0.584
-0.963, 0.561
-0.996, 0.545
-1.002, 0.537
-1.013, 0.529
-1.005, 0.521
-1.012, 0.529
-1.028, 0.513
-1.042, 0.498
-1.037, 0.474
-1.021, 0.442
-1.013, 0.434
-0.988, 0.410
-0.969, 0.378
-0.978, 0.339
-0.978, 0.291
-0.978, 0.243
-1.005, 0.219
-1.019, 0.204
-1.038, 0.172
-1.054, 0.156
-1.086, 0.125
-1.102, 0.077
-1.132, 0.047
-1.149,-0.001
-1.125,-0.009
-1.075, 0.022
-1.019, 0.029
-0.968, 0.046
-0.961, 0.022
-0.938,-0.004
-0.930,-0.044
-0.923,-0.052
-0.947,-0.059
-0.964,-0.060
-0.997,-0.091
-1.019,-0.130
-1.043,-0.185
-1.064,-0.222
-1.092,-0.232
-1.110,-0.217
-1.160,-0.217
-1.176,-0.232
-1.189,-0.262
-1.205,-0.262
-1.215,-0.239
-1.257,-0.200
-1.319,-0.162
-1.372,-0.136
-1.466,-0.134
-1.525,-0.146
-1.572,-0.177
-1.569,-0.171
-1.563,-0.148
-1.602,-0.151
-1.596,-0.144
-1.554,-0.151
-1.459,-0.190
-1.388,-0.251
-1.309,-0.269
-1.238,-0.263
-1.165,-0.256
-1.111,-0.266
-1.051,-0.289
-1.010,-0.329
-0.953,-0.322
-0.887,-0.290
-0.824,-0.245
-0.781,-0.219
-0.796,-0.186
-0.788,-0.146
-0.804,-0.083
-0.805,-0.067
-0.779,-0.091
-0.774,-0.085
-0.751,-0.062
-0.742,-0.037
-0.750, 0.003
-0.741, 0.011
-0.750, 0.002
-0.773,-0.004
-0.789,-0.004
-0.797, 0.036
-0.796, 0.036
-0.829, 0.052
-0.846, 0.068
-0.870, 0.076
-0.912, 0.100
-0.935, 0.140
-0.944, 0.164
-0.953, 0.156
-0.962, 0.148
-0.981, 0.147
-0.955, 0.155
-0.940, 0.171
-0.923, 0.171
-0.947, 0.163
-0.956, 0.187
-0.995, 0.196
-1.029, 0.227
-1.011, 0.243
-0.992, 0.228
-0.959, 0.228
-0.936, 0.204
-0.915, 0.195
-0.909, 0.186
-0.899, 0.178
-0.898, 0.163
-0.894, 0.117
-0.894, 0.069
-0.878, 0.053
-0.857, 0.059
-0.843, 0.074
-0.834, 0.066
-0.833, 0.035
-0.798,-0.012
-0.773,-0.051
-0.766,-0.044
-0.733,-0.029
-0.711,-0.006
-0.653,-0.014
-0.627,-0.005
-0.610,-0.021
-0.577,-0.021
-0.593,-0.036
-0.626,-0.004
-0.676, 0.011
-0.703, 0.017
-0.694, 0.010
-0.696,-0.023
-0.695,-0.039
-0.703,-0.014
-0.686, 0.001
-0.668, 0.003
-0.659, 0.011
-0.651, 0.019
-0.645, 0.057
-0.639, 0.096
-0.612, 0.121
-0.602, 0.098
-0.584, 0.067
-0.599, 0.036
-0.593, 0.043
-0.569, 0.081
-0.555, 0.096
-0.540, 0.111
-0.547, 0.120
-0.545, 0.105
-0.544, 0.090
-0.554, 0.081
-0.570, 0.113
-0.588, 0.096
-0.596, 0.105
-0.601, 0.082
-0.601, 0.067
-0.593, 0.043
-0.586, 0.034
-0.571, 0.033
-0.578, 0.025
-0.613, 0.008
-0.628,-0.006
-0.652, 0.002
-0.660,-0.005
-0.657,-0.035
-0.658,-0.068
-0.651,-0.092
-0.651,-0.108
-0.644,-0.101
-0.660,-0.085
-0.678,-0.038
-0.677,-0.022
-0.661,-0.022
-0.645,-0.022
-0.635,-0.030
-0.661,-0.006
-0.660,-0.005
-0.667, 0.019
-0.683, 0.019
-0.715,-0.012
-0.724,-0.052
-0.723,-0.099
-0.749,-0.139
-0.773,-0.179
-0.738,-0.209
-0.699,-0.219
-0.674,-0.226
-0.667,-0.251
-0.687,-0.222
-0.696,-0.215
-0.713,-0.231
-0.718,-0.236
-0.741,-0.259
-0.724,-0.274
-0.731,-0.281
-0.741,-0.291
-0.758,-0.275
-0.783,-0.267
-0.783,-0.267
-0.781,-0.281
-0.765,-0.313
-0.756,-0.321
-0.750,-0.331
-0.751,-0.332
-0.776,-0.339
-0.818,-0.363
-0.823,-0.400
-0.840,-0.448
-0.849,-0.489
-0.890,-0.511
-0.935,-0.522
-0.984,-0.554
-0.999,-0.584
-0.937,-0.509
-0.895,-0.468
-0.881,-0.407
-0.858,-0.368
-0.844,-0.339
-0.820,-0.300
-0.825,-0.306
-0.834,-0.282
-0.867,-0.281
-0.935,-0.267
-0.979,-0.245
-0.966,-0.233
-0.879,-0.183
-0.803,-0.158
-0.740,-0.128
-0.686,-0.107
-0.632,-0.086
-0.560,-0.065
-0.476,-0.096
-0.409,-0.127
-0.367,-0.102
-0.358,-0.078
-0.359,-0.063
-0.368,-0.040
-0.385,-0.009
-0.417, 0.024
-0.431, 0.026
-0.424, 0.049
-0.392, 0.065
-0.385, 0.071
-0.378, 0.078
-0.393, 0.063
-0.401, 0.040
-0.384, 0.025
-0.385, 0.024
-0.385, 0.024
-0.393, 0.016
-0.409, 0.000
-0.416,-0.006
-0.415, 0.026
-0.416, 0.057
-0.409, 0.080
-0.426, 0.126
-0.418, 0.135
-0.409, 0.111
-0.375, 0.112
-0.350, 0.089
-0.335, 0.072
-0.343, 0.079
-0.369, 0.071
-0.393, 0.063
-0.392, 0.049
-0.383, 0.010
-0.358,-0.013
-0.359,-0.031
-0.352,-0.024
-0.393,-0.016
-0.451,-0.039
-0.498,-0.085
-0.524,-0.126
-0.533,-0.135
-0.550,-0.168
-0.559,-0.160
-0.532,-0.134
-0.515,-0.102
-0.506,-0.109
-0.529,-0.100
-0.547,-0.101
-0.539,-0.093
-0.532,-0.118
-0.516,-0.151
-0.490,-0.206
-0.483,-0.263
-0.474,-0.302
-0.482,-0.343
-0.514,-0.341
-0.553,-0.330
-0.543,-0.320
-0.525,-0.349
-0.527,-0.351
-0.555,-0.331
-0.574,-0.303
-0.583,-0.281
-0.580,-0.262
-0.554,-0.269
-0.561,-0.260
-0.594,-0.228
-0.638,-0.190
-0.679,-0.150
-0.694,-0.166
-0.683,-0.156
-0.672,-0.177
-0.648,-0.154
-0.632,-0.122
-0.635,-0.109
-0.653,-0.093
-0.652,-0.109
-0.637,-0.157
-0.602,-0.203
-0.611,-0.260
-0.603,-0.268
-0.619,-0.284
-0.620,-0.316
-0.620,-0.332
-0.612,-0.357
-0.603,-0.348
-0.586,-0.316
-0.579,-0.262
-0.569,-0.252
-0.568,-0.298
-0.560,-0.353
-0.568,-0.361
-0.579,-0.340
-0.579,-0.309
-0.571,-0.317
-0.561,-0.356
-0.560,-0.402
-0.570,-0.412
-0.604,-0.396
-0.611,-0.340
-0.627,-0.292
-0.618,-0.266
-0.611,-0.276
-0.618,-0.267
-0.620,-0.221
-0.644,-0.181
-0.691,-0.163
-0.748,-0.171
-0.770,-0.177
-0.788,-0.194
-0.774,-0.196
-0.750,-0.204
-0.743,-0.213
-0.741,-0.227
-0.715,-0.234
-0.683,-0.235
-0.666,-0.267
-0.676,-0.277
-0.685,-0.270
-0.694,-0.278
-0.684,-0.316
-0.673,-0.353
-0.673,-0.416
-0.673,-0.447
-0.675,-0.450
-0.676,-0.403
-0.684,-0.347
-0.675,-0.339
-0.650,-0.346
-0.659,-0.371
-0.660,-0.356
-0.669,-0.333
-0.676,-0.293
-0.681,-0.265
-0.672,-0.272
-0.648,-0.281
-0.650,-0.298
-0.620,-0.286
-0.620,-0.270
-0.603,-0.270
-0.602,-0.300
-0.552,-0.346
-0.544,-0.387
-0.553,-0.412
-0.572,-0.415
-0.597,-0.439
-0.620,-0.445
-0.584,-0.457
-0.558,-0.478
-0.534,-0.504
-0.544,-0.498
-0.570,-0.477
-0.605,-0.463
-0.610,-0.467
-0.626,-0.481
-0.642,-0.446
-0.643,-0.415
-0.671,-0.364
-0.720,-0.331
-0.785,-0.346
-0.789,-0.413
-0.763,-0.499
-0.710,-0.576
-0.678,-0.626
-0.665,-0.648
-0.683,-0.667
-0.689,-0.672
-0.696,-0.678
-0.701,-0.680
-0.707,-0.718
-0.700,-0.711
-0.691,-0.701
-0.699,-0.678
-0.708,-0.685
-0.709,-0.687
-0.685,-0.712
-0.677,-0.752
-0.653,-0.795
-0.652,-0.825
-0.644,-0.833
-0.685,-0.857
-0.710,-0.866
-0.752,-0.859
-0.732,-0.836
-0.746,-0.833
-0.745,-0.816
-0.771,-0.794
-0.790,-0.782
-0.817,-0.793
-0.818,-0.827
-0.810,-0.850
-0.809,-0.895
-0.850,-0.935
-0.890,-0.973
-0.906,-0.989
-0.922,-0.971
-0.946,-0.899
-0.939,-0.861
-0.930,-0.837
-0.916,-0.823
-0.925,-0.816
-0.965,-0.791
-1.007,-0.767
-1.012,-0.771
-0.996,-0.819
-0.979,-0.866
-0.955,-0.922
-0.941,-0.988
-0.881,-1.009
-0.833,-0.995
-0.792,-0.988
-0.775,-0.989
-0.752,-0.984
-0.744,-0.960
-0.737,-0.938
-0.695,-0.928
-0.686,-0.950
-0.696,-0.945
-0.744,-0.960
-0.778,-0.962
-0.734,-0.934
-0.648,-0.912
-0.549,-0.894
-0.468,-0.865
-0.389,-0.840
-0.367,-0.774
-0.328,-0.723
-0.329,-0.676
-0.335,-0.680
-0.342,-0.732
-0.365,-0.767
-0.406,-0.759
-0.407,-0.729
-0.382,-0.672
-0.416,-0.642
-0.424,-0.634
-0.457,-0.666
-0.498,-0.675
-0.530,-0.673
-0.555,-0.665
-0.547,-0.657
-0.538,-0.679
-0.514,-0.719
-0.490,-0.745
-0.468,-0.758
-0.485,-0.759
-0.442,-0.733
-0.425,-0.684
-0.407,-0.664
-0.408,-0.650
-0.416,-0.626
-0.400,-0.579
-0.401,-0.549
-0.366,-0.529
-0.341,-0.520
-0.317,-0.513
-0.318,-0.500
-0.328,-0.465
-0.320,-0.441
-0.344,-0.449
-0.350,-0.469
-0.357,-0.520
-0.382,-0.529
-0.399,-0.514
-0.435,-0.486
-0.475,-0.493
-0.506,-0.552
-0.513,-0.637
-0.528,-0.698
-0.539,-0.742
-0.558,-0.733
-0.602,-0.777
-0.644,-0.786
-0.657,-0.779
-0.697,-0.801
-0.712,-0.814
-0.728,-0.830
-0.761,-0.814
-0.766,-0.818
-0.757,-0.825
-0.757,-0.840
-0.760,-0.813
-0.738,-0.778
-0.722,-0.715
-0.723,-0.670
-0.712,-0.673
-0.718,-0.709
-0.694,-0.734
-0.660,-0.700
-0.629,-0.671
-0.620,-0.678
-0.629,-0.703
-0.630,-0.722
-0.613,-0.736
-0.622,-0.762
-0.615,-0.740
-0.632,-0.708
-0.632,-0.677
-0.605,-0.649
-0.589,-0.602
-0.581,-0.578
-0.581,-0.562
-0.573,-0.570
-0.571,-0.568
-0.555,-0.552
-0.538,-0.536
-0.556,-0.523
-0.565,-0.533
-0.582,-0.533
-0.616,-0.517
-0.640,-0.476
-0.639,-0.459
-0.655,-0.458
-0.645,-0.432
-0.671,-0.392
-0.662,-0.320
-0.679,-0.289
-0.689,-0.267
-0.706,-0.251
-0.700,-0.245
-0.658,-0.253
-0.600,-0.309
-0.550,-0.358
-0.542,-0.400
-0.551,-0.441
-0.549,-0.422
-0.555,-0.427
-0.554,-0.424
-0.544,-0.429
-0.537,-0.439
-0.530,-0.434
-0.516,-0.420
-0.525,-0.430
-0.516,-0.437
-0.516,-0.437
-0.506,-0.459
-0.507,-0.476
-0.507,-0.461
-0.523,-0.460
-0.515,-0.468
-0.506,-0.491
-0.506,-0.522
-0.506,-0.538
-0.513,-0.545
-0.515,-0.564
-0.532,-0.564
-0.548,-0.549
-0.540,-0.527
-0.523,-0.511
-0.514,-0.502
-0.511,-0.496
-0.517,-0.516
-0.542,-0.525
-0.585,-0.519
-0.629,-0.500
-0.671,-0.477
-0.712,-0.500
-0.792,-0.545
-0.903,-0.605
-1.036,-0.655
-1.077,-0.663
-1.101,-0.687
-1.103,-0.688
-1.059,-0.677
-1.033,-0.684
-0.991,-0.674
-0.942,-0.675
-0.895,-0.661
-0.893,-0.675
-0.903,-0.686
-0.879,-0.663
-0.839,-0.657
-0.783,-0.619
-0.743,-0.579
-0.719,-0.572
-0.676,-0.594
-0.643,-0.625
-0.633,-0.615
-0.600,-0.630
-0.594,-0.643
-0.578,-0.676
-0.611,-0.707
-0.635,-0.699
-0.641,-0.687
-0.625,-0.688
-0.633,-0.679
-0.650,-0.680
-0.668,-0.650
-0.659,-0.657
-0.643,-0.657
-0.618,-0.696
-0.634,-0.727
-0.635,-0.745
-0.627,-0.770
-0.621,-0.765
-0.627,-0.769
-0.618,-0.791
-0.594,-0.831
-0.552,-0.838
-0.546,-0.850
-0.547,-0.836
-0.539,-0.830
-0.505,-0.829
-0.511,-0.864
-0.552,-0.904
-0.584,-0.918
-0.601,-0.920
-0.601,-0.904
-0.599,-0.916
-0.599,-0.948
-0.583,-0.994
-0.544,-1.008
-0.545,-1.027
-0.521,-1.020
-0.545,-1.044
-0.559,-1.023
-0.542,-1.006
-0.526,-0.990
-0.548,-0.993
-0.558,-1.020
-0.551,-1.033
-0.550,-1.095
-0.598,-1.189
-0.638,-1.307
-0.678,-1.413
-0.685,-1.515
-0.710,-1.607
-0.719,-1.682
-0.710,-1.769
-0.743,-1.784
-0.784,-1.725
-0.816,-1.707
-0.840,-1.682
-0.847,-1.671
-0.897,-1.673
-0.929,-1.686
-0.945,-1.702
-0.954,-1.679
-0.962,-1.670
-0.990,-1.653
-1.006,-1.652
-1.023,-1.636
-1.045,-1.594
-1.068,-1.549
-1.086,-1.503
-1.111,-1.432
-1.129,-1.417
-1.129,-1.386
-1.144,-1.366
-1.156,-1.364
-1.165,-1.309
-1.166,-1.278
-1.162,-1.228
-1.158,-1.190
-1.121,-1.168
-1.066,-1.144
-1.032,-1.142
-1.020,-1.132
-0.991,-1.106
-0.989,-1.108
-0.972,-1.075
-0.969,-1.087
-0.941,-1.138
-0.932,-1.160
-0.918,-1.148
-0.885,-1.133
-0.869,-1.117
-0.859,-1.074
-0.883,-1.032
-0.868,-0.987
-0.852,-0.939
-0.814,-0.920
-0.807,-0.914
-0.798,-0.890
-0.807,-0.866
-0.797,-0.838
-0.797,-0.775
-0.740,-0.734
-0.705,-0.715
-0.667,-0.695
-0.650,-0.648
-0.602,-0.666
-0.586,-0.683
-0.595,-0.691
-0.596,-0.679
-0.596,-0.629
-0.579,-0.613
-0.561,-0.609
-0.528,-0.592
-0.521,-0.602
-0.553,-0.600
-0.610,-0.593
-0.636,-0.618
-0.668,-0.649
-0.702,-0.683
-0.707,-0.751
-0.724,-0.799
-0.740,-0.846
-0.763,-0.868
-0.773,-0.895
-0.780,-0.918
-0.788,-0.974
-0.795,-0.996
-0.803,-1.037
-0.804,-1.087
-0.810,-1.123
-0.810,-1.203
-0.801,-1.291
-0.784,-1.369
-0.727,-1.460
-0.701,-1.547
-0.669,-1.663
-0.610,-1.782
-0.601,-1.835
-0.636,-1.793
-0.695,-1.721
-0.760,-1.703
-0.790,-1.681
-0.780,-1.619
-0.790,-1.536
-0.832,-1.401
-0.877,-1.287
-0.919,-1.199
-0.959,-1.173
-0.984,-1.181
-1.031,-1.210
-1.057,-1.236
-1.067,-1.230
-1.072,-1.202
-1.088,-1.137
-1.086,-1.086
-1.119,-1.054
-1.121,-1.057
-1.131,-1.051
-1.135,-1.024
-1.126,-0.983
-1.117,-0.942
-1.107,-0.915
-1.097,-0.904
-1.099,-0.892
-1.075,-0.885
-1.061,-0.871
-1.011,-0.839
-0.950,-0.843
-0.870,-0.829
-0.780,-0.806
-0.684,-0.762
-0.660,-0.691
-0.684,-0.618
-0.743,-0.531
-0.821,-0.493
-0.911,-0.501
-0.961,-0.502
-1.019,-0.495
-1.081,-0.458
-1.137,-0.449
-1.210,-0.439
-1.265,-0.445
-1.294,-0.458
-1.313,-0.428
-1.386,-0.451
-1.455,-0.469
-1.489,-0.469
-1.482,-0.478
-1.449,-0.478
-1.438,-0.484
-1.438,-0.517
-1.389,-0.533
-1.338,-0.547
-1.257,-0.565
-1.213,-0.619
-1.168,-0.639
-1.112,-0.649
-1.046,-0.664
-0.980,-0.713
-0.878,-0.725
-0.796,-0.758
-0.714,-0.774
-0.641,-0.799
-0.551,-0.842
-0.510,-0.897
-0.486,-0.924
-0.511,-0.884
-0.519,-0.858
-0.511,-0.835
-0.525,-0.815
-0.560,-0.769
-0.584,-0.696
-0.624,-0.654
-0.659,-0.608
-0.675,-0.576
-0.718,-0.555
-0.751,-0.539
-0.817,-0.523
-0.899,-0.506
-0.955,-0.464
-0.997,-0.441
-1.045,-0.408
-1.069,-0.367
-1.111,-0.328
-1.183,-0.222
-1.261,-0.088
-1.288, 0.031
-1.287, 0.079
-1.287, 0.095
-1.292, 0.088
-1.285, 0.064
-1.246, 0.055
-1.174, 0.030
-1.128, 0.029
-1.117, 0.006
-1.090,-0.018
-1.031,-0.041
-0.998,-0.089
-0.966,-0.106
-0.949,-0.138
-0.918,-0.171
-0.891,-0.210
-0.865,-0.264
-0.850,-0.329
-0.842,-0.402
-0.868,-0.459
-0.934,-0.555
-1.049,-0.682
-1.073,-0.753
-1.027,-0.771
-0.967,-0.746
-0.909,-0.737
-0.901,-0.761
-0.880,-0.757
-0.864,-0.710
-0.851,-0.667
-0.844,-0.627
-0.835,-0.618
-0.810,-0.611
-0.815,-0.614
-0.814,-0.629
-0.822,-0.653
-0.856,-0.653
-0.908,-0.641
-0.934,-0.601
-0.935,-0.554
-0.908,-0.528
-0.898,-0.502
-0.899,-0.472
-0.914,-0.454
-0.932,-0.408
-0.959,-0.370
-1.000,-0.330
-1.018,-0.315
-1.008,-0.274
-1.008,-0.242
-1.009,-0.195
-0.998,-0.185
-1.015,-0.169
-1.029,-0.152
-1.006,-0.161
-0.956,-0.160
-0.923,-0.192
-0.908,-0.210
-0.916,-0.218
-0.916,-0.250
-0.898,-0.297
-0.905,-0.367
-0.932,-0.393
-0.949,-0.393
-0.960,-0.339
-0.926,-0.274
-0.924,-0.257
-0.923,-0.257
-0.931,-0.248
-0.910,-0.211
-0.901,-0.155
-0.885,-0.123
-0.878,-0.084
-0.877,-0.067
-0.895,-0.020
-0.895, 0.044
-0.911, 0.092
-0.920, 0.115
-0.902, 0.132
-0.861, 0.124
-0.836, 0.116
-0.812, 0.140
-0.789, 0.162
-0.797, 0.171
-0.806, 0.147
-0.804, 0.100
-0.810, 0.045
-0.829, 0.028
-0.869, 0.004
-0.880,-0.021
-0.928,-0.068
-0.950,-0.122
-0.966,-0.186
-0.997,-0.232
-1.007,-0.274
-1.032,-0.250
-1.049,-0.235
-1.056,-0.226
-1.066,-0.254
-1.063,-0.331
-1.079,-0.379
-1.100,-0.397
-1.131,-0.378
-1.125,-0.356
-1.126,-0.341
-1.140,-0.339
-1.137,-0.369
-1.086,-0.368
-1.059,-0.342
-1.044,-0.296
-1.035,-0.272
-1.026,-0.263
-0.995,-0.264
-0.987,-0.241
-0.991,-0.243
-0.974,-0.228
-0.983,-0.236
-0.982,-0.251
-1.003,-0.288
-1.001,-0.318
-1.017,-0.334
-1.036,-0.336
-1.047,-0.330
-1.054,-0.337
-1.062,-0.345
-1.077,-0.344
-1.085,-0.335
-1.061,-0.312
-1.034,-0.334
-1.029,-0.360
-1.022,-0.353
-1.014,-0.346
-1.022,-0.322
-1.046,-0.281
-1.039,-0.242
-1.037,-0.209
-1.028,-0.185
-1.021,-0.145
-1.027,-0.105
-1.022,-0.098
-0.989,-0.114
-0.988,-0.130
-0.963,-0.154
-0.953,-0.161
-0.930,-0.154
-0.914,-0.107
-0.872,-0.083
-0.816,-0.060
-0.782,-0.044
-0.768,-0.029
-0.767,-0.013
-0.784,-0.012
-0.775,-0.004
-0.758,-0.004
-0.767,-0.013
-0.784,-0.013
-0.801, 0.003
-0.818, 0.002
-0.809, 0.042
-0.809, 0.058
-0.806, 0.076
-0.813, 0.052
-0.821, 0.060
-0.831, 0.068
-0.833, 0.083
-0.849, 0.083
-0.865, 0.067
-0.888, 0.028
-0.921,-0.003
-0.946,-0.043
-0.939,-0.036
-0.956,-0.036
-0.939,-0.036
-0.943,-0.073
-0.936,-0.098
-0.953,-0.114
-0.955,-0.131
-0.965,-0.124
-0.962,-0.154
-0.961,-0.169
-0.992,-0.200
-1.009,-0.232
-1.010,-0.249
-1.002,-0.257
-1.003,-0.274
-1.000,-0.303
-1.048,-0.334
-1.073,-0.327
-1.108,-0.344
-1.111,-0.362
-1.103,-0.370
-1.095,-0.347
-1.045,-0.315
-1.010,-0.282
-0.953,-0.259
-0.887,-0.242
-0.822,-0.259
-0.774,-0.276
-0.757,-0.292
-0.732,-0.316
-0.713,-0.329
-0.745,-0.359
-0.802,-0.351
-0.878,-0.312
-0.955,-0.275
-1.030,-0.252
-1.113,-0.236
-1.176,-0.249
-1.237,-0.278
-1.262,-0.286
-1.279,-0.286
-1.272,-0.279
-1.265,-0.288
-1.254,-0.327
-1.271,-0.374
-1.293,-0.413
-1.311,-0.446
-1.338,-0.439
-1.377,-0.445
-1.420,-0.454
-1.435,-0.485
-1.416,-0.499
-1.384,-0.485
-1.335,-0.469
-1.289,-0.471
-1.255,-0.487
-1.222,-0.519
-1.179,-0.526
-1.135,-0.515
-1.113,-0.494
-1.114,-0.479
-1.116,-0.464
-1.092,-0.473
-1.049,-0.447
-1.026,-0.409
-1.016,-0.400
-1.025,-0.392
-1.009,-0.361
-0.984,-0.337
-0.960,-0.329
-0.917,-0.336
-0.901,-0.337
-0.870,-0.337
-0.846,-0.314
-0.823,-0.277
-0.813,-0.252
-0.789,-0.243
-0.772,-0.259
-0.764,-0.267
-0.724,-0.276
-0.714,-0.251
-0.690,-0.228
-0.664,-0.203
-0.656,-0.194
-0.666,-0.204
-0.708,-0.180
-0.767,-0.173
-0.809,-0.133
-0.824,-0.132
-0.784,-0.125
-0.741,-0.115
-0.717,-0.124
-0.726,-0.101
-0.701,-0.093
-0.711,-0.085
-0.717,-0.060
-0.727,-0.053
-0.727,-0.053
-0.717,-0.061
-0.710,-0.069
-0.700,-0.060
-0.693,-0.053
-0.684,-0.076
-0.700,-0.092
-0.727,-0.086
-0.751,-0.077
-0.758,-0.116
-0.740,-0.209
-0.780,-0.264
-0.815,-0.282
-0.832,-0.251
-0.827,-0.245
-0.842,-0.277
-0.840,-0.322
-0.857,-0.371
-0.862,-0.376
-0.862,-0.376
-0.871,-0.353
-0.897,-0.330
-0.916,-0.316
-0.955,-0.338
-0.988,-0.338
-1.005,-0.338
-1.027,-0.328
-1.027,-0.313
-1.024,-0.295
-1.027,-0.280
-0.995,-0.265
-0.981,-0.235
-0.976,-0.213
-0.989,-0.211
-1.004,-0.194
-1.035,-0.208
-1.018,-0.192
-1.012,-0.170
-1.036,-0.145
-1.078,-0.122
-1.093,-0.105
-1.125,-0.104
-1.118,-0.081
-1.093,-0.057
-1.055,-0.051
-1.014,-0.027
-1.015,-0.011
-0.990,-0.035
-0.972,-0.066
-0.989,-0.051
-0.998, 0.004
-1.015, 0.052
-1.024, 0.108
-0.977, 0.085
-0.960, 0.070
-0.952, 0.030
-0.945, 0.006
-0.940, 0.012
-0.957, 0.012
-0.976,-0.005
-0.958,-0.052
-0.964,-0.107
-0.939,-0.131
-0.946,-0.106
-0.957,-0.084
-0.956,-0.099
-0.971,-0.114
-0.946,-0.138
-0.919,-0.177
-0.897,-0.186
-0.889,-0.195
-0.890,-0.179
-0.925,-0.164
-0.954,-0.162
-0.963,-0.218
-0.962,-0.233
-0.954,-0.241
-0.955,-0.243
-0.978,-0.217
-1.004,-0.210
-1.044,-0.217
-1.043,-0.216
-1.045,-0.218
-1.028,-0.217
-1.020,-0.225
-1.011,-0.233
-1.019,-0.241
-1.005,-0.226
-1.019,-0.241
-1.045,-0.233
-1.053,-0.225
-1.030,-0.218
-1.006,-0.211
-0.994,-0.233
-1.012,-0.234
-1.011,-0.185
-1.028,-0.169
-1.003,-0.161
-0.978,-0.185
-0.962,-0.218
-0.947,-0.234
-0.931,-0.218
-0.947,-0.234
-0.972,-0.273
-1.005,-0.321
-1.028,-0.391
-0.984,-0.429
-0.945,-0.423
-0.927,-0.437
-0.906,-0.449
-0.892,-0.452
-0.876,-0.453
-0.860,-0.469
-0.858,-0.499
-0.859,-0.516
-0.873,-0.545
-0.904,-0.527
-0.929,-0.519
-0.969,-0.495
-1.014,-0.489
-1.103,-0.464
-1.175,-0.454
-1.198,-0.461
-1.209,-0.489
-1.203,-0.515
-1.221,-0.485
-1.248,-0.462
-1.243,-0.424
-1.207,-0.406
-1.183,-0.415
-1.100,-0.415
-1.085,-0.433
-1.070,-0.433
-1.044,-0.409
-1.010,-0.408
-0.999,-0.430
-0.992,-0.470
-0.970,-0.497
-0.938,-0.514
-0.915,-0.541
-0.921,-0.515
-0.917,-0.526
-0.916,-0.541
-0.932,-0.541
-0.943,-0.536
-0.986,-0.530
-0.987,-0.531
-0.978,-0.554
-0.940,-0.565
-0.933,-0.574
-0.925,-0.581
-0.920,-0.592
-0.896,-0.618
-0.920,-0.656
-0.938,-0.706
-0.903,-0.720
-0.877,-0.759
-0.869,-0.783
-0.901,-0.814
-0.994,-0.825
-1.127,-0.780
-1.259,-0.747
-1.282,-0.689
-1.207,-0.650
-1.106,-0.663
-1.048,-0.655
-1.001,-0.641
-0.948,-0.622
-0.908,-0.631
-0.893,-0.714
-0.843,-0.776
-0.802,-0.850
-0.786,-0.899
-0.800,-0.944
-0.785,-0.947
-0.776,-0.936
-0.767,-0.959
-0.751,-0.975
-0.750,-0.990
-0.759,-1.033
-0.751,-1.040
-0.784,-1.057
-0.783,-1.072
-0.791,-1.077
-0.799,-1.102
-0.822,-1.108
-0.848,-1.084
-0.897,-1.036
-0.954,-1.011
-0.981,-1.006
-1.013,-0.989
-1.047,-1.006
-1.055,-0.998
-1.071,-1.029
-1.088,-1.062
-1.087,-1.044
-1.112,-1.037
-1.120,-1.028
-1.119,-1.059
-1.136,-1.106
-1.133,-1.119
-1.119,-1.091
-1.112,-1.037
-1.101,-0.993
-1.062,-0.971
-1.021,-0.963
-1.000,-0.991
-0.976,-1.033
-0.950,-1.040
-0.918,-1.072
-0.907,-1.124
-0.923,-1.172
-0.916,-1.198
-0.923,-1.220
-0.941,-1.238
-0.965,-1.212
-0.989,-1.203
-0.987,-1.168
-1.026,-1.174
-1.027,-1.191
-1.011,-1.240
-1.031,-1.262
-1.024,-1.289
-1.024,-1.320
-1.009,-1.372
-0.963,-1.421
-0.936,-1.473
-0.909,-1.477
-0.900,-1.498
-0.902,-1.503
-0.886,-1.505
-0.890,-1.512
-0.873,-1.512
-0.854,-1.507
-0.805,-1.475
-0.771,-1.456
-0.739,-1.443
-0.731,-1.452
-0.730,-1.466
-0.780,-1.403
-0.846,-1.290
-0.889,-1.236
-0.930,-1.212
-0.963,-1.196
-0.982,-1.184
-1.023,-1.127
-1.064,-1.118
-1.070,-1.124
-1.076,-1.160
-1.086,-1.188
-1.078,-1.227
-1.038,-1.253
-1.004,-1.284
-0.986,-1.299
-0.954,-1.317
-0.927,-1.321
-0.920,-1.331
-0.905,-1.301
-0.905,-1.268
-0.872,-1.236
-0.829,-1.209
-0.807,-1.189
-0.799,-1.150
-0.800,-1.134
-0.791,-1.095
-0.790,-1.091
-0.824,-1.061
-0.841,-1.031
-0.848,-0.989
-0.857,-0.966
-0.873,-0.932
-0.907,-0.919
-0.916,-0.879
-0.966,-0.847
-0.984,-0.849
-0.966,-0.831
-0.943,-0.809
-0.918,-0.801
-0.918,-0.769
-0.944,-0.747
-0.991,-0.744
-0.990,-0.743
-0.988,-0.741
-1.003,-0.755
-1.014,-0.766
-1.023,-0.775
-1.034,-0.786
-1.024,-0.792
-1.022,-0.854
-1.029,-0.925
-1.036,-0.947
-1.028,-0.956
-1.060,-0.939
-1.061,-0.941
-1.078,-0.942
-1.084,-0.962
-1.135,-0.980
-1.185,-0.981
-1.235,-0.997
-1.286,-0.999
-1.291,-1.004
-1.310,-1.022
-1.301,-1.061
-1.264,-1.088
-1.262,-1.103
-1.226,-1.115
-1.211,-1.148
-1.206,-1.175
-1.209,-1.180
-1.197,-1.170
-1.195,-1.152
-1.172,-1.129
-1.153,-1.094
-1.175,-1.083
-1.184,-1.075
-1.214,-1.039
-1.256,-0.984
-1.320,-0.919
-1.321,-0.839
-1.325,-0.779
-1.293,-0.732
-1.247,-0.735
-1.223,-0.728
-1.214,-0.735
-1.214,-0.735
-1.195,-0.748
-1.188,-0.742
-1.155,-0.758
-1.122,-0.774
-1.089,-0.791
-1.069,-0.803
-1.053,-0.820
-1.003,-0.835
-0.969,-0.866
-0.929,-0.906
-0.903,-0.945
-0.916,-0.976
-0.901,-0.979
-0.877,-1.020
-0.869,-1.044
-0.841,-1.078
-0.856,-1.109
-0.879,-1.099
-0.905,-1.093
-0.931,-1.088
-0.920,-1.091
-0.909,-1.143
-0.940,-1.188
-0.982,-1.213
-1.011,-1.197
-1.029,-1.200
-1.064,-1.235
-1.054,-1.273
