 0.549,-3.026
 0.572,-3.026
 0.592,-3.013
 0.600,-3.024
 0.600,-3.012
 0.622,-3.007
 0.636,-3.021
 0.643,-3.007
 0.672,-3.008
 0.692,-3.022
 0.706,-3.037
 0.715,-3.036
 0.715,-3.025
 0.738,-3.050
 0.744,-3.056
 0.751,-3.073
 0.744,-3.079
 0.750,-3.056
 0.766,-3.048
 0.758,-3.025
 0.744,-3.028
 0.759,-3.014
 0.757,-2.992
 0.750,-2.989
 0.764,-2.958
 0.764,-2.930
 0.772,-2.871
 0.778,-2.860
 0.787,-2.857
 0.799,-2.851
 0.792,-2.860
 0.786,-2.871
 0.778,-2.862
 0.772,-2.887
 0.771,-2.896
 0.764,-2.904
 0.765,-2.935
 0.757,-2.980
 0.758,-3.025
 0.749,-3.025
 0.736,-3.017
 0.737,-2.991
 0.728,-2.994
 0.729,-3.011
 0.714,-2.994
 0.708,-2.991
 0.715,-2.985
 0.706,-3.000
 0.693,-3.016
 0.685,-3.019
 0.677,-3.027
 0.670,-3.061
 0.647,-3.075
 0.635,-3.083
 0.628,-3.080
 0.621,-3.089
 0.621,-3.105
 0.621,-3.117
 0.607,-3.136
 0.613,-3.134
 0.620,-3.125
 0.613,-3.106
 0.612,-3.100
 0.620,-3.100
 0.627,-3.092
 0.620,-3.100
 0.613,-3.094
 0.605,-3.108
 0.628,-3.108
 0.635,-3.083
 0.628,-3.066
 0.650,-3.064
 0.643,-3.052
 0.642,-3.067
 0.649,-3.053
 0.643,-3.052
 0.650,-3.044
 0.642,-3.035
 0.650,-3.047
 0.649,-3.041
 0.642,-3.036
 0.643,-3.013
 0.642,-2.979
 0.635,-2.976
 0.634,-2.957
 0.634,-2.971
 0.627,-2.965
 0.620,-2.957
 0.628,-2.942
 0.627,-2.939
 0.621,-2.950
 0.614,-2.956
 0.605,-2.942
 0.613,-2.939
 0.620,-2.931
 0.613,-2.939
 0.628,-2.954
 0.626,-2.962
 0.634,-2.973
 0.641,-2.937
 0.649,-2.934
 0.664,-2.920
 0.685,-2.949
 0.700,-2.954
 0.692,-2.960
 0.700,-2.952
 0.707,-2.946
 0.713,-2.921
 0.722,-2.949
 0.721,-2.932
 0.722,-2.937
 0.715,-2.903
 0.722,-2.892
 0.722,-2.878
 0.714,-2.881
 0.706,-2.859
 0.706,-2.833
 0.706,-2.805
 0.685,-2.774
 0.684,-2.740
 0.663,-2.723
 0.677,-2.709
 0.662,-2.690
 0.670,-2.689
 0.641,-2.675
 0.642,-2.649
 0.649,-2.657
 0.662,-2.664
 0.662,-2.692
 0.661,-2.671
 0.655,-2.670
 0.677,-2.681
 0.684,-2.698
 0.678,-2.726
 0.684,-2.743
 0.685,-2.745
 0.721,-2.752
 0.742,-2.741
 0.757,-2.758
 0.763,-2.761
 0.757,-2.772
 0.758,-2.774
 0.778,-2.764
 0.772,-2.775
 0.757,-2.772
 0.750,-2.766
 0.736,-2.752
 0.742,-2.741
 0.742,-2.743
 0.720,-2.761
 0.700,-2.774
 0.707,-2.768
 0.706,-2.777
 0.721,-2.794
 0.713,-2.783
 0.714,-2.799
 0.706,-2.819
 0.706,-2.831
 0.722,-2.853
 0.721,-2.847
 0.722,-2.864
 0.735,-2.862
 0.749,-2.871
 0.764,-2.890
 0.772,-2.882
 0.772,-2.873
 0.788,-2.864
 0.802,-2.848
 0.802,-2.848
 0.815,-2.840
 0.815,-2.840
 0.815,-2.812
 0.822,-2.804
 0.815,-2.801
 0.800,-2.798
 0.801,-2.786
 0.795,-2.797
 0.801,-2.772
 0.802,-2.761
 0.786,-2.758
 0.773,-2.761
 0.765,-2.780
 0.758,-2.786
 0.773,-2.777
 0.757,-2.758
 0.758,-2.760
 0.750,-2.766
 0.742,-2.767
 0.736,-2.780
 0.743,-2.772
 0.743,-2.772
 0.729,-2.786
 0.728,-2.781
 0.729,-2.814
 0.728,-2.797
 0.722,-2.808
 0.715,-2.816
 0.693,-2.819
 0.680,-2.853
 0.663,-2.859
 0.657,-2.869
 0.650,-2.864
 0.642,-2.855
 0.651,-2.852
 0.635,-2.861
 0.627,-2.864
 0.613,-2.878
 0.599,-2.866
 0.578,-2.866
 0.578,-2.849
 0.586,-2.846
 0.585,-2.855
 0.584,-2.864
 0.577,-2.872
 0.570,-2.866
 0.556,-2.857
 0.563,-2.863
 0.585,-2.852
 0.577,-2.860
 0.584,-2.864
 0.599,-2.869
 0.599,-2.869
 0.599,-2.880
 0.593,-2.868
 0.593,-2.852
 0.600,-2.860
 0.607,-2.877
 0.583,-2.861
 0.577,-2.861
 0.577,-2.844
 0.578,-2.849
 0.556,-2.840
 0.534,-2.834
 0.542,-2.831
 0.549,-2.806
 0.556,-2.787
 0.542,-2.784
 0.520,-2.790
 0.520,-2.778
 0.519,-2.773
 0.513,-2.756
 0.534,-2.736
 0.519,-2.733
 0.519,-2.733
 0.519,-2.733
 0.520,-2.738
 0.527,-2.716
 0.526,-2.699
 0.534,-2.696
 0.541,-2.697
 0.541,-2.700
 0.555,-2.700
 0.555,-2.711
 0.549,-2.722
 0.563,-2.720
 0.578,-2.711
 0.570,-2.731
 0.577,-2.734
 0.585,-2.745
 0.599,-2.754
 0.599,-2.756
 0.600,-2.745
 0.599,-2.754
 0.622,-2.753
 0.613,-2.740
 0.599,-2.742
 0.592,-2.722
 0.593,-2.683
 0.600,-2.689
 0.598,-2.667
 0.591,-2.661
 0.592,-2.652
 0.584,-2.630
 0.592,-2.612
 0.591,-2.596
 0.592,-2.572
 0.592,-2.556
 0.591,-2.539
 0.606,-2.528
 0.583,-2.515
 0.576,-2.509
 0.591,-2.483
 0.598,-2.477
 0.606,-2.486
 0.598,-2.475
 0.598,-2.477
 0.599,-2.451
 0.606,-2.429
 0.613,-2.412
 0.605,-2.413
 0.605,-2.413
 0.605,-2.397
 0.619,-2.411
 0.620,-2.399
 0.626,-2.403
 0.620,-2.399
 0.627,-2.407
 0.627,-2.419
 0.649,-2.427
 0.635,-2.427
 0.650,-2.404
 0.656,-2.407
 0.670,-2.389
 0.656,-2.379
 0.648,-2.369
 0.656,-2.351
 0.670,-2.309
 0.670,-2.309
 0.663,-2.317
 0.662,-2.299
 0.663,-2.287
 0.663,-2.275
 0.634,-2.273
 0.634,-2.275
 0.626,-2.262
 0.619,-2.246
 0.627,-2.238
 0.619,-2.258
 0.613,-2.255
 0.612,-2.222
 0.591,-2.204
 0.598,-2.210
 0.590,-2.202
 0.576,-2.202
 0.567,-2.189
 0.561,-2.187
 0.554,-2.167
 0.568,-2.153
 0.562,-2.149
 0.547,-2.147
 0.540,-2.141
 0.540,-2.141
 0.539,-2.125
 0.540,-2.127
 0.539,-2.121
 0.539,-2.097
 0.539,-2.069
 0.532,-2.048
 0.517,-2.034
 0.517,-2.006
 0.524,-2.000
 0.524,-1.972
 0.531,-1.948
 0.532,-1.894
 0.538,-1.842
 0.538,-1.816
 0.568,-1.761
 0.560,-1.740
 0.575,-1.713
 0.581,-1.702
 0.597,-1.692
 0.604,-1.684
 0.597,-1.677
 0.605,-1.685
 0.610,-1.688
 0.596,-1.690
 0.603,-1.694
 0.610,-1.701
 0.611,-1.720
 0.611,-1.732
 0.597,-1.764
 0.590,-1.770
 0.589,-1.796
 0.604,-1.852
 0.596,-1.897
 0.604,-1.935
 0.605,-1.979
 0.605,-2.035
 0.613,-2.059
 0.613,-2.126
 0.613,-2.184
 0.620,-2.244
 0.627,-2.293
 0.628,-2.337
 0.627,-2.361
 0.636,-2.387
 0.621,-2.401
 0.614,-2.447
 0.614,-2.447
 0.606,-2.453
 0.593,-2.471
 0.606,-2.495
 0.599,-2.529
 0.592,-2.554
 0.584,-2.555
 0.579,-2.570
 0.586,-2.552
 0.586,-2.580
 0.579,-2.586
 0.563,-2.593
 0.549,-2.595
 0.549,-2.593
 0.541,-2.585
 0.527,-2.587
 0.534,-2.593
 0.542,-2.601
 0.527,-2.589
 0.528,-2.575
 0.520,-2.581
 0.498,-2.570
 0.484,-2.549
 0.485,-2.507
 0.492,-2.473
 0.499,-2.451
 0.483,-2.444
 0.490,-2.438
 0.476,-2.421
 0.490,-2.398
 0.498,-2.378
 0.498,-2.362
 0.491,-2.356
 0.505,-2.342
 0.519,-2.328
 0.534,-2.330
 0.526,-2.332
 0.549,-2.316
 0.570,-2.308
 0.584,-2.294
 0.613,-2.294
 0.621,-2.286
 0.628,-2.281
 0.635,-2.258
 0.648,-2.228
 0.657,-2.213
 0.664,-2.188
 0.664,-2.176
 0.663,-2.160
 0.692,-2.132
 0.693,-2.120
 0.691,-2.102
 0.678,-2.064
 0.678,-2.036
 0.677,-2.022
 0.677,-2.008
 0.669,-1.998
 0.662,-2.006
 0.661,-1.991
 0.676,-1.978
 0.684,-1.947
 0.675,-1.935
 0.662,-1.925
 0.676,-1.897
 0.676,-1.869
 0.684,-1.863
 0.682,-1.843
 0.682,-1.845
 0.689,-1.837
 0.696,-1.829
 0.711,-1.819
 0.696,-1.817
 0.712,-1.835
 0.704,-1.839
 0.718,-1.867
 0.718,-1.897
 0.718,-1.923
 0.734,-1.941
 0.747,-1.966
 0.754,-1.986
 0.755,-2.002
 0.761,-2.006
 0.748,-2.038
 0.740,-2.056
 0.747,-2.078
 0.748,-2.093
 0.747,-2.105
 0.755,-2.127
 0.762,-2.161
 0.769,-2.181
 0.762,-2.205
 0.762,-2.217
 0.763,-2.235
 0.756,-2.253
 0.748,-2.273
 0.749,-2.290
 0.741,-2.307
 0.742,-2.352
 0.727,-2.364
 0.713,-2.394
 0.707,-2.418
 0.698,-2.420
 0.685,-2.438
 0.684,-2.450
 0.662,-2.427
 0.677,-2.430
 0.662,-2.425
 0.641,-2.421
 0.626,-2.421
 0.619,-2.401
 0.619,-2.387
 0.611,-2.362
 0.612,-2.365
 0.611,-2.348
 0.604,-2.354
 0.619,-2.369
 0.604,-2.382
 0.613,-2.409
 0.612,-2.421
 0.613,-2.437
 0.606,-2.448
 0.612,-2.449
 0.620,-2.486
 0.627,-2.489
 0.627,-2.517
 0.634,-2.540
 0.620,-2.565
 0.621,-2.587
 0.643,-2.593
 0.635,-2.613
 0.650,-2.655
 0.656,-2.684
 0.657,-2.717
 0.656,-2.740
 0.657,-2.757
 0.665,-2.782
 0.664,-2.793
 0.658,-2.816
 0.636,-2.821
 0.614,-2.841
 0.614,-2.858
 0.606,-2.861
 0.592,-2.863
 0.614,-2.855
 0.613,-2.852
 0.599,-2.855
 0.585,-2.880
 0.578,-2.905
 0.571,-2.911
 0.578,-2.933
 0.571,-2.956
 0.549,-2.990
 0.528,-3.012
 0.527,-3.049
 0.527,-3.065
 0.513,-3.096
 0.505,-3.110
 0.513,-3.153
 0.506,-3.155
 0.535,-3.158
 0.536,-3.147
 0.542,-3.119
 0.564,-3.131
 0.585,-3.148
 0.578,-3.167
 0.579,-3.159
 0.586,-3.151
 0.565,-3.162
 0.572,-3.165
 0.579,-3.198
 0.564,-3.212
 0.557,-3.218
 0.544,-3.226
 0.522,-3.229
 0.507,-3.240
 0.514,-3.249
 0.521,-3.262
 0.507,-3.265
 0.507,-3.282
 0.501,-3.293
 0.508,-3.305
 0.515,-3.296
 0.502,-3.288
 0.515,-3.262
 0.507,-3.240
 0.499,-3.200
 0.491,-3.175
 0.478,-3.141
 0.492,-3.088
 0.499,-3.065
 0.492,-3.048
 0.492,-3.043
 0.484,-3.051
 0.470,-3.037
 0.492,-3.045
 0.500,-3.043
 0.528,-3.026
 0.528,-3.026
 0.535,-3.001
 0.564,-2.973
 0.578,-2.959
 0.592,-2.956
 0.600,-2.956
 0.622,-2.934
 0.629,-2.914
 0.651,-2.906
 0.650,-2.901
 0.658,-2.898
 0.672,-2.856
 0.673,-2.844
 0.702,-2.847
 0.694,-2.833
 0.716,-2.816
 0.730,-2.800
 0.730,-2.816
 0.730,-2.817
 0.729,-2.783
 0.731,-2.763
 0.745,-2.732
 0.759,-2.730
 0.752,-2.724
 0.744,-2.699
 0.738,-2.698
 0.723,-2.667
 0.716,-2.633
 0.716,-2.608
 0.707,-2.580
 0.694,-2.571
 0.678,-2.552
 0.678,-2.552
 0.664,-2.538
 0.649,-2.535
 0.636,-2.542
 0.636,-2.542
 0.629,-2.550
 0.607,-2.530
 0.614,-2.522
 0.608,-2.516
 0.599,-2.491
 0.584,-2.489
 0.592,-2.469
 0.584,-2.432
 0.578,-2.415
 0.563,-2.384
 0.556,-2.378
 0.549,-2.346
 0.541,-2.322
 0.534,-2.316
 0.527,-2.322
 0.534,-2.316
 0.527,-2.312
 0.519,-2.302
 0.520,-2.292
 0.519,-2.285
 0.511,-2.277
 0.511,-2.263
 0.504,-2.241
 0.490,-2.219
 0.475,-2.189
 0.475,-2.161
 0.482,-2.126
 0.489,-2.116
 0.482,-2.110
 0.481,-2.094
 0.474,-2.090
 0.489,-2.064
 0.488,-2.060
 0.489,-2.064
 0.503,-2.048
 0.517,-2.034
 0.518,-2.022
 0.524,-1.998
 0.540,-1.988
 0.553,-1.958
 0.568,-1.956
 0.582,-1.943
 0.589,-1.949
 0.597,-1.945
 0.611,-1.931
 0.618,-1.949
 0.626,-1.961
 0.632,-1.963
 0.641,-1.987
 0.655,-1.973
 0.662,-1.995
 0.662,-2.022
 0.668,-2.052
 0.677,-2.076
 0.676,-2.076
 0.699,-2.072
 0.699,-2.060
 0.691,-2.052
 0.678,-2.056
 0.670,-2.044
 0.684,-2.042
 0.690,-2.020
 0.690,-2.004
 0.683,-2.000
 0.669,-1.985
 0.662,-1.967
 0.677,-1.953
 0.668,-1.957
 0.669,-1.945
 0.668,-1.957
 0.669,-1.957
 0.662,-1.951
 0.669,-1.943
 0.655,-1.933
 0.662,-1.923
 0.670,-1.919
 0.684,-1.917
 0.683,-1.913
 0.676,-1.923
 0.661,-1.907
 0.662,-1.909
 0.663,-1.913
 0.669,-1.915
 0.677,-1.939
 0.669,-1.943
 0.670,-1.975
 0.677,-1.996
 0.691,-2.034
 0.691,-2.050
 0.691,-2.076
 0.699,-2.114
 0.699,-2.143
 0.698,-2.167
 0.678,-2.179
 0.678,-2.162
 0.678,-2.162
 0.663,-2.176
 0.655,-2.180
 0.642,-2.170
 0.627,-2.140
 0.620,-2.122
 0.612,-2.126
 0.618,-2.144
 0.605,-2.150
 0.598,-2.139
 0.584,-2.141
 0.599,-2.132
 0.591,-2.150
 0.591,-2.162
 0.589,-2.184
 0.583,-2.206
 0.605,-2.204
 0.605,-2.216
 0.607,-2.236
 0.607,-2.265
 0.607,-2.279
 0.607,-2.279
 0.598,-2.266
 0.584,-2.266
 0.590,-2.268
 0.576,-2.284
 0.563,-2.288
 0.548,-2.274
 0.535,-2.280
 0.542,-2.284
 0.533,-2.300
 0.519,-2.314
 0.512,-2.334
 0.498,-2.338
 0.491,-2.358
 0.491,-2.386
 0.498,-2.408
 0.505,-2.440
 0.513,-2.479
 0.512,-2.502
 0.520,-2.527
 0.520,-2.541
 0.534,-2.565
 0.535,-2.570
 0.541,-2.585
 0.541,-2.587
 0.535,-2.584
 0.542,-2.561
 0.542,-2.564
 0.548,-2.563
 0.549,-2.579
 0.541,-2.587
 0.534,-2.593
 0.542,-2.592
 0.542,-2.604
 0.535,-2.640
 0.528,-2.662
 0.542,-2.671
 0.535,-2.696
 0.534,-2.720
 0.527,-2.756
 0.528,-2.787
 0.527,-2.824
 0.535,-2.865
 0.528,-2.899
 0.520,-2.919
 0.514,-2.941
 0.520,-2.959
 0.535,-2.990
 0.520,-3.009
 0.513,-3.046
 0.521,-3.060
 0.520,-3.085
 0.550,-3.119
 0.536,-3.133
 0.544,-3.159
 0.544,-3.173
 0.543,-3.206
 0.565,-3.232
 0.600,-3.246
 0.593,-3.266
 0.622,-3.294
 0.622,-3.311
 0.637,-3.329
 0.645,-3.337
 0.666,-3.346
 0.688,-3.352
 0.702,-3.332
 0.710,-3.332
 0.731,-3.324
 0.737,-3.341
 0.759,-3.349
 0.766,-3.352
 0.760,-3.338
 0.773,-3.318
 0.759,-3.321
 0.752,-3.299
 0.751,-3.296
 0.752,-3.302
 0.730,-3.304
 0.723,-3.315
 0.723,-3.315
 0.723,-3.298
 0.702,-3.296
 0.730,-3.279
 0.724,-3.273
 0.702,-3.267
 0.679,-3.256
 0.687,-3.253
 0.687,-3.236
 0.687,-3.264
 0.680,-3.270
 0.686,-3.272
 0.702,-3.281
 0.701,-3.253
 0.702,-3.270
 0.717,-3.299
 0.693,-3.309
 0.702,-3.307
 0.694,-3.284
 0.687,-3.278
 0.673,-3.281
 0.666,-3.287
 0.666,-3.287
 0.672,-3.286
 0.644,-3.261
 0.630,-3.252
 0.622,-3.241
 0.630,-3.224
 0.615,-3.210
 0.616,-3.199
 0.608,-3.190
 0.593,-3.170
 0.594,-3.162
 0.593,-3.145
 0.586,-3.136
 0.593,-3.131
 0.600,-3.122
 0.601,-3.128
 0.579,-3.131
 0.586,-3.111
 0.579,-3.103
 0.593,-3.100
 0.601,-3.111
 0.600,-3.122
 0.586,-3.136
 0.601,-3.117
 0.607,-3.117
 0.623,-3.134
 0.622,-3.128
 0.615,-3.109
 0.615,-3.083
 0.630,-3.041
 0.637,-3.021
 0.650,-3.013
 0.657,-3.008
 0.651,-3.019
 0.651,-3.002
 0.652,-2.996
 0.651,-2.979
 0.645,-2.973
 0.659,-2.973
 0.650,-2.974
 0.658,-2.957
 0.658,-2.937
 0.673,-2.929
 0.673,-2.917
 0.680,-2.934
 0.666,-2.937
 0.672,-2.926
 0.665,-2.920
 0.666,-2.895
 0.672,-2.884
 0.688,-2.903
 0.693,-2.918
 0.694,-2.932
 0.680,-2.923
 0.680,-2.923
 0.681,-2.928
 0.665,-2.948
 0.666,-2.965
 0.666,-2.965
 0.664,-2.943
 0.665,-2.932
 0.665,-2.932
 0.658,-2.929
 0.666,-2.937
 0.665,-2.920
 0.659,-2.922
 0.659,-2.903
 0.651,-2.894
 0.658,-2.886
 0.658,-2.867
 0.665,-2.850
 0.664,-2.817
 0.658,-2.802
 0.644,-2.764
 0.636,-2.753
 0.636,-2.756
 0.636,-2.737
 0.614,-2.714
 0.614,-2.691
 0.608,-2.685
 0.615,-2.680
 0.607,-2.680
 0.606,-2.694
 0.614,-2.703
 0.607,-2.708
 0.622,-2.699
 0.629,-2.703
 0.636,-2.697
 0.643,-2.689
 0.650,-2.662
 0.658,-2.619
 0.657,-2.574
 0.651,-2.528
 0.659,-2.497
 0.644,-2.464
 0.636,-2.444
 0.636,-2.413
 0.644,-2.393
 0.630,-2.367
 0.615,-2.365
 0.616,-2.327
 0.608,-2.303
 0.600,-2.283
 0.593,-2.274
 0.571,-2.278
 0.564,-2.248
 0.563,-2.218
 0.570,-2.198
 0.556,-2.155
 0.554,-2.081
 0.540,-2.014
 0.524,-1.970
 0.517,-1.924
 0.517,-1.897
 0.524,-1.873
 0.531,-1.841
 0.544,-1.809
 0.536,-1.773
 0.543,-1.741
 0.564,-1.703
 0.580,-1.693
 0.608,-1.677
 0.630,-1.685
 0.645,-1.687
 0.681,-1.694
 0.719,-1.705
 0.746,-1.729
 0.775,-1.741
 0.789,-1.768
 0.796,-1.800
 0.805,-1.828
 0.819,-1.840
 0.835,-1.870
 0.835,-1.886
 0.812,-1.902
 0.828,-1.920
 0.842,-1.933
 0.858,-1.949
 0.873,-1.965
 0.879,-1.995
 0.886,-2.018
 0.885,-2.000
 0.879,-1.995
 0.909,-1.984
 0.922,-1.994
 0.901,-2.004
 0.908,-1.996
 0.901,-1.990
 0.923,-1.998
 0.922,-1.980
 0.945,-1.976
 0.944,-1.960
 0.937,-1.954
 0.945,-1.934
 0.937,-1.912
 0.931,-1.907
 0.922,-1.911
 0.908,-1.925
 0.901,-1.919
 0.886,-1.917
 0.844,-1.921
 0.815,-1.933
 0.793,-1.954
 0.794,-1.970
 0.763,-2.007
 0.729,-2.032
 0.714,-2.030
 0.714,-2.060
 0.707,-2.096
 0.691,-2.146
 0.663,-2.204
 0.648,-2.244
 0.619,-2.345
 0.576,-2.415
 0.561,-2.480
 0.562,-2.555
 0.562,-2.626
 0.541,-2.702
 0.520,-2.783
 0.498,-2.856
 0.492,-2.912
 0.492,-2.952
 0.470,-2.983
 0.477,-3.006
 0.477,-3.014
 0.456,-3.011
 0.448,-3.042
 0.448,-3.087
 0.449,-3.104
 0.448,-3.115
 0.435,-3.135
 0.427,-3.123
 0.434,-3.101
 0.456,-3.084
 0.470,-3.053
 0.485,-3.056
 0.485,-3.037
 0.506,-3.029
 0.536,-3.003
 0.535,-2.987
 0.565,-2.978
 0.594,-2.950
 0.630,-2.914
 0.667,-2.881
 0.681,-2.836
 0.704,-2.819
 0.717,-2.802
 0.732,-2.817
 0.739,-2.825
 0.746,-2.843
 0.761,-2.887
 0.761,-2.916
 0.753,-2.963
 0.768,-3.037
 0.753,-3.115
 0.747,-3.158
 0.754,-3.149
 0.769,-3.149
 0.768,-3.161
 0.768,-3.172
 0.776,-3.183
 0.767,-3.186
 0.768,-3.203
 0.776,-3.226
 0.767,-3.256
 0.761,-3.282
 0.760,-3.293
 0.753,-3.301
 0.753,-3.302
 0.753,-3.313
 0.738,-3.341
 0.731,-3.360
 0.731,-3.363
 0.724,-3.360
 0.716,-3.349
 0.725,-3.363
 0.703,-3.369
 0.702,-3.380
 0.695,-3.388
 0.701,-3.388
 0.695,-3.399
 0.716,-3.402
 0.716,-3.391
 0.725,-3.375
 0.709,-3.357
 0.732,-3.369
 0.738,-3.358
 0.746,-3.338
 0.760,-3.335
 0.767,-3.327
 0.776,-3.313
 0.789,-3.282
 0.782,-3.277
 0.782,-3.277
 0.767,-3.245
 0.782,-3.248
 0.752,-3.242
 0.760,-3.223
 0.768,-3.189
 0.766,-3.141
 0.768,-3.133
 0.760,-3.124
 0.760,-3.113
 0.753,-3.107
 0.760,-3.082
 0.747,-3.073
 0.753,-3.090
 0.752,-3.130
 0.753,-3.147
 0.745,-3.166
 0.747,-3.172
 0.732,-3.157
 0.754,-3.163
 0.747,-3.172
 0.738,-3.228
 0.731,-3.237
 0.717,-3.250
 0.718,-3.242
 0.733,-3.217
 0.739,-3.203
 0.710,-3.203
 0.702,-3.191
 0.681,-3.188
 0.674,-3.154
 0.673,-3.137
 0.667,-3.149
 0.673,-3.137
 0.666,-3.154
 0.680,-3.171
 0.665,-3.168
 0.660,-3.199
 0.675,-3.228
 0.667,-3.275
 0.661,-3.329
 0.653,-3.332
 0.653,-3.349
 0.652,-3.343
 0.666,-3.368
 0.667,-3.411
 0.658,-3.424
 0.653,-3.456
 0.638,-3.441
 0.631,-3.436
 0.632,-3.425
 0.616,-3.416
 0.623,-3.438
 0.623,-3.438
 0.624,-3.452
 0.610,-3.444
 0.603,-3.410
 0.603,-3.410
 0.602,-3.404
 0.594,-3.407
 0.573,-3.390
 0.566,-3.356
 0.567,-3.309
 0.581,-3.261
 0.580,-3.230
 0.580,-3.227
 0.586,-3.215
 0.587,-3.210
 0.587,-3.210
 0.587,-3.210
 0.580,-3.204
 0.579,-3.213
 0.595,-3.233
 0.593,-3.241
 0.587,-3.252
 0.580,-3.246
 0.601,-3.235
 0.588,-3.227
 0.587,-3.182
 0.601,-3.165
 0.609,-3.148
 0.615,-3.109
 0.609,-3.092
 0.623,-3.061
 0.629,-3.038
 0.638,-3.036
 0.651,-3.027
 0.666,-3.019
 0.659,-3.025
 0.673,-3.013
 0.703,-3.016
 0.709,-3.005
 0.724,-3.008
 0.732,-3.017
 0.732,-3.028
 0.732,-3.045
 0.730,-3.065
 0.731,-3.070
 0.746,-3.056
 0.732,-3.056
 0.739,-3.051
 0.746,-3.056
 0.746,-3.084
 0.753,-3.090
 0.753,-3.079
 0.761,-3.087
 0.760,-3.070
 0.746,-3.073
 0.753,-3.076
 0.753,-3.076
 0.754,-3.065
 0.746,-3.053
 0.739,-3.036
 0.746,-3.014
 0.739,-3.008
 0.739,-2.980
 0.724,-2.949
 0.718,-2.932
 0.716,-2.898
 0.687,-2.870
 0.695,-2.853
 0.687,-2.842
 0.666,-2.839
 0.652,-2.824
 0.659,-2.818
 0.660,-2.807
 0.666,-2.822
 0.659,-2.830
 0.651,-2.836
 0.652,-2.838
 0.666,-2.852
 0.644,-2.855
 0.645,-2.861
 0.630,-2.846
 0.630,-2.858
 0.645,-2.861
 0.651,-2.878
 0.652,-2.881
 0.651,-2.875
 0.636,-2.875
 0.652,-2.881
 0.637,-2.878
 0.638,-2.883
 0.630,-2.874
 0.609,-2.883
 0.616,-2.877
 0.629,-2.841
 0.616,-2.830
 0.615,-2.801
 0.615,-2.813
 0.601,-2.799
 0.601,-2.759
 0.602,-2.736
 0.602,-2.736
 0.594,-2.739
 0.601,-2.731
 0.600,-2.726
 0.616,-2.722
 0.623,-2.714
 0.616,-2.719
 0.616,-2.722
 0.629,-2.714
 0.644,-2.717
 0.659,-2.703
 0.658,-2.703
 0.659,-2.706
 0.658,-2.715
 0.673,-2.717
 0.687,-2.703
 0.687,-2.703
 0.689,-2.723
 0.687,-2.743
 0.695,-2.782
 0.688,-2.788
 0.682,-2.799
 0.704,-2.796
 0.688,-2.805
 0.689,-2.833
 0.680,-2.836
 0.680,-2.833
 0.681,-2.824
 0.681,-2.824
 0.682,-2.827
 0.667,-2.813
 0.644,-2.802
 0.667,-2.785
 0.651,-2.765
 0.651,-2.765
 0.637,-2.751
 0.630,-2.731
 0.630,-2.720
 0.629,-2.715
 0.630,-2.717
 0.615,-2.717
 0.608,-2.723
 0.616,-2.719
 0.623,-2.725
 0.617,-2.738
 0.616,-2.764
 0.601,-2.776
 0.624,-2.798
 0.629,-2.799
 0.615,-2.813
 0.615,-2.785
 0.608,-2.767
 0.638,-2.773
 0.615,-2.771
 0.608,-2.781
 0.608,-2.765
 0.615,-2.745
 0.617,-2.724
 0.623,-2.714
 0.616,-2.719
 0.623,-2.725
 0.622,-2.709
 0.645,-2.691
 0.637,-2.666
 0.638,-2.658
 0.630,-2.661
 0.630,-2.633
 0.623,-2.627
 0.636,-2.610
 0.638,-2.601
 0.637,-2.587
 0.636,-2.582
 0.637,-2.587
 0.636,-2.582
 0.630,-2.593
 0.644,-2.579
 0.659,-2.565
 0.659,-2.553
 0.658,-2.560
 0.658,-2.560
 0.658,-2.532
 0.666,-2.500
 0.681,-2.475
 0.672,-2.452
 0.673,-2.412
 0.679,-2.360
 0.671,-2.323
 0.672,-2.297
 0.664,-2.273
 0.672,-2.255
 0.671,-2.239
 0.678,-2.231
 0.686,-2.213
 0.678,-2.191
 0.686,-2.173
 0.694,-2.153
 0.672,-2.144
 0.665,-2.138
 0.656,-2.126
 0.643,-2.142
 0.642,-2.138
 0.613,-2.138
 0.607,-2.152
 0.636,-2.164
 0.666,-2.181
 0.680,-2.207
 0.694,-2.249
 0.695,-2.277
 0.701,-2.293
 0.702,-2.326
 0.696,-2.336
 0.703,-2.356
 0.696,-2.392
 0.680,-2.414
 0.680,-2.442
 0.666,-2.456
 0.658,-2.462
 0.660,-2.483
 0.674,-2.480
 0.689,-2.483
 0.681,-2.486
 0.687,-2.490
 0.674,-2.480
 0.680,-2.456
 0.667,-2.446
 0.667,-2.446
 0.652,-2.444
 0.660,-2.452
 0.652,-2.442
 0.645,-2.424
 0.624,-2.404
 0.617,-2.410
 0.617,-2.438
 0.609,-2.441
 0.602,-2.466
 0.610,-2.474
 0.609,-2.486
 0.625,-2.491
 0.609,-2.498
 0.602,-2.522
 0.588,-2.548
 0.594,-2.565
 0.624,-2.570
 0.637,-2.580
 0.616,-2.618
 0.624,-2.641
 0.609,-2.655
 0.617,-2.665
 0.624,-2.657
 0.625,-2.674
 0.616,-2.689
 0.608,-2.720
 0.609,-2.753
 0.609,-2.737
 0.596,-2.744
 0.589,-2.752
 0.588,-2.776
 0.580,-2.795
 0.586,-2.796
 0.595,-2.781
 0.595,-2.770
 0.595,-2.767
 0.603,-2.778
 0.602,-2.773
 0.610,-2.770
 0.617,-2.776
 0.602,-2.785
 0.617,-2.816
 0.608,-2.833
 0.617,-2.846
 0.624,-2.827
 0.624,-2.838
 0.639,-2.855
 0.637,-2.861
 0.631,-2.886
 0.638,-2.906
 0.630,-2.898
 0.646,-2.906
 0.660,-2.915
 0.660,-2.931
 0.668,-2.926
 0.667,-2.934
 0.682,-2.940
 0.696,-2.951
 0.712,-2.983
 0.718,-3.000
 0.710,-3.031
 0.732,-3.056
 0.738,-3.084
 0.747,-3.113
 0.747,-3.129
 0.769,-3.192
 0.784,-3.263
 0.791,-3.321
 0.792,-3.339
 0.798,-3.384
 0.805,-3.417
 0.806,-3.452
 0.812,-3.468
 0.800,-3.449
 0.808,-3.418
 0.815,-3.382
 0.836,-3.373
 0.834,-3.376
 0.826,-3.395
 0.848,-3.401
 0.841,-3.409
 0.842,-3.415
 0.828,-3.429
 0.815,-3.438
 0.815,-3.466
 0.821,-3.480
 0.814,-3.500
 0.798,-3.507
 0.807,-3.551
 0.793,-3.565
 0.792,-3.590
 0.779,-3.624
 0.763,-3.660
 0.763,-3.702
 0.742,-3.753
 0.734,-3.797
 0.728,-3.852
 0.713,-3.901
 0.713,-3.958
 0.706,-4.019
 0.684,-4.080
 0.664,-4.124
 0.649,-4.138
 0.650,-4.142
 0.651,-4.146
 0.621,-4.124
 0.607,-4.110
 0.599,-4.097
 0.585,-4.101
 0.585,-4.101
 0.571,-4.090
 0.565,-4.074
 0.564,-4.053
 0.556,-4.058
 0.542,-4.072
 0.527,-4.079
 0.513,-4.090
 0.505,-4.091
 0.477,-4.084
 0.477,-4.084
 0.469,-4.085
 0.462,-4.091
 0.447,-4.069
 0.419,-4.062
 0.412,-4.043
 0.405,-4.009
 0.413,-3.969
 0.412,-3.922
 0.398,-3.898
 0.405,-3.889
 0.382,-3.859
 0.390,-3.829
 0.397,-3.757
 0.411,-3.708
 0.433,-3.674
 0.425,-3.673
 0.433,-3.657
 0.440,-3.623
 0.454,-3.598
 0.454,-3.570
 0.461,-3.547
 0.484,-3.531
 0.483,-3.511
 0.490,-3.502
 0.505,-3.491
 0.511,-3.440
 0.541,-3.390
 0.547,-3.351
 0.569,-3.328
 0.576,-3.295
 0.590,-3.261
 0.591,-3.210
 0.612,-3.171
 0.626,-3.146
 0.634,-3.126
 0.634,-3.112
 0.656,-3.095
 0.656,-3.078
 0.663,-3.073
 0.677,-3.059
 0.683,-3.045
 0.706,-3.042
 0.713,-3.034
 0.713,-3.022
 0.728,-2.997
 0.735,-2.972
 0.757,-2.941
 0.748,-2.913
 0.734,-2.887
 0.742,-2.868
 0.756,-2.865
 0.764,-2.874
 0.770,-2.863
 0.771,-2.868
 0.778,-2.874
 0.778,-2.874
 0.794,-2.882
 0.793,-2.890
 0.794,-2.893
 0.800,-2.899
 0.799,-2.894
 0.800,-2.910
 0.814,-2.933
 0.806,-2.956
 0.807,-2.972
 0.792,-2.986
 0.787,-2.986
 0.771,-2.980
 0.771,-2.981
 0.756,-2.952
 0.734,-2.944
 0.735,-2.963
 0.712,-2.963
 0.706,-2.986
 0.706,-2.988
 0.705,-3.000
 0.705,-3.002
 0.705,-3.028
 0.691,-3.030
 0.685,-3.025
 0.683,-3.019
 0.677,-3.016
 0.684,-3.019
 0.677,-3.042
 0.670,-3.050
 0.677,-3.042
 0.678,-3.047
 0.692,-3.045
 0.685,-3.067
 0.677,-3.070
 0.676,-3.053
 0.670,-3.039
 0.677,-3.028
 0.670,-3.036
 0.662,-3.027
 0.655,-3.033
 0.656,-3.010
 0.655,-3.022
 0.655,-3.022
 0.641,-3.021
 0.626,-2.993
 0.627,-2.982
 0.625,-2.988
 0.618,-2.996
 0.619,-2.985
 0.612,-2.979
 0.620,-2.990
 0.612,-2.996
 0.612,-3.027
 0.619,-3.030
 0.611,-3.033
 0.619,-3.072
 0.626,-3.075
 0.626,-3.103
 0.612,-3.134
 0.598,-3.137
 0.599,-3.142
 0.627,-3.123
 0.620,-3.131
 0.619,-3.154
 0.618,-3.148
 0.612,-3.162
 0.612,-3.148
 0.612,-3.148
 0.613,-3.151
 0.590,-3.154
 0.613,-3.137
 0.605,-3.111
 0.597,-3.089
 0.590,-3.083
 0.575,-3.080
 0.584,-3.066
 0.583,-3.078
 0.591,-3.072
 0.598,-3.078
 0.604,-3.081
 0.620,-3.100
 0.597,-3.117
 0.598,-3.134
 0.606,-3.145
 0.619,-3.154
 0.627,-3.177
 0.634,-3.196
 0.620,-3.227
 0.642,-3.250
 0.641,-3.258
 0.657,-3.278
 0.648,-3.281
 0.642,-3.304
 0.657,-3.307
 0.663,-3.309
 0.657,-3.304
 0.663,-3.306
 0.656,-3.301
 0.678,-3.293
 0.692,-3.318
 0.678,-3.321
 0.677,-3.346
 0.671,-3.377
 0.672,-3.423
 0.664,-3.456
 0.658,-3.482
 0.664,-3.468
 0.656,-3.456
 0.648,-3.447
 0.640,-3.433
 0.619,-3.433
 0.619,-3.419
 0.620,-3.408
 0.627,-3.419
 0.626,-3.424
 0.620,-3.408
 0.620,-3.379
 0.620,-3.354
 0.642,-3.363
 0.634,-3.363
 0.642,-3.371
 0.648,-3.349
 0.635,-3.337
 0.635,-3.315
 0.649,-3.295
 0.657,-3.321
 0.656,-3.315
 0.664,-3.327
 0.664,-3.327
 0.656,-3.329
 0.650,-3.341
 0.634,-3.351
 0.641,-3.385
 0.627,-3.416
 0.627,-3.427
 0.613,-3.402
 0.613,-3.388
 0.591,-3.394
 0.605,-3.408
 0.598,-3.424
 0.584,-3.416
 0.577,-3.407
 0.570,-3.391
 0.584,-3.348
 0.562,-3.334
 0.570,-3.331
 0.562,-3.308
 0.569,-3.286
 0.569,-3.272
 0.569,-3.255
 0.562,-3.280
 0.562,-3.277
 0.562,-3.280
 0.570,-3.238
 0.556,-3.224
 0.549,-3.218
 0.555,-3.232
 0.562,-3.263
 0.569,-3.255
 0.547,-3.218
 0.541,-3.207
 0.548,-3.173
 0.548,-3.184
 0.548,-3.184
 0.547,-3.179
 0.548,-3.167
 0.533,-3.153
 0.563,-3.145
 0.548,-3.145
 0.533,-3.136
 0.534,-3.128
 0.547,-3.111
 0.540,-3.088
 0.541,-3.094
 0.533,-3.097
 0.526,-3.091
 0.540,-3.077
 0.540,-3.077
 0.562,-3.086
 0.554,-3.088
 0.562,-3.114
 0.569,-3.105
 0.569,-3.120
 0.584,-3.134
 0.584,-3.131
 0.570,-3.137
 0.591,-3.142
 0.606,-3.128
 0.606,-3.128
 0.598,-3.131
 0.591,-3.142
 0.605,-3.140
 0.620,-3.126
 0.612,-3.117
 0.597,-3.114
 0.598,-3.120
 0.606,-3.089
 0.599,-3.069
 0.606,-3.075
 0.604,-3.064
 0.612,-3.061
 0.605,-3.027
 0.605,-2.999
 0.613,-3.010
 0.627,-3.007
 0.620,-3.021
 0.627,-3.007
 0.620,-3.002
 0.613,-3.010
 0.612,-3.004
 0.620,-3.027
 0.619,-3.024
 0.598,-3.021
 0.606,-3.004
 0.605,-2.987
 0.621,-3.007
 0.612,-2.990
 0.612,-3.019
 0.599,-3.038
 0.605,-3.027
 0.599,-3.027
 0.592,-3.004
 0.584,-2.996
 0.591,-2.973
 0.583,-2.973
 0.576,-2.970
 0.561,-2.939
 0.561,-2.928
 0.562,-2.933
 0.554,-2.933
 0.555,-2.939
 0.555,-2.939
 0.547,-2.916
 0.555,-2.897
 0.568,-2.920
 0.562,-2.931
 0.562,-2.931
 0.555,-2.913
 0.555,-2.885
 0.569,-2.894
 0.563,-2.905
 0.562,-2.928
 0.562,-2.928
 0.577,-2.905
 0.590,-2.886
 0.584,-2.897
 0.591,-2.928
 0.590,-2.940
 0.591,-2.956
 0.583,-2.948
 0.606,-2.950
 0.613,-2.942
 0.606,-2.959
 0.605,-2.971
 0.612,-2.988
 0.613,-2.993
 0.620,-2.971
 0.621,-2.990
 0.621,-2.993
 0.621,-3.004
 0.628,-3.013
 0.627,-2.990
 0.627,-2.991
 0.642,-2.993
 0.633,-3.008
 0.620,-3.027
 0.627,-3.035
 0.607,-3.032
 0.629,-3.001
 0.621,-2.990
 0.620,-3.002
 0.620,-2.999
 0.620,-2.999
 0.620,-2.976
 0.628,-2.968
 0.628,-2.968
 0.620,-2.957
 0.613,-2.962
 0.613,-2.937
 0.612,-2.931
 0.605,-2.943
 0.613,-2.937
 0.627,-2.937
 0.606,-2.931
 0.605,-2.914
 0.606,-2.920
 0.606,-2.903
 0.605,-2.886
 0.605,-2.875
 0.597,-2.849
 0.598,-2.827
 0.605,-2.790
 0.598,-2.770
 0.590,-2.733
 0.604,-2.703
 0.590,-2.677
 0.590,-2.649
 0.589,-2.607
 0.597,-2.587
 0.595,-2.568
 0.604,-2.553
 0.618,-2.551
 0.617,-2.534
 0.618,-2.522
 0.617,-2.506
 0.640,-2.505
 0.647,-2.494
 0.654,-2.500
 0.655,-2.477
 0.647,-2.452
 0.648,-2.443
 0.648,-2.426
 0.640,-2.416
 0.647,-2.410
 0.639,-2.383
 0.633,-2.382
 0.626,-2.364
 0.611,-2.373
 0.597,-2.364
 0.582,-2.373
 0.568,-2.389
 0.561,-2.381
 0.547,-2.383
 0.547,-2.388
 0.546,-2.395
 0.525,-2.391
 0.510,-2.389
 0.510,-2.373
 0.503,-2.353
 0.496,-2.344
 0.489,-2.355
 0.482,-2.360
 0.475,-2.368
 0.475,-2.357
 0.459,-2.362
 0.467,-2.400
 0.474,-2.420
 0.467,-2.440
 0.460,-2.453
 0.446,-2.467
 0.432,-2.485
 0.431,-2.509
 0.431,-2.547
 0.409,-2.569
 0.409,-2.580
 0.410,-2.602
 0.410,-2.602
 0.395,-2.599
 0.395,-2.616
 0.402,-2.642
 0.395,-2.667
 0.388,-2.701
 0.381,-2.723
 0.395,-2.740
 0.387,-2.755
 0.381,-2.780
 0.381,-2.796
 0.373,-2.814
 0.381,-2.841
 0.374,-2.875
 0.374,-2.892
 0.374,-2.903
 0.374,-2.926
 0.374,-2.943
 0.373,-2.963
 0.373,-2.983
 0.388,-2.999
 0.388,-3.016
 0.410,-3.025
 0.409,-3.048
 0.424,-3.062
 0.439,-3.076
 0.453,-3.102
 0.460,-3.124
 0.467,-3.158
 0.468,-3.192
 0.468,-3.220
 0.468,-3.245
 0.489,-3.254
 0.489,-3.251
 0.504,-3.255
 0.511,-3.246
 0.525,-3.243
 0.533,-3.255
 0.539,-3.254
 0.562,-3.255
 0.591,-3.255
 0.598,-3.275
 0.606,-3.312
 0.612,-3.340
 0.613,-3.360
 0.620,-3.380
 0.635,-3.411
 0.628,-3.448
 0.620,-3.461
 0.613,-3.473
 0.613,-3.473
 0.627,-3.484
 0.628,-3.501
 0.627,-3.523
 0.635,-3.563
 0.656,-3.583
 0.656,-3.611
 0.657,-3.646
 0.656,-3.639
 0.671,-3.657
 0.685,-3.679
 0.685,-3.718
 0.693,-3.772
 0.715,-3.845
 0.716,-3.925
 0.740,-3.980
 0.740,-4.023
 0.747,-4.074
 0.775,-4.096
 0.797,-4.115
 0.809,-4.105
 0.809,-4.087
 0.803,-4.089
 0.809,-4.062
 0.805,-4.082
 0.804,-4.082
 0.803,-4.103
 0.782,-4.115
 0.767,-4.111
 0.762,-4.113
 0.762,-4.099
 0.746,-4.078
 0.717,-4.049
 0.694,-4.005
 0.695,-3.994
 0.702,-3.943
 0.695,-3.868
 0.718,-3.813
 0.725,-3.787
 0.711,-3.804
 0.696,-3.801
 0.674,-3.806
 0.660,-3.801
 0.660,-3.809
 0.653,-3.863
 0.653,-3.913
 0.616,-3.932
 0.603,-3.928
 0.609,-3.902
 0.610,-3.891
 0.602,-3.868
 0.572,-3.847
 0.565,-3.841
 0.556,-3.798
 0.565,-3.757
 0.558,-3.695
 0.550,-3.672
 0.558,-3.642
 0.550,-3.633
 0.536,-3.619
 0.543,-3.571
 0.543,-3.514
 0.558,-3.461
 0.549,-3.415
 0.556,-3.393
 0.549,-3.362
 0.535,-3.334
 0.543,-3.295
 0.550,-3.269
 0.543,-3.266
 0.543,-3.266
 0.534,-3.252
 0.549,-3.252
 0.577,-3.247
 0.585,-3.258
 0.578,-3.252
 0.578,-3.255
 0.586,-3.264
 0.586,-3.247
 0.593,-3.230
 0.600,-3.222
 0.607,-3.236
 0.614,-3.233
 0.607,-3.239
 0.615,-3.250
 0.622,-3.256
 0.629,-3.275
 0.636,-3.298
 0.628,-3.312
 0.636,-3.309
 0.636,-3.312
 0.629,-3.318
 0.644,-3.321
 0.650,-3.307
 0.651,-3.301
 0.672,-3.276
 0.664,-3.267
 0.672,-3.276
 0.678,-3.262
 0.687,-3.248
 0.679,-3.228
 0.701,-3.234
 0.701,-3.262
 0.707,-3.251
 0.709,-3.285
 0.723,-3.299
 0.723,-3.310
 0.730,-3.333
 0.744,-3.372
 0.744,-3.432
 0.730,-3.474
 0.736,-3.504
 0.745,-3.520
 0.773,-3.542
 0.803,-3.602
 0.810,-3.661
 0.802,-3.730
 0.811,-3.816
 0.826,-3.858
 0.835,-3.902
 0.835,-3.944
 0.827,-3.978
 0.806,-4.001
 0.783,-3.985
 0.761,-3.962
 0.768,-3.953
 0.739,-3.925
 0.747,-3.951
 0.711,-3.967
 0.690,-3.979
 0.676,-3.982
 0.676,-4.010
 0.683,-4.033
 0.682,-4.082
 0.654,-4.100
 0.625,-4.114
 0.632,-4.094
 0.647,-4.109
 0.638,-4.107
 0.646,-4.144
 0.631,-4.144
 0.624,-4.152
 0.639,-4.156
 0.632,-4.172
 0.632,-4.204
 0.639,-4.223
 0.638,-4.248
 0.632,-4.264
 0.617,-4.260
 0.618,-4.239
 0.632,-4.193
 0.646,-4.186
 0.653,-4.163
 0.645,-4.151
 0.639,-4.128
 0.647,-4.080
 0.661,-4.024
 0.669,-4.008
 0.667,-3.966
 0.675,-3.964
 0.675,-3.936
 0.660,-3.904
 0.654,-3.892
 0.668,-3.874
 0.653,-3.888
 0.653,-3.888
 0.660,-3.894
 0.675,-3.883
 0.667,-3.881
 0.667,-3.881
 0.681,-3.885
 0.660,-3.894
 0.668,-3.888
 0.660,-3.907
 0.625,-3.894
 0.633,-3.889
 0.624,-3.874
 0.647,-3.886
 0.645,-3.872
 0.638,-3.867
 0.624,-3.842
 0.631,-3.826
 0.646,-3.830
 0.638,-3.803
 0.638,-3.789
 0.630,-3.763
 0.630,-3.763
 0.638,-3.761
 0.638,-3.772
 0.639,-3.778
 0.646,-3.773
 0.639,-3.778
 0.661,-3.759
 0.652,-3.730
 0.653,-3.719
 0.652,-3.701
 0.645,-3.682
 0.660,-3.674
 0.666,-3.659
 0.645,-3.654
 0.667,-3.620
 0.652,-3.603
 0.682,-3.581
 0.703,-3.544
 0.704,-3.533
 0.696,-3.510
 0.688,-3.470
 0.718,-3.449
 0.731,-3.400
 0.732,-3.389
 0.739,-3.381
 0.731,-3.341
 0.739,-3.325
 0.746,-3.288
 0.732,-3.279
 0.739,-3.246
 0.724,-3.214
 0.732,-3.195
 0.723,-3.152
 0.730,-3.133
 0.731,-3.093
 0.730,-3.051
 0.738,-3.034
 0.715,-3.023
 0.709,-3.033
 0.710,-3.022
 0.702,-3.011
 0.724,-3.020
 0.707,-3.011
 0.715,-3.020
 0.722,-3.014
 0.715,-2.992
 0.723,-2.991
 0.723,-2.991
 0.709,-2.991
 0.702,-2.969
 0.708,-2.958
 0.716,-2.955
 0.694,-2.929
 0.702,-2.926
 0.716,-2.912
 0.701,-2.921
 0.716,-2.912
 0.723,-2.885
 0.739,-2.848
 0.746,-2.800
 0.739,-2.792
 0.747,-2.800
 0.769,-2.832
 0.769,-2.891
 0.770,-2.933
 0.740,-2.958
 0.734,-3.014
 0.719,-3.051
 0.705,-3.096
 0.698,-3.130
 0.689,-3.132
 0.691,-3.166
 0.683,-3.155
 0.662,-3.166
 0.654,-3.186
 0.632,-3.205
 0.633,-3.250
 0.618,-3.259
 0.603,-3.261
 0.596,-3.298
 0.581,-3.306
 0.567,-3.337
 0.560,-3.356
 0.545,-3.374
 0.538,-3.368
 0.524,-3.353
 0.525,-3.348
 0.531,-3.362
 0.516,-3.370
 0.509,-3.379
 0.509,-3.362
 0.502,-3.359
 0.516,-3.328
 0.510,-3.328
 0.502,-3.334
 0.501,-3.314
 0.509,-3.300
 0.523,-3.269
 0.523,-3.269
 0.523,-3.252
 0.515,-3.243
 0.509,-3.227
 0.516,-3.232
 0.531,-3.249
 0.538,-3.255
 0.545,-3.275
 0.560,-3.292
 0.559,-3.286
 0.574,-3.289
 0.597,-3.301
 0.610,-3.309
 0.625,-3.341
 0.632,-3.357
 0.632,-3.375
 0.661,-3.375
 0.682,-3.378
 0.705,-3.418
 0.712,-3.448
 0.719,-3.485
 0.690,-3.502
 0.670,-3.499
 0.677,-3.480
 0.676,-3.474
 0.676,-3.460
 0.675,-3.471
 0.667,-3.459
 0.661,-3.445
 0.647,-3.403
 0.655,-3.400
 0.662,-3.406
 0.661,-3.400
 0.661,-3.389
 0.638,-3.360
 0.639,-3.352
 0.647,-3.361
 0.639,-3.380
 0.633,-3.380
 0.632,-3.377
 0.604,-3.366
 0.611,-3.346
 0.603,-3.346
 0.618,-3.360
 0.609,-3.346
 0.610,-3.363
 0.602,-3.343
 0.602,-3.340
 0.604,-3.352
 0.603,-3.360
 0.590,-3.366
 0.597,-3.332
 0.611,-3.326
 0.618,-3.346
 0.624,-3.346
 0.603,-3.357
 0.603,-3.346
 0.610,-3.337
 0.604,-3.324
 0.610,-3.309
 0.611,-3.298
 0.610,-3.284
 0.603,-3.261
 0.618,-3.253
 0.603,-3.230
 0.595,-3.210
 0.610,-3.211
 0.602,-3.202
 0.618,-3.222
 0.617,-3.219
 0.625,-3.245
 0.639,-3.270
 0.646,-3.315
 0.639,-3.338
 0.639,-3.349
 0.639,-3.366
 0.647,-3.361
 0.661,-3.372
 0.676,-3.403
 0.683,-3.409
 0.684,-3.426
 0.690,-3.432
 0.683,-3.448
 0.668,-3.462
 0.668,-3.476
 0.669,-3.493
 0.684,-3.485
 0.669,-3.485
 0.671,-3.494
 0.670,-3.499
 0.683,-3.518
 0.690,-3.524
 0.689,-3.507
 0.683,-3.479
 0.683,-3.465
 0.684,-3.454
 0.677,-3.463
 0.662,-3.459
 0.662,-3.460
 0.653,-3.434
 0.655,-3.426
 0.655,-3.429
 0.655,-3.426
 0.655,-3.471
 0.654,-3.476
 0.654,-3.490
 0.661,-3.502
 0.662,-3.516
 0.655,-3.525
 0.647,-3.555
 0.632,-3.569
 0.633,-3.558
 0.625,-3.549
 0.633,-3.547
 0.633,-3.555
 0.625,-3.563
 0.626,-3.552
 0.632,-3.538
 0.640,-3.538
 0.640,-3.535
 0.648,-3.558
 0.640,-3.578
 0.640,-3.577
 0.641,-3.584
 0.647,-3.569
 0.655,-3.581
 0.670,-3.595
 0.669,-3.617
 0.662,-3.643
 0.683,-3.659
 0.676,-3.696
 0.675,-3.738
 0.667,-3.769
 0.654,-3.793
 0.668,-3.832
 0.661,-3.869
 0.676,-3.915
 0.668,-3.962
 0.669,-3.994
 0.668,-4.015
 0.668,-4.044
 0.667,-4.068
 0.674,-4.088
 0.682,-4.097
 0.682,-4.086
 0.705,-4.099
 0.706,-4.113
 0.711,-4.111
 0.698,-4.143
 0.697,-4.136
 0.705,-4.162
 0.713,-4.199
 0.705,-4.233
 0.735,-4.265
 0.733,-4.272
 0.749,-4.304
 0.771,-4.313
 0.762,-4.283
 0.764,-4.266
 0.748,-4.272
 0.749,-4.315
 0.742,-4.338
 0.742,-4.352
 0.743,-4.370
 0.729,-4.384
 0.707,-4.407
 0.707,-4.435
 0.699,-4.474
 0.678,-4.530
 0.663,-4.568
 0.641,-4.605
 0.620,-4.632
 0.612,-4.643
 0.613,-4.651
 0.612,-4.657
 0.591,-4.680
 0.576,-4.694
 0.561,-4.690
 0.548,-4.726
 0.533,-4.740
 0.490,-4.754
 0.469,-4.763
 0.447,-4.768
 0.419,-4.757
 0.381,-4.739
 0.359,-4.702
 0.360,-4.597
 0.346,-4.480
 0.332,-4.403
 0.324,-4.334
 0.281,-4.256
 0.303,-4.155
 0.302,-4.088
 0.317,-4.050
 0.324,-4.009
 0.331,-3.972
 0.339,-3.970
 0.325,-3.974
 0.325,-3.991
 0.324,-3.988
 0.310,-3.991
 0.317,-4.025
 0.302,-4.028
 0.287,-4.021
 0.280,-3.998
 0.280,-3.980
 0.288,-3.978
 0.287,-3.933
 0.288,-3.908
 0.295,-3.860
 0.310,-3.776
 0.346,-3.683
 0.360,-3.581
 0.368,-3.519
 0.390,-3.468
 0.404,-3.441
 0.412,-3.435
 0.419,-3.426
 0.412,-3.441
 0.419,-3.443
 0.412,-3.452
 0.434,-3.489
 0.419,-3.514
 0.419,-3.545
 0.411,-3.548
 0.405,-3.570
 0.419,-3.588
 0.440,-3.618
 0.455,-3.650
 0.462,-3.680
 0.454,-3.717
 0.455,-3.749
 0.447,-3.779
 0.455,-3.819
 0.476,-3.850
 0.498,-3.887
 0.520,-3.924
 0.519,-3.959
 0.534,-3.981
 0.554,-4.008
 0.569,-4.050
 0.591,-4.105
 0.605,-4.144
 0.613,-4.174
 0.621,-4.197
 0.636,-4.201
 0.658,-4.206
 0.678,-4.201
 0.693,-4.205
 0.698,-4.175
 0.721,-4.159
 0.722,-4.138
 0.736,-4.134
 0.737,-4.170
 0.751,-4.166
 0.721,-4.177
 0.729,-4.171
 0.728,-4.182
 0.744,-4.204
 0.758,-4.214
 0.764,-4.219
 0.758,-4.218
 0.764,-4.191
 0.786,-4.158
 0.793,-4.132
 0.815,-4.130
 0.823,-4.125
 0.829,-4.098
 0.837,-4.068
 0.859,-4.032
 0.866,-4.023
 0.859,-4.003
 0.866,-3.966
 0.874,-3.937
 0.859,-3.876
 0.874,-3.880
 0.860,-3.880
 0.829,-3.844
 0.824,-3.817
 0.830,-3.766
 0.800,-3.749
 0.779,-3.715
 0.784,-3.671
 0.770,-3.618
 0.756,-3.547
 0.741,-3.469
 0.720,-3.381
 0.696,-3.310
 0.689,-3.305
 0.674,-3.301
 0.674,-3.298
 0.653,-3.284
 0.645,-3.259
 0.640,-3.248
 0.632,-3.250
 0.624,-3.256
 0.633,-3.242
 0.617,-3.222
 0.618,-3.197
 0.632,-3.208
 0.617,-3.219
 0.617,-3.202
 0.624,-3.194
 0.632,-3.180
 0.617,-3.177
 0.625,-3.171
 0.625,-3.171
 0.609,-3.151
 0.610,-3.146
 0.618,-3.154
 0.625,-3.146
 0.626,-3.163
 0.632,-3.163
 0.640,-3.200
 0.632,-3.205
 0.625,-3.214
 0.618,-3.239
 0.610,-3.239
 0.626,-3.231
 0.640,-3.231
 0.632,-3.245
 0.618,-3.233
 0.617,-3.230
 0.618,-3.236
 0.626,-3.217
 0.640,-3.214
 0.633,-3.197
 0.617,-3.185
 0.633,-3.166
 0.625,-3.143
 0.610,-3.140
 0.611,-3.129
 0.603,-3.089
 0.611,-3.078
 0.625,-3.075
 0.625,-3.087
 0.618,-3.095
 0.625,-3.101
 0.626,-3.132
 0.639,-3.169
 0.631,-3.199
 0.618,-3.219
 0.617,-3.230
 0.611,-3.245
 0.626,-3.259
 0.618,-3.264
 0.604,-3.278
 0.603,-3.261
 0.612,-3.248
 0.633,-3.248
 0.632,-3.259
 0.632,-3.262
 0.632,-3.273
 0.634,-3.282
 0.641,-3.273
 0.641,-3.273
 0.641,-3.301
 0.647,-3.329
 0.670,-3.369
 0.671,-3.344
 0.685,-3.358
 0.693,-3.367
 0.713,-3.381
 0.706,-3.418
 0.706,-3.418
 0.692,-3.403
 0.700,-3.390
 0.699,-3.384
 0.700,-3.401
 0.700,-3.401
 0.692,-3.400
 0.692,-3.389
 0.684,-3.381
 0.692,-3.392
 0.678,-3.403
 0.663,-3.389
 0.670,-3.383
 0.670,-3.366
 0.663,-3.389
 0.655,-3.380
 0.641,-3.383
 0.634,-3.352
 0.626,-3.352
 0.620,-3.363
 0.619,-3.374
 0.619,-3.372
 0.612,-3.358
 0.604,-3.346
 0.619,-3.349
 0.633,-3.357
 0.618,-3.354
 0.619,-3.346
 0.633,-3.357
 0.634,-3.352
 0.635,-3.341
 0.635,-3.313
 0.642,-3.322
 0.655,-3.313
 0.648,-3.332
 0.647,-3.326
 0.640,-3.307
 0.656,-3.288
 0.670,-3.285
 0.663,-3.296
 0.663,-3.307
 0.655,-3.310
 0.641,-3.313
 0.655,-3.282
 0.656,-3.276
 0.663,-3.268
 0.655,-3.256
 0.648,-3.265
 0.647,-3.242
 0.648,-3.222
 0.662,-3.222
 0.655,-3.211
 0.655,-3.214
 0.647,-3.203
 0.655,-3.186
 0.655,-3.172
 0.654,-3.155
 0.648,-3.141
 0.648,-3.110
 0.655,-3.104
 0.655,-3.087
 0.654,-3.084
 0.669,-3.059
 0.662,-3.051
 0.655,-3.062
 0.654,-3.059
 0.647,-3.050
 0.632,-3.011
 0.617,-2.965
 0.609,-2.920
 0.602,-2.886
 0.615,-2.906
 0.615,-2.934
 0.622,-2.949
 0.616,-2.951
 0.617,-2.957
 0.617,-2.973
 0.632,-2.976
 0.610,-2.979
 0.610,-2.979
 0.602,-2.970
 0.601,-2.951
 0.594,-2.971
 0.586,-2.971
 0.580,-2.971
 0.580,-2.973
 0.573,-2.951
 0.573,-2.956
 0.559,-2.967
 0.552,-2.976
 0.544,-2.984
 0.552,-3.004
 0.567,-3.035
 0.559,-3.038
 0.552,-3.046
 0.552,-3.046
 0.544,-3.049
 0.552,-3.075
 0.544,-3.077
 0.552,-3.075
 0.531,-3.040
 0.531,-3.038
 0.538,-3.061
 0.536,-3.078
 0.530,-3.077
 0.530,-3.063
 0.524,-3.060
 0.531,-3.072
 0.530,-3.106
 0.516,-3.136
 0.516,-3.148
 0.538,-3.168
 0.553,-3.188
 0.567,-3.210
 0.560,-3.261
 0.561,-3.292
 0.567,-3.298
 0.590,-3.338
 0.597,-3.380
 0.582,-3.425
 0.597,-3.453
 0.604,-3.470
 0.619,-3.473
 0.633,-3.442
 0.655,-3.451
 0.669,-3.437
 0.663,-3.420
 0.678,-3.440
 0.684,-3.426
 0.670,-3.429
 0.678,-3.395
 0.676,-3.372
 0.699,-3.384
 0.698,-3.395
 0.706,-3.406
 0.706,-3.421
 0.691,-3.435
 0.692,-3.452
 0.699,-3.454
 0.706,-3.491
 0.691,-3.488
 0.677,-3.488
 0.670,-3.499
 0.662,-3.488
 0.678,-3.505
 0.685,-3.511
 0.669,-3.519
 0.649,-3.519
 0.648,-3.513
 0.634,-3.544
 0.649,-3.561
 0.641,-3.578
 0.656,-3.609
 0.634,-3.614
 0.634,-3.629
 0.634,-3.632
 0.619,-3.625
 0.635,-3.646
 0.633,-3.654
 0.626,-3.662
 0.619,-3.657
 0.612,-3.648
 0.613,-3.626
 0.605,-3.628
 0.605,-3.628
 0.590,-3.625
 0.583,-3.602
 0.577,-3.603
 0.591,-3.600
 0.584,-3.609
 0.583,-3.602
 0.568,-3.588
 0.569,-3.594
 0.554,-3.591
 0.554,-3.622
 0.562,-3.631
 0.547,-3.645
 0.562,-3.677
 0.554,-3.676
 0.562,-3.698
 0.569,-3.704
 0.569,-3.701
 0.569,-3.721
 0.569,-3.732
 0.562,-3.755
 0.555,-3.781
 0.555,-3.803
 0.555,-3.820
 0.555,-3.834
 0.547,-3.839
 0.555,-3.848
 0.554,-3.873
 0.555,-3.891
 0.547,-3.907
 0.541,-3.905
 0.548,-3.896
 0.569,-3.898
 0.570,-3.905
 0.569,-3.898
 0.576,-3.907
 0.591,-3.911
 0.605,-3.907
 0.606,-3.900
 0.612,-3.885
 0.620,-3.854
 0.642,-3.835
 0.648,-3.809
 0.642,-3.804
 0.627,-3.786
 0.627,-3.750
 0.649,-3.745
 0.649,-3.728
 0.671,-3.737
 0.670,-3.730
 0.670,-3.691
 0.671,-3.680
 0.692,-3.686
 0.715,-3.684
 0.714,-3.677
 0.692,-3.672
 0.699,-3.663
 0.713,-3.685
 0.707,-3.700
 0.720,-3.711
 0.714,-3.695
 0.715,-3.673
 0.722,-3.664
 0.744,-3.673
 0.757,-3.692
 0.742,-3.699
 0.727,-3.685
 0.721,-3.669
 0.737,-3.678
 0.728,-3.691
 0.714,-3.705
 0.707,-3.714
 0.698,-3.685
 0.700,-3.680
 0.678,-3.646
 0.670,-3.624
 0.670,-3.609
 0.662,-3.611
 0.663,-3.601
 0.655,-3.578
 0.649,-3.547
 0.641,-3.499
 0.640,-3.465
 0.641,-3.454
 0.640,-3.448
 0.625,-3.422
 0.626,-3.400
 0.626,-3.383
 0.619,-3.366
 0.633,-3.374
 0.633,-3.389
 0.663,-3.403
 0.648,-3.400
 0.634,-3.364
 0.627,-3.341
 0.627,-3.313
 0.627,-3.313
 0.626,-3.281
 0.620,-3.253
 0.597,-3.213
 0.597,-3.214
 0.604,-3.233
 0.597,-3.239
 0.598,-3.245
 0.597,-3.239
 0.604,-3.233
 0.612,-3.231
 0.597,-3.239
 0.605,-3.253
 0.612,-3.259
 0.605,-3.253
 0.612,-3.219
 0.611,-3.185
 0.604,-3.194
 0.604,-3.202
 0.618,-3.217
 0.627,-3.203
 0.633,-3.191
 0.634,-3.183
 0.642,-3.174
 0.641,-3.172
 0.648,-3.152
 0.640,-3.126
 0.641,-3.093
 0.640,-3.087
 0.641,-3.076
 0.633,-3.027
 0.639,-2.971
 0.640,-2.920
 0.653,-2.901
 0.653,-2.873
 0.654,-2.876
 0.639,-2.847
 0.648,-2.833
 0.639,-2.807
 0.632,-2.759
 0.639,-2.751
 0.638,-2.746
 0.639,-2.763
 0.646,-2.754
 0.646,-2.771
 0.640,-2.765
 0.646,-2.743
 0.669,-2.754
 0.669,-2.751
 0.676,-2.757
 0.669,-2.751
 0.668,-2.735
 0.662,-2.746
 0.654,-2.763
 0.647,-2.783
 0.647,-2.799
 0.647,-2.811
 0.641,-2.810
 0.647,-2.827
 0.639,-2.859
 0.625,-2.889
 0.625,-2.873
 0.626,-2.881
 0.641,-2.895
 0.627,-2.937
 0.635,-2.974
 0.634,-2.997
 0.627,-3.005
 0.626,-3.016
 0.626,-3.045
 0.627,-3.076
 0.611,-3.084
 0.591,-3.109
 0.583,-3.089
 0.561,-3.083
 0.569,-3.132
 0.561,-3.148
 0.561,-3.179
 0.554,-3.185
 0.547,-3.210
 0.562,-3.225
 0.554,-3.255
 0.562,-3.278
 0.562,-3.303
 0.554,-3.323
 0.562,-3.363
 0.554,-3.391
 0.540,-3.414
 0.541,-3.428
 0.540,-3.467
 0.548,-3.515
 0.547,-3.551
 0.534,-3.617
 0.526,-3.636
 0.512,-3.650
 0.512,-3.668
 0.512,-3.650
 0.497,-3.639
 0.504,-3.624
 0.497,-3.619
 0.482,-3.608
 0.496,-3.587
 0.475,-3.574
 0.474,-3.542
 0.475,-3.489
 0.468,-3.455
 0.482,-3.435
 0.497,-3.438
 0.511,-3.424
 0.511,-3.410
 0.519,-3.394
 0.532,-3.374
 0.555,-3.368
 0.576,-3.385
 0.576,-3.396
 0.598,-3.411
 0.620,-3.403
 0.643,-3.421
 0.665,-3.426
 0.672,-3.457
 0.700,-3.483
 0.706,-3.521
 0.714,-3.561
 0.729,-3.564
 0.744,-3.568
 0.759,-3.589
 0.772,-3.621
 0.765,-3.644
 0.772,-3.650
 0.779,-3.644
 0.788,-3.670
 0.779,-3.687
 0.759,-3.713
 0.751,-3.718
 0.736,-3.729
 0.751,-3.732
 0.750,-3.725
 0.758,-3.734
 0.757,-3.720
 0.757,-3.731
 0.765,-3.743
 0.735,-3.753
 0.730,-3.744
 0.722,-3.721
 0.721,-3.711
 0.715,-3.709
 0.699,-3.702
 0.693,-3.700
 0.678,-3.671
 0.656,-3.663
 0.664,-3.650
 0.649,-3.643
 0.643,-3.669
 0.627,-3.677
 0.605,-3.682
 0.584,-3.665
 0.599,-3.662
 0.585,-3.693
