 0.633,-1.291
 0.644,-1.338
 0.633,-1.381
 0.642,-1.424
 0.634,-1.454
 0.633,-1.470
 0.635,-1.493
 0.635,-1.493
 0.625,-1.519
 0.635,-1.529
 0.634,-1.546
 0.644,-1.574
 0.645,-1.595
 0.625,-1.645
 0.625,-1.666
 0.634,-1.672
 0.644,-1.664
 0.653,-1.617
 0.643,-1.588
 0.644,-1.556
 0.662,-1.497
 0.662,-1.444
 0.664,-1.393
 0.653,-1.344
 0.656,-1.315
 0.644,-1.264
 0.644,-1.228
 0.616,-1.201
 0.615,-1.161
 0.588,-1.174
 0.578,-1.180
 0.568,-1.190
 0.549,-1.188
 0.548,-1.185
 0.540,-1.198
 0.530,-1.186
 0.521,-1.200
 0.503,-1.200
 0.502,-1.198
 0.502,-1.181
 0.491,-1.131
 0.483,-1.106
 0.492,-1.098
 0.473,-1.078
 0.483,-1.053
 0.492,-1.043
 0.483,-1.051
 0.492,-1.041
 0.492,-1.041
 0.484,-1.053
 0.502,-1.068
 0.502,-1.068
 0.484,-1.053
 0.492,-1.041
 0.503,-1.036
 0.503,-1.035
 0.503,-1.035
 0.512,-1.043
 0.511,-1.023
 0.512,-1.043
 0.520,-1.013
 0.501,-0.995
 0.511,-0.968
 0.530,-0.967
 0.512,-0.951
 0.512,-0.951
 0.512,-0.951
 0.502,-0.961
 0.511,-0.968
 0.512,-0.951
 0.510,-0.912
 0.520,-0.903
 0.511,-0.895
 0.511,-0.895
 0.502,-0.906
 0.492,-0.895
 0.483,-0.905
 0.493,-0.878
 0.492,-0.876
 0.483,-0.886
 0.492,-0.876
 0.483,-0.868
 0.483,-0.868
 0.473,-0.858
 0.493,-0.843
 0.483,-0.814
 0.483,-0.833
 0.483,-0.833
 0.482,-0.830
 0.501,-0.831
 0.491,-0.802
 0.491,-0.785
 0.501,-0.758
 0.500,-0.739
 0.501,-0.704
 0.492,-0.696
 0.493,-0.679
 0.512,-0.680
 0.510,-0.658
 0.520,-0.669
 0.519,-0.667
 0.520,-0.686
 0.539,-0.705
 0.529,-0.730
 0.548,-0.750
 0.557,-0.795
 0.548,-0.823
 0.586,-0.877
 0.585,-0.876
 0.596,-0.907
 0.596,-0.942
 0.615,-0.982
 0.606,-1.027
 0.605,-1.079
 0.616,-1.129
 0.606,-1.172
 0.625,-1.209
 0.644,-1.244
 0.642,-1.259
 0.653,-1.271
 0.671,-1.269
 0.682,-1.245
 0.692,-1.220
 0.701,-1.190
 0.722,-1.158
 0.731,-1.148
 0.739,-1.137
 0.749,-1.110
 0.738,-1.097
 0.748,-1.092
 0.757,-1.099
 0.757,-1.099
 0.748,-1.072
 0.757,-1.062
 0.757,-1.080
 0.746,-1.069
 0.747,-1.052
 0.738,-1.045
 0.738,-1.045
 0.721,-1.030
 0.692,-1.038
 0.701,-1.046
 0.710,-1.038
 0.690,-1.053
 0.691,-1.074
 0.718,-1.081
 0.689,-1.105
 0.688,-1.068
 0.659,-1.038
 0.671,-0.998
 0.663,-0.972
 0.663,-0.955
 0.654,-0.928
 0.624,-0.916
 0.634,-0.909
 0.615,-0.907
 0.604,-0.914
 0.604,-0.914
 0.613,-0.922
 0.624,-0.934
 0.633,-0.961
 0.624,-0.971
 0.634,-0.981
 0.623,-1.004
 0.633,-1.016
 0.643,-1.026
 0.624,-1.044
 0.615,-1.074
 0.624,-1.099
 0.634,-1.147
 0.643,-1.209
 0.652,-1.236
 0.662,-1.264
 0.651,-1.306
 0.661,-1.317
 0.661,-1.316
 0.680,-1.316
 0.700,-1.320
 0.708,-1.308
 0.710,-1.293
 0.711,-1.277
 0.720,-1.267
 0.730,-1.258
 0.728,-1.255
 0.747,-1.237
 0.745,-1.197
 0.736,-1.168
 0.736,-1.115
 0.726,-1.067
 0.719,-1.008
 0.709,-0.961
 0.709,-0.907
 0.700,-0.844
 0.699,-0.768
 0.672,-0.725
 0.653,-0.689
 0.625,-0.661
 0.625,-0.662
 0.615,-0.688
 0.606,-0.698
 0.594,-0.739
 0.556,-0.756
 0.547,-0.766
 0.528,-0.766
 0.520,-0.778
 0.492,-0.787
 0.464,-0.815
 0.454,-0.825
 0.444,-0.869
 0.426,-0.907
 0.444,-0.922
 0.444,-0.939
 0.425,-0.941
 0.425,-0.939
 0.435,-0.951
 0.444,-0.959
 0.435,-0.967
 0.436,-0.970
 0.444,-0.976
 0.455,-0.988
 0.464,-0.979
 0.464,-0.979
 0.464,-0.962
 0.473,-0.969
 0.493,-0.972
 0.492,-0.989
 0.511,-1.025
 0.512,-1.045
 0.539,-1.068
 0.530,-1.060
 0.548,-1.059
 0.548,-1.059
 0.559,-1.035
 0.557,-1.014
 0.568,-1.027
 0.587,-1.025
 0.587,-1.008
 0.596,-0.999
 0.614,-0.996
 0.615,-0.997
 0.642,-0.988
 0.643,-0.971
 0.653,-0.962
 0.642,-0.951
 0.653,-0.962
 0.662,-0.953
 0.680,-0.951
 0.681,-0.934
 0.680,-0.915
 0.681,-0.918
 0.681,-0.917
 0.691,-0.946
 0.692,-0.966
 0.699,-0.970
 0.719,-0.991
 0.728,-0.998
 0.727,-1.015
 0.728,-1.017
 0.746,-1.034
 0.729,-1.055
 0.739,-1.083
 0.738,-1.137
 0.748,-1.165
 0.737,-1.170
 0.767,-1.220
 0.767,-1.257
 0.757,-1.284
 0.758,-1.304
 0.757,-1.282
 0.748,-1.273
 0.729,-1.237
 0.709,-1.198
 0.709,-1.181
 0.679,-1.150
 0.671,-1.108
 0.671,-1.071
 0.652,-1.034
 0.643,-1.009
 0.624,-1.007
 0.597,-1.000
 0.587,-1.010
 0.577,-1.035
 0.569,-1.047
 0.558,-1.070
 0.530,-1.098
 0.529,-1.115
 0.501,-1.121
 0.502,-1.125
 0.482,-1.139
 0.454,-1.171
 0.464,-1.181
 0.446,-1.199
 0.455,-1.209
 0.444,-1.214
 0.445,-1.216
 0.435,-1.187
 0.425,-1.195
 0.427,-1.181
 0.463,-1.178
 0.455,-1.173
 0.455,-1.172
 0.463,-1.178
 0.473,-1.188
 0.473,-1.188
 0.474,-1.208
 0.492,-1.206
 0.511,-1.225
 0.522,-1.218
 0.531,-1.227
 0.531,-1.247
 0.560,-1.239
 0.550,-1.227
 0.560,-1.239
 0.568,-1.244
 0.579,-1.274
 0.578,-1.289
 0.577,-1.287
 0.578,-1.290
 0.586,-1.279
 0.578,-1.254
 0.588,-1.247
 0.578,-1.254
 0.579,-1.237
 0.550,-1.243
 0.559,-1.235
 0.550,-1.208
 0.540,-1.197
 0.540,-1.182
 0.521,-1.178
 0.521,-1.180
 0.521,-1.198
 0.512,-1.206
 0.512,-1.228
 0.511,-1.225
 0.521,-1.251
 0.521,-1.272
 0.530,-1.278
 0.513,-1.283
 0.513,-1.300
 0.513,-1.302
 0.531,-1.282
 0.503,-1.271
 0.522,-1.273
 0.512,-1.280
 0.513,-1.300
 0.512,-1.280
 0.502,-1.270
 0.512,-1.280
 0.502,-1.251
 0.503,-1.255
 0.494,-1.265
 0.512,-1.263
 0.503,-1.255
 0.511,-1.260
 0.502,-1.253
 0.512,-1.243
 0.521,-1.251
 0.522,-1.237
 0.531,-1.225
 0.522,-1.237
 0.522,-1.217
 0.521,-1.215
 0.531,-1.208
 0.530,-1.205
 0.531,-1.188
 0.531,-1.172
 0.540,-1.162
 0.532,-1.157
 0.531,-1.155
 0.531,-1.155
 0.541,-1.145
 0.549,-1.150
 0.550,-1.173
 0.559,-1.160
 0.540,-1.162
 0.550,-1.152
 0.549,-1.132
 0.550,-1.137
 0.550,-1.117
 0.532,-1.137
 0.531,-1.155
 0.531,-1.172
 0.522,-1.182
 0.531,-1.188
 0.521,-1.198
 0.521,-1.198
 0.521,-1.215
 0.522,-1.218
 0.511,-1.225
 0.511,-1.261
 0.512,-1.245
 0.511,-1.241
 0.502,-1.235
 0.511,-1.225
 0.503,-1.236
 0.503,-1.236
 0.503,-1.236
 0.513,-1.248
 0.512,-1.245
 0.522,-1.255
 0.521,-1.272
 0.521,-1.288
 0.513,-1.300
 0.531,-1.298
 0.512,-1.298
 0.522,-1.308
 0.531,-1.298
 0.522,-1.292
 0.521,-1.272
 0.522,-1.255
 0.513,-1.247
 0.512,-1.243
 0.512,-1.265
 0.511,-1.261
 0.503,-1.273
 0.512,-1.281
 0.511,-1.278
 0.512,-1.263
 0.530,-1.260
 0.502,-1.253
 0.503,-1.236
 0.502,-1.233
 0.503,-1.200
 0.512,-1.153
 0.503,-1.146
 0.493,-1.118
 0.492,-1.116
 0.493,-1.099
 0.493,-1.098
 0.483,-1.108
 0.502,-1.126
 0.501,-1.123
 0.493,-1.135
 0.511,-1.113
 0.502,-1.125
 0.522,-1.126
 0.521,-1.145
 0.522,-1.148
 0.531,-1.155
 0.531,-1.173
 0.541,-1.182
 0.539,-1.197
 0.540,-1.198
 0.539,-1.197
 0.550,-1.190
 0.550,-1.190
 0.558,-1.178
 0.578,-1.164
 0.569,-1.135
 0.578,-1.125
 0.577,-1.105
 0.596,-1.087
 0.598,-1.074
 0.616,-1.072
 0.607,-1.065
 0.626,-1.047
 0.635,-1.054
 0.635,-1.054
 0.644,-1.062
 0.662,-1.061
 0.662,-1.061
 0.661,-1.041
 0.663,-1.044
 0.673,-1.018
 0.664,-1.009
 0.654,-0.982
 0.653,-0.979
 0.644,-0.972
 0.634,-0.944
 0.615,-0.942
 0.615,-0.906
 0.596,-0.887
 0.587,-0.880
 0.577,-0.870
 0.586,-0.879
 0.558,-0.888
 0.567,-0.877
 0.567,-0.895
 0.566,-0.894
 0.558,-0.905
 0.559,-0.945
 0.549,-0.971
 0.560,-1.001
 0.549,-1.045
 0.559,-1.072
 0.540,-1.090
 0.549,-1.135
 0.559,-1.163
 0.558,-1.197
 0.559,-1.253
 0.558,-1.270
 0.558,-1.307
 0.569,-1.339
 0.559,-1.364
 0.570,-1.394
 0.551,-1.412
 0.569,-1.447
 0.551,-1.486
 0.569,-1.502
 0.559,-1.529
 0.559,-1.529
 0.558,-1.525
 0.549,-1.518
 0.541,-1.492
 0.550,-1.463
 0.559,-1.437
 0.540,-1.400
 0.542,-1.369
 0.541,-1.349
 0.541,-1.349
 0.542,-1.369
 0.531,-1.355
 0.541,-1.365
 0.540,-1.382
 0.549,-1.408
 0.549,-1.427
 0.539,-1.396
 0.549,-1.390
 0.549,-1.353
 0.550,-1.374
 0.541,-1.365
 0.540,-1.361
 0.522,-1.367
 0.531,-1.355
 0.521,-1.365
 0.512,-1.373
 0.510,-1.351
 0.493,-1.355
 0.492,-1.334
 0.483,-1.324
 0.502,-1.326
 0.483,-1.324
 0.493,-1.318
 0.493,-1.318
 0.483,-1.328
 0.493,-1.338
 0.502,-1.346
 0.493,-1.357
 0.512,-1.373
 0.512,-1.373
 0.513,-1.393
 0.521,-1.418
 0.531,-1.428
 0.531,-1.445
 0.540,-1.453
 0.550,-1.463
 0.540,-1.471
 0.551,-1.504
 0.541,-1.494
 0.551,-1.504
 0.542,-1.533
 0.550,-1.537
 0.570,-1.559
 0.578,-1.584
 0.579,-1.621
 0.579,-1.621
 0.578,-1.637
 0.560,-1.639
 0.588,-1.610
 0.569,-1.592
 0.588,-1.576
 0.578,-1.527
 0.599,-1.515
 0.597,-1.474
 0.588,-1.447
 0.617,-1.386
 0.606,-1.354
 0.597,-1.311
 0.606,-1.264
 0.596,-1.254
 0.606,-1.246
 0.596,-1.234
 0.597,-1.236
 0.606,-1.227
 0.597,-1.237
 0.598,-1.257
 0.578,-1.272
 0.579,-1.312
 0.569,-1.339
 0.569,-1.374
 0.579,-1.402
 0.578,-1.435
 0.579,-1.439
 0.578,-1.437
 0.559,-1.453
 0.579,-1.476
 0.569,-1.482
 0.569,-1.502
 0.579,-1.492
 0.550,-1.484
 0.570,-1.506
 0.551,-1.502
 0.570,-1.486
 0.560,-1.457
 0.569,-1.447
 0.560,-1.441
 0.569,-1.427
 0.569,-1.410
 0.569,-1.427
 0.569,-1.427
 0.569,-1.411
 0.568,-1.409
 0.551,-1.412
 0.551,-1.375
 0.550,-1.355
 0.560,-1.365
 0.550,-1.355
 0.551,-1.376
 0.550,-1.392
 0.550,-1.429
 0.550,-1.429
 0.540,-1.417
 0.531,-1.410
 0.532,-1.394
 0.521,-1.363
 0.531,-1.373
 0.521,-1.380
 0.512,-1.371
 0.503,-1.365
 0.503,-1.383
 0.494,-1.377
 0.493,-1.373
 0.494,-1.375
 0.503,-1.383
 0.493,-1.390
 0.503,-1.363
 0.511,-1.351
 0.522,-1.345
 0.522,-1.328
 0.532,-1.318
 0.541,-1.312
 0.541,-1.310
 0.551,-1.322
 0.550,-1.318
 0.559,-1.327
 0.559,-1.310
 0.558,-1.307
 0.559,-1.290
 0.569,-1.300
 0.549,-1.298
 0.560,-1.294
 0.558,-1.270
 0.559,-1.290
 0.558,-1.270
 0.550,-1.245
 0.551,-1.232
 0.550,-1.228
 0.541,-1.222
 0.541,-1.202
 0.550,-1.210
 0.559,-1.202
 0.558,-1.180
 0.558,-1.180
 0.558,-1.180
 0.557,-1.177
 0.548,-1.170
 0.548,-1.150
 0.549,-1.137
 0.540,-1.128
 0.550,-1.118
 0.540,-1.128
 0.549,-1.153
 0.549,-1.153
 0.559,-1.163
 0.567,-1.188
 0.577,-1.199
 0.586,-1.187
 0.578,-1.182
 0.587,-1.210
 0.595,-1.215
 0.596,-1.219
 0.606,-1.207
 0.616,-1.219
 0.588,-1.192
 0.607,-1.174
 0.598,-1.167
 0.616,-1.182
 0.616,-1.202
 0.625,-1.209
 0.624,-1.206
 0.616,-1.217
 0.605,-1.224
 0.597,-1.237
 0.598,-1.257
 0.588,-1.266
 0.588,-1.267
 0.587,-1.264
 0.578,-1.292
 0.568,-1.282
 0.568,-1.299
 0.550,-1.320
 0.540,-1.325
 0.502,-1.345
 0.493,-1.355
 0.494,-1.373
 0.503,-1.385
 0.494,-1.410
 0.484,-1.457
 0.475,-1.467
 0.475,-1.501
 0.457,-1.503
 0.446,-1.509
 0.447,-1.513
 0.428,-1.495
 0.437,-1.501
 0.428,-1.548
 0.427,-1.544
 0.408,-1.564
 0.390,-1.564
 0.370,-1.580
 0.362,-1.576
 0.333,-1.582
 0.324,-1.576
 0.324,-1.576
 0.305,-1.573
 0.295,-1.583
 0.276,-1.597
 0.267,-1.628
 0.238,-1.636
 0.248,-1.642
 0.238,-1.620
 0.238,-1.597
 0.238,-1.599
 0.248,-1.573
 0.239,-1.565
 0.238,-1.567
 0.257,-1.546
 0.257,-1.546
 0.267,-1.555
 0.267,-1.555
 0.295,-1.549
 0.294,-1.545
 0.314,-1.547
 0.333,-1.527
 0.351,-1.525
 0.380,-1.501
 0.389,-1.470
 0.399,-1.464
 0.409,-1.456
 0.447,-1.456
 0.457,-1.469
 0.475,-1.465
 0.485,-1.493
 0.503,-1.530
 0.512,-1.553
 0.513,-1.557
 0.540,-1.545
 0.542,-1.549
 0.560,-1.531
 0.560,-1.508
 0.560,-1.494
 0.569,-1.447
 0.580,-1.441
 0.589,-1.433
 0.598,-1.421
 0.589,-1.415
 0.598,-1.421
 0.598,-1.421
 0.598,-1.419
 0.596,-1.433
 0.587,-1.427
 0.597,-1.417
 0.579,-1.402
 0.579,-1.386
 0.569,-1.374
 0.579,-1.388
 0.569,-1.392
 0.559,-1.402
 0.558,-1.398
 0.539,-1.396
 0.549,-1.372
 0.539,-1.343
 0.540,-1.347
 0.522,-1.349
 0.492,-1.336
 0.483,-1.345
 0.473,-1.314
 0.445,-1.308
 0.436,-1.283
 0.427,-1.293
 0.408,-1.294
 0.389,-1.292
 0.399,-1.319
 0.370,-1.327
 0.388,-1.342
 0.389,-1.325
 0.407,-1.324
 0.398,-1.315
 0.389,-1.309
 0.398,-1.299
 0.408,-1.294
 0.417,-1.281
 0.436,-1.283
 0.436,-1.283
 0.445,-1.271
 0.455,-1.264
 0.445,-1.252
 0.465,-1.254
 0.456,-1.246
 0.464,-1.234
 0.474,-1.228
 0.492,-1.224
 0.502,-1.235
 0.493,-1.245
 0.521,-1.253
 0.541,-1.239
 0.550,-1.228
 0.560,-1.220
 0.579,-1.222
 0.597,-1.200
 0.616,-1.239
 0.635,-1.237
 0.653,-1.236
 0.662,-1.226
 0.662,-1.206
 0.673,-1.183
 0.692,-1.165
 0.692,-1.148
 0.693,-1.131
 0.682,-1.101
 0.701,-1.083
 0.709,-1.053
 0.701,-1.045
 0.701,-1.028
 0.690,-1.035
 0.701,-1.028
 0.692,-1.036
 0.682,-1.026
 0.682,-1.026
 0.682,-1.026
 0.664,-1.011
 0.672,-0.999
 0.644,-1.010
 0.626,-1.029
 0.625,-1.062
 0.626,-1.065
 0.634,-1.091
 0.606,-1.117
 0.596,-1.144
 0.577,-1.179
 0.568,-1.192
 0.568,-1.209
 0.568,-1.208
 0.560,-1.220
 0.568,-1.208
 0.570,-1.230
 0.569,-1.229
 0.569,-1.265
 0.588,-1.284
 0.567,-1.280
 0.550,-1.302
 0.530,-1.300
 0.493,-1.303
 0.436,-1.323
 0.462,-1.322
 0.473,-1.298
 0.473,-1.263
 0.473,-1.263
 0.483,-1.275
 0.492,-1.281
 0.512,-1.285
 0.521,-1.293
 0.540,-1.312
 0.559,-1.330
 0.586,-1.352
 0.587,-1.372
 0.624,-1.389
 0.615,-1.380
 0.635,-1.384
 0.654,-1.383
 0.665,-1.415
 0.674,-1.422
 0.684,-1.469
 0.723,-1.489
 0.722,-1.504
 0.751,-1.496
 0.760,-1.504
 0.769,-1.531
 0.769,-1.531
 0.778,-1.539
 0.789,-1.533
 0.807,-1.513
 0.807,-1.496
 0.818,-1.509
 0.807,-1.496
 0.799,-1.490
 0.797,-1.486
 0.797,-1.486
 0.789,-1.480
 0.778,-1.467
 0.779,-1.469
 0.768,-1.457
 0.740,-1.449
 0.740,-1.449
 0.739,-1.428
 0.712,-1.385
 0.702,-1.357
 0.674,-1.330
 0.646,-1.323
 0.636,-1.348
 0.608,-1.358
 0.608,-1.374
 0.588,-1.372
 0.570,-1.374
 0.550,-1.352
 0.542,-1.330
 0.504,-1.326
 0.494,-1.336
 0.495,-1.357
 0.494,-1.373
 0.496,-1.395
 0.476,-1.393
 0.486,-1.420
 0.478,-1.432
 0.486,-1.455
 0.496,-1.467
 0.495,-1.463
 0.495,-1.426
 0.486,-1.420
 0.494,-1.406
 0.496,-1.375
 0.514,-1.317
 0.524,-1.274
 0.534,-1.230
 0.543,-1.200
 0.535,-1.195
 0.553,-1.210
 0.525,-1.237
 0.525,-1.239
 0.524,-1.254
 0.506,-1.255
 0.505,-1.253
 0.487,-1.273
 0.477,-1.300
 0.486,-1.306
 0.469,-1.328
 0.459,-1.338
 0.441,-1.358
 0.432,-1.368
 0.440,-1.373
 0.422,-1.395
 0.431,-1.401
 0.412,-1.399
 0.392,-1.399
 0.392,-1.415
 0.374,-1.417
 0.383,-1.425
 0.374,-1.438
 0.375,-1.441
 0.365,-1.446
 0.356,-1.441
 0.356,-1.458
 0.346,-1.447
 0.337,-1.476
 0.346,-1.480
 0.365,-1.482
 0.374,-1.452
 0.374,-1.436
 0.375,-1.384
 0.393,-1.362
 0.412,-1.364
 0.394,-1.364
 0.403,-1.373
 0.404,-1.376
 0.384,-1.374
 0.394,-1.386
 0.404,-1.395
 0.413,-1.403
 0.422,-1.411
 0.422,-1.408
 0.431,-1.399
 0.431,-1.363
 0.431,-1.363
 0.441,-1.338
 0.431,-1.328
 0.441,-1.340
 0.450,-1.330
 0.450,-1.328
 0.450,-1.330
 0.449,-1.326
 0.450,-1.330
 0.469,-1.328
 0.478,-1.318
 0.487,-1.310
 0.487,-1.290
 0.487,-1.292
 0.496,-1.262
 0.496,-1.261
 0.478,-1.230
 0.487,-1.218
 0.478,-1.213
 0.478,-1.193
 0.468,-1.183
 0.468,-1.166
 0.476,-1.171
 0.477,-1.155
 0.457,-1.134
 0.466,-1.141
 0.467,-1.108
 0.457,-1.116
 0.458,-1.099
 0.458,-1.099
 0.448,-1.089
 0.448,-1.073
 0.438,-1.079
 0.438,-1.099
 0.438,-1.116
 0.438,-1.116
 0.420,-1.117
 0.428,-1.104
 0.401,-1.099
 0.419,-1.081
 0.391,-1.089
 0.410,-1.091
 0.400,-1.079
 0.381,-1.082
 0.391,-1.092
 0.381,-1.099
 0.382,-1.100
 0.391,-1.107
 0.401,-1.137
 0.391,-1.145
 0.410,-1.197
 0.419,-1.209
 0.428,-1.232
 0.438,-1.226
 0.439,-1.228
 0.429,-1.218
 0.449,-1.240
 0.468,-1.238
 0.477,-1.267
 0.486,-1.275
 0.486,-1.310
 0.515,-1.320
 0.495,-1.335
 0.505,-1.345
 0.514,-1.353
 0.533,-1.355
 0.543,-1.329
 0.552,-1.317
 0.563,-1.331
 0.582,-1.312
 0.562,-1.312
 0.563,-1.314
 0.571,-1.319
 0.572,-1.323
 0.572,-1.339
 0.581,-1.329
 0.572,-1.339
 0.571,-1.335
 0.571,-1.356
 0.581,-1.347
 0.571,-1.356
 0.572,-1.359
 0.581,-1.347
 0.553,-1.341
 0.562,-1.349
 0.552,-1.355
 0.553,-1.376
 0.561,-1.364
 0.553,-1.376
 0.553,-1.376
 0.561,-1.400
 0.553,-1.414
 0.571,-1.427
 0.552,-1.445
 0.571,-1.427
 0.571,-1.447
 0.563,-1.461
 0.562,-1.478
 0.563,-1.498
 0.571,-1.486
 0.561,-1.510
 0.572,-1.504
 0.571,-1.500
 0.571,-1.500
 0.552,-1.482
 0.552,-1.465
 0.553,-1.433
 0.552,-1.429
 0.543,-1.422
 0.553,-1.396
 0.552,-1.392
 0.553,-1.396
 0.551,-1.372
 0.533,-1.374
 0.543,-1.365
 0.514,-1.355
 0.524,-1.367
 0.505,-1.365
 0.524,-1.347
 0.522,-1.308
 0.522,-1.307
 0.514,-1.283
 0.514,-1.283
 0.505,-1.314
 0.506,-1.315
 0.505,-1.330
 0.515,-1.340
 0.523,-1.365
 0.523,-1.382
 0.514,-1.373
 0.523,-1.380
 0.524,-1.347
 0.532,-1.318
 0.533,-1.322
 0.524,-1.330
 0.542,-1.329
 0.524,-1.330
 0.542,-1.345
 0.551,-1.337
 0.542,-1.329
 0.561,-1.290
 0.543,-1.275
 0.569,-1.262
 0.552,-1.247
 0.562,-1.257
 0.579,-1.252
 0.580,-1.239
 0.590,-1.229
 0.609,-1.231
 0.590,-1.212
 0.609,-1.211
 0.628,-1.213
 0.627,-1.193
 0.618,-1.203
 0.637,-1.203
 0.636,-1.218
 0.637,-1.219
 0.645,-1.208
 0.646,-1.209
 0.627,-1.193
 0.627,-1.193
 0.629,-1.196
 0.627,-1.193
 0.618,-1.184
 0.609,-1.194
 0.608,-1.191
 0.608,-1.174
 0.588,-1.152
 0.589,-1.154
 0.580,-1.110
 0.570,-1.117
 0.570,-1.137
 0.551,-1.135
 0.552,-1.155
 0.533,-1.173
 0.542,-1.182
 0.524,-1.202
 0.514,-1.192
 0.505,-1.220
 0.487,-1.258
 0.485,-1.273
 0.486,-1.291
 0.485,-1.306
 0.504,-1.325
 0.505,-1.347
 0.505,-1.347
 0.506,-1.350
 0.515,-1.357
 0.516,-1.359
 0.506,-1.349
 0.506,-1.310
 0.487,-1.312
 0.477,-1.318
 0.478,-1.320
 0.477,-1.335
 0.468,-1.326
 0.469,-1.330
 0.487,-1.310
 0.478,-1.320
 0.488,-1.332
 0.469,-1.348
 0.488,-1.350
 0.497,-1.355
 0.478,-1.357
 0.479,-1.359
 0.488,-1.347
 0.507,-1.369
 0.488,-1.383
 0.488,-1.420
 0.488,-1.457
 0.497,-1.482
 0.488,-1.532
 0.488,-1.549
 0.469,-1.585
 0.469,-1.643
 0.488,-1.693
 0.460,-1.745
 0.449,-1.803
 0.440,-1.850
 0.449,-1.858
 0.458,-1.864
 0.469,-1.879
 0.459,-1.869
 0.469,-1.898
 0.488,-1.898
 0.487,-1.877
 0.508,-1.845
 0.507,-1.788
 0.507,-1.772
 0.498,-1.764
 0.497,-1.759
 0.488,-1.753
 0.478,-1.722
 0.458,-1.683
 0.430,-1.638
 0.410,-1.599
 0.402,-1.542
 0.402,-1.542
 0.393,-1.535
 0.393,-1.536
 0.383,-1.539
 0.364,-1.560
 0.363,-1.572
 0.364,-1.590
 0.373,-1.582
 0.354,-1.562
 0.364,-1.558
 0.355,-1.549
 0.345,-1.560
 0.346,-1.558
 0.335,-1.543
 0.327,-1.539
 0.327,-1.539
 0.326,-1.502
 0.327,-1.486
 0.345,-1.464
 0.364,-1.449
 0.364,-1.429
 0.364,-1.409
 0.364,-1.391
 0.373,-1.379
 0.374,-1.366
 0.373,-1.346
 0.383,-1.319
 0.383,-1.284
 0.382,-1.264
 0.392,-1.258
 0.401,-1.246
 0.391,-1.236
 0.401,-1.229
 0.400,-1.224
 0.410,-1.219
 0.419,-1.207
 0.428,-1.181
 0.428,-1.144
 0.418,-1.132
 0.428,-1.107
 0.438,-1.081
 0.457,-1.064
 0.466,-1.037
 0.484,-1.016
 0.485,-1.019
 0.504,-1.018
 0.532,-1.026
 0.542,-1.018
 0.559,-1.014
 0.578,-1.015
 0.606,-1.006
 0.635,-0.979
 0.655,-0.982
 0.654,-0.979
 0.646,-0.992
 0.656,-1.002
 0.656,-1.002
 0.684,-1.012
 0.711,-1.020
 0.712,-1.040
 0.730,-1.092
 0.739,-1.118
 0.740,-1.157
 0.748,-1.182
 0.759,-1.230
 0.750,-1.259
 0.741,-1.305
 0.732,-1.352
 0.712,-1.405
 0.693,-1.424
 0.692,-1.420
 0.692,-1.420
 0.693,-1.405
 0.663,-1.409
 0.665,-1.395
 0.655,-1.385
 0.636,-1.348
 0.627,-1.321
 0.617,-1.293
 0.599,-1.257
 0.598,-1.221
 0.569,-1.229
 0.589,-1.231
 0.578,-1.235
 0.570,-1.210
 0.579,-1.182
 0.560,-1.164
 0.551,-1.175
 0.560,-1.182
 0.560,-1.200
 0.550,-1.190
 0.560,-1.182
 0.551,-1.175
 0.542,-1.183
 0.523,-1.187
 0.523,-1.203
 0.523,-1.220
 0.523,-1.203
 0.522,-1.237
 0.522,-1.237
 0.512,-1.226
 0.503,-1.235
 0.484,-1.236
 0.484,-1.236
 0.485,-1.240
 0.485,-1.220
 0.476,-1.211
 0.486,-1.221
 0.484,-1.236
 0.466,-1.238
 0.465,-1.236
 0.465,-1.234
 0.465,-1.218
 0.456,-1.206
 0.447,-1.219
 0.466,-1.201
 0.465,-1.218
 0.485,-1.220
 0.466,-1.199
 0.476,-1.174
 0.476,-1.156
 0.475,-1.136
 0.485,-1.148
 0.484,-1.144
 0.486,-1.130
 0.494,-1.118
 0.503,-1.088
 0.522,-1.053
 0.531,-1.023
 0.523,-1.018
 0.532,-0.971
 0.542,-0.945
 0.533,-0.918
 0.552,-0.900
 0.533,-0.901
 0.552,-0.900
 0.541,-0.888
 0.542,-0.871
 0.550,-0.859
 0.532,-0.843
 0.532,-0.843
 0.504,-0.851
 0.515,-0.864
 0.495,-0.879
 0.495,-0.917
 0.485,-0.926
 0.467,-0.944
 0.476,-0.955
 0.466,-0.961
 0.458,-0.972
 0.467,-0.981
 0.466,-0.999
 0.467,-1.019
 0.466,-1.034
 0.457,-1.044
 0.457,-1.043
 0.457,-1.059
 0.439,-1.064
 0.448,-1.071
 0.440,-1.082
 0.458,-1.064
 0.468,-1.054
 0.468,-1.038
 0.477,-0.988
 0.468,-0.981
 0.487,-0.944
 0.477,-0.934
 0.487,-0.909
 0.505,-0.889
 0.506,-0.889
 0.506,-0.871
 0.514,-0.860
 0.534,-0.861
 0.533,-0.842
 0.534,-0.844
 0.544,-0.854
 0.534,-0.844
 0.536,-0.829
 0.544,-0.835
 0.516,-0.846
 0.515,-0.863
 0.505,-0.906
 0.496,-0.936
 0.485,-0.977
 0.467,-0.998
 0.458,-1.006
 0.439,-0.988
 0.421,-0.992
 0.430,-0.981
 0.421,-1.029
 0.421,-1.046
 0.410,-1.071
 0.440,-1.082
 0.439,-1.079
 0.439,-1.099
 0.458,-1.118
 0.468,-1.108
 0.478,-1.120
 0.496,-1.116
 0.496,-1.100
 0.515,-1.082
 0.514,-1.078
 0.534,-1.080
 0.552,-1.062
 0.554,-1.048
 0.563,-1.040
 0.582,-1.038
 0.582,-1.039
 0.590,-1.027
 0.600,-1.037
 0.610,-1.027
 0.618,-1.014
 0.618,-0.999
 0.618,-0.998
 0.628,-0.972
 0.610,-0.974
 0.610,-0.974
 0.601,-0.984
 0.599,-0.981
 0.601,-0.984
 0.600,-1.000
 0.590,-0.989
 0.610,-0.974
 0.590,-0.952
 0.581,-0.964
 0.572,-0.973
 0.562,-0.980
 0.553,-1.010
 0.543,-1.018
 0.525,-1.036
 0.533,-1.062
 0.514,-1.098
 0.496,-1.138
 0.486,-1.201
 0.505,-1.203
 0.524,-1.165
 0.505,-1.145
 0.506,-1.111
 0.514,-1.098
 0.514,-1.081
 0.504,-1.071
 0.514,-1.062
 0.515,-1.065
 0.504,-1.071
 0.495,-1.081
 0.505,-1.055
 0.504,-1.035
 0.505,-1.001
 0.505,-0.980
 0.505,-0.964
 0.495,-0.917
 0.494,-0.896
 0.485,-0.851
 0.475,-0.805
 0.447,-0.779
 0.437,-0.752
 0.428,-0.741
 0.429,-0.726
 0.437,-0.731
 0.418,-0.732
 0.418,-0.732
 0.428,-0.722
 0.420,-0.736
 0.429,-0.725
 0.430,-0.726
 0.429,-0.706
 0.429,-0.724
 0.438,-0.715
 0.428,-0.721
 0.447,-0.722
 0.447,-0.722
 0.438,-0.731
 0.439,-0.753
 0.458,-0.752
 0.449,-0.781
 0.458,-0.790
 0.448,-0.815
 0.448,-0.852
 0.447,-0.888
 0.439,-0.916
 0.438,-0.934
 0.438,-0.933
 0.439,-0.972
 0.438,-0.988
 0.430,-1.034
 0.430,-1.017
 0.438,-1.006
 0.449,-0.999
 0.449,-0.962
 0.449,-0.945
 0.459,-0.975
 0.449,-0.982
 0.440,-0.974
 0.458,-0.952
 0.458,-0.953
 0.458,-0.953
 0.448,-0.941
 0.467,-0.924
 0.477,-0.896
 0.458,-0.879
 0.449,-0.890
 0.449,-0.871
 0.431,-0.855
 0.430,-0.852
 0.449,-0.834
 0.439,-0.844
 0.438,-0.841
 0.439,-0.844
 0.439,-0.861
 0.439,-0.861
 0.467,-0.834
 0.448,-0.831
 0.449,-0.834
 0.457,-0.806
 0.449,-0.834
 0.439,-0.844
 0.448,-0.851
 0.439,-0.844
 0.449,-0.817
 0.440,-0.845
 0.439,-0.827
 0.448,-0.851
 0.439,-0.844
 0.448,-0.851
 0.439,-0.861
 0.449,-0.871
 0.438,-0.878
 0.448,-0.889
 0.448,-0.889
 0.439,-0.917
 0.468,-0.927
 0.467,-0.944
 0.449,-0.945
 0.467,-0.924
 0.477,-0.934
 0.467,-0.944
 0.467,-0.941
 0.486,-0.963
 0.476,-0.970
 0.477,-0.971
 0.486,-0.963
 0.486,-0.961
 0.496,-0.973
 0.505,-0.981
 0.496,-0.991
 0.497,-0.993
 0.506,-1.018
 0.506,-1.001
 0.515,-1.008
 0.516,-1.028
 0.506,-1.038
 0.515,-1.063
 0.525,-1.073
 0.514,-1.080
 0.524,-1.090
 0.506,-1.091
 0.515,-1.100
 0.506,-1.093
 0.506,-1.111
 0.515,-1.120
 0.506,-1.130
 0.505,-1.107
 0.496,-1.081
 0.514,-1.062
 0.515,-1.063
 0.515,-1.046
 0.514,-1.043
 0.515,-1.046
 0.524,-1.035
 0.542,-1.017
 0.543,-1.000
 0.552,-0.990
 0.553,-0.956
 0.553,-0.973
 0.544,-0.965
 0.544,-0.966
 0.543,-0.963
 0.562,-0.965
 0.580,-0.962
 0.571,-0.952
 0.562,-0.944
 0.570,-0.952
 0.563,-0.946
 0.563,-0.946
 0.562,-0.965
 0.563,-0.966
 0.543,-0.962
 0.563,-0.982
 0.553,-0.972
 0.543,-0.982
 0.534,-0.955
 0.524,-0.943
 0.524,-0.945
 0.533,-0.935
 0.523,-0.925
 0.505,-0.925
 0.505,-0.925
 0.486,-0.927
 0.486,-0.927
 0.468,-0.927
 0.468,-0.929
 0.467,-0.926
 0.458,-0.937
 0.458,-0.917
 0.448,-0.944
 0.439,-0.952
 0.447,-0.978
 0.439,-0.989
 0.438,-1.006
 0.430,-1.036
 0.430,-1.037
 0.421,-1.064
 0.430,-1.092
 0.430,-1.109
 0.411,-1.146
 0.402,-1.174
 0.401,-1.189
 0.392,-1.217
 0.419,-1.207
 0.419,-1.207
 0.420,-1.207
 0.429,-1.198
 0.431,-1.186
 0.449,-1.166
 0.449,-1.148
 0.440,-1.121
 0.430,-1.109
 0.450,-1.094
 0.430,-1.074
 0.440,-1.082
 0.439,-1.063
 0.429,-1.033
 0.430,-1.036
 0.429,-1.016
 0.410,-0.980
 0.402,-0.955
 0.401,-0.952
 0.402,-0.955
 0.382,-0.953
 0.373,-0.980
 0.373,-0.980
 0.363,-0.969
 0.345,-0.990
 0.344,-0.987
 0.354,-1.017
 0.354,-1.017
 0.325,-1.042
 0.316,-1.071
 0.326,-1.081
 0.316,-1.108
 0.317,-1.148
 0.317,-1.182
 0.298,-1.222
 0.297,-1.255
 0.288,-1.283
 0.307,-1.302
 0.307,-1.315
 0.326,-1.337
 0.326,-1.333
 0.345,-1.335
 0.345,-1.319
 0.345,-1.299
 0.336,-1.275
 0.336,-1.237
 0.345,-1.229
 0.355,-1.202
 0.355,-1.219
 0.345,-1.229
 0.354,-1.235
 0.354,-1.252
 0.364,-1.225
 0.373,-1.197
 0.373,-1.201
 0.373,-1.200
 0.364,-1.210
 0.374,-1.204
 0.364,-1.210
 0.374,-1.222
 0.364,-1.210
 0.364,-1.209
 0.383,-1.211
 0.392,-1.199
 0.383,-1.192
 0.382,-1.172
 0.391,-1.144
 0.392,-1.109
 0.391,-1.069
 0.401,-1.027
 0.410,-0.980
 0.411,-0.963
 0.439,-0.957
 0.439,-0.954
 0.439,-0.974
 0.438,-0.971
 0.457,-0.969
 0.457,-0.952
 0.475,-0.931
 0.457,-0.899
 0.457,-0.862
 0.467,-0.852
 0.468,-0.838
 0.466,-0.833
 0.476,-0.826
 0.486,-0.816
 0.486,-0.816
 0.477,-0.827
 0.477,-0.807
 0.477,-0.808
 0.486,-0.816
 0.486,-0.816
 0.467,-0.817
 0.466,-0.795
 0.458,-0.806
 0.467,-0.796
 0.458,-0.787
 0.430,-0.781
 0.449,-0.780
 0.431,-0.801
 0.421,-0.790
 0.429,-0.779
 0.411,-0.779
 0.410,-0.776
 0.411,-0.779
 0.420,-0.769
 0.430,-0.760
 0.430,-0.743
 0.410,-0.722
 0.392,-0.706
 0.392,-0.687
 0.363,-0.677
 0.383,-0.678
 0.363,-0.677
 0.345,-0.697
 0.335,-0.703
 0.336,-0.723
 0.346,-0.716
 0.326,-0.714
 0.337,-0.707
 0.346,-0.716
 0.326,-0.714
 0.317,-0.706
 0.326,-0.712
 0.326,-0.714
 0.317,-0.740
 0.298,-0.721
 0.308,-0.732
 0.307,-0.750
 0.299,-0.780
 0.299,-0.797
 0.308,-0.824
 0.308,-0.843
 0.298,-0.868
 0.289,-0.878
 0.299,-0.888
 0.280,-0.924
 0.289,-0.936
 0.299,-0.980
 0.299,-0.999
 0.308,-1.006
 0.299,-1.015
 0.289,-1.025
 0.290,-1.006
 0.290,-1.028
 0.309,-1.026
 0.290,-1.045
 0.281,-1.019
 0.290,-1.008
 0.281,-0.999
 0.271,-0.989
 0.280,-0.979
 0.271,-0.989
 0.280,-0.998
 0.280,-1.018
 0.270,-1.024
 0.261,-1.033
 0.270,-1.024
 0.261,-0.996
 0.261,-0.999
 0.261,-0.999
 0.261,-0.999
 0.252,-1.009
 0.261,-1.034
 0.270,-1.063
 0.289,-1.080
 0.289,-1.080
 0.289,-1.081
 0.289,-1.098
 0.289,-1.101
 0.298,-1.126
 0.290,-1.153
 0.289,-1.172
 0.298,-1.178
 0.308,-1.190
 0.327,-1.190
 0.318,-1.200
 0.328,-1.212
 0.328,-1.210
 0.347,-1.194
 0.356,-1.184
 0.356,-1.164
 0.375,-1.166
 0.384,-1.152
 0.384,-1.154
 0.393,-1.107
 0.374,-1.089
 0.374,-1.072
 0.384,-1.062
 0.393,-1.037
 0.393,-1.000
 0.374,-0.999
 0.393,-1.000
 0.383,-1.007
 0.384,-1.010
 0.383,-1.027
 0.383,-1.044
 0.393,-1.072
 0.383,-1.079
 0.412,-1.091
 0.412,-1.091
 0.402,-1.099
 0.402,-1.137
 0.402,-1.152
 0.393,-1.166
 0.393,-1.199
 0.383,-1.209
 0.394,-1.241
 0.384,-1.266
 0.394,-1.278
 0.393,-1.294
 0.393,-1.311
 0.403,-1.303
 0.392,-1.307
 0.403,-1.301
 0.403,-1.301
 0.402,-1.281
 0.412,-1.293
 0.412,-1.273
 0.403,-1.268
 0.412,-1.274
 0.403,-1.264
 0.422,-1.229
 0.421,-1.209
 0.422,-1.193
 0.421,-1.173
 0.431,-1.163
 0.422,-1.138
 0.449,-1.108
 0.450,-1.074
 0.440,-1.046
 0.440,-1.009
 0.441,-0.992
 0.421,-0.971
 0.431,-0.944
 0.430,-0.926
 0.421,-0.934
 0.411,-0.944
 0.411,-0.944
 0.412,-0.947
 0.403,-0.955
 0.412,-0.964
 0.422,-0.974
 0.402,-0.989
 0.402,-0.972
 0.411,-0.981
 0.402,-0.989
 0.393,-1.035
 0.402,-1.042
 0.392,-1.052
 0.383,-1.044
 0.393,-1.034
 0.394,-1.019
 0.413,-1.000
 0.395,-1.022
 0.385,-1.012
 0.375,-1.020
 0.366,-1.030
 0.355,-1.050
 0.365,-1.064
 0.364,-1.062
 0.383,-1.080
 0.412,-1.111
 0.402,-1.134
 0.422,-1.138
 0.430,-1.126
 0.412,-1.126
 0.403,-1.139
 0.374,-1.144
 0.365,-1.174
 0.337,-1.184
 0.318,-1.202
 0.280,-1.223
 0.261,-1.238
 0.223,-1.276
 0.222,-1.311
 0.203,-1.326
 0.212,-1.317
 0.211,-1.257
 0.212,-1.224
 0.221,-1.197
 0.221,-1.161
 0.241,-1.129
 0.241,-1.091
 0.269,-1.046
 0.288,-1.008
 0.297,-0.998
 0.307,-0.989
 0.325,-0.988
 0.345,-0.990
 0.354,-0.980
 0.373,-0.979
 0.392,-0.963
 0.392,-0.944
 0.402,-0.937
 0.411,-0.945
 0.401,-0.952
 0.420,-0.954
 0.448,-0.943
 0.486,-0.943
 0.477,-0.934
 0.487,-0.946
 0.488,-0.949
 0.506,-0.947
 0.525,-0.966
 0.544,-0.965
 0.543,-0.962
 0.553,-0.973
 0.543,-0.962
 0.553,-0.973
 0.562,-0.982
 0.552,-0.990
 0.562,-1.002
 0.552,-1.008
 0.562,-1.002
 0.553,-1.011
 0.534,-1.030
 0.506,-1.078
 0.486,-1.110
 0.486,-1.126
 0.514,-1.135
 0.514,-1.115
 0.515,-1.120
 0.534,-1.118
 0.535,-1.122
 0.526,-1.113
 0.506,-1.128
 0.496,-1.120
 0.505,-1.108
 0.467,-1.109
 0.439,-1.082
 0.447,-1.071
 0.458,-1.029
 0.448,-0.982
 0.458,-0.955
 0.467,-0.927
 0.486,-0.927
 0.487,-0.910
 0.505,-0.926
 0.486,-0.944
 0.486,-0.961
 0.475,-0.968
 0.495,-0.953
 0.503,-0.941
 0.515,-0.919
 0.515,-0.884
 0.506,-0.892
 0.516,-0.902
 0.542,-0.890
 0.534,-0.901
 0.543,-0.908
 0.542,-0.888
 0.543,-0.908
 0.543,-0.908
 0.553,-0.918
 0.553,-0.936
 0.544,-0.962
 0.534,-0.973
 0.533,-0.970
 0.553,-0.992
 0.554,-0.993
 0.544,-0.983
 0.555,-0.996
 0.564,-0.983
 0.564,-0.985
 0.582,-0.983
 0.582,-1.000
 0.582,-1.000
 0.581,-1.017
 0.591,-1.029
 0.610,-1.046
 0.610,-1.064
 0.601,-1.076
 0.620,-1.074
 0.620,-1.094
 0.620,-1.112
 0.602,-1.149
 0.611,-1.157
 0.610,-1.174
 0.620,-1.184
 0.620,-1.203
 0.619,-1.219
 0.620,-1.239
 0.638,-1.236
 0.639,-1.238
 0.630,-1.211
 0.629,-1.191
 0.649,-1.176
 0.639,-1.166
 0.641,-1.151
 0.650,-1.159
 0.630,-1.158
 0.640,-1.131
 0.639,-1.128
 0.631,-1.123
 0.631,-1.141
 0.621,-1.149
 0.621,-1.149
 0.601,-1.127
 0.583,-1.129
 0.564,-1.110
 0.564,-1.110
 0.545,-1.113
 0.535,-1.140
 0.517,-1.158
 0.517,-1.195
 0.497,-1.230
 0.488,-1.258
 0.477,-1.263
 0.469,-1.275
 0.488,-1.255
 0.487,-1.271
 0.498,-1.265
 0.488,-1.237
 0.507,-1.238
 0.497,-1.227
 0.488,-1.218
 0.499,-1.232
 0.470,-1.203
 0.471,-1.207
 0.480,-1.213
 0.480,-1.213
 0.480,-1.250
 0.460,-1.245
 0.470,-1.273
 0.460,-1.281
 0.450,-1.271
 0.452,-1.295
 0.451,-1.291
 0.442,-1.305
 0.423,-1.323
 0.432,-1.348
 0.433,-1.368
 0.451,-1.367
 0.442,-1.397
 0.461,-1.432
 0.470,-1.438
 0.498,-1.449
 0.507,-1.455
 0.517,-1.467
 0.509,-1.441
 0.499,-1.414
 0.508,-1.386
 0.507,-1.382
 0.527,-1.367
 0.527,-1.367
 0.537,-1.378
 0.518,-1.396
 0.527,-1.404
 0.528,-1.424
 0.547,-1.443
 0.518,-1.449
 0.527,-1.478
 0.527,-1.492
 0.508,-1.496
 0.499,-1.488
 0.490,-1.498
 0.472,-1.483
 0.461,-1.452
 0.453,-1.465
 0.433,-1.425
 0.441,-1.430
 0.432,-1.422
 0.422,-1.408
 0.413,-1.401
 0.403,-1.393
 0.403,-1.393
 0.414,-1.370
 0.423,-1.358
 0.423,-1.362
 0.432,-1.350
 0.432,-1.350
 0.442,-1.362
 0.412,-1.366
 0.413,-1.388
 0.393,-1.425
 0.383,-1.468
 0.374,-1.497
 0.373,-1.527
 0.345,-1.539
 0.354,-1.564
 0.363,-1.570
 0.383,-1.556
 0.392,-1.525
 0.431,-1.495
 0.441,-1.452
 0.451,-1.426
 0.471,-1.411
 0.460,-1.395
 0.469,-1.367
 0.478,-1.338
 0.459,-1.336
 0.478,-1.320
 0.468,-1.291
 0.469,-1.295
 0.478,-1.283
 0.488,-1.293
 0.479,-1.305
 0.469,-1.312
 0.469,-1.334
 0.460,-1.342
 0.431,-1.350
 0.432,-1.370
 0.431,-1.366
 0.422,-1.411
 0.421,-1.446
 0.412,-1.491
 0.403,-1.521
 0.393,-1.564
 0.375,-1.607
 0.384,-1.634
 0.365,-1.689
 0.356,-1.719
 0.365,-1.744
 0.365,-1.781
 0.365,-1.797
 0.374,-1.803
 0.374,-1.787
 0.383,-1.811
 0.374,-1.807
 0.393,-1.805
 0.402,-1.795
 0.413,-1.794
 0.432,-1.771
 0.433,-1.757
 0.432,-1.736
 0.461,-1.745
 0.442,-1.747
 0.451,-1.716
 0.461,-1.729
 0.470,-1.714
 0.451,-1.732
 0.451,-1.732
 0.450,-1.748
 0.442,-1.779
 0.451,-1.808
 0.432,-1.845
 0.423,-1.876
 0.422,-1.908
 0.394,-1.918
 0.385,-1.926
 0.375,-1.952
 0.365,-1.981
 0.356,-2.004
 0.356,-2.028
 0.347,-2.073
 0.346,-2.091
 0.337,-2.122
 0.318,-2.138
 0.299,-2.177
 0.289,-2.204
 0.280,-2.211
 0.271,-2.206
 0.270,-2.201
 0.261,-2.195
 0.270,-2.201
 0.251,-2.216
 0.251,-2.216
 0.241,-2.224
 0.232,-2.219
 0.222,-2.192
 0.232,-2.182
 0.251,-2.166
 0.251,-2.143
 0.242,-2.119
 0.251,-2.088
 0.271,-2.072
 0.252,-2.074
 0.252,-2.069
 0.253,-2.061
 0.253,-2.056
 0.243,-2.045
 0.243,-2.029
 0.262,-1.988
 0.272,-1.982
 0.272,-1.946
 0.290,-1.927
 0.291,-1.872
 0.300,-1.841
 0.310,-1.799
 0.310,-1.780
 0.291,-1.721
 0.272,-1.670
 0.253,-1.612
 0.215,-1.577
 0.205,-1.512
 0.205,-1.455
 0.196,-1.393
 0.186,-1.346
 0.148,-1.296
 0.167,-1.258
 0.147,-1.219
 0.147,-1.182
 0.137,-1.169
 0.147,-1.162
 0.138,-1.154
 0.119,-1.170
 0.109,-1.182
 0.119,-1.190
 0.091,-1.220
 0.091,-1.257
 0.082,-1.302
 0.053,-1.347
 0.034,-1.400
 0.034,-1.477
 0.016,-1.528
 0.006,-1.573
 0.006,-1.630
-0.014,-1.626
 0.005,-1.647
-0.014,-1.646
-0.014,-1.646
-0.004,-1.659
-0.004,-1.638
 0.015,-1.622
 0.043,-1.594
 0.053,-1.563
 0.072,-1.549
 0.072,-1.545
 0.072,-1.549
 0.091,-1.531
 0.100,-1.500
 0.091,-1.472
 0.090,-1.470
 0.091,-1.476
 0.091,-1.459
 0.091,-1.459
 0.101,-1.470
 0.110,-1.474
 0.129,-1.513
 0.157,-1.519
 0.176,-1.538
 0.186,-1.548
 0.195,-1.536
 0.186,-1.569
 0.214,-1.579
 0.214,-1.579
 0.243,-1.590
 0.242,-1.585
 0.243,-1.606
 0.271,-1.614
 0.261,-1.620
 0.280,-1.623
 0.290,-1.592
 0.290,-1.559
 0.299,-1.531
 0.289,-1.482
 0.309,-1.451
 0.298,-1.398
 0.308,-1.355
 0.299,-1.312
 0.299,-1.277
 0.299,-1.262
 0.308,-1.212
 0.299,-1.185
 0.308,-1.155
 0.308,-1.118
 0.317,-1.110
 0.325,-1.078
 0.317,-1.073
 0.326,-1.063
 0.326,-1.082
 0.307,-1.083
 0.316,-1.071
 0.298,-1.056
 0.307,-1.026
 0.307,-1.026
 0.307,-1.046
 0.307,-1.045
 0.288,-1.083
 0.288,-1.100
 0.278,-1.106
 0.297,-1.128
 0.287,-1.135
 0.279,-1.183
 0.269,-1.210
 0.231,-1.246
 0.241,-1.295
 0.250,-1.320
 0.241,-1.369
 0.250,-1.414
 0.250,-1.432
 0.260,-1.479
 0.279,-1.494
 0.279,-1.530
 0.307,-1.557
 0.316,-1.584
 0.345,-1.594
 0.363,-1.592
 0.365,-1.599
 0.393,-1.589
 0.402,-1.617
 0.412,-1.646
 0.421,-1.669
 0.430,-1.697
 0.449,-1.732
 0.449,-1.748
 0.468,-1.769
 0.487,-1.787
 0.497,-1.819
 0.497,-1.835
 0.516,-1.856
 0.517,-1.860
 0.516,-1.855
 0.516,-1.876
 0.535,-1.856
 0.535,-1.856
 0.554,-1.838
 0.572,-1.835
 0.573,-1.819
 0.582,-1.788
 0.581,-1.752
 0.573,-1.691
 0.572,-1.649
 0.564,-1.609
 0.554,-1.563
 0.534,-1.543
 0.535,-1.510
 0.534,-1.486
 0.506,-1.443
 0.506,-1.406
 0.486,-1.385
 0.487,-1.387
 0.457,-1.375
 0.468,-1.405
 0.458,-1.395
 0.439,-1.393
 0.449,-1.387
 0.420,-1.358
 0.421,-1.380
 0.411,-1.370
 0.421,-1.360
 0.412,-1.352
 0.392,-1.347
 0.401,-1.321
 0.382,-1.282
 0.391,-1.291
 0.382,-1.246
 0.381,-1.227
 0.373,-1.221
 0.373,-1.221
 0.354,-1.220
 0.355,-1.242
 0.373,-1.237
 0.382,-1.249
 0.383,-1.247
 0.392,-1.256
 0.402,-1.266
 0.401,-1.246
 0.402,-1.249
 0.421,-1.266
 0.430,-1.256
 0.430,-1.258
 0.430,-1.254
 0.440,-1.268
 0.431,-1.260
 0.430,-1.258
 0.441,-1.233
 0.421,-1.211
 0.431,-1.223
 0.431,-1.203
 0.430,-1.183
 0.430,-1.183
 0.430,-1.163
 0.411,-1.147
 0.411,-1.111
 0.411,-1.074
 0.393,-1.058
 0.402,-1.047
 0.392,-1.057
 0.402,-1.047
 0.411,-1.054
 0.430,-1.056
 0.429,-1.034
 0.449,-1.037
 0.449,-1.037
 0.449,-1.037
 0.468,-1.056
 0.486,-1.073
 0.487,-1.074
 0.505,-1.073
 0.496,-1.083
 0.516,-1.086
 0.516,-1.085
 0.517,-1.106
 0.544,-1.113
 0.544,-1.130
 0.553,-1.157
 0.552,-1.154
 0.563,-1.165
 0.572,-1.156
 0.554,-1.194
 0.563,-1.204
 0.553,-1.210
 0.555,-1.234
 0.544,-1.240
 0.535,-1.267
 0.535,-1.287
 0.543,-1.329
 0.534,-1.320
 0.525,-1.312
 0.535,-1.302
 0.545,-1.277
 0.516,-1.247
 0.525,-1.222
 0.516,-1.193
 0.516,-1.193
 0.516,-1.177
 0.525,-1.163
 0.507,-1.148
 0.507,-1.131
 0.497,-1.105
 0.488,-1.096
 0.487,-1.073
 0.487,-1.056
 0.478,-1.028
 0.477,-1.008
 0.478,-0.991
 0.468,-0.981
 0.459,-0.992
 0.421,-0.992
 0.421,-0.992
 0.412,-0.966
 0.402,-0.954
 0.412,-0.965
 0.402,-0.973
 0.411,-0.982
 0.393,-0.983
 0.401,-0.989
 0.411,-1.019
 0.411,-1.019
 0.411,-1.035
 0.421,-1.047
 0.440,-1.081
 0.440,-1.102
 0.450,-1.129
 0.458,-1.154
 0.487,-1.165
 0.497,-1.173
 0.517,-1.178
 0.517,-1.195
 0.536,-1.214
 0.536,-1.234
 0.535,-1.267
 0.574,-1.288
 0.574,-1.288
 0.572,-1.302
 0.573,-1.304
 0.563,-1.311
 0.536,-1.324
 0.536,-1.343
 0.545,-1.332
 0.536,-1.343
 0.535,-1.376
 0.536,-1.396
 0.545,-1.386
 0.525,-1.384
 0.536,-1.377
 0.544,-1.366
 0.536,-1.379
 0.555,-1.361
 0.545,-1.386
 0.564,-1.368
 0.564,-1.366
 0.574,-1.378
 0.583,-1.386
 0.574,-1.378
 0.584,-1.390
 0.573,-1.396
 0.593,-1.398
 0.602,-1.388
 0.621,-1.407
 0.603,-1.409
 0.620,-1.405
 0.621,-1.425
 0.630,-1.433
 0.610,-1.431
 0.621,-1.425
 0.610,-1.431
 0.602,-1.443
 0.602,-1.443
 0.602,-1.443
 0.602,-1.443
 0.601,-1.423
 0.583,-1.425
 0.582,-1.404
 0.573,-1.378
 0.573,-1.361
 0.553,-1.339
 0.545,-1.314
 0.554,-1.286
 0.535,-1.267
 0.516,-1.269
 0.515,-1.265
 0.516,-1.249
 0.496,-1.210
 0.505,-1.200
 0.497,-1.160
 0.497,-1.140
 0.498,-1.143
 0.488,-1.133
 0.478,-1.121
 0.487,-1.113
 0.496,-1.100
 0.487,-1.111
 0.487,-1.111
 0.458,-1.119
 0.468,-1.129
 0.458,-1.136
 0.459,-1.139
 0.459,-1.139
 0.459,-1.139
 0.449,-1.149
 0.458,-1.156
 0.449,-1.186
 0.468,-1.185
 0.458,-1.173
 0.458,-1.156
 0.467,-1.164
 0.478,-1.158
 0.459,-1.176
 0.468,-1.185
 0.468,-1.185
 0.458,-1.173
 0.487,-1.165
 0.487,-1.165
 0.496,-1.173
 0.496,-1.156
 0.506,-1.146
 0.498,-1.141
 0.516,-1.123
 0.516,-1.140
 0.516,-1.123
 0.525,-1.112
 0.506,-1.130
 0.515,-1.138
 0.515,-1.137
 0.534,-1.138
 0.524,-1.127
 0.525,-1.112
 0.516,-1.103
 0.516,-1.103
 0.506,-1.113
 0.505,-1.110
 0.525,-1.112
 0.525,-1.112
 0.506,-1.147
 0.506,-1.167
 0.506,-1.183
 0.516,-1.214
 0.525,-1.222
 0.525,-1.239
 0.526,-1.260
 0.525,-1.294
 0.506,-1.332
 0.525,-1.351
 0.515,-1.394
 0.516,-1.397
 0.515,-1.430
 0.516,-1.469
 0.526,-1.518
 0.545,-1.537
 0.545,-1.576
 0.534,-1.598
 0.535,-1.639
 0.544,-1.664
 0.534,-1.688
 0.534,-1.727
 0.533,-1.759
 0.534,-1.780
 0.534,-1.780
 0.524,-1.790
 0.525,-1.795
 0.534,-1.819
 0.516,-1.842
 0.534,-1.858
 0.524,-1.882
 0.543,-1.864
 0.542,-1.859
 0.563,-1.864
 0.563,-1.864
 0.581,-1.846
 0.591,-1.819
 0.590,-1.778
 0.601,-1.738
 0.601,-1.701
 0.582,-1.682
 0.592,-1.635
 0.600,-1.568
 0.591,-1.525
 0.610,-1.468
 0.600,-1.458
 0.601,-1.445
 0.592,-1.417
 0.593,-1.420
 0.602,-1.410
 0.592,-1.417
 0.592,-1.435
 0.581,-1.458
 0.572,-1.488
 0.563,-1.515
 0.543,-1.549
 0.563,-1.551
 0.553,-1.523
 0.564,-1.500
 0.554,-1.472
 0.535,-1.453
 0.526,-1.447
 0.544,-1.441
 0.525,-1.443
 0.553,-1.431
 0.544,-1.402
 0.544,-1.349
 0.534,-1.320
 0.526,-1.279
 0.516,-1.269
 0.516,-1.248
 0.516,-1.232
 0.515,-1.190
 0.525,-1.165
 0.516,-1.138
 0.514,-1.117
 0.516,-1.103
 0.525,-1.093
 0.526,-1.096
 0.517,-1.088
 0.516,-1.085
 0.516,-1.085
 0.496,-1.063
 0.507,-1.056
 0.506,-1.019
 0.515,-1.007
 0.506,-0.983
 0.496,-0.933
 0.469,-0.891
 0.488,-0.837
 0.469,-0.818
 0.470,-0.801
 0.469,-0.782
 0.460,-0.773
 0.459,-0.772
 0.449,-0.761
 0.450,-0.743
 0.458,-0.732
 0.440,-0.753
 0.459,-0.735
 0.431,-0.725
 0.422,-0.737
 0.421,-0.752
 0.422,-0.754
 0.412,-0.763
 0.402,-0.787
 0.383,-0.808
 0.365,-0.826
 0.355,-0.856
 0.328,-0.902
 0.318,-0.946
 0.318,-1.003
 0.308,-1.063
 0.280,-1.130
 0.261,-1.183
 0.251,-1.226
 0.242,-1.256
 0.222,-1.251
 0.223,-1.254
 0.223,-1.274
 0.204,-1.254
 0.214,-1.249
 0.204,-1.238
 0.195,-1.231
 0.204,-1.219
 0.213,-1.206
 0.242,-1.181
 0.223,-1.142
 0.213,-1.117
 0.242,-1.091
 0.232,-1.062
 0.252,-1.046
 0.279,-1.016
 0.270,-0.991
 0.289,-0.972
 0.299,-0.981
 0.309,-0.974
 0.317,-0.943
 0.327,-0.936
 0.327,-0.919
 0.337,-0.909
 0.337,-0.947
 0.356,-0.945
 0.356,-0.983
 0.365,-0.991
 0.354,-1.015
 0.374,-0.999
 0.373,-0.997
 0.355,-1.000
 0.375,-1.002
 0.374,-1.020
 0.375,-1.040
 0.374,-1.037
 0.365,-1.065
 0.384,-1.064
 0.383,-1.062
 0.402,-1.064
 0.412,-1.054
 0.393,-1.055
 0.403,-1.029
 0.402,-1.045
 0.413,-1.002
 0.411,-0.979
 0.421,-0.954
 0.412,-0.908
 0.412,-0.872
 0.413,-0.856
 0.411,-0.798
 0.412,-0.781
 0.412,-0.744
 0.411,-0.725
 0.411,-0.708
 0.411,-0.705
 0.430,-0.670
 0.430,-0.670
 0.420,-0.660
 0.412,-0.653
 0.420,-0.643
 0.421,-0.662
 0.430,-0.690
 0.411,-0.706
 0.439,-0.698
 0.439,-0.696
 0.449,-0.707
 0.440,-0.680
 0.439,-0.697
 0.450,-0.691
 0.449,-0.687
 0.459,-0.680
 0.450,-0.689
 0.449,-0.687
 0.440,-0.699
 0.449,-0.707
 0.441,-0.718
 0.450,-0.709
 0.459,-0.718
 0.441,-0.756
 0.440,-0.753
 0.431,-0.800
 0.430,-0.817
 0.430,-0.834
 0.421,-0.825
 0.421,-0.842
 0.412,-0.872
 0.384,-0.881
 0.364,-0.918
 0.384,-0.939
 0.365,-0.955
 0.365,-0.991
 0.364,-1.010
 0.345,-1.062
 0.327,-1.102
 0.307,-1.135
 0.317,-1.183
 0.308,-1.193
 0.317,-1.200
 0.317,-1.183
 0.317,-1.147
 0.317,-1.127
 0.336,-1.090
 0.355,-1.072
 0.356,-1.040
 0.346,-1.030
 0.328,-1.031
 0.347,-1.050
 0.336,-1.036
 0.355,-1.038
 0.364,-1.025
 0.336,-1.035
 0.336,-1.035
 0.327,-1.062
 0.327,-1.046
 0.317,-1.055
 0.327,-1.048
 0.327,-1.048
 0.317,-1.055
 0.327,-1.065
 0.327,-1.100
 0.327,-1.120
 0.327,-1.137
 0.336,-1.145
 0.336,-1.148
 0.327,-1.137
 0.317,-1.147
 0.346,-1.138
 0.336,-1.145
 0.345,-1.137
 0.354,-1.144
 0.355,-1.147
 0.365,-1.103
 0.375,-1.094
 0.384,-1.068
 0.403,-1.067
 0.402,-1.047
 0.403,-1.067
 0.402,-1.064
 0.421,-1.046
 0.420,-1.006
 0.420,-0.989
 0.430,-0.945
 0.430,-0.909
 0.431,-0.875
 0.421,-0.846
 0.431,-0.838
 0.440,-0.828
 0.440,-0.825
 0.449,-0.817
 0.439,-0.806
 0.439,-0.789
 0.430,-0.762
 0.430,-0.743
 0.440,-0.718
 0.430,-0.689
 0.430,-0.689
 0.429,-0.688
 0.439,-0.678
 0.421,-0.662
 0.430,-0.652
 0.411,-0.635
 0.392,-0.635
 0.391,-0.652
 0.392,-0.672
 0.382,-0.679
 0.401,-0.698
 0.391,-0.706
 0.391,-0.723
 0.382,-0.753
 0.373,-0.761
 0.373,-0.798
 0.382,-0.809
 0.392,-0.816
 0.373,-0.817
 0.373,-0.798
 0.373,-0.817
 0.364,-0.829
 0.383,-0.844
 0.383,-0.864
 0.364,-0.880
 0.364,-0.880
 0.364,-0.880
 0.364,-0.880
 0.345,-0.881
 0.354,-0.889
 0.355,-0.891
 0.336,-0.872
 0.345,-0.861
 0.336,-0.855
 0.336,-0.836
 0.336,-0.872
 0.317,-0.874
 0.326,-0.879
 0.326,-0.899
 0.335,-0.888
 0.316,-0.906
 0.326,-0.879
 0.325,-0.860
 0.317,-0.854
 0.316,-0.834
 0.307,-0.844
 0.308,-0.845
 0.316,-0.834
 0.316,-0.835
 0.316,-0.833
 0.335,-0.834
 0.335,-0.834
 0.335,-0.851
 0.354,-0.853
 0.373,-0.853
 0.383,-0.881
 0.383,-0.881
 0.410,-0.889
 0.421,-0.901
 0.431,-0.928
 0.440,-0.957
 0.459,-0.977
 0.459,-0.992
 0.488,-1.022
 0.506,-1.075
 0.535,-1.083
 0.544,-1.074
 0.572,-1.099
 0.583,-1.112
 0.593,-1.139
 0.593,-1.159
 0.584,-1.169
 0.564,-1.186
 0.584,-1.208
 0.574,-1.233
 0.574,-1.249
 0.564,-1.259
 0.573,-1.284
 0.564,-1.296
 0.554,-1.286
 0.527,-1.296
 0.518,-1.287
 0.526,-1.275
 0.526,-1.259
 0.516,-1.247
 0.507,-1.220
 0.498,-1.195
 0.498,-1.195
 0.499,-1.198
 0.498,-1.197
 0.498,-1.213
 0.489,-1.260
 0.478,-1.265
 0.479,-1.285
 0.478,-1.302
 0.460,-1.320
 0.470,-1.334
 0.441,-1.358
 0.413,-1.370
 0.403,-1.397
 0.375,-1.406
 0.347,-1.435
 0.347,-1.451
 0.328,-1.470
 0.337,-1.494
 0.317,-1.492
 0.327,-1.449
 0.327,-1.427
 0.337,-1.368
 0.328,-1.321
 0.329,-1.304
 0.329,-1.287
 0.328,-1.284
 0.328,-1.267
 0.319,-1.275
 0.310,-1.284
 0.291,-1.269
 0.281,-1.295
 0.273,-1.307
 0.272,-1.322
 0.262,-1.330
 0.253,-1.324
 0.252,-1.336
 0.253,-1.357
 0.225,-1.367
 0.215,-1.393
 0.196,-1.415
 0.186,-1.421
 0.187,-1.462
 0.177,-1.505
 0.177,-1.560
 0.149,-1.609
 0.119,-1.668
 0.110,-1.754
 0.109,-1.805
 0.090,-1.857
 0.109,-1.881
 0.099,-1.868
 0.090,-1.901
 0.099,-1.909
 0.108,-1.897
 0.147,-1.863
 0.165,-1.817
 0.203,-1.764
 0.251,-1.683
 0.289,-1.596
 0.338,-1.519
 0.375,-1.443
 0.405,-1.402
 0.442,-1.346
 0.460,-1.324
 0.489,-1.316
 0.497,-1.319
 0.498,-1.339
