-0.241,-3.345
-0.251,-3.357
-0.250,-3.368
-0.240,-3.385
-0.240,-3.400
-0.240,-3.420
-0.230,-3.431
-0.220,-3.420
-0.210,-3.456
-0.200,-3.479
-0.200,-3.503
-0.209,-3.510
-0.218,-3.548
-0.209,-3.565
-0.219,-3.576
-0.209,-3.589
-0.220,-3.585
-0.199,-3.581
-0.199,-3.610
-0.189,-3.608
-0.209,-3.643
-0.209,-3.643
-0.229,-3.638
-0.229,-3.647
-0.239,-3.615
-0.229,-3.632
-0.219,-3.620
-0.239,-3.635
-0.219,-3.640
-0.209,-3.643
-0.209,-3.628
-0.189,-3.608
-0.169,-3.604
-0.170,-3.593
-0.159,-3.573
-0.149,-3.550
-0.150,-3.535
-0.139,-3.499
-0.130,-3.476
-0.129,-3.472
-0.129,-3.472
-0.129,-3.468
-0.129,-3.463
-0.129,-3.472
-0.149,-3.452
-0.160,-3.409
-0.170,-3.382
-0.200,-3.385
-0.201,-3.389
-0.210,-3.349
-0.220,-3.365
-0.231,-3.353
-0.250,-3.329
-0.251,-3.337
-0.260,-3.302
-0.271,-3.298
-0.281,-3.266
-0.331,-3.191
-0.342,-3.148
-0.362,-3.105
-0.383,-3.089
-0.383,-3.069
-0.393,-3.057
-0.404,-3.034
-0.383,-3.007
-0.373,-3.003
-0.403,-2.948
-0.393,-2.917
-0.404,-2.873
-0.414,-2.842
-0.384,-2.838
-0.363,-2.854
-0.363,-2.827
-0.334,-2.826
-0.323,-2.831
-0.323,-2.815
-0.304,-2.780
-0.283,-2.760
-0.264,-2.764
-0.233,-2.745
-0.233,-2.746
-0.202,-2.754
-0.182,-2.774
-0.162,-2.777
-0.142,-2.774
-0.132,-2.789
-0.102,-2.781
-0.092,-2.790
-0.072,-2.793
-0.042,-2.775
-0.032,-2.787
-0.042,-2.775
-0.002,-2.775
 0.009,-2.771
 0.009,-2.748
 0.009,-2.771
 0.018,-2.763
 0.018,-2.756
 0.029,-2.752
 0.018,-2.756
-0.002,-2.759
 0.008,-2.767
-0.002,-2.775
-0.011,-2.790
-0.022,-2.795
-0.042,-2.798
-0.063,-2.782
-0.072,-2.790
-0.073,-2.774
-0.092,-2.786
-0.102,-2.801
-0.112,-2.786
-0.132,-2.801
-0.132,-2.789
-0.133,-2.785
-0.133,-2.809
-0.142,-2.817
-0.142,-2.813
-0.142,-2.820
-0.142,-2.816
-0.152,-2.825
-0.122,-2.836
-0.143,-2.836
-0.143,-2.840
-0.132,-2.844
-0.142,-2.856
-0.152,-2.848
-0.163,-2.832
-0.163,-2.840
-0.153,-2.844
-0.173,-2.848
-0.183,-2.856
-0.173,-2.848
-0.183,-2.879
-0.182,-2.887
-0.172,-2.922
-0.172,-2.930
-0.172,-2.946
-0.193,-2.973
-0.182,-2.973
-0.203,-3.000
-0.202,-3.016
-0.212,-3.040
-0.202,-3.071
-0.212,-3.055
-0.202,-3.071
-0.232,-3.082
-0.232,-3.098
-0.222,-3.114
-0.222,-3.110
-0.242,-3.133
-0.232,-3.122
-0.242,-3.110
-0.253,-3.106
-0.252,-3.098
-0.233,-3.102
-0.233,-3.102
-0.242,-3.086
-0.243,-3.114
-0.222,-3.106
-0.223,-3.110
-0.202,-3.130
-0.192,-3.134
-0.203,-3.153
-0.182,-3.150
-0.172,-3.162
-0.171,-3.193
-0.151,-3.213
-0.141,-3.209
-0.151,-3.197
-0.132,-3.209
-0.132,-3.225
-0.131,-3.240
-0.111,-3.260
-0.120,-3.260
-0.131,-3.271
-0.121,-3.264
-0.141,-3.244
-0.142,-3.252
-0.131,-3.256
-0.142,-3.252
-0.131,-3.279
-0.141,-3.283
-0.141,-3.307
-0.131,-3.310
-0.151,-3.314
-0.161,-3.326
-0.151,-3.334
-0.162,-3.370
-0.161,-3.381
-0.161,-3.389
-0.162,-3.424
-0.171,-3.432
-0.181,-3.424
-0.171,-3.447
-0.171,-3.432
-0.162,-3.424
-0.161,-3.420
-0.151,-3.412
-0.161,-3.400
-0.151,-3.397
-0.161,-3.389
-0.141,-3.370
-0.142,-3.354
-0.141,-3.346
-0.131,-3.334
-0.141,-3.322
-0.141,-3.307
-0.141,-3.307
-0.141,-3.283
-0.131,-3.280
-0.141,-3.267
-0.141,-3.268
-0.142,-3.252
-0.151,-3.236
-0.122,-3.233
-0.142,-3.228
-0.132,-3.221
-0.132,-3.205
-0.141,-3.205
-0.142,-3.189
-0.122,-3.170
-0.132,-3.197
-0.132,-3.181
-0.121,-3.185
-0.132,-3.181
-0.112,-3.162
-0.122,-3.170
-0.112,-3.162
-0.121,-3.162
-0.112,-3.139
-0.112,-3.123
-0.132,-3.103
-0.122,-3.099
-0.122,-3.052
-0.132,-3.028
-0.132,-3.005
-0.132,-3.001
-0.133,-2.985
-0.142,-2.970
-0.132,-2.989
-0.132,-3.005
-0.122,-2.989
-0.112,-3.001
-0.122,-2.970
-0.132,-2.989
-0.133,-2.985
-0.112,-2.985
-0.123,-2.981
-0.112,-2.962
-0.132,-2.966
-0.122,-2.954
-0.132,-2.942
-0.132,-2.950
-0.152,-2.922
-0.133,-2.910
-0.132,-2.926
-0.132,-2.926
-0.133,-2.910
-0.152,-2.923
-0.123,-2.918
-0.142,-2.895
-0.162,-2.914
-0.163,-2.918
-0.172,-2.906
-0.163,-2.922
-0.173,-2.910
-0.163,-2.918
-0.173,-2.910
-0.172,-2.903
-0.183,-2.918
-0.193,-2.922
-0.193,-2.906
-0.183,-2.898
-0.203,-2.894
-0.203,-2.918
-0.203,-2.894
-0.183,-2.898
-0.204,-2.902
-0.183,-2.914
-0.184,-2.918
-0.173,-2.922
-0.173,-2.922
-0.163,-2.918
-0.163,-2.895
-0.164,-2.882
-0.153,-2.863
-0.153,-2.864
-0.173,-2.847
-0.153,-2.824
-0.163,-2.823
-0.143,-2.820
-0.153,-2.812
-0.133,-2.812
-0.152,-2.821
-0.153,-2.825
-0.153,-2.801
-0.144,-2.801
-0.134,-2.773
-0.144,-2.761
-0.134,-2.780
-0.123,-2.762
-0.123,-2.797
-0.113,-2.786
-0.123,-2.790
-0.133,-2.789
-0.123,-2.777
-0.133,-2.789
-0.124,-2.781
-0.133,-2.805
-0.143,-2.820
-0.123,-2.817
-0.133,-2.828
-0.123,-2.840
-0.133,-2.844
-0.133,-2.851
-0.113,-2.848
-0.133,-2.867
-0.133,-2.867
-0.133,-2.883
-0.133,-2.891
-0.133,-2.883
-0.133,-2.907
-0.153,-2.910
-0.133,-2.923
-0.143,-2.934
-0.153,-2.942
-0.163,-2.954
-0.173,-2.965
-0.183,-2.989
-0.184,-2.980
-0.174,-2.988
-0.184,-3.020
-0.184,-3.020
-0.173,-3.040
-0.183,-3.055
-0.183,-3.067
-0.203,-3.071
-0.203,-3.071
-0.193,-3.079
-0.203,-3.094
-0.183,-3.091
-0.193,-3.106
-0.193,-3.106
-0.182,-3.110
-0.203,-3.118
-0.203,-3.110
-0.193,-3.122
-0.193,-3.122
-0.192,-3.138
-0.193,-3.146
-0.172,-3.157
-0.183,-3.153
-0.183,-3.153
-0.183,-3.169
-0.183,-3.193
-0.183,-3.189
-0.173,-3.201
-0.163,-3.193
-0.162,-3.181
-0.163,-3.185
-0.162,-3.165
-0.163,-3.173
-0.143,-3.177
-0.153,-3.181
-0.163,-3.197
-0.163,-3.173
-0.172,-3.181
-0.183,-3.169
-0.192,-3.177
-0.183,-3.177
-0.183,-3.169
-0.183,-3.153
-0.183,-3.153
-0.193,-3.157
-0.183,-3.154
-0.193,-3.141
-0.193,-3.126
-0.194,-3.110
-0.193,-3.102
-0.204,-3.114
-0.193,-3.102
-0.194,-3.106
-0.184,-3.094
-0.183,-3.110
-0.174,-3.126
-0.183,-3.110
-0.183,-3.134
-0.183,-3.134
-0.183,-3.134
-0.184,-3.157
-0.173,-3.177
-0.163,-3.209
-0.153,-3.220
-0.142,-3.232
-0.133,-3.225
-0.132,-3.217
-0.142,-3.232
-0.112,-3.244
-0.112,-3.236
-0.113,-3.240
-0.112,-3.236
-0.113,-3.240
-0.113,-3.217
-0.102,-3.229
-0.112,-3.221
-0.102,-3.205
-0.113,-3.225
-0.113,-3.201
-0.122,-3.209
-0.113,-3.225
-0.132,-3.217
-0.113,-3.225
-0.113,-3.225
-0.122,-3.209
-0.113,-3.225
-0.122,-3.224
-0.113,-3.240
-0.113,-3.240
-0.102,-3.244
-0.122,-3.248
-0.112,-3.236
-0.122,-3.248
-0.122,-3.248
-0.142,-3.244
-0.133,-3.244
-0.143,-3.228
-0.143,-3.236
-0.153,-3.205
-0.153,-3.205
-0.153,-3.228
-0.152,-3.212
-0.172,-3.216
-0.183,-3.188
-0.173,-3.196
-0.173,-3.201
-0.173,-3.177
-0.183,-3.197
-0.173,-3.185
-0.173,-3.200
-0.183,-3.212
-0.172,-3.216
-0.173,-3.240
-0.183,-3.267
-0.172,-3.255
-0.173,-3.263
-0.152,-3.259
-0.173,-3.263
-0.173,-3.259
-0.162,-3.287
-0.172,-3.279
-0.162,-3.263
-0.173,-3.263
-0.163,-3.247
-0.173,-3.236
-0.163,-3.232
-0.163,-3.208
-0.183,-3.197
-0.163,-3.177
-0.173,-3.185
-0.163,-3.177
-0.153,-3.161
-0.163,-3.154
-0.152,-3.158
-0.153,-3.138
-0.163,-3.138
-0.153,-3.142
-0.143,-3.154
-0.153,-3.142
-0.143,-3.134
-0.143,-3.134
-0.132,-3.138
-0.133,-3.126
-0.123,-3.115
-0.133,-3.122
-0.123,-3.115
-0.113,-3.099
-0.113,-3.107
-0.113,-3.083
-0.113,-3.083
-0.123,-3.076
-0.123,-3.052
-0.134,-3.048
-0.113,-3.044
-0.133,-3.024
-0.113,-3.005
-0.113,-2.997
-0.123,-2.997
-0.103,-2.977
-0.094,-2.954
-0.104,-2.946
-0.093,-2.946
-0.073,-2.950
-0.053,-2.927
-0.063,-2.915
-0.053,-2.911
-0.053,-2.888
-0.043,-2.903
-0.043,-2.900
-0.043,-2.896
-0.023,-2.923
 0.008,-2.908
-0.003,-2.920
 0.007,-2.912
-0.003,-2.904
 0.018,-2.923
 0.007,-2.927
-0.003,-2.943
 0.028,-2.947
 0.018,-2.955
 0.017,-2.959
 0.018,-2.955
 0.018,-2.963
 0.018,-2.978
 0.007,-2.990
-0.003,-3.002
-0.003,-2.994
-0.003,-3.018
 0.008,-3.022
-0.013,-3.025
-0.023,-3.045
-0.023,-3.060
-0.013,-3.092
-0.033,-3.088
-0.033,-3.088
-0.023,-3.115
-0.033,-3.119
-0.033,-3.127
-0.043,-3.135
-0.043,-3.135
-0.032,-3.131
-0.053,-3.127
-0.053,-3.127
-0.072,-3.139
-0.062,-3.166
-0.063,-3.170
-0.063,-3.170
-0.083,-3.178
-0.103,-3.158
-0.103,-3.182
-0.093,-3.166
-0.093,-3.177
-0.113,-3.186
-0.113,-3.177
-0.113,-3.177
-0.113,-3.177
-0.123,-3.165
-0.133,-3.166
-0.123,-3.154
-0.123,-3.154
-0.123,-3.154
-0.123,-3.130
-0.123,-3.115
-0.133,-3.087
-0.133,-3.091
-0.123,-3.083
-0.133,-3.083
-0.133,-3.067
-0.133,-3.060
-0.143,-3.052
-0.143,-3.032
-0.133,-3.005
-0.123,-3.001
-0.143,-2.997
-0.143,-2.997
-0.143,-2.981
-0.143,-2.973
-0.153,-3.008
-0.153,-2.985
-0.143,-2.997
-0.153,-2.989
-0.143,-2.973
-0.133,-2.989
-0.143,-2.997
-0.133,-3.028
-0.153,-3.048
-0.133,-3.044
-0.143,-3.059
-0.133,-3.044
-0.133,-3.067
-0.133,-3.067
-0.133,-3.060
-0.133,-3.083
-0.123,-3.075
-0.133,-3.067
-0.123,-3.063
-0.123,-3.036
-0.124,-3.044
-0.113,-3.024
-0.123,-3.036
-0.113,-3.025
-0.102,-3.029
-0.113,-3.009
-0.113,-2.985
-0.113,-2.993
-0.093,-2.989
-0.103,-2.993
-0.103,-2.981
-0.093,-2.989
-0.093,-2.989
-0.082,-2.994
-0.083,-2.990
-0.093,-2.989
-0.073,-2.986
-0.083,-2.981
-0.083,-2.981
-0.073,-2.986
-0.073,-2.993
-0.073,-2.986
-0.063,-3.017
-0.052,-3.029
-0.073,-3.021
-0.063,-3.025
-0.073,-3.009
-0.093,-3.029
-0.073,-3.025
-0.073,-3.021
-0.083,-3.020
-0.073,-3.009
-0.073,-2.997
-0.083,-2.989
-0.083,-3.001
-0.093,-2.989
-0.093,-3.001
-0.083,-3.013
-0.093,-3.005
-0.113,-3.001
-0.104,-2.985
-0.124,-2.981
-0.103,-3.001
-0.113,-3.009
-0.123,-2.997
-0.113,-2.993
-0.113,-3.005
-0.113,-3.009
-0.113,-3.009
-0.113,-3.005
-0.113,-3.028
-0.124,-2.993
-0.114,-2.989
-0.124,-2.981
-0.134,-2.969
-0.114,-2.973
-0.123,-2.934
-0.123,-2.958
-0.123,-2.934
-0.123,-2.934
-0.114,-2.914
-0.114,-2.926
-0.113,-2.946
-0.114,-2.926
-0.114,-2.926
-0.104,-2.922
-0.104,-2.922
-0.114,-2.938
-0.083,-2.946
-0.103,-2.977
-0.093,-2.966
-0.103,-2.954
-0.103,-2.958
-0.103,-2.958
-0.093,-2.966
-0.113,-2.969
-0.103,-2.954
-0.124,-2.981
-0.124,-2.981
-0.133,-2.965
-0.123,-2.977
-0.123,-2.973
-0.123,-2.997
-0.144,-2.977
-0.133,-2.965
-0.144,-2.984
-0.134,-2.969
-0.144,-2.961
-0.134,-2.969
-0.144,-2.977
-0.134,-2.969
-0.143,-2.973
-0.153,-3.008
-0.133,-2.989
-0.143,-2.993
-0.153,-3.008
-0.153,-3.001
-0.144,-3.000
-0.154,-2.992
-0.163,-3.000
-0.143,-3.004
-0.143,-2.997
-0.143,-3.020
-0.153,-3.024
-0.173,-3.020
-0.153,-3.008
-0.163,-3.012
-0.174,-3.051
-0.164,-3.059
-0.173,-3.067
-0.174,-3.091
-0.183,-3.075
-0.184,-3.079
-0.163,-3.095
-0.173,-3.083
-0.173,-3.106
-0.173,-3.102
-0.173,-3.106
-0.173,-3.106
-0.163,-3.095
-0.163,-3.118
-0.163,-3.130
-0.173,-3.146
-0.153,-3.165
-0.183,-3.153
-0.163,-3.181
-0.162,-3.189
-0.142,-3.209
-0.162,-3.189
-0.162,-3.189
-0.153,-3.189
-0.153,-3.189
-0.153,-3.173
-0.163,-3.157
-0.153,-3.166
-0.173,-3.161
-0.173,-3.138
-0.173,-3.146
-0.183,-3.114
-0.173,-3.106
-0.174,-3.090
-0.173,-3.083
-0.174,-3.091
-0.173,-3.087
-0.183,-3.075
-0.183,-3.059
-0.173,-3.063
-0.194,-3.071
-0.173,-3.071
-0.173,-3.087
-0.173,-3.087
-0.173,-3.083
-0.183,-3.098
-0.173,-3.067
-0.163,-3.079
-0.163,-3.063
-0.163,-3.055
-0.173,-3.067
-0.163,-3.055
-0.163,-3.055
-0.163,-3.075
-0.173,-3.059
-0.164,-3.059
-0.174,-3.051
-0.174,-3.051
-0.174,-3.075
-0.184,-3.055
-0.173,-3.067
-0.173,-3.083
-0.174,-3.102
-0.164,-3.099
-0.174,-3.102
-0.174,-3.110
-0.154,-3.130
-0.163,-3.114
-0.164,-3.118
-0.153,-3.122
-0.143,-3.134
-0.153,-3.122
-0.133,-3.126
-0.143,-3.118
-0.123,-3.115
-0.134,-3.134
-0.123,-3.115
-0.113,-3.146
-0.113,-3.130
-0.113,-3.123
-0.093,-3.150
-0.103,-3.154
-0.093,-3.166
-0.103,-3.154
-0.083,-3.150
-0.083,-3.158
-0.083,-3.158
-0.073,-3.162
-0.083,-3.158
-0.082,-3.154
-0.093,-3.135
-0.083,-3.139
-0.093,-3.127
-0.083,-3.139
-0.093,-3.119
-0.093,-3.127
-0.093,-3.103
-0.103,-3.095
-0.113,-3.072
-0.113,-3.064
-0.123,-3.059
-0.123,-3.036
-0.133,-3.028
-0.154,-3.012
-0.143,-3.016
-0.133,-3.012
-0.134,-2.969
-0.144,-2.977
-0.144,-2.961
-0.153,-2.922
-0.154,-2.930
-0.154,-2.891
-0.154,-2.891
-0.164,-2.882
-0.174,-2.887
-0.144,-2.886
-0.143,-2.879
-0.163,-2.899
-0.164,-2.902
-0.173,-2.903
-0.174,-2.933
-0.164,-2.941
-0.184,-2.941
-0.164,-2.984
-0.174,-2.973
-0.174,-2.977
-0.163,-2.977
-0.173,-3.005
-0.183,-2.996
-0.173,-3.004
-0.173,-3.032
-0.153,-3.008
-0.164,-3.024
-0.174,-3.012
-0.183,-2.996
-0.174,-3.012
-0.163,-3.016
-0.164,-2.997
-0.174,-2.988
-0.174,-2.988
-0.174,-2.973
-0.164,-2.957
-0.174,-2.973
-0.154,-2.973
-0.143,-2.957
-0.154,-2.953
-0.154,-2.930
-0.154,-2.953
-0.154,-2.953
-0.164,-2.957
-0.154,-2.953
-0.143,-2.957
-0.163,-2.977
-0.143,-2.981
-0.143,-2.957
-0.144,-2.965
-0.123,-2.945
-0.144,-2.965
-0.123,-2.985
-0.113,-2.966
-0.103,-2.981
-0.093,-2.966
-0.093,-2.973
-0.093,-2.950
-0.113,-2.946
-0.093,-2.934
-0.093,-2.930
-0.103,-2.942
-0.093,-2.914
-0.103,-2.899
-0.093,-2.914
-0.103,-2.895
-0.113,-2.891
-0.103,-2.879
-0.113,-2.868
-0.103,-2.847
-0.114,-2.812
-0.123,-2.831
-0.113,-2.839
-0.124,-2.828
-0.124,-2.811
-0.134,-2.832
-0.134,-2.832
-0.134,-2.832
-0.144,-2.836
-0.134,-2.832
-0.134,-2.809
-0.144,-2.831
-0.145,-2.811
-0.164,-2.804
-0.154,-2.819
-0.153,-2.808
-0.164,-2.804
-0.164,-2.804
-0.184,-2.804
-0.194,-2.799
-0.184,-2.781
-0.194,-2.776
-0.204,-2.784
-0.204,-2.761
-0.184,-2.788
-0.194,-2.772
-0.214,-2.795
-0.214,-2.795
-0.214,-2.812
-0.194,-2.796
-0.214,-2.772
-0.214,-2.795
-0.204,-2.784
-0.204,-2.800
-0.204,-2.823
-0.194,-2.808
-0.204,-2.823
-0.205,-2.827
-0.214,-2.835
-0.194,-2.855
-0.194,-2.847
-0.194,-2.890
-0.193,-2.887
-0.204,-2.898
-0.174,-2.898
-0.184,-2.886
-0.184,-2.909
-0.184,-2.886
-0.183,-2.898
-0.184,-2.902
-0.183,-2.895
-0.184,-2.879
-0.184,-2.879
-0.173,-2.867
-0.184,-2.847
-0.194,-2.831
-0.194,-2.839
-0.195,-2.819
-0.194,-2.815
-0.195,-2.835
-0.184,-2.839
-0.184,-2.824
-0.184,-2.824
-0.184,-2.800
-0.195,-2.780
-0.174,-2.773
-0.185,-2.768
-0.184,-2.745
-0.184,-2.761
-0.184,-2.745
-0.184,-2.722
-0.184,-2.745
-0.175,-2.714
-0.184,-2.722
-0.164,-2.725
-0.154,-2.714
-0.155,-2.741
-0.154,-2.721
-0.164,-2.725
-0.154,-2.721
-0.154,-2.730
-0.154,-2.737
-0.154,-2.733
-0.164,-2.742
-0.144,-2.745
-0.134,-2.734
-0.154,-2.737
-0.144,-2.745
-0.134,-2.734
-0.144,-2.729
-0.144,-2.722
-0.144,-2.745
-0.134,-2.757
-0.144,-2.745
-0.144,-2.752
-0.134,-2.733
-0.154,-2.737
-0.144,-2.725
-0.144,-2.729
-0.144,-2.729
-0.144,-2.722
-0.144,-2.729
-0.154,-2.737
-0.144,-2.745
-0.154,-2.757
-0.134,-2.769
-0.144,-2.784
-0.144,-2.768
-0.144,-2.768
-0.144,-2.772
-0.144,-2.768
-0.144,-2.788
-0.144,-2.784
-0.154,-2.789
-0.144,-2.784
-0.144,-2.777
-0.134,-2.796
-0.154,-2.796
-0.124,-2.804
-0.144,-2.808
-0.144,-2.800
-0.134,-2.816
-0.124,-2.804
-0.124,-2.804
-0.104,-2.808
-0.114,-2.812
-0.124,-2.808
-0.124,-2.804
-0.124,-2.804
-0.114,-2.819
-0.114,-2.812
-0.124,-2.827
-0.134,-2.832
-0.134,-2.835
-0.124,-2.828
-0.123,-2.820
-0.134,-2.839
-0.124,-2.827
-0.133,-2.828
-0.154,-2.812
-0.164,-2.781
-0.155,-2.780
-0.155,-2.764
-0.155,-2.764
-0.155,-2.764
-0.165,-2.745
-0.175,-2.737
-0.164,-2.742
-0.174,-2.730
-0.164,-2.725
-0.164,-2.702
-0.175,-2.721
-0.185,-2.709
-0.175,-2.721
-0.175,-2.721
-0.174,-2.733
-0.164,-2.749
-0.184,-2.745
-0.175,-2.737
-0.164,-2.749
-0.174,-2.753
-0.185,-2.768
-0.174,-2.769
-0.195,-2.772
-0.185,-2.768
-0.194,-2.772
-0.195,-2.780
-0.195,-2.772
-0.195,-2.772
-0.205,-2.768
-0.194,-2.772
-0.175,-2.776
-0.184,-2.757
-0.195,-2.753
-0.195,-2.756
-0.205,-2.744
-0.176,-2.724
-0.175,-2.704
-0.185,-2.712
-0.175,-2.720
-0.154,-2.710
-0.164,-2.702
-0.165,-2.683
-0.165,-2.667
-0.155,-2.678
-0.155,-2.678
-0.145,-2.670
-0.135,-2.659
-0.135,-2.659
-0.145,-2.650
-0.155,-2.655
-0.145,-2.670
-0.135,-2.659
-0.144,-2.667
-0.135,-2.659
-0.145,-2.663
-0.124,-2.670
-0.124,-2.686
-0.134,-2.698
-0.144,-2.690
-0.134,-2.695
-0.124,-2.710
-0.124,-2.726
-0.124,-2.726
-0.124,-2.726
-0.124,-2.742
-0.114,-2.757
-0.124,-2.761
-0.124,-2.765
-0.134,-2.760
-0.134,-2.737
-0.135,-2.744
-0.134,-2.737
-0.155,-2.740
-0.134,-2.737
-0.144,-2.722
-0.155,-2.717
-0.154,-2.694
-0.155,-2.701
-0.155,-2.701
-0.154,-2.694
-0.155,-2.701
-0.154,-2.694
-0.155,-2.717
-0.165,-2.709
-0.164,-2.686
-0.155,-2.701
-0.154,-2.694
-0.144,-2.690
-0.144,-2.690
-0.165,-2.683
-0.155,-2.678
-0.164,-2.686
-0.165,-2.689
-0.144,-2.690
-0.134,-2.675
-0.165,-2.670
-0.144,-2.667
-0.144,-2.690
-0.145,-2.673
-0.144,-2.690
-0.144,-2.690
-0.134,-2.675
-0.145,-2.670
-0.145,-2.670
-0.114,-2.678
-0.135,-2.682
-0.135,-2.682
-0.125,-2.690
-0.115,-2.698
-0.124,-2.703
-0.134,-2.698
-0.114,-2.718
-0.104,-2.710
-0.114,-2.718
-0.104,-2.722
-0.125,-2.729
-0.114,-2.718
-0.104,-2.710
-0.104,-2.710
-0.114,-2.714
-0.104,-2.710
-0.115,-2.698
-0.104,-2.726
-0.104,-2.726
-0.104,-2.726
-0.125,-2.713
-0.124,-2.706
-0.125,-2.729
-0.115,-2.721
-0.105,-2.706
-0.115,-2.721
-0.114,-2.714
-0.094,-2.718
-0.094,-2.718
-0.094,-2.711
-0.105,-2.722
-0.074,-2.731
-0.084,-2.730
-0.095,-2.702
-0.095,-2.702
-0.085,-2.697
-0.084,-2.706
-0.074,-2.699
-0.084,-2.683
-0.094,-2.688
-0.095,-2.679
-0.085,-2.664
-0.095,-2.662
-0.095,-2.662
-0.095,-2.679
-0.105,-2.671
-0.115,-2.675
-0.095,-2.679
-0.084,-2.690
-0.094,-2.698
-0.084,-2.713
-0.104,-2.703
-0.104,-2.710
-0.104,-2.726
-0.104,-2.726
-0.105,-2.733
-0.094,-2.734
-0.104,-2.749
-0.104,-2.749
-0.124,-2.768
-0.124,-2.769
-0.104,-2.781
-0.124,-2.808
-0.114,-2.796
-0.134,-2.809
-0.124,-2.847
-0.134,-2.832
-0.114,-2.859
-0.124,-2.870
-0.134,-2.878
-0.134,-2.902
-0.134,-2.890
-0.134,-2.910
-0.143,-2.918
-0.143,-2.918
-0.134,-2.934
-0.133,-2.949
-0.144,-2.945
-0.134,-2.957
-0.124,-2.965
-0.124,-2.989
-0.134,-2.969
-0.134,-2.993
-0.124,-3.004
-0.123,-3.020
-0.124,-3.004
-0.103,-3.001
-0.124,-3.004
-0.114,-3.012
-0.114,-2.989
-0.124,-3.004
-0.103,-3.017
-0.114,-3.012
-0.103,-3.001
-0.124,-3.004
-0.104,-3.008
-0.123,-2.997
-0.083,-3.005
-0.103,-3.001
-0.093,-3.028
-0.093,-3.032
-0.103,-3.040
-0.094,-3.040
-0.093,-3.036
-0.103,-3.024
-0.093,-3.020
-0.093,-3.028
-0.103,-3.040
-0.093,-3.052
-0.083,-3.060
-0.083,-3.044
-0.103,-3.040
-0.093,-3.036
-0.083,-3.044
-0.083,-3.044
-0.093,-3.056
-0.083,-3.076
-0.093,-3.072
-0.103,-3.064
-0.104,-3.083
-0.103,-3.087
-0.113,-3.087
-0.123,-3.122
-0.123,-3.122
-0.113,-3.130
-0.123,-3.146
-0.113,-3.150
-0.113,-3.174
-0.103,-3.197
-0.112,-3.221
-0.092,-3.225
-0.112,-3.221
-0.112,-3.233
-0.112,-3.228
-0.123,-3.240
-0.123,-3.240
-0.122,-3.252
-0.133,-3.248
-0.133,-3.248
-0.133,-3.248
-0.133,-3.256
-0.163,-3.236
-0.173,-3.248
-0.153,-3.244
-0.183,-3.256
-0.163,-3.260
-0.173,-3.244
-0.174,-3.252
-0.163,-3.256
-0.153,-3.268
-0.163,-3.283
-0.173,-3.263
-0.173,-3.287
-0.173,-3.263
-0.183,-3.275
-0.173,-3.271
-0.173,-3.248
-0.173,-3.256
-0.173,-3.248
-0.183,-3.236
-0.174,-3.228
-0.172,-3.216
-0.173,-3.208
-0.163,-3.216
-0.173,-3.193
-0.173,-3.193
-0.163,-3.177
-0.174,-3.189
-0.153,-3.181
-0.153,-3.181
-0.153,-3.189
-0.153,-3.165
-0.154,-3.158
-0.154,-3.157
-0.143,-3.146
-0.143,-3.142
-0.143,-3.114
-0.153,-3.126
-0.163,-3.114
-0.153,-3.110
-0.154,-3.095
-0.153,-3.067
-0.154,-3.079
-0.153,-3.051
-0.163,-3.063
-0.154,-3.055
-0.163,-3.040
-0.154,-3.055
-0.153,-3.051
-0.143,-3.083
-0.143,-3.067
-0.143,-3.075
-0.143,-3.083
-0.143,-3.079
-0.143,-3.083
-0.163,-3.102
-0.153,-3.126
-0.153,-3.134
-0.143,-3.122
-0.153,-3.130
-0.153,-3.110
-0.163,-3.118
-0.153,-3.110
-0.163,-3.095
-0.153,-3.091
-0.154,-3.079
-0.174,-3.051
-0.164,-3.047
-0.154,-3.032
-0.164,-3.024
-0.154,-3.016
-0.153,-3.008
-0.163,-3.004
-0.153,-3.008
-0.153,-3.012
-0.154,-3.016
-0.143,-2.981
-0.144,-2.988
-0.143,-2.981
-0.154,-2.977
-0.144,-2.968
-0.123,-2.961
-0.134,-2.957
-0.123,-2.961
-0.134,-2.957
-0.123,-2.945
-0.134,-2.910
-0.114,-2.898
-0.114,-2.875
-0.114,-2.875
-0.114,-2.859
-0.094,-2.855
-0.094,-2.879
-0.083,-2.844
-0.084,-2.848
-0.074,-2.820
-0.083,-2.805
-0.063,-2.808
-0.063,-2.785
-0.074,-2.781
-0.063,-2.792
-0.063,-2.769
-0.064,-2.753
-0.044,-2.769
-0.054,-2.761
-0.044,-2.753
-0.043,-2.749
-0.033,-2.742
-0.033,-2.735
-0.033,-2.718
-0.023,-2.730
-0.033,-2.715
-0.033,-2.722
-0.033,-2.718
-0.044,-2.717
-0.034,-2.725
-0.043,-2.726
-0.054,-2.722
-0.063,-2.707
-0.064,-2.713
-0.043,-2.694
-0.043,-2.668
-0.042,-2.635
-0.043,-2.609
-0.043,-2.592
-0.032,-2.604
-0.043,-2.609
-0.053,-2.620
-0.052,-2.617
-0.073,-2.623
-0.083,-2.631
-0.093,-2.639
-0.094,-2.662
-0.113,-2.672
-0.124,-2.667
-0.134,-2.682
-0.144,-2.670
-0.134,-2.689
-0.154,-2.681
-0.164,-2.690
-0.154,-2.698
-0.143,-2.702
-0.174,-2.698
-0.164,-2.682
-0.174,-2.698
-0.185,-2.693
-0.184,-2.709
-0.194,-2.701
-0.194,-2.694
-0.214,-2.720
-0.205,-2.712
-0.204,-2.728
-0.195,-2.720
-0.214,-2.697
-0.205,-2.712
-0.214,-2.720
-0.215,-2.717
-0.215,-2.701
-0.214,-2.694
-0.225,-2.709
-0.225,-2.709
-0.225,-2.708
-0.215,-2.700
-0.225,-2.708
-0.205,-2.712
-0.225,-2.708
-0.214,-2.694
-0.205,-2.709
-0.204,-2.702
-0.195,-2.701
-0.195,-2.681
-0.175,-2.662
-0.175,-2.668
-0.174,-2.678
-0.154,-2.682
-0.165,-2.670
-0.164,-2.686
-0.154,-2.698
-0.144,-2.683
-0.144,-2.690
-0.135,-2.682
-0.124,-2.686
-0.114,-2.702
-0.114,-2.698
-0.104,-2.713
-0.094,-2.705
-0.084,-2.710
-0.084,-2.694
-0.084,-2.687
-0.074,-2.702
-0.054,-2.682
-0.054,-2.699
-0.054,-2.683
-0.043,-2.687
-0.043,-2.671
-0.043,-2.671
-0.034,-2.679
-0.044,-2.674
-0.024,-2.687
-0.034,-2.702
-0.024,-2.710
-0.023,-2.691
-0.034,-2.702
-0.023,-2.704
-0.013,-2.722
-0.013,-2.722
-0.034,-2.725
-0.013,-2.729
-0.023,-2.750
-0.023,-2.773
-0.033,-2.797
-0.043,-2.844
-0.063,-2.867
-0.074,-2.895
-0.074,-2.902
-0.064,-2.910
-0.074,-2.918
-0.064,-2.926
-0.084,-2.899
-0.074,-2.899
-0.084,-2.890
-0.084,-2.890
-0.094,-2.882
-0.094,-2.875
-0.094,-2.859
-0.084,-2.828
-0.094,-2.836
-0.084,-2.831
-0.094,-2.816
-0.094,-2.820
-0.084,-2.808
-0.094,-2.816
-0.084,-2.815
-0.084,-2.808
-0.094,-2.820
-0.104,-2.804
-0.124,-2.808
-0.125,-2.815
-0.124,-2.824
-0.135,-2.819
-0.124,-2.824
-0.124,-2.827
-0.125,-2.815
-0.125,-2.791
-0.114,-2.787
-0.125,-2.792
-0.124,-2.808
-0.135,-2.819
-0.124,-2.800
-0.135,-2.819
-0.114,-2.836
-0.125,-2.827
-0.115,-2.823
-0.134,-2.816
-0.124,-2.831
-0.124,-2.824
-0.144,-2.827
-0.124,-2.831
-0.144,-2.827
-0.134,-2.839
-0.154,-2.835
-0.154,-2.835
-0.165,-2.831
-0.164,-2.823
-0.154,-2.819
-0.164,-2.827
-0.175,-2.799
-0.185,-2.791
-0.175,-2.776
-0.175,-2.783
-0.164,-2.765
-0.154,-2.776
-0.164,-2.748
-0.164,-2.725
-0.154,-2.721
-0.154,-2.698
-0.154,-2.682
-0.155,-2.685
-0.134,-2.662
-0.135,-2.669
-0.144,-2.654
-0.155,-2.642
-0.145,-2.650
-0.144,-2.644
-0.144,-2.631
-0.144,-2.631
-0.145,-2.611
-0.135,-2.606
-0.144,-2.591
-0.165,-2.595
-0.165,-2.572
-0.175,-2.544
-0.165,-2.516
-0.165,-2.493
-0.175,-2.488
-0.175,-2.465
-0.175,-2.465
-0.175,-2.465
-0.185,-2.434
-0.165,-2.437
-0.165,-2.437
-0.155,-2.423
-0.155,-2.429
-0.155,-2.423
-0.145,-2.441
-0.134,-2.446
-0.155,-2.446
-0.125,-2.438
-0.135,-2.443
-0.135,-2.465
-0.125,-2.454
-0.135,-2.449
-0.125,-2.460
-0.115,-2.446
-0.115,-2.452
-0.115,-2.469
-0.105,-2.477
-0.105,-2.493
-0.094,-2.499
-0.105,-2.516
-0.094,-2.505
-0.084,-2.536
-0.085,-2.520
-0.084,-2.553
-0.084,-2.553
-0.064,-2.573
-0.094,-2.584
-0.084,-2.599
-0.094,-2.600
-0.094,-2.607
-0.084,-2.612
-0.084,-2.631
-0.094,-2.646
-0.104,-2.651
-0.084,-2.674
-0.084,-2.670
-0.084,-2.694
-0.104,-2.713
-0.104,-2.706
-0.104,-2.713
-0.104,-2.713
-0.094,-2.721
-0.104,-2.713
-0.104,-2.729
-0.114,-2.725
-0.114,-2.717
-0.114,-2.718
-0.124,-2.709
-0.134,-2.698
-0.115,-2.708
-0.115,-2.685
-0.135,-2.705
-0.124,-2.716
-0.124,-2.709
-0.104,-2.713
-0.114,-2.718
-0.104,-2.729
-0.114,-2.702
-0.124,-2.709
-0.114,-2.725
-0.114,-2.718
-0.114,-2.725
-0.124,-2.733
-0.114,-2.757
-0.124,-2.756
-0.134,-2.760
-0.125,-2.792
-0.125,-2.792
-0.134,-2.780
-0.135,-2.783
-0.144,-2.768
-0.144,-2.792
-0.124,-2.788
-0.144,-2.765
-0.134,-2.760
-0.134,-2.737
-0.114,-2.764
-0.134,-2.764
-0.144,-2.745
-0.134,-2.760
-0.124,-2.745
-0.145,-2.749
-0.124,-2.749
-0.124,-2.745
-0.124,-2.756
-0.124,-2.749
-0.125,-2.752
-0.135,-2.744
-0.134,-2.760
-0.125,-2.776
-0.124,-2.784
-0.135,-2.796
-0.134,-2.800
-0.134,-2.792
-0.114,-2.820
-0.114,-2.812
-0.114,-2.835
-0.124,-2.847
-0.114,-2.855
-0.115,-2.862
-0.114,-2.835
-0.114,-2.859
-0.114,-2.882
-0.114,-2.875
-0.104,-2.890
-0.104,-2.883
-0.114,-2.898
-0.114,-2.898
-0.094,-2.914
-0.084,-2.910
-0.084,-2.926
-0.104,-2.930
-0.084,-2.949
-0.103,-2.965
-0.093,-2.981
-0.093,-2.973
-0.083,-3.005
-0.083,-3.021
-0.073,-3.048
-0.083,-3.068
-0.093,-3.036
-0.104,-3.032
-0.093,-3.044
-0.103,-3.047
-0.113,-3.056
-0.113,-3.048
-0.113,-3.071
-0.124,-3.044
-0.133,-3.051
-0.134,-3.059
-0.124,-3.044
-0.113,-3.056
-0.134,-3.055
-0.124,-3.044
-0.124,-3.051
-0.124,-3.044
-0.124,-3.067
-0.124,-3.044
-0.123,-3.020
-0.134,-3.039
-0.123,-3.020
-0.134,-3.036
-0.123,-3.048
-0.144,-3.024
-0.134,-3.020
-0.143,-3.004
-0.134,-3.016
-0.134,-3.036
-0.133,-3.032
-0.134,-3.036
-0.123,-3.020
-0.124,-3.028
-0.134,-3.032
-0.133,-3.028
-0.124,-3.028
-0.114,-3.012
-0.124,-3.028
-0.134,-3.000
-0.124,-2.988
-0.125,-2.992
-0.124,-2.981
-0.124,-3.004
-0.134,-2.993
-0.124,-3.004
-0.134,-3.000
-0.134,-2.992
-0.145,-2.988
-0.124,-2.988
-0.124,-3.004
-0.134,-3.000
-0.134,-2.993
-0.145,-2.988
-0.134,-3.000
-0.134,-2.993
-0.135,-2.980
-0.134,-2.973
-0.145,-2.988
-0.135,-2.996
-0.144,-3.004
-0.135,-3.004
-0.124,-3.024
-0.135,-3.020
-0.114,-3.016
-0.114,-3.016
-0.135,-2.980
-0.124,-2.945
-0.135,-2.961
-0.125,-2.926
-0.135,-2.930
-0.156,-2.917
-0.135,-2.914
-0.125,-2.933
-0.115,-2.905
-0.105,-2.913
-0.105,-2.914
-0.084,-2.906
-0.094,-2.934
-0.094,-2.934
-0.094,-2.934
-0.074,-2.938
-0.074,-2.938
-0.055,-2.922
-0.044,-2.910
-0.055,-2.899
-0.045,-2.914
-0.044,-2.887
-0.045,-2.930
-0.045,-2.907
-0.045,-2.907
-0.034,-2.902
-0.034,-2.895
-0.034,-2.903
-0.014,-2.899
-0.024,-2.887
-0.014,-2.899
-0.014,-2.876
-0.014,-2.883
-0.004,-2.871
 0.016,-2.887
 0.016,-2.891
 0.016,-2.884
 0.016,-2.891
 0.016,-2.884
 0.016,-2.904
 0.016,-2.891
 0.016,-2.868
 0.006,-2.887
 0.006,-2.887
 0.026,-2.883
 0.026,-2.883
 0.026,-2.892
 0.017,-2.908
 0.006,-2.896
 0.006,-2.896
 0.017,-2.907
-0.004,-2.903
 0.006,-2.919
 0.006,-2.919
 0.006,-2.919
-0.004,-2.934
-0.004,-2.927
-0.004,-2.950
 0.006,-2.919
-0.024,-2.930
-0.024,-2.930
-0.024,-2.923
-0.024,-2.930
-0.024,-2.930
-0.044,-2.927
-0.034,-2.922
-0.034,-2.934
-0.024,-2.930
-0.024,-2.930
-0.044,-2.926
-0.024,-2.930
-0.034,-2.934
-0.024,-2.946
-0.034,-2.934
-0.024,-2.946
-0.034,-2.962
-0.024,-2.970
-0.034,-2.985
-0.024,-2.993
-0.043,-3.009
-0.043,-3.009
-0.033,-3.009
-0.043,-3.025
-0.043,-3.025
-0.043,-3.025
-0.023,-3.029
-0.033,-3.013
-0.043,-3.048
-0.053,-3.056
-0.043,-3.064
-0.043,-3.072
-0.053,-3.072
-0.063,-3.091
-0.063,-3.084
-0.063,-3.107
-0.073,-3.115
-0.083,-3.103
-0.074,-3.119
-0.083,-3.127
-0.083,-3.127
-0.074,-3.119
-0.073,-3.115
-0.083,-3.127
-0.073,-3.115
-0.083,-3.127
-0.083,-3.127
-0.083,-3.119
-0.093,-3.135
-0.073,-3.131
-0.083,-3.143
-0.083,-3.127
-0.083,-3.127
-0.084,-3.135
-0.083,-3.127
-0.073,-3.154
-0.073,-3.154
-0.083,-3.162
-0.083,-3.166
-0.073,-3.154
-0.063,-3.147
-0.063,-3.151
-0.063,-3.143
-0.073,-3.159
-0.063,-3.143
-0.052,-3.155
-0.053,-3.159
-0.063,-3.143
-0.053,-3.159
-0.053,-3.174
-0.063,-3.162
-0.053,-3.174
-0.053,-3.174
-0.053,-3.198
-0.053,-3.198
-0.053,-3.198
-0.053,-3.198
-0.073,-3.194
-0.073,-3.178
-0.063,-3.186
-0.063,-3.186
-0.063,-3.186
-0.063,-3.178
-0.063,-3.182
-0.063,-3.162
-0.053,-3.174
-0.063,-3.170
-0.063,-3.170
-0.053,-3.182
-0.043,-3.166
-0.033,-3.179
-0.053,-3.174
-0.032,-3.186
-0.043,-3.206
-0.033,-3.214
-0.043,-3.226
-0.022,-3.226
-0.033,-3.229
-0.033,-3.238
-0.033,-3.214
-0.053,-3.213
-0.043,-3.226
-0.043,-3.202
-0.043,-3.210
-0.043,-3.206
-0.053,-3.194
-0.053,-3.178
-0.063,-3.202
-0.063,-3.206
-0.063,-3.182
-0.054,-3.174
-0.053,-3.178
-0.074,-3.158
-0.064,-3.151
-0.053,-3.154
-0.063,-3.147
-0.063,-3.147
-0.053,-3.147
-0.064,-3.143
-0.063,-3.123
-0.064,-3.111
-0.074,-3.103
-0.074,-3.079
-0.074,-3.064
-0.074,-3.056
-0.074,-3.032
-0.084,-3.024
-0.094,-3.013
-0.104,-2.989
-0.094,-2.957
-0.104,-2.933
-0.115,-2.922
-0.114,-2.914
-0.104,-2.910
-0.115,-2.898
-0.115,-2.898
-0.115,-2.882
-0.105,-2.870
-0.105,-2.874
-0.104,-2.847
-0.115,-2.859
-0.115,-2.843
-0.095,-2.816
-0.085,-2.835
-0.094,-2.820
-0.095,-2.823
-0.085,-2.812
-0.074,-2.816
-0.085,-2.812
-0.074,-2.816
-0.084,-2.812
-0.064,-2.832
-0.064,-2.808
-0.064,-2.815
-0.054,-2.800
-0.064,-2.815
-0.044,-2.796
-0.054,-2.800
-0.044,-2.796
-0.044,-2.789
-0.044,-2.789
-0.044,-2.773
-0.044,-2.749
-0.044,-2.757
-0.044,-2.733
-0.044,-2.733
-0.024,-2.714
-0.024,-2.714
-0.014,-2.709
-0.014,-2.683
-0.024,-2.674
-0.004,-2.678
-0.014,-2.663
-0.004,-2.655
 0.006,-2.644
 0.016,-2.636
-0.015,-2.627
-0.014,-2.624
-0.004,-2.599
 0.016,-2.576
 0.006,-2.588
 0.006,-2.588
 0.006,-2.585
 0.016,-2.603
 0.026,-2.601
 0.016,-2.613
 0.016,-2.616
 0.017,-2.632
 0.006,-2.650
 0.026,-2.647
 0.037,-2.659
 0.016,-2.659
-0.004,-2.671
-0.004,-2.675
-0.014,-2.679
-0.014,-2.686
-0.034,-2.666
-0.014,-2.663
-0.034,-2.689
-0.044,-2.674
-0.034,-2.682
-0.034,-2.706
-0.044,-2.690
-0.044,-2.697
-0.054,-2.702
-0.064,-2.717
-0.054,-2.725
-0.074,-2.721
-0.075,-2.729
-0.074,-2.721
-0.095,-2.725
-0.095,-2.725
-0.095,-2.741
-0.095,-2.748
-0.084,-2.753
-0.084,-2.776
-0.095,-2.764
-0.094,-2.780
-0.104,-2.795
-0.084,-2.804
-0.094,-2.820
-0.104,-2.812
-0.094,-2.803
-0.095,-2.811
-0.094,-2.803
-0.095,-2.827
-0.094,-2.823
-0.094,-2.819
-0.084,-2.855
-0.074,-2.839
-0.064,-2.851
-0.074,-2.843
-0.074,-2.840
-0.084,-2.855
-0.064,-2.828
-0.094,-2.843
-0.084,-2.855
-0.084,-2.847
-0.094,-2.847
-0.084,-2.831
-0.084,-2.855
-0.074,-2.823
-0.084,-2.808
-0.074,-2.823
-0.084,-2.808
-0.074,-2.824
-0.074,-2.823
-0.084,-2.812
-0.084,-2.815
-0.064,-2.828
-0.074,-2.823
-0.074,-2.823
-0.074,-2.816
-0.084,-2.831
-0.074,-2.832
-0.064,-2.851
-0.064,-2.835
-0.064,-2.835
-0.074,-2.831
-0.064,-2.815
-0.064,-2.835
-0.074,-2.839
-0.074,-2.816
-0.064,-2.832
-0.074,-2.816
-0.064,-2.832
-0.064,-2.812
-0.074,-2.820
-0.074,-2.824
-0.064,-2.828
-0.074,-2.823
-0.074,-2.823
-0.084,-2.831
-0.074,-2.823
-0.084,-2.808
-0.074,-2.823
-0.084,-2.792
-0.074,-2.800
-0.064,-2.792
-0.074,-2.780
-0.074,-2.784
-0.074,-2.784
-0.074,-2.800
-0.054,-2.787
-0.084,-2.788
-0.074,-2.800
-0.074,-2.800
-0.064,-2.808
-0.064,-2.812
-0.054,-2.797
-0.074,-2.784
-0.064,-2.796
-0.064,-2.792
-0.054,-2.811
-0.044,-2.812
-0.044,-2.816
-0.044,-2.835
-0.034,-2.840
-0.044,-2.812
-0.044,-2.805
-0.034,-2.824
-0.034,-2.807
-0.054,-2.820
-0.034,-2.824
-0.024,-2.808
-0.023,-2.836
-0.024,-2.832
-0.023,-2.851
-0.013,-2.844
-0.013,-2.859
-0.013,-2.867
 0.007,-2.863
-0.003,-2.891
-0.003,-2.875
 0.007,-2.879
-0.003,-2.875
-0.003,-2.891
-0.003,-2.891
 0.007,-2.903
-0.013,-2.899
-0.013,-2.906
-0.013,-2.899
-0.013,-2.915
-0.003,-2.911
-0.023,-2.891
-0.024,-2.895
-0.034,-2.886
-0.034,-2.886
-0.034,-2.886
-0.023,-2.868
-0.044,-2.891
-0.033,-2.879
-0.043,-2.871
-0.044,-2.855
-0.043,-2.848
-0.044,-2.855
-0.044,-2.855
-0.054,-2.843
-0.054,-2.843
-0.064,-2.828
-0.064,-2.835
-0.064,-2.819
-0.074,-2.823
-0.084,-2.815
-0.074,-2.800
-0.115,-2.784
-0.095,-2.764
-0.095,-2.764
-0.084,-2.760
-0.095,-2.764
-0.105,-2.756
-0.115,-2.744
-0.114,-2.741
-0.115,-2.748
-0.125,-2.729
-0.104,-2.736
-0.105,-2.733
-0.135,-2.721
-0.135,-2.728
-0.125,-2.713
-0.115,-2.708
-0.125,-2.697
-0.145,-2.700
-0.125,-2.703
-0.145,-2.693
-0.145,-2.693
-0.155,-2.701
-0.134,-2.698
-0.135,-2.705
-0.135,-2.682
-0.145,-2.700
-0.155,-2.685
-0.145,-2.693
-0.145,-2.716
-0.145,-2.709
-0.155,-2.704
-0.145,-2.716
-0.145,-2.716
-0.145,-2.716
-0.145,-2.709
-0.145,-2.716
-0.125,-2.713
-0.135,-2.705
-0.135,-2.708
-0.125,-2.690
-0.125,-2.697
-0.115,-2.705
-0.115,-2.682
-0.115,-2.689
-0.115,-2.682
-0.105,-2.693
-0.094,-2.682
-0.094,-2.682
-0.105,-2.677
-0.094,-2.666
-0.085,-2.664
-0.065,-2.661
-0.085,-2.658
-0.064,-2.638
-0.074,-2.639
-0.054,-2.623
-0.064,-2.615
-0.054,-2.604
-0.065,-2.599
-0.034,-2.584
-0.034,-2.568
-0.024,-2.560
-0.024,-2.580
-0.014,-2.552
 0.006,-2.545
-0.004,-2.540
-0.004,-2.517
 0.006,-2.529
 0.016,-2.521
 0.026,-2.506
 0.026,-2.512
 0.016,-2.498
 0.016,-2.498
 0.026,-2.490
 0.026,-2.506
 0.026,-2.493
 0.026,-2.470
 0.016,-2.481
 0.016,-2.481
 0.006,-2.483
 0.036,-2.501
 0.026,-2.470
 0.006,-2.493
 0.026,-2.476
 0.016,-2.481
 0.016,-2.504
 0.016,-2.498
 0.006,-2.526
 0.006,-2.529
 0.006,-2.525
-0.004,-2.563
-0.004,-2.540
-0.004,-2.540
-0.004,-2.540
 0.006,-2.565
-0.004,-2.563
 0.006,-2.568
 0.006,-2.565
 0.006,-2.571
-0.004,-2.556
-0.004,-2.563
-0.014,-2.568
-0.014,-2.568
-0.024,-2.560
-0.024,-2.553
-0.024,-2.560
-0.034,-2.528
-0.034,-2.551
-0.045,-2.540
-0.035,-2.525
-0.065,-2.520
-0.045,-2.517
-0.065,-2.497
-0.065,-2.503
-0.075,-2.489
-0.086,-2.467
-0.095,-2.475
-0.115,-2.472
-0.115,-2.472
-0.115,-2.465
-0.126,-2.460
-0.115,-2.449
-0.125,-2.441
-0.126,-2.444
-0.125,-2.457
-0.126,-2.460
-0.125,-2.457
-0.115,-2.465
-0.115,-2.472
-0.115,-2.466
-0.116,-2.455
-0.116,-2.432
-0.116,-2.432
-0.116,-2.432
-0.116,-2.409
-0.126,-2.424
-0.116,-2.409
-0.126,-2.401
-0.116,-2.393
-0.116,-2.370
-0.116,-2.376
-0.126,-2.362
-0.126,-2.362
-0.116,-2.354
-0.105,-2.359
-0.105,-2.359
-0.115,-2.328
-0.115,-2.334
-0.106,-2.326
-0.095,-2.292
-0.086,-2.290
-0.075,-2.256
-0.075,-2.256
-0.075,-2.256
-0.075,-2.250
-0.065,-2.228
-0.065,-2.222
-0.085,-2.225
-0.075,-2.236
-0.075,-2.208
-0.065,-2.205
-0.075,-2.197
-0.065,-2.211
-0.075,-2.202
-0.055,-2.216
-0.054,-2.233
-0.065,-2.238
-0.075,-2.230
-0.075,-2.236
-0.085,-2.222
-0.085,-2.231
-0.095,-2.216
-0.105,-2.205
-0.106,-2.188
-0.116,-2.193
-0.106,-2.188
-0.115,-2.190
-0.115,-2.213
-0.116,-2.216
-0.125,-2.221
-0.116,-2.219
-0.115,-2.196
-0.146,-2.227
-0.136,-2.238
-0.135,-2.232
-0.135,-2.255
-0.146,-2.260
-0.146,-2.260
-0.166,-2.263
-0.155,-2.269
-0.156,-2.272
-0.146,-2.280
-0.155,-2.291
-0.146,-2.283
-0.156,-2.294
-0.156,-2.317
-0.146,-2.322
-0.125,-2.342
-0.136,-2.354
-0.135,-2.387
-0.136,-2.393
-0.115,-2.390
-0.115,-2.413
-0.125,-2.421
-0.125,-2.438
-0.105,-2.483
-0.104,-2.497
-0.094,-2.508
-0.084,-2.540
-0.064,-2.576
-0.064,-2.599
-0.043,-2.612
-0.043,-2.635
-0.054,-2.646
-0.063,-2.654
-0.074,-2.673
-0.074,-2.666
-0.074,-2.689
-0.095,-2.689
-0.104,-2.674
-0.104,-2.697
-0.104,-2.674
-0.104,-2.697
-0.114,-2.689
-0.124,-2.693
-0.114,-2.728
-0.104,-2.713
-0.104,-2.736
-0.124,-2.756
-0.114,-2.784
-0.104,-2.799
-0.083,-2.815
-0.093,-2.866
-0.093,-2.882
-0.093,-2.898
-0.083,-2.917
-0.083,-2.933
-0.082,-2.953
-0.083,-2.973
-0.082,-2.989
-0.103,-2.993
-0.092,-2.997
-0.103,-2.992
-0.102,-3.012
-0.112,-3.032
-0.133,-3.024
-0.143,-3.028
-0.143,-3.032
-0.153,-3.023
-0.153,-3.023
-0.163,-3.016
-0.173,-3.019
-0.173,-3.039
-0.193,-3.019
-0.193,-3.015
-0.214,-3.003
-0.214,-2.996
-0.234,-2.999
-0.224,-2.995
-0.213,-2.999
-0.214,-3.023
-0.214,-3.019
-0.224,-3.011
-0.224,-3.035
-0.223,-3.027
-0.224,-3.051
-0.213,-3.035
-0.234,-3.062
-0.234,-3.062
-0.254,-3.074
-0.234,-3.062
-0.233,-3.058
-0.234,-3.062
-0.244,-3.054
-0.244,-3.031
-0.235,-3.046
-0.243,-3.023
-0.244,-3.047
-0.244,-3.047
-0.244,-3.047
-0.244,-3.054
-0.244,-3.031
-0.254,-3.046
-0.244,-3.054
-0.244,-3.047
-0.244,-3.051
-0.243,-3.062
-0.244,-3.070
-0.254,-3.058
-0.264,-3.050
-0.244,-3.054
-0.234,-3.039
-0.234,-3.039
-0.234,-3.023
-0.234,-3.019
-0.214,-3.003
-0.214,-2.996
-0.214,-2.980
-0.194,-2.984
-0.203,-2.968
-0.184,-2.976
-0.184,-2.929
-0.184,-2.933
-0.194,-2.921
-0.184,-2.929
-0.184,-2.913
-0.194,-2.882
-0.194,-2.865
-0.194,-2.865
-0.205,-2.850
-0.225,-2.830
-0.224,-2.823
-0.225,-2.794
-0.225,-2.778
-0.236,-2.766
-0.216,-2.754
-0.215,-2.747
-0.225,-2.778
-0.215,-2.763
-0.204,-2.768
-0.195,-2.767
-0.185,-2.752
-0.195,-2.767
-0.185,-2.759
-0.175,-2.764
-0.165,-2.795
-0.144,-2.791
-0.124,-2.795
-0.134,-2.803
-0.124,-2.811
-0.114,-2.827
-0.124,-2.811
-0.114,-2.827
-0.104,-2.838
-0.094,-2.839
-0.084,-2.835
-0.084,-2.831
-0.094,-2.847
-0.074,-2.866
-0.063,-2.871
-0.074,-2.867
-0.063,-2.871
-0.073,-2.882
-0.063,-2.887
-0.063,-2.887
-0.063,-2.894
-0.053,-2.902
-0.053,-2.910
-0.043,-2.898
-0.043,-2.914
-0.043,-2.914
-0.053,-2.918
-0.063,-2.910
-0.043,-2.914
-0.063,-2.910
-0.053,-2.926
-0.063,-2.910
-0.063,-2.934
-0.053,-2.942
-0.063,-2.950
-0.063,-2.957
-0.063,-2.950
-0.063,-2.973
-0.073,-2.965
-0.083,-2.969
-0.073,-2.985
-0.073,-2.977
-0.083,-2.993
-0.063,-3.012
-0.083,-3.008
-0.073,-3.024
-0.083,-3.024
-0.093,-3.060
-0.104,-3.071
-0.093,-3.075
-0.103,-3.091
-0.113,-3.075
-0.123,-3.071
-0.123,-3.071
-0.123,-3.071
-0.123,-3.095
-0.133,-3.079
-0.113,-3.083
-0.134,-3.059
-0.153,-3.075
-0.144,-3.051
-0.143,-3.047
-0.144,-3.051
-0.154,-3.043
-0.164,-3.031
-0.164,-3.031
-0.174,-3.039
-0.154,-3.043
-0.164,-3.055
-0.164,-3.071
-0.164,-3.071
-0.153,-3.059
-0.154,-3.083
-0.144,-3.091
-0.164,-3.086
-0.164,-3.071
-0.164,-3.047
-0.164,-3.031
-0.154,-3.023
-0.164,-3.031
-0.164,-3.015
-0.164,-3.008
-0.174,-3.019
-0.174,-3.016
-0.174,-2.996
-0.175,-3.004
-0.174,-2.980
-0.175,-2.988
-0.185,-2.995
-0.184,-3.011
-0.185,-3.019
-0.184,-3.011
-0.195,-3.023
-0.174,-3.039
-0.164,-3.047
-0.184,-3.051
-0.164,-3.047
-0.184,-3.074
-0.164,-3.055
-0.195,-3.062
-0.184,-3.074
-0.164,-3.086
-0.154,-3.083
-0.164,-3.094
-0.174,-3.098
-0.174,-3.083
-0.164,-3.086
-0.164,-3.087
-0.174,-3.098
-0.154,-3.094
-0.154,-3.102
-0.144,-3.090
-0.154,-3.102
-0.144,-3.110
-0.154,-3.118
-0.144,-3.110
-0.144,-3.102
-0.144,-3.087
-0.124,-3.091
-0.124,-3.091
-0.124,-3.075
-0.134,-3.059
-0.123,-3.071
-0.114,-3.063
-0.123,-3.048
-0.124,-3.051
-0.124,-3.028
-0.114,-3.024
-0.114,-3.024
-0.104,-3.032
-0.114,-3.043
-0.113,-3.040
-0.104,-3.055
-0.093,-3.083
-0.094,-3.079
-0.083,-3.091
-0.093,-3.075
-0.073,-3.083
-0.083,-3.091
-0.094,-3.079
-0.073,-3.083
-0.084,-3.087
-0.084,-3.111
-0.073,-3.099
-0.084,-3.087
-0.094,-3.103
-0.084,-3.087
-0.094,-3.122
-0.084,-3.111
-0.084,-3.111
-0.094,-3.122
-0.063,-3.107
-0.063,-3.115
-0.074,-3.103
-0.074,-3.087
-0.064,-3.099
-0.053,-3.076
-0.063,-3.091
-0.053,-3.076
-0.063,-3.084
-0.054,-3.060
-0.064,-3.028
-0.053,-3.048
-0.063,-3.032
-0.043,-3.032
-0.053,-3.048
-0.033,-3.037
-0.053,-3.064
-0.033,-3.060
-0.043,-3.072
-0.043,-3.076
-0.043,-3.052
-0.043,-3.056
-0.033,-3.044
-0.033,-3.060
-0.053,-3.064
-0.043,-3.048
-0.033,-3.084
-0.023,-3.092
-0.043,-3.107
-0.033,-3.123
-0.043,-3.127
-0.053,-3.143
-0.053,-3.142
-0.043,-3.135
-0.043,-3.158
-0.043,-3.150
-0.033,-3.163
-0.053,-3.158
-0.053,-3.158
-0.053,-3.143
-0.053,-3.119
-0.053,-3.127
-0.073,-3.123
-0.073,-3.139
-0.053,-3.143
-0.073,-3.138
-0.073,-3.107
-0.073,-3.103
-0.073,-3.103
-0.073,-3.103
-0.073,-3.095
-0.083,-3.091
-0.083,-3.068
-0.104,-3.071
-0.104,-3.055
-0.093,-3.059
-0.114,-3.063
-0.113,-3.040
-0.104,-3.071
-0.124,-3.051
-0.114,-3.059
-0.114,-3.063
-0.134,-3.059
-0.134,-3.059
-0.134,-3.067
-0.164,-3.051
-0.144,-3.059
-0.154,-3.047
-0.154,-3.063
-0.154,-3.063
-0.174,-3.059
-0.175,-3.067
-0.174,-3.043
-0.195,-3.043
-0.184,-3.035
-0.194,-3.035
-0.195,-3.063
-0.195,-3.062
-0.215,-3.042
-0.205,-3.058
-0.215,-3.058
-0.195,-3.062
-0.215,-3.043
-0.225,-3.070
-0.215,-3.066
-0.215,-3.058
-0.225,-3.054
-0.225,-3.031
-0.235,-3.023
-0.236,-3.007
-0.235,-2.999
-0.226,-2.999
-0.225,-2.991
-0.235,-2.999
-0.225,-2.991
-0.215,-2.979
-0.215,-2.987
-0.205,-2.956
-0.205,-2.959
-0.206,-2.940
-0.195,-2.940
-0.195,-2.944
-0.194,-2.937
-0.184,-2.925
-0.195,-2.905
-0.165,-2.870
-0.175,-2.869
-0.175,-2.846
-0.175,-2.846
-0.155,-2.810
-0.155,-2.803
-0.145,-2.799
-0.145,-2.775
-0.125,-2.799
-0.125,-2.759
-0.125,-2.752
-0.115,-2.748
-0.115,-2.744
-0.114,-2.725
-0.094,-2.728
-0.084,-2.713
-0.085,-2.720
-0.094,-2.705
-0.105,-2.693
-0.085,-2.697
-0.074,-2.702
-0.095,-2.689
-0.074,-2.669
-0.074,-2.669
-0.075,-2.676
-0.065,-2.661
-0.064,-2.688
-0.065,-2.661
-0.074,-2.686
-0.064,-2.678
-0.054,-2.682
-0.044,-2.701
-0.054,-2.689
-0.044,-2.697
-0.044,-2.704
-0.054,-2.705
-0.024,-2.740
-0.044,-2.737
-0.024,-2.757
-0.034,-2.768
-0.023,-2.773
-0.034,-2.791
-0.044,-2.799
-0.034,-2.808
-0.034,-2.808
-0.044,-2.832
-0.044,-2.819
-0.023,-2.796
-0.044,-2.816
-0.054,-2.811
-0.054,-2.804
-0.034,-2.808
-0.023,-2.812
-0.044,-2.792
-0.044,-2.799
-0.044,-2.776
-0.034,-2.775
-0.024,-2.780
-0.034,-2.791
-0.034,-2.791
-0.034,-2.784
-0.044,-2.776
-0.033,-2.765
-0.034,-2.768
-0.044,-2.799
-0.034,-2.784
-0.044,-2.799
-0.054,-2.788
-0.054,-2.807
-0.044,-2.799
-0.053,-2.824
-0.053,-2.847
-0.053,-2.824
-0.074,-2.847
-0.064,-2.858
-0.054,-2.843
-0.074,-2.850
-0.074,-2.866
-0.084,-2.855
-0.063,-2.878
-0.073,-2.882
-0.074,-2.890
-0.094,-2.909
-0.104,-2.914
-0.104,-2.913
-0.093,-2.918
-0.114,-2.905
-0.114,-2.889
-0.145,-2.881
-0.145,-2.865
-0.145,-2.857
-0.135,-2.853
-0.165,-2.838
-0.175,-2.823
-0.175,-2.806
-0.155,-2.803
-0.165,-2.802
-0.165,-2.779
-0.175,-2.790
-0.175,-2.790
-0.175,-2.767
-0.165,-2.779
-0.175,-2.767
-0.165,-2.775
-0.165,-2.779
-0.165,-2.755
-0.165,-2.763
-0.165,-2.739
-0.165,-2.739
-0.166,-2.759
-0.165,-2.732
-0.165,-2.739
-0.155,-2.724
-0.155,-2.731
-0.155,-2.731
-0.155,-2.724
-0.145,-2.736
-0.124,-2.733
-0.135,-2.728
-0.125,-2.723
-0.125,-2.720
-0.135,-2.735
-0.125,-2.720
-0.115,-2.732
-0.114,-2.728
-0.114,-2.741
-0.125,-2.720
-0.114,-2.724
-0.115,-2.708
-0.115,-2.708
-0.114,-2.701
-0.115,-2.708
-0.115,-2.708
-0.115,-2.715
-0.105,-2.723
-0.105,-2.733
-0.105,-2.740
-0.105,-2.733
-0.105,-2.733
-0.105,-2.740
-0.105,-2.733
-0.095,-2.735
-0.094,-2.728
-0.105,-2.740
-0.105,-2.724
-0.105,-2.716
-0.094,-2.728
-0.084,-2.713
-0.074,-2.745
-0.084,-2.736
-0.064,-2.717
-0.095,-2.715
-0.085,-2.704
-0.085,-2.704
-0.085,-2.704
-0.085,-2.697
-0.074,-2.709
-0.074,-2.686
-0.085,-2.697
-0.085,-2.681
-0.074,-2.686
-0.074,-2.693
-0.074,-2.669
-0.074,-2.692
-0.085,-2.664
-0.084,-2.677
-0.085,-2.681
-0.085,-2.658
-0.075,-2.673
-0.065,-2.684
-0.094,-2.666
-0.075,-2.673
-0.074,-2.669
-0.074,-2.669
-0.065,-2.661
-0.074,-2.669
-0.074,-2.693
-0.064,-2.677
-0.064,-2.701
-0.064,-2.701
-0.064,-2.694
-0.044,-2.721
-0.054,-2.709
-0.064,-2.724
-0.054,-2.736
-0.064,-2.740
-0.054,-2.736
-0.054,-2.729
-0.074,-2.748
-0.064,-2.740
-0.084,-2.753
-0.074,-2.748
-0.084,-2.736
-0.094,-2.752
-0.095,-2.732
-0.105,-2.717
-0.105,-2.724
-0.105,-2.700
-0.125,-2.720
-0.104,-2.720
-0.105,-2.716
-0.104,-2.743
-0.105,-2.717
-0.094,-2.728
-0.095,-2.712
-0.094,-2.728
-0.095,-2.712
-0.075,-2.728
-0.084,-2.737
-0.074,-2.748
-0.084,-2.736
-0.094,-2.752
-0.084,-2.736
-0.074,-2.748
-0.084,-2.760
-0.084,-2.776
-0.095,-2.775
-0.084,-2.779
-0.094,-2.791
-0.094,-2.791
-0.084,-2.815
-0.094,-2.830
-0.084,-2.815
-0.104,-2.838
-0.104,-2.839
-0.114,-2.843
-0.114,-2.850
-0.104,-2.854
-0.125,-2.861
-0.115,-2.873
-0.125,-2.878
-0.114,-2.913
-0.104,-2.917
-0.114,-2.905
-0.104,-2.937
-0.104,-2.929
-0.104,-2.960
-0.104,-2.953
-0.104,-2.976
-0.104,-3.000
-0.114,-3.004
-0.114,-3.028
-0.114,-3.020
-0.113,-3.040
-0.114,-3.059
-0.114,-3.075
-0.114,-3.087
-0.114,-3.083
-0.124,-3.098
-0.124,-3.098
-0.104,-3.130
-0.104,-3.158
-0.093,-3.158
-0.113,-3.178
-0.114,-3.201
-0.103,-3.205
-0.103,-3.213
-0.103,-3.190
-0.114,-3.201
-0.103,-3.213
-0.103,-3.213
-0.114,-3.225
-0.123,-3.209
-0.123,-3.209
-0.124,-3.193
-0.123,-3.185
-0.124,-3.154
-0.134,-3.142
-0.144,-3.134
-0.144,-3.134
-0.164,-3.114
-0.164,-3.114
-0.164,-3.106
-0.175,-3.102
-0.174,-3.118
