 1.253, 0.056
 1.275, 0.055
 1.294, 0.055
 1.274, 0.056
 1.285, 0.065
 1.273, 0.076
 1.285, 0.065
 1.294, 0.075
 1.294, 0.075
 1.325, 0.104
 1.355, 0.114
 1.368, 0.124
 1.365, 0.124
 1.365, 0.124
 1.366, 0.144
 1.374, 0.154
 1.377, 0.153
 1.364, 0.164
 1.386, 0.163
 1.388, 0.183
 1.405, 0.164
 1.396, 0.173
 1.416, 0.173
 1.407, 0.183
 1.389, 0.163
 1.375, 0.174
 1.397, 0.173
 1.386, 0.163
 1.375, 0.174
 1.407, 0.183
 1.405, 0.183
 1.408, 0.202
 1.418, 0.212
 1.397, 0.232
 1.368, 0.223
 1.365, 0.223
 1.337, 0.233
 1.346, 0.223
 1.314, 0.214
 1.325, 0.203
 1.293, 0.194
 1.296, 0.194
 1.295, 0.213
 1.267, 0.223
 1.278, 0.213
 1.242, 0.185
 1.231, 0.156
 1.238, 0.127
 1.209, 0.117
 1.216, 0.134
 1.216, 0.154
 1.218, 0.134
 1.208, 0.124
 1.206, 0.105
 1.194, 0.056
 1.180,-0.031
 1.161,-0.071
 1.161,-0.111
 1.152,-0.180
 1.134,-0.221
 1.113,-0.280
 1.104,-0.311
 1.093,-0.339
 1.093,-0.379
 1.074,-0.379
 1.072,-0.397
 1.063,-0.408
 1.062,-0.408
 1.020,-0.426
 1.021,-0.407
 1.000,-0.406
 1.003,-0.389
 0.993,-0.380
 1.004,-0.370
 1.024,-0.390
 1.042,-0.369
 1.054,-0.380
 1.062,-0.368
 1.051,-0.357
 1.072,-0.319
 1.091,-0.318
 1.114,-0.300
 1.144,-0.270
 1.135,-0.261
 1.154,-0.260
 1.162,-0.249
 1.185,-0.231
 1.224,-0.211
 1.257,-0.202
 1.277,-0.183
 1.295,-0.162
 1.318,-0.143
 1.338,-0.124
 1.348,-0.114
 1.359,-0.104
 1.367,-0.113
 1.358,-0.104
 1.337,-0.084
 1.296,-0.083
 1.276,-0.103
 1.243,-0.072
 1.268,-0.054
 1.257,-0.044
 1.248,-0.035
 1.269,-0.015
 1.277,-0.004
 1.279,-0.005
 1.265, 0.006
 1.254,-0.003
 1.265, 0.006
 1.274, 0.036
 1.267, 0.045
 1.266, 0.065
 1.277, 0.055
 1.247, 0.065
 1.223, 0.086
 1.226, 0.105
 1.226, 0.105
 1.226, 0.144
 1.227, 0.144
 1.215, 0.155
 1.216, 0.174
 1.204, 0.204
 1.184, 0.204
 1.175, 0.214
 1.152, 0.235
 1.134, 0.254
 1.101, 0.265
 1.061, 0.285
 1.063, 0.324
 1.051, 0.354
 1.041, 0.364
 1.060, 0.403
 1.092, 0.413
 1.093, 0.433
 1.122, 0.462
 1.144, 0.462
 1.141, 0.502
 1.152, 0.512
 1.162, 0.521
 1.149, 0.551
 1.151, 0.591
 1.142, 0.640
 1.131, 0.670
 1.110, 0.710
 1.099, 0.739
 1.080, 0.760
 1.078, 0.759
 1.059, 0.799
 1.049, 0.829
 1.036, 0.818
 1.050, 0.869
 1.059, 0.898
 1.039, 0.918
 1.051, 0.929
 1.047, 0.947
 1.049, 0.987
 1.058, 1.016
 1.047, 1.046
 1.070, 1.086
 1.060, 1.116
 1.041, 1.137
 1.072, 1.166
 1.081, 1.156
 1.100, 1.155
 1.148, 1.143
 1.171, 1.164
 1.201, 1.153
 1.243, 1.174
 1.267, 1.215
 1.296, 1.204
 1.327, 1.214
 1.365, 1.192
 1.375, 1.202
 1.417, 1.202
 1.443, 1.171
 1.448, 1.153
 1.467, 1.152
 1.457, 1.143
 1.459, 1.124
 1.447, 1.093
 1.429, 1.074
 1.395, 1.063
 1.375, 1.044
 1.364, 1.034
 1.353, 1.023
 1.347, 1.015
 1.336, 1.005
 1.315, 0.985
 1.315, 0.966
 1.302, 0.954
 1.283, 0.955
 1.294, 0.945
 1.284, 0.936
 1.306, 0.936
 1.295, 0.926
 1.308, 0.917
 1.305, 0.916
 1.284, 0.896
 1.294, 0.886
 1.271, 0.866
 1.273, 0.867
 1.265, 0.838
 1.257, 0.828
 1.257, 0.828
 1.233, 0.788
 1.245, 0.778
 1.222, 0.758
 1.221, 0.738
 1.222, 0.719
 1.231, 0.708
 1.236, 0.709
 1.236, 0.689
 1.234, 0.669
 1.236, 0.650
 1.244, 0.620
 1.235, 0.590
 1.244, 0.580
 1.256, 0.550
 1.257, 0.511
 1.275, 0.491
 1.288, 0.461
 1.285, 0.461
 1.273, 0.412
 1.286, 0.421
 1.294, 0.392
 1.296, 0.392
 1.305, 0.382
 1.305, 0.342
 1.327, 0.342
 1.324, 0.342
 1.358, 0.332
 1.336, 0.332
 1.348, 0.322
 1.358, 0.332
 1.355, 0.332
 1.348, 0.322
 1.348, 0.322
 1.329, 0.322
 1.353, 0.321
 1.352, 0.301
 1.317, 0.292
 1.269, 0.235
 1.324, 0.243
 1.350, 0.262
 1.336, 0.233
 1.328, 0.203
 1.286, 0.203
 1.264, 0.184
 1.226, 0.164
 1.194, 0.135
 1.153, 0.096
 1.130, 0.077
 1.121, 0.027
 1.133,-0.003
 1.162,-0.052
 1.183,-0.073
 1.213,-0.102
 1.255,-0.123
 1.277,-0.144
 1.305,-0.133
 1.308,-0.134
 1.319,-0.145
 1.319,-0.145
 1.309,-0.154
 1.336,-0.123
 1.337,-0.104
 1.348,-0.075
 1.356,-0.064
 1.369,-0.055
 1.368,-0.015
 1.383, 0.013
 1.371, 0.023
 1.390, 0.024
 1.392, 0.043
 1.387, 0.064
 1.400, 0.073
 1.419, 0.074
 1.428, 0.104
 1.451, 0.122
 1.468, 0.143
 1.481, 0.172
 1.490, 0.182
 1.490, 0.222
 1.501, 0.251
 1.518, 0.271
 1.542, 0.290
 1.540, 0.310
 1.540, 0.310
 1.562, 0.350
 1.559, 0.350
 1.571, 0.379
 1.559, 0.390
 1.557, 0.409
 1.561, 0.429
 1.549, 0.439
 1.552, 0.479
 1.543, 0.489
 1.534, 0.499
 1.545, 0.508
 1.530, 0.518
 1.511, 0.519
 1.500, 0.548
 1.469, 0.539
 1.470, 0.559
 1.439, 0.588
 1.433, 0.579
 1.379, 0.589
 1.347, 0.579
 1.347, 0.579
 1.323, 0.599
 1.326, 0.599
 1.317, 0.609
 1.327, 0.619
 1.340, 0.629
 1.337, 0.629
 1.359, 0.629
 1.387, 0.618
 1.397, 0.608
 1.428, 0.598
 1.447, 0.598
 1.449, 0.578
 1.470, 0.578
 1.459, 0.549
 1.439, 0.529
 1.456, 0.509
 1.451, 0.479
 1.449, 0.460
 1.438, 0.430
 1.430, 0.400
 1.418, 0.371
 1.410, 0.341
 1.379, 0.312
 1.378, 0.292
 1.369, 0.262
 1.346, 0.223
 1.318, 0.193
 1.306, 0.144
 1.294, 0.095
 1.266, 0.065
 1.265, 0.025
 1.269, 0.004
 1.280, 0.014
 1.278,-0.006
 1.278,-0.046
 1.265,-0.054
 1.275,-0.064
 1.292,-0.082
 1.283,-0.092
 1.276,-0.084
 1.273,-0.083
 1.276,-0.084
 1.287,-0.075
 1.287,-0.075
 1.288,-0.095
 1.325,-0.113
 1.326,-0.134
 1.325,-0.153
 1.315,-0.163
 1.337,-0.164
 1.336,-0.183
 1.358,-0.224
 1.367,-0.233
 1.396,-0.262
 1.420,-0.284
 1.426,-0.331
 1.450,-0.353
 1.461,-0.383
 1.471,-0.413
 1.461,-0.423
 1.468,-0.450
 1.470,-0.472
 1.478,-0.481
 1.490,-0.491
 1.493,-0.493
 1.491,-0.512
 1.506,-0.545
 1.504,-0.544
 1.503,-0.562
 1.514,-0.553
 1.520,-0.560
 1.541,-0.560
 1.541,-0.521
 1.531,-0.511
 1.555,-0.494
 1.563,-0.463
 1.598,-0.456
 1.648,-0.426
 1.658,-0.415
 1.659,-0.396
 1.630,-0.391
 1.613,-0.373
 1.615,-0.335
 1.572,-0.314
 1.522,-0.304
 1.490,-0.292
 1.461,-0.264
 1.434,-0.236
 1.380,-0.204
 1.351,-0.194
 1.328,-0.173
 1.288,-0.153
 1.276,-0.142
 1.245,-0.092
 1.225,-0.053
 1.194,-0.023
 1.164, 0.007
 1.133, 0.057
 1.113, 0.096
 1.066, 0.125
 1.033, 0.175
 1.025, 0.205
 0.984, 0.245
 0.992, 0.235
 0.982, 0.245
 0.998, 0.266
 1.020, 0.285
 1.052, 0.334
 1.083, 0.344
 1.084, 0.363
 1.112, 0.393
 1.124, 0.423
 1.104, 0.423
 1.082, 0.423
 1.053, 0.413
 1.043, 0.403
 1.013, 0.394
 0.972, 0.394
 0.940, 0.365
 0.912, 0.355
 0.888, 0.355
 0.859, 0.325
 0.840, 0.325
 0.829, 0.296
 0.819, 0.306
 0.828, 0.276
 0.839, 0.246
 0.889, 0.236
 0.928, 0.197
 0.951, 0.156
 0.959, 0.127
 0.972, 0.076
 0.963, 0.027
 0.972,-0.022
 0.993,-0.083
 1.012,-0.141
 1.043,-0.191
 1.084,-0.251
 1.083,-0.310
 1.127,-0.372
 1.135,-0.420
 1.138,-0.482
 1.158,-0.542
 1.147,-0.610
 1.159,-0.661
 1.145,-0.688
 1.168,-0.709
 1.168,-0.709
 1.167,-0.728
 1.200,-0.740
 1.217,-0.737
 1.250,-0.750
 1.270,-0.730
 1.310,-0.709
 1.342,-0.702
 1.370,-0.708
 1.392,-0.710
 1.390,-0.689
 1.387,-0.686
 1.423,-0.661
 1.431,-0.649
 1.422,-0.640
 1.423,-0.641
 1.423,-0.641
 1.426,-0.644
 1.413,-0.632
 1.393,-0.612
 1.382,-0.621
 1.359,-0.599
 1.321,-0.581
 1.329,-0.549
 1.289,-0.530
 1.269,-0.510
 1.226,-0.488
 1.197,-0.480
 1.176,-0.478
 1.136,-0.479
 1.137,-0.480
 1.125,-0.469
 1.108,-0.471
 1.106,-0.469
 1.087,-0.510
 1.065,-0.509
 1.054,-0.538
 1.066,-0.550
 1.084,-0.567
 1.105,-0.587
 1.146,-0.589
 1.177,-0.598
 1.240,-0.601
 1.250,-0.611
 1.241,-0.641
 1.230,-0.650
 1.218,-0.658
 1.209,-0.690
 1.227,-0.707
 1.239,-0.719
 1.281,-0.721
 1.289,-0.749
 1.322,-0.761
 1.330,-0.769
 1.340,-0.798
 1.348,-0.826
 1.346,-0.844
 1.368,-0.846
 1.364,-0.861
 1.377,-0.855
 1.404,-0.841
 1.435,-0.852
 1.479,-0.855
 1.487,-0.863
 1.495,-0.891
 1.483,-0.918
 1.489,-0.925
 1.473,-0.929
 1.482,-0.938
 1.454,-0.930
 1.446,-0.923
 1.435,-0.912
 1.427,-0.924
 1.452,-0.929
 1.442,-0.978
 1.419,-0.956
 1.427,-0.964
 1.414,-0.970
 1.390,-0.966
 1.371,-0.988
 1.354,-0.971
 1.341,-0.978
 1.323,-1.001
 1.300,-1.018
 1.289,-1.027
 1.300,-1.057
 1.296,-1.072
 1.279,-1.095
 1.318,-1.094
 1.322,-1.079
 1.344,-1.081
 1.331,-1.088
 1.322,-1.119
 1.329,-1.125
 1.308,-1.144
 1.310,-1.126
 1.288,-1.124
 1.290,-1.128
 1.309,-1.126
 1.311,-1.148
 1.312,-1.130
 1.298,-1.155
 1.301,-1.159
 1.300,-1.157
 1.293,-1.170
 1.293,-1.171
 1.250,-1.167
 1.229,-1.187
 1.205,-1.181
 1.173,-1.190
 1.163,-1.199
 1.141,-1.197
 1.134,-1.192
 1.116,-1.175
 1.098,-1.179
 1.120,-1.181
 1.127,-1.186
 1.119,-1.199
 1.116,-1.213
 1.095,-1.233
 1.095,-1.233
 1.093,-1.229
 1.084,-1.222
 1.063,-1.202
 1.045,-1.225
 1.004,-1.225
 0.983,-1.223
 0.964,-1.207
 0.942,-1.223
 0.891,-1.233
 0.881,-1.242
 0.859,-1.240
 0.830,-1.232
 0.799,-1.221
 0.800,-1.223
 0.789,-1.212
 0.778,-1.199
 0.780,-1.203
 0.769,-1.192
 0.758,-1.201
 0.749,-1.192
 0.717,-1.219
 0.729,-1.214
 0.696,-1.199
 0.686,-1.210
 0.657,-1.202
 0.677,-1.182
 0.658,-1.206
 0.677,-1.184
 0.667,-1.193
 0.667,-1.193
 0.676,-1.179
 0.666,-1.171
 0.655,-1.159
 0.656,-1.141
 0.647,-1.133
 0.645,-1.110
 0.668,-1.114
 0.677,-1.101
 0.676,-1.121
 0.687,-1.132
 0.717,-1.139
 0.728,-1.132
 0.759,-1.143
 0.759,-1.143
 0.769,-1.152
 0.798,-1.140
 0.799,-1.162
 0.839,-1.140
 0.829,-1.151
 0.851,-1.153
 0.870,-1.151
 0.872,-1.155
 0.892,-1.153
 0.882,-1.164
 0.902,-1.184
 0.910,-1.190
 0.901,-1.202
 0.922,-1.183
 0.933,-1.195
 0.945,-1.188
 0.974,-1.196
 0.975,-1.218
 1.004,-1.225
 1.003,-1.203
 1.024,-1.223
 1.023,-1.202
 1.015,-1.216
 1.035,-1.216
 1.054,-1.215
 1.065,-1.245
 1.063,-1.281
 1.064,-1.303
 1.094,-1.352
 1.092,-1.348
 1.125,-1.363
 1.116,-1.354
 1.107,-1.367
 1.126,-1.385
 1.125,-1.403
 1.097,-1.436
 1.084,-1.440
 1.075,-1.473
 1.065,-1.482
 1.034,-1.473
 1.025,-1.464
 1.012,-1.470
 1.004,-1.444
 0.993,-1.433
 0.981,-1.420
 0.973,-1.433
 0.962,-1.422
 0.944,-1.428
 0.933,-1.416
 0.923,-1.425
 0.903,-1.425
 0.890,-1.410
 0.870,-1.412
 0.839,-1.401
 0.819,-1.400
 0.799,-1.382
 0.768,-1.371
 0.748,-1.373
 0.728,-1.351
 0.706,-1.349
 0.677,-1.342
 0.666,-1.328
 0.647,-1.312
 0.626,-1.292
 0.605,-1.270
 0.606,-1.252
 0.605,-1.249
 0.616,-1.261
 0.626,-1.251
 0.635,-1.238
 0.656,-1.240
 0.656,-1.220
 0.646,-1.231
 0.656,-1.222
 0.635,-1.220
 0.626,-1.253
 0.625,-1.249
 0.605,-1.270
 0.615,-1.279
 0.595,-1.299
 0.596,-1.303
 0.596,-1.303
 0.597,-1.347
 0.587,-1.376
 0.565,-1.391
 0.565,-1.431
 0.544,-1.447
 0.513,-1.495
 0.513,-1.517
 0.523,-1.526
 0.524,-1.488
 0.534,-1.478
 0.535,-1.482
 0.524,-1.471
 0.534,-1.477
 0.534,-1.460
 0.533,-1.456
 0.544,-1.429
 0.565,-1.429
 0.575,-1.418
 0.596,-1.423
 0.605,-1.408
 0.596,-1.421
 0.596,-1.401
 0.596,-1.399
 0.587,-1.374
 0.616,-1.381
 0.637,-1.381
 0.667,-1.370
 0.686,-1.367
 0.697,-1.360
 0.716,-1.356
 0.727,-1.349
 0.749,-1.333
 0.749,-1.333
 0.761,-1.346
 0.759,-1.342
 0.770,-1.353
 0.769,-1.351
 0.758,-1.358
 0.760,-1.362
 0.758,-1.358
 0.729,-1.353
 0.739,-1.342
 0.749,-1.351
 0.740,-1.364
 0.738,-1.360
 0.739,-1.382
 0.739,-1.382
 0.718,-1.380
 0.709,-1.353
 0.707,-1.349
 0.668,-1.353
 0.658,-1.363
 0.636,-1.359
 0.627,-1.372
 0.595,-1.377
 0.575,-1.379
 0.566,-1.391
 0.545,-1.389
 0.526,-1.413
 0.515,-1.400
 0.494,-1.420
 0.514,-1.458
 0.473,-1.475
 0.484,-1.470
 0.494,-1.479
 0.484,-1.512
 0.484,-1.512
 0.474,-1.539
 0.474,-1.561
 0.453,-1.574
 0.431,-1.609
 0.430,-1.607
 0.441,-1.618
 0.443,-1.609
 0.495,-1.583
 0.537,-1.588
 0.577,-1.586
 0.596,-1.600
 0.606,-1.629
 0.614,-1.633
 0.605,-1.646
 0.626,-1.649
 0.646,-1.646
 0.658,-1.645
 0.677,-1.660
 0.728,-1.669
 0.738,-1.658
 0.757,-1.676
 0.768,-1.687
 0.798,-1.674
 0.808,-1.665
 0.789,-1.668
 0.799,-1.659
 0.791,-1.652
 0.780,-1.641
 0.791,-1.635
 0.782,-1.626
 0.781,-1.604
 0.772,-1.617
 0.769,-1.610
 0.739,-1.621
 0.719,-1.623
 0.708,-1.627
 0.698,-1.621
 0.719,-1.601
 0.698,-1.621
 0.708,-1.610
 0.706,-1.625
 0.698,-1.621
 0.698,-1.621
 0.668,-1.634
 0.679,-1.663
 0.656,-1.658
 0.658,-1.662
 0.625,-1.648
 0.607,-1.653
 0.576,-1.642
 0.544,-1.648
 0.564,-1.648
 0.584,-1.646
 0.595,-1.657
 0.586,-1.651
 0.585,-1.628
 0.576,-1.624
 0.566,-1.593
 0.545,-1.593
 0.514,-1.581
 0.503,-1.546
 0.463,-1.514
 0.423,-1.494
 0.392,-1.465
 0.361,-1.454
 0.330,-1.438
 0.330,-1.420
 0.309,-1.416
 0.309,-1.394
 0.340,-1.348
 0.360,-1.328
 0.402,-1.330
 0.442,-1.329
 0.493,-1.320
 0.524,-1.309
 0.553,-1.317
 0.595,-1.339
 0.605,-1.328
 0.616,-1.341
 0.658,-1.363
 0.646,-1.370
 0.648,-1.394
 0.626,-1.410
 0.627,-1.450
 0.617,-1.481
 0.606,-1.507
 0.608,-1.551
 0.628,-1.569
 0.628,-1.589
 0.660,-1.603
 0.678,-1.598
 0.689,-1.610
 0.689,-1.627
 0.710,-1.630
 0.731,-1.632
 0.741,-1.641
 0.783,-1.664
 0.781,-1.661
 0.772,-1.692
 0.783,-1.704
 0.780,-1.716
 0.782,-1.721
 0.782,-1.721
 0.802,-1.719
 0.792,-1.712
 0.822,-1.699
 0.844,-1.724
 0.855,-1.713
 0.855,-1.713
 0.886,-1.724
 0.884,-1.719
 0.894,-1.711
 0.905,-1.702
 0.895,-1.691
 0.905,-1.682
 0.914,-1.689
 0.915,-1.674
 0.936,-1.654
 0.946,-1.643
 0.936,-1.614
 0.935,-1.592
 0.956,-1.592
 0.943,-1.559
 0.934,-1.550
 0.935,-1.534
 0.924,-1.521
 0.937,-1.539
 0.927,-1.507
 0.935,-1.534
 0.905,-1.545
 0.893,-1.551
 0.894,-1.572
 0.883,-1.560
 0.853,-1.571
 0.864,-1.584
 0.863,-1.580
 0.855,-1.576
 0.843,-1.582
 0.832,-1.571
 0.813,-1.593
 0.800,-1.577
 0.772,-1.592
 0.771,-1.570
 0.772,-1.592
 0.783,-1.564
 0.771,-1.570
 0.772,-1.573
 0.782,-1.582
 0.781,-1.559
 0.813,-1.553
 0.832,-1.551
 0.833,-1.573
 0.822,-1.562
 0.842,-1.560
 0.832,-1.551
 0.840,-1.555
 0.843,-1.542
 0.844,-1.524
 0.844,-1.524
 0.866,-1.509
 0.864,-1.505
 0.865,-1.525
 0.873,-1.511
 0.862,-1.500
 0.874,-1.494
 0.884,-1.483
 0.875,-1.476
 0.886,-1.487
 0.904,-1.483
 0.926,-1.485
 0.903,-1.461
 0.915,-1.474
 0.924,-1.463
 0.924,-1.463
 0.925,-1.446
 0.935,-1.454
 0.935,-1.474
 0.934,-1.472
 0.924,-1.481
 0.915,-1.474
 0.924,-1.481
 0.914,-1.474
 0.925,-1.465
 0.904,-1.483
 0.895,-1.496
 0.893,-1.472
 0.904,-1.483
 0.873,-1.492
 0.873,-1.492
 0.865,-1.487
 0.864,-1.465
 0.845,-1.489
 0.835,-1.498
 0.813,-1.513
 0.803,-1.504
 0.791,-1.509
 0.771,-1.511
 0.772,-1.493
 0.782,-1.484
 0.763,-1.466
 0.771,-1.471
 0.761,-1.462
 0.751,-1.473
 0.751,-1.473
 0.762,-1.484
 0.751,-1.490
 0.752,-1.495
 0.763,-1.506
 0.762,-1.524
 0.752,-1.535
 0.771,-1.550
 0.772,-1.573
 0.782,-1.579
 0.772,-1.590
 0.794,-1.615
 0.782,-1.619
 0.772,-1.630
 0.783,-1.641
 0.781,-1.656
 0.782,-1.679
 0.801,-1.677
 0.814,-1.695
 0.826,-1.689
 0.825,-1.706
 0.835,-1.717
 0.834,-1.732
 0.814,-1.752
 0.803,-1.761
 0.801,-1.756
 0.803,-1.761
 0.832,-1.767
 0.843,-1.759
 0.843,-1.739
 0.834,-1.730
 0.825,-1.746
 0.835,-1.735
 0.815,-1.755
 0.835,-1.773
 0.833,-1.787
 0.855,-1.813
 0.864,-1.799
 0.896,-1.813
 0.917,-1.813
 0.946,-1.820
 0.968,-1.805
 0.977,-1.811
 0.999,-1.816
 1.040,-1.817
 1.038,-1.812
 1.050,-1.826
 1.068,-1.841
 1.068,-1.841
 1.058,-1.812
 1.069,-1.823
 1.073,-1.811
 1.081,-1.797
 1.070,-1.806
 1.070,-1.806
 1.058,-1.792
 1.039,-1.794
 1.036,-1.767
 1.048,-1.763
 1.028,-1.743
 1.038,-1.732
 1.019,-1.717
 1.017,-1.712
 1.008,-1.703
 1.008,-1.703
 0.996,-1.692
 0.977,-1.694
 0.985,-1.680
 0.967,-1.685
 0.956,-1.674
 0.935,-1.671
 0.927,-1.667
 0.925,-1.662
 0.925,-1.662
 0.916,-1.654
 0.914,-1.651
 0.916,-1.653
 0.914,-1.651
 0.925,-1.662
 0.926,-1.645
 0.914,-1.649
 0.916,-1.654
 0.936,-1.654
 0.926,-1.645
 0.927,-1.627
 0.947,-1.625
 0.927,-1.627
 0.936,-1.614
 0.955,-1.612
 0.957,-1.614
 0.954,-1.589
 0.967,-1.565
 0.975,-1.552
 0.966,-1.543
 0.987,-1.546
 0.996,-1.532
 0.988,-1.528
 0.997,-1.515
 0.997,-1.515
 1.007,-1.504
 1.006,-1.482
 0.998,-1.497
 1.028,-1.486
 1.028,-1.486
 1.038,-1.475
 1.047,-1.484
 1.038,-1.475
 1.038,-1.475
 1.038,-1.475
 1.039,-1.457
 1.036,-1.453
 1.029,-1.448
 1.037,-1.435
 1.027,-1.444
 1.027,-1.444
 1.027,-1.444
 1.039,-1.418
 1.029,-1.409
 1.029,-1.409
 1.019,-1.419
 1.006,-1.424
 0.997,-1.417
 0.995,-1.413
 0.995,-1.413
 0.988,-1.408
 0.976,-1.415
 0.967,-1.428
 0.987,-1.426
 0.966,-1.446
 0.977,-1.457
 0.975,-1.453
 0.977,-1.477
 0.976,-1.455
 0.997,-1.475
 0.988,-1.488
 0.976,-1.494
 0.978,-1.497
 0.976,-1.495
 0.987,-1.506
 0.987,-1.506
 0.996,-1.493
 0.987,-1.506
 0.997,-1.515
 0.986,-1.524
 0.986,-1.524
 1.006,-1.521
 1.007,-1.524
 1.015,-1.530
 1.017,-1.533
 1.039,-1.517
 1.069,-1.506
 1.081,-1.520
 1.090,-1.527
 1.099,-1.536
 1.111,-1.547
 1.108,-1.542
 1.109,-1.564
 1.130,-1.545
 1.131,-1.547
 1.142,-1.558
 1.139,-1.554
 1.142,-1.558
 1.151,-1.567
 1.131,-1.587
 1.121,-1.578
 1.109,-1.584
 1.110,-1.607
 1.089,-1.604
 1.078,-1.613
 1.100,-1.615
 1.066,-1.619
 1.059,-1.615
 1.059,-1.615
 1.049,-1.626
 1.030,-1.608
 1.007,-1.623
 1.008,-1.646
 1.008,-1.646
 0.987,-1.643
 0.997,-1.634
 0.995,-1.630
 1.018,-1.615
 1.018,-1.615
 0.997,-1.594
 1.020,-1.579
 1.008,-1.566
 0.979,-1.559
 0.946,-1.545
 0.925,-1.543
 0.915,-1.534
 0.862,-1.538
 0.834,-1.513
 0.802,-1.482
 0.761,-1.462
 0.741,-1.424
 0.719,-1.400
 0.689,-1.371
 0.690,-1.353
 0.659,-1.304
 0.671,-1.279
 0.690,-1.257
 0.691,-1.239
 0.721,-1.226
 0.719,-1.203
 0.730,-1.174
 0.749,-1.170
 0.750,-1.154
 0.770,-1.134
 0.770,-1.095
 0.781,-1.067
 0.770,-1.055
 0.760,-1.046
 0.781,-1.026
 0.760,-1.024
 0.760,-1.006
 0.779,-0.983
 0.760,-0.966
 0.771,-0.938
 0.792,-0.919
 0.793,-0.922
 0.812,-0.899
 0.822,-0.888
 0.821,-0.867
 0.840,-0.846
 0.862,-0.827
 0.871,-0.797
 0.883,-0.769
 0.903,-0.749
 0.912,-0.738
 0.933,-0.739
 0.932,-0.718
 0.943,-0.748
 0.943,-0.729
 0.953,-0.738
 0.944,-0.750
 0.942,-0.747
 0.954,-0.759
 0.954,-0.759
 0.953,-0.778
 0.965,-0.770
 0.943,-0.788
 0.923,-0.789
 0.914,-0.780
 0.892,-0.779
 0.884,-0.791
 0.860,-0.786
 0.842,-0.789
 0.811,-0.798
 0.779,-0.805
 0.781,-0.808
 0.780,-0.787
 0.781,-0.790
 0.781,-0.790
 0.781,-0.808
 0.812,-0.819
 0.831,-0.836
 0.832,-0.858
 0.822,-0.848
 0.832,-0.858
 0.833,-0.861
 0.832,-0.858
 0.833,-0.879
 0.821,-0.887
 0.820,-0.904
 0.821,-0.907
 0.841,-0.905
 0.841,-0.907
 0.853,-0.899
 0.873,-0.898
 0.874,-0.919
 0.882,-0.907
 0.913,-0.918
 0.933,-0.917
 0.922,-0.906
 0.954,-0.918
 0.974,-0.917
 0.966,-0.929
 0.976,-0.920
 0.985,-0.928
 0.975,-0.939
 0.974,-0.917
 0.985,-0.928
 0.985,-0.928
 0.983,-0.925
 1.017,-0.919
 1.035,-0.898
 1.038,-0.901
 1.039,-0.882
 1.058,-0.881
 1.069,-0.872
 1.076,-0.858
 1.076,-0.858
 1.056,-0.838
 1.066,-0.809
 1.068,-0.791
 1.046,-0.789
 1.068,-0.771
 1.077,-0.740
 1.075,-0.738
 1.077,-0.740
 1.106,-0.729
 1.108,-0.710
 1.109,-0.691
 1.087,-0.690
 1.088,-0.711
 1.096,-0.699
 1.077,-0.740
 1.068,-0.731
 1.066,-0.730
 1.068,-0.731
 1.076,-0.719
 1.068,-0.731
 1.068,-0.731
 1.056,-0.719
 1.047,-0.710
 1.034,-0.717
 1.015,-0.699
 1.006,-0.691
 1.006,-0.691
 1.009,-0.693
 0.997,-0.701
 0.986,-0.710
 0.966,-0.730
 0.963,-0.746
 0.954,-0.758
 0.944,-0.767
 0.925,-0.770
 0.926,-0.771
 0.895,-0.780
 0.894,-0.800
 0.893,-0.818
 0.873,-0.838
 0.883,-0.828
 0.882,-0.846
 0.894,-0.840
 0.873,-0.838
 0.884,-0.869
 0.884,-0.869
 0.892,-0.897
 0.913,-0.918
 0.933,-0.976
 0.942,-0.986
 0.975,-0.998
 1.005,-0.988
 1.028,-1.011
 1.047,-1.030
 1.047,-1.050
 1.056,-1.077
 1.085,-1.085
 1.108,-1.108
 1.129,-1.110
 1.140,-1.141
 1.162,-1.143
 1.169,-1.148
 1.170,-1.170
 1.169,-1.188
 1.158,-1.197
 1.149,-1.208
 1.137,-1.197
 1.108,-1.209
 1.087,-1.249
 1.066,-1.289
 1.075,-1.316
 1.083,-1.303
 1.076,-1.298
 1.065,-1.307
 1.067,-1.329
 1.057,-1.340
 1.065,-1.327
 1.108,-1.331
 1.106,-1.327
 1.127,-1.327
 1.158,-1.319
 1.177,-1.317
 1.210,-1.330
 1.230,-1.270
 1.230,-1.270
 1.231,-1.250
 1.239,-1.218
 1.231,-1.231
 1.229,-1.207
 1.219,-1.218
 1.220,-1.200
 1.230,-1.189
 1.233,-1.193
 1.222,-1.182
 1.201,-1.201
 1.201,-1.201
 1.156,-1.215
 1.138,-1.239
 1.117,-1.237
 1.055,-1.256
 1.026,-1.249
 1.005,-1.247
 0.975,-1.259
 0.934,-1.257
 0.892,-1.257
 0.862,-1.247
 0.840,-1.243
 0.779,-1.245
 0.748,-1.233
 0.729,-1.235
 0.689,-1.197
 0.677,-1.184
 0.668,-1.177
 0.657,-1.164
 0.636,-1.144
 0.638,-1.128
 0.637,-1.124
 0.637,-1.106
 0.616,-1.106
 0.616,-1.104
 0.606,-1.115
 0.605,-1.111
 0.596,-1.106
 0.606,-1.096
 0.607,-1.118
 0.628,-1.120
 0.606,-1.115
 0.617,-1.127
 0.616,-1.144
 0.616,-1.162
 0.626,-1.153
 0.657,-1.144
 0.689,-1.137
 0.699,-1.126
 0.720,-1.146
 0.761,-1.149
 0.759,-1.145
 0.760,-1.167
 0.770,-1.156
 0.770,-1.156
 0.792,-1.158
 0.810,-1.135
 0.822,-1.129
 0.842,-1.127
 0.903,-1.126
 0.944,-1.128
 0.983,-1.125
 1.057,-1.119
 1.099,-1.141
 1.189,-1.149
 1.283,-1.162
 1.340,-1.177
 1.403,-1.199
 1.484,-1.220
 1.555,-1.230
 1.599,-1.234
 1.639,-1.252
 1.651,-1.265
 1.671,-1.265
 1.681,-1.274
 1.683,-1.296
 1.679,-1.292
 1.649,-1.303
 1.629,-1.323
 1.599,-1.313
 1.589,-1.304
 1.567,-1.302
 1.548,-1.304
 1.515,-1.311
 1.482,-1.337
 1.455,-1.332
 1.411,-1.328
 1.392,-1.330
 1.351,-1.309
 1.310,-1.309
 1.272,-1.293
 1.217,-1.297
 1.167,-1.288
 1.116,-1.278
 1.084,-1.245
 1.045,-1.249
 1.024,-1.227
 1.005,-1.228
 0.974,-1.199
 0.952,-1.215
 0.932,-1.217
 0.952,-1.215
 0.922,-1.226
 0.912,-1.237
 0.890,-1.235
 0.903,-1.229
 0.913,-1.220
 0.883,-1.231
 0.862,-1.229
 0.819,-1.205
 0.810,-1.196
 0.797,-1.201
 0.778,-1.203
 0.799,-1.205
 0.820,-1.185
 0.831,-1.198
 0.851,-1.196
 0.882,-1.207
 0.893,-1.218
 0.922,-1.226
 0.964,-1.248
 1.013,-1.236
 1.035,-1.238
 1.067,-1.229
 1.106,-1.227
 1.119,-1.202
 1.147,-1.208
 1.169,-1.190
 1.169,-1.170
 1.157,-1.177
 1.180,-1.161
 1.187,-1.147
 1.199,-1.140
 1.210,-1.131
 1.209,-1.149
 1.221,-1.162
 1.218,-1.158
 1.229,-1.169
 1.239,-1.178
 1.259,-1.158
 1.264,-1.164
 1.272,-1.151
 1.262,-1.162
 1.253,-1.193
 1.240,-1.200
 1.232,-1.213
 1.189,-1.208
 1.169,-1.210
 1.169,-1.210
 1.189,-1.208
 1.201,-1.221
 1.198,-1.217
 1.187,-1.246
 1.220,-1.220
 1.198,-1.217
 1.231,-1.230
 1.240,-1.240
 1.241,-1.240
 1.272,-1.251
 1.270,-1.229
 1.262,-1.242
 1.272,-1.251
 1.261,-1.260
 1.251,-1.271
 1.250,-1.289
 1.241,-1.280
 1.241,-1.279
 1.220,-1.279
 1.231,-1.270
 1.219,-1.277
 1.200,-1.279
 1.219,-1.277
 1.208,-1.286
 1.200,-1.279
 1.209,-1.288
 1.212,-1.292
 1.221,-1.281
 1.212,-1.272
 1.212,-1.272
 1.188,-1.268
 1.179,-1.259
 1.188,-1.266
 1.187,-1.246
 1.190,-1.230
 1.179,-1.219
 1.182,-1.203
 1.179,-1.179
 1.159,-1.179
 1.179,-1.179
 1.167,-1.166
 1.160,-1.161
 1.168,-1.148
 1.169,-1.130
 1.161,-1.103
 1.157,-1.098
 1.158,-1.099
 1.144,-1.083
 1.144,-1.083
 1.157,-1.058
 1.168,-1.049
 1.162,-1.025
 1.162,-1.005
 1.175,-0.997
 1.172,-0.994
 1.148,-0.989
 1.160,-0.982
 1.178,-0.978
 1.187,-0.986
 1.198,-0.959
 1.198,-0.959
 1.202,-0.944
 1.202,-0.944
 1.204,-0.945
 1.202,-0.924
 1.200,-0.921
 1.220,-0.941
 1.230,-0.910
 1.241,-0.921
 1.264,-0.904
 1.271,-0.910
 1.264,-0.924
 1.273,-0.913
 1.263,-0.923
 1.262,-0.943
 1.250,-0.950
 1.273,-0.973
 1.251,-0.972
 1.261,-1.001
 1.261,-1.021
 1.249,-1.028
 1.252,-1.051
 1.252,-1.091
 1.231,-1.111
 1.221,-1.160
 1.201,-1.219
 1.192,-1.290
 1.182,-1.341
 1.171,-1.410
 1.162,-1.460
 1.150,-1.487
 1.163,-1.503
 1.152,-1.529
 1.139,-1.536
 1.142,-1.540
 1.140,-1.516
 1.122,-1.502
 1.121,-1.480
 1.112,-1.491
 1.102,-1.502
 1.089,-1.486
 1.090,-1.489
 1.070,-1.469
 1.059,-1.458
 1.071,-1.451
 1.068,-1.447
 1.091,-1.431
 1.079,-1.398
 1.078,-1.416
 1.090,-1.369
 1.078,-1.356
 1.069,-1.349
 1.079,-1.338
 1.070,-1.329
 1.061,-1.302
 1.048,-1.287
 1.059,-1.300
 1.059,-1.300
 1.059,-1.298
 1.059,-1.298
 1.058,-1.276
 1.049,-1.289
 1.048,-1.267
 1.038,-1.276
 1.039,-1.260
 1.026,-1.245
 1.018,-1.258
 0.996,-1.256
 0.997,-1.238
 0.999,-1.241
 0.998,-1.220
 0.978,-1.221
 0.978,-1.219
 0.967,-1.208
 0.967,-1.209
 0.954,-1.194
 0.966,-1.187
 0.967,-1.169
 0.987,-1.149
 0.978,-1.141
 0.976,-1.138
 0.987,-1.129
 0.976,-1.138
 0.986,-1.127
 0.987,-1.149
 0.986,-1.127
 0.988,-1.131
 1.008,-1.111
 0.997,-1.098
 0.997,-1.100
 1.005,-1.086
 1.028,-1.069
 1.038,-1.060
 1.027,-1.049
 1.039,-1.042
 1.047,-1.028
 1.038,-1.021
 1.047,-0.990
 1.046,-0.968
 1.057,-0.979
 1.076,-0.958
 1.079,-0.941
 1.089,-0.932
 1.089,-0.932
 1.102,-0.924
 1.118,-0.900
 1.119,-0.921
 1.118,-0.900
 1.138,-0.879
 1.150,-0.891
 1.159,-0.860
 1.171,-0.853
 1.181,-0.822
 1.189,-0.830
 1.192,-0.833
 1.189,-0.830
 1.202,-0.823
 1.200,-0.821
 1.210,-0.810
 1.201,-0.802
 1.200,-0.781
 1.212,-0.793
 1.200,-0.781
 1.190,-0.772
 1.242,-0.763
 1.240,-0.742
 1.253,-0.754
 1.243,-0.744
 1.231,-0.732
 1.232,-0.714
 1.220,-0.722
 1.220,-0.722
 1.209,-0.731
 1.198,-0.720
 1.213,-0.715
 1.221,-0.703
 1.213,-0.715
 1.232,-0.714
 1.220,-0.722
 1.210,-0.732
 1.209,-0.751
 1.210,-0.752
 1.200,-0.743
 1.200,-0.743
 1.202,-0.744
 1.201,-0.763
 1.191,-0.773
 1.200,-0.782
 1.190,-0.792
 1.192,-0.794
 1.190,-0.792
 1.181,-0.822
 1.181,-0.824
 1.168,-0.830
 1.160,-0.842
 1.179,-0.841
 1.170,-0.831
 1.160,-0.842
 1.150,-0.851
 1.151,-0.833
 1.151,-0.833
 1.141,-0.823
 1.131,-0.834
 1.119,-0.842
 1.130,-0.853
 1.137,-0.859
 1.129,-0.871
 1.121,-0.883
 1.119,-0.882
 1.101,-0.904
 1.088,-0.910
 1.088,-0.930
 1.098,-0.940
 1.086,-0.947
 1.088,-0.950
 1.088,-0.950
 1.079,-0.941
 1.069,-0.952
 1.078,-0.959
 1.079,-0.981
 1.077,-0.979
 1.068,-0.990
 1.068,-1.010
 1.058,-1.019
 1.058,-1.021
 1.058,-1.019
 1.058,-1.021
 1.049,-1.051
 1.036,-1.037
 1.027,-1.049
 1.037,-1.059
 1.028,-1.071
 1.028,-1.071
 1.027,-1.089
 1.019,-1.082
 1.007,-1.069
 1.017,-1.098
 1.007,-1.109
 1.005,-1.106
 1.008,-1.131
 1.029,-1.111
 1.010,-1.134
 1.010,-1.134
 1.018,-1.160
 1.018,-1.180
 1.027,-1.187
 1.006,-1.207
 1.028,-1.209
 1.028,-1.209
 1.040,-1.222
 1.059,-1.220
 1.039,-1.240
 1.059,-1.260
 1.037,-1.276
 1.069,-1.269
 1.055,-1.254
 1.058,-1.258
 1.070,-1.251
 1.069,-1.229
 1.071,-1.233
 1.069,-1.229
 1.069,-1.229
 1.079,-1.220
 1.057,-1.216
 1.070,-1.211
 1.068,-1.189
 1.069,-1.189
 1.049,-1.191
 1.057,-1.178
 1.037,-1.178
 1.057,-1.178
 1.048,-1.169
 1.059,-1.142
 1.068,-1.149
 1.069,-1.131
 1.098,-1.139
 1.088,-1.150
 1.100,-1.161
 1.088,-1.148
 1.100,-1.161
 1.109,-1.130
 1.099,-1.121
 1.110,-1.132
 1.098,-1.139
 1.090,-1.151
 1.079,-1.140
 1.079,-1.141
 1.081,-1.142
 1.057,-1.139
 1.068,-1.150
 1.058,-1.159
 1.068,-1.150
 1.049,-1.151
 1.068,-1.149
 1.049,-1.151
 1.048,-1.129
 1.049,-1.151
 1.029,-1.151
 1.027,-1.147
 1.008,-1.151
 1.018,-1.140
 0.997,-1.160
 0.997,-1.160
 0.996,-1.178
 1.009,-1.173
 0.998,-1.161
 0.998,-1.182
 1.009,-1.173
 1.017,-1.158
 1.007,-1.169
 1.006,-1.147
 1.016,-1.138
 1.028,-1.131
 1.028,-1.129
 1.019,-1.122
 1.029,-1.111
 1.019,-1.122
 1.020,-1.144
 1.017,-1.158
 1.018,-1.180
 1.007,-1.169
 1.007,-1.209
 0.997,-1.200
 1.016,-1.216
 1.018,-1.220
 1.007,-1.249
 1.017,-1.258
 1.018,-1.300
 1.017,-1.298
 1.008,-1.310
 1.018,-1.320
 1.017,-1.318
 1.018,-1.320
 1.017,-1.318
 1.019,-1.340
 1.028,-1.349
 1.017,-1.338
 1.010,-1.332
 1.019,-1.340
 0.999,-1.381
 0.998,-1.399
 0.987,-1.426
 0.978,-1.459
 0.965,-1.483
 0.978,-1.499
 0.958,-1.519
 0.947,-1.528
 0.937,-1.539
 0.935,-1.574
 0.926,-1.567
 0.936,-1.576
 0.926,-1.587
 0.959,-1.601
 0.947,-1.587
 0.948,-1.610
 0.947,-1.607
 0.956,-1.616
 0.967,-1.627
 0.976,-1.634
 0.989,-1.630
 0.998,-1.639
 0.988,-1.648
 1.010,-1.650
 1.028,-1.666
 1.009,-1.708
 1.017,-1.694
 1.037,-1.692
 1.040,-1.679
 1.048,-1.646
 1.042,-1.644
 1.072,-1.653
 1.060,-1.659
 1.060,-1.659
 1.048,-1.666
 1.040,-1.679
 1.030,-1.670
 1.050,-1.668
 1.050,-1.671
 1.048,-1.666
 1.060,-1.679
 1.060,-1.679
 1.049,-1.688
 1.040,-1.679
 1.038,-1.677
 1.030,-1.690
 1.040,-1.679
 1.038,-1.677
 1.040,-1.679
 1.037,-1.635
 1.029,-1.648
 1.039,-1.637
 1.028,-1.626
 1.009,-1.610
 1.019,-1.579
 1.010,-1.593
 1.009,-1.570
 0.997,-1.557
 0.998,-1.539
 0.996,-1.535
 0.998,-1.539
 0.997,-1.517
 0.999,-1.521
 1.012,-1.515
 0.999,-1.521
 0.979,-1.541
 0.987,-1.528
 0.986,-1.545
 0.987,-1.528
 0.966,-1.525
 0.988,-1.510
 0.988,-1.510
 0.976,-1.517
 0.987,-1.528
 0.966,-1.525
 0.977,-1.537
 0.987,-1.528
 0.988,-1.550
 1.000,-1.563
 0.989,-1.590
 0.999,-1.621
 1.008,-1.648
 1.007,-1.665
 0.999,-1.679
 0.998,-1.696
 1.009,-1.710
 1.010,-1.732
 0.998,-1.736
 1.009,-1.750
 1.017,-1.774
 1.009,-1.788
 1.010,-1.790
 0.997,-1.794
 1.021,-1.801
 1.051,-1.790
 1.042,-1.784
 1.042,-1.784
 1.060,-1.799
 1.071,-1.791
 1.079,-1.774
 1.080,-1.757
 1.080,-1.757
 1.090,-1.746
 1.093,-1.733
 1.110,-1.726
 1.102,-1.740
 1.102,-1.740
 1.111,-1.748
 1.123,-1.742
 1.132,-1.729
 1.133,-1.751
 1.143,-1.740
 1.132,-1.729
 1.142,-1.720
 1.151,-1.706
 1.153,-1.691
 1.174,-1.692
 1.162,-1.678
 1.154,-1.671
 1.151,-1.667
 1.153,-1.689
 1.143,-1.680
 1.131,-1.686
 1.143,-1.680
 1.119,-1.673
 1.121,-1.678
 1.122,-1.660
 1.111,-1.649
 1.103,-1.662
 1.102,-1.640
 1.092,-1.651
 1.092,-1.651
 1.069,-1.646
 1.070,-1.628
 1.070,-1.628
 1.051,-1.631
 1.040,-1.619
 1.028,-1.606
 1.030,-1.610
 1.028,-1.606
 0.989,-1.610
 0.980,-1.601
 0.978,-1.599
 0.980,-1.601
 0.968,-1.588
 0.958,-1.599
 0.936,-1.596
 0.926,-1.605
 0.917,-1.598
 0.916,-1.576
 0.907,-1.589
 0.908,-1.572
 0.886,-1.587
 0.898,-1.580
 0.885,-1.565
 0.885,-1.565
 0.875,-1.556
 0.875,-1.536
 0.868,-1.513
 0.867,-1.491
 0.878,-1.502
 0.877,-1.480
 0.864,-1.465
 0.855,-1.478
 0.864,-1.465
 0.854,-1.456
 0.845,-1.449
 0.844,-1.427
 0.856,-1.420
 0.855,-1.398
 0.876,-1.418
 0.875,-1.398
 0.863,-1.385
 0.876,-1.380
 0.864,-1.367
 0.876,-1.360
 0.866,-1.371
 0.875,-1.358
 0.876,-1.360
 0.864,-1.367
 0.875,-1.358
 0.886,-1.329
 0.875,-1.338
 0.877,-1.342
 0.875,-1.338
 0.876,-1.320
 0.875,-1.300
 0.874,-1.296
 0.863,-1.305
 0.873,-1.295
 0.875,-1.298
 0.896,-1.281
 0.917,-1.301
 0.949,-1.294
 0.958,-1.301
 0.947,-1.310
 0.946,-1.308
 0.945,-1.306
 0.957,-1.319
 0.957,-1.279
 0.958,-1.301
 0.948,-1.292
 0.968,-1.290
 0.969,-1.312
 0.967,-1.308
 0.998,-1.320
 0.988,-1.330
 0.976,-1.337
 0.989,-1.352
 0.979,-1.361
 0.988,-1.370
 0.988,-1.410
 0.987,-1.428
 0.989,-1.450
 0.988,-1.468
 0.989,-1.490
 1.000,-1.501
 0.997,-1.517
 1.001,-1.564
 1.000,-1.601
 0.988,-1.608
 0.998,-1.637
 0.997,-1.654
 1.000,-1.661
 1.000,-1.661
 1.000,-1.661
 1.001,-1.684
 0.998,-1.696
 0.978,-1.739
 0.998,-1.736
 0.998,-1.736
 0.989,-1.750
 1.007,-1.745
 1.000,-1.741
 1.009,-1.748
 0.999,-1.759
 1.000,-1.781
 0.997,-1.794
 0.990,-1.830
 0.988,-1.827
 0.988,-1.827
 1.000,-1.821
 0.998,-1.816
 1.010,-1.830
 0.999,-1.839
 0.978,-1.836
 0.989,-1.850
 0.989,-1.847
 1.001,-1.861
 1.000,-1.879
 1.000,-1.879
 0.990,-1.890
 0.997,-1.911
 0.989,-1.927
 0.989,-1.927
 0.970,-1.930
 0.971,-1.915
 0.970,-1.932
 0.950,-1.952
 0.959,-1.958
 0.948,-1.967
 0.948,-1.947
 0.936,-1.933
 0.949,-1.910
 0.938,-1.898
 0.918,-1.898
 0.938,-1.858
 0.927,-1.867
 0.908,-1.869
 0.907,-1.847
 0.896,-1.855
 0.898,-1.860
 0.886,-1.866
 0.898,-1.880
 0.878,-1.880
 0.887,-1.889
 0.877,-1.900
 0.866,-1.886
 0.856,-1.880
 0.866,-1.886
 0.844,-1.884
 0.835,-1.877
 0.833,-1.872
 0.825,-1.869
 0.834,-1.855
 0.834,-1.855
 0.835,-1.817
 0.845,-1.826
 0.847,-1.831
 0.836,-1.820
 0.836,-1.820
 0.836,-1.802
 0.844,-1.804
 0.855,-1.818
 0.854,-1.795
 0.845,-1.786
 0.856,-1.760
 0.876,-1.758
 0.887,-1.772
 0.887,-1.769
 0.876,-1.758
 0.876,-1.758
 0.884,-1.744
 0.896,-1.738
 0.896,-1.738
 0.917,-1.758
 0.918,-1.741
 0.926,-1.727
 0.938,-1.741
 0.937,-1.738
 0.927,-1.749
 0.927,-1.750
 0.937,-1.738
 0.927,-1.749
 0.937,-1.738
 0.948,-1.770
 0.938,-1.761
 0.946,-1.765
 0.938,-1.761
 0.949,-1.752
 0.970,-1.752
 0.970,-1.755
 0.989,-1.770
 0.979,-1.781
 0.977,-1.776
 0.965,-1.782
 0.967,-1.787
 0.977,-1.776
 0.969,-1.792
 0.971,-1.795
 0.959,-1.801
 0.980,-1.804
 0.977,-1.816
 0.969,-1.830
 0.978,-1.839
 0.977,-1.856
 0.979,-1.861
 0.999,-1.859
 0.990,-1.892
 1.000,-1.881
 1.009,-1.907
 1.021,-1.902
 1.009,-1.888
 1.011,-1.893
 1.032,-1.873
 1.041,-1.882
 1.041,-1.882
 1.029,-1.888
 1.050,-1.908
 1.028,-1.905
 1.049,-1.905
 1.042,-1.922
 1.060,-1.899
 1.052,-1.913
 1.052,-1.913
 1.050,-1.908
 1.051,-1.930
 1.039,-1.916
 1.050,-1.928
 1.051,-1.910
 1.040,-1.919
 1.031,-1.930
 1.049,-1.925
 1.031,-1.950
 1.052,-1.950
 1.039,-1.956
 1.042,-1.962
 1.071,-1.968
 1.061,-1.959
 1.061,-1.959
 1.049,-1.985
 1.051,-1.968
 1.058,-1.971
 1.071,-1.988
 1.072,-1.971
 1.061,-1.959
 1.064,-1.945
 1.061,-1.939
 1.042,-1.942
 1.041,-1.919
 1.019,-1.916
 1.020,-1.899
 1.041,-1.879
 1.032,-1.873
 1.022,-1.864
 1.021,-1.841
 1.022,-1.824
 1.020,-1.819
 1.009,-1.828
 1.009,-1.828
 1.008,-1.805
 1.001,-1.801
 0.999,-1.796
 0.970,-1.790
 0.971,-1.772
 0.957,-1.756
 0.949,-1.770
 0.938,-1.758
 0.928,-1.749
 0.919,-1.741
 0.897,-1.738
 0.878,-1.723
 0.866,-1.687
 0.856,-1.678
 0.846,-1.649
 0.866,-1.647
 0.867,-1.611
 0.856,-1.558
 0.846,-1.551
 0.845,-1.529
 0.845,-1.487
 0.836,-1.480
 0.833,-1.454
 0.845,-1.429
 0.846,-1.411
 0.835,-1.400
 0.827,-1.375
 0.825,-1.351
 0.825,-1.351
 0.825,-1.351
 0.803,-1.327
 0.783,-1.329
 0.792,-1.296
 0.794,-1.280
 0.804,-1.251
 0.803,-1.229
 0.826,-1.213
 0.824,-1.189
 0.824,-1.189
 0.835,-1.180
 0.844,-1.148
 0.846,-1.151
 0.854,-1.139
 0.887,-1.112
 0.908,-1.074
 0.906,-1.070
 0.917,-1.061
 0.915,-1.039
 0.937,-1.041
 0.946,-1.011
 0.956,-1.000
 0.957,-0.982
 0.957,-0.982
 0.977,-0.982
 0.989,-0.993
 0.996,-0.979
 0.999,-0.982
 1.028,-0.971
 1.040,-0.984
 1.031,-0.975
 1.040,-0.982
 1.051,-0.995
 1.059,-1.001
 1.059,-1.041
 1.060,-1.022
 1.059,-1.041
 1.061,-1.044
 1.071,-1.033
 1.071,-1.053
 1.071,-1.053
 1.070,-1.072
 1.081,-1.084
 1.069,-1.090
 1.070,-1.111
 1.070,-1.113
 1.069,-1.131
 1.071,-1.133
 1.080,-1.142
 1.071,-1.173
 1.071,-1.173
 1.059,-1.180
 1.060,-1.202
 1.059,-1.220
 1.051,-1.253
 1.040,-1.262
 1.029,-1.291
 1.040,-1.282
 1.048,-1.289
 1.039,-1.300
 1.051,-1.293
 1.039,-1.300
 1.052,-1.315
 1.050,-1.313
 1.030,-1.313
 1.030,-1.313
 1.017,-1.338
 1.009,-1.351
 0.997,-1.357
 0.978,-1.341
 0.979,-1.363
 0.979,-1.361
 0.969,-1.372
 0.957,-1.359
 0.946,-1.348
 0.958,-1.341
 0.956,-1.337
 0.948,-1.332
 0.927,-1.330
 0.937,-1.321
 0.937,-1.321
 0.915,-1.337
 0.927,-1.332
 0.926,-1.350
 0.926,-1.350
 0.918,-1.363
 0.915,-1.339
 0.918,-1.363
 0.906,-1.370
 0.895,-1.378
 0.895,-1.378
 0.894,-1.376
 0.907,-1.392
 0.917,-1.381
 0.919,-1.385
 0.909,-1.396
 0.916,-1.400
 0.928,-1.412
 0.926,-1.407
 0.916,-1.419
 0.916,-1.399
 0.927,-1.390
 0.927,-1.372
 0.937,-1.361
 0.937,-1.361
 0.938,-1.343
 0.946,-1.348
 0.958,-1.341
 0.957,-1.359
 0.968,-1.350
 0.968,-1.332
 0.957,-1.319
 0.968,-1.332
 0.977,-1.299
 0.998,-1.319
 1.009,-1.293
 1.007,-1.289
 1.010,-1.293
 1.008,-1.271
 1.019,-1.262
 1.019,-1.262
 1.029,-1.251
 1.029,-1.271
 1.029,-1.251
 1.029,-1.251
 1.051,-1.235
 1.039,-1.242
 1.051,-1.235
 1.040,-1.222
 1.039,-1.242
 1.040,-1.222
 1.037,-1.218
 1.040,-1.222
 1.049,-1.191
 1.050,-1.173
 1.072,-1.155
 1.060,-1.162
 1.060,-1.162
 1.060,-1.162
 1.060,-1.162
 1.071,-1.153
 1.060,-1.162
 1.072,-1.155
 1.071,-1.153
 1.051,-1.153
 1.061,-1.164
 1.038,-1.160
 1.029,-1.153
 1.039,-1.162
 1.019,-1.162
 1.020,-1.144
 1.008,-1.151
 1.000,-1.144
 0.998,-1.142
 0.998,-1.142
 0.998,-1.142
 0.986,-1.129
 0.979,-1.143
 0.969,-1.134
 0.959,-1.145
 0.969,-1.134
 0.968,-1.152
 0.960,-1.165
 0.947,-1.150
 0.936,-1.159
 0.937,-1.181
 0.926,-1.170
 0.918,-1.183
 0.948,-1.172
 0.906,-1.172
 0.907,-1.193
 0.895,-1.199
 0.896,-1.221
 0.916,-1.219
 0.906,-1.230
 0.907,-1.232
 0.916,-1.219
 0.897,-1.243
 0.907,-1.232
 0.887,-1.251
 0.897,-1.243
 0.886,-1.230
 0.867,-1.253
 0.855,-1.260
 0.876,-1.260
 0.887,-1.252
 0.894,-1.257
 0.896,-1.261
 0.894,-1.257
 0.915,-1.277
 0.948,-1.252
 0.948,-1.252
 0.961,-1.247
 0.979,-1.263
 0.978,-1.281
 1.000,-1.283
 0.997,-1.297
 0.988,-1.310
 1.018,-1.300
 1.040,-1.302
 1.041,-1.324
 1.059,-1.320
 1.072,-1.353
 1.070,-1.371
 1.060,-1.380
 1.081,-1.402
 1.081,-1.400
 1.093,-1.395
 1.103,-1.404
 1.102,-1.402
 1.103,-1.404
 1.110,-1.389
 1.103,-1.404
 1.102,-1.402
 1.102,-1.422
 1.104,-1.424
 1.101,-1.420
 1.092,-1.413
 1.091,-1.431
 1.080,-1.420
 1.091,-1.431
 1.081,-1.440
 1.083,-1.444
 1.094,-1.435
 1.062,-1.444
 1.063,-1.466
 1.070,-1.471
 1.072,-1.473
 1.060,-1.480
 1.060,-1.480
 1.072,-1.473
 1.080,-1.460
 1.081,-1.442
 1.072,-1.433
 1.061,-1.422
 1.061,-1.422
 1.070,-1.429
 1.061,-1.422
 1.050,-1.391
 1.039,-1.380
 1.041,-1.384
 1.040,-1.362
 1.041,-1.364
 1.051,-1.333
 1.030,-1.351
 1.051,-1.333
 1.029,-1.331
 1.021,-1.344
 1.021,-1.344
 1.029,-1.331
 1.020,-1.324
 1.008,-1.310
 1.009,-1.311
 0.998,-1.319
 0.998,-1.319
 1.001,-1.305
 1.009,-1.292
 1.002,-1.287
 1.011,-1.294
 1.009,-1.291
 1.009,-1.291
 1.018,-1.258
 1.009,-1.251
 1.031,-1.235
 1.020,-1.224
 1.032,-1.216
 1.019,-1.202
 1.020,-1.224
 1.019,-1.202
 1.020,-1.222
 1.020,-1.224
 1.018,-1.220
 1.020,-1.224
 1.030,-1.213
 1.020,-1.224
 1.020,-1.224
 1.018,-1.220
 1.020,-1.224
 1.019,-1.242
 1.009,-1.251
 1.020,-1.244
 0.998,-1.240
 1.020,-1.264
 0.999,-1.261
 0.999,-1.261
 0.989,-1.272
 0.998,-1.280
 0.999,-1.302
 1.009,-1.293
 1.019,-1.282
 1.012,-1.296
 1.030,-1.313
 1.032,-1.315
 1.020,-1.322
 1.019,-1.340
 1.010,-1.353
 1.019,-1.340
 1.011,-1.355
 1.021,-1.344
 1.020,-1.362
 1.011,-1.375
 1.019,-1.380
 1.010,-1.393
 0.999,-1.421
 0.998,-1.399
 1.011,-1.433
 1.009,-1.430
 1.001,-1.443
 1.001,-1.443
 0.989,-1.450
 0.980,-1.463
 0.979,-1.481
 0.969,-1.492
 0.960,-1.503
 0.948,-1.510
 0.950,-1.514
 0.937,-1.499
 0.938,-1.521
 0.918,-1.521
 0.906,-1.527
 0.918,-1.541
 0.917,-1.538
 0.909,-1.554
 0.909,-1.554
 0.909,-1.554
 0.888,-1.534
 0.898,-1.540
 0.888,-1.551
 0.907,-1.549
 0.896,-1.536
 0.888,-1.532
 0.896,-1.518
 0.887,-1.511
 0.898,-1.523
 0.897,-1.500
 0.908,-1.492
 0.896,-1.478
 0.908,-1.492
 0.908,-1.452
 0.907,-1.469
 0.898,-1.443
 0.918,-1.441
 0.919,-1.463
 0.918,-1.441
 0.916,-1.438
 0.928,-1.432
 0.937,-1.439
 0.929,-1.414
 0.949,-1.412
 0.927,-1.410
 0.939,-1.403
 0.937,-1.399
 0.938,-1.381
 0.959,-1.361
 0.947,-1.350
 0.959,-1.343
 0.969,-1.312
 0.960,-1.325
 0.981,-1.305
 0.969,-1.292
 0.970,-1.274
 0.979,-1.261
 0.979,-1.261
 0.990,-1.232
 1.020,-1.222
 1.011,-1.214
 1.009,-1.193
 1.021,-1.204
 1.009,-1.193
 1.019,-1.182
 1.019,-1.182
 1.038,-1.158
 1.039,-1.180
 1.049,-1.171
 1.059,-1.160
 1.063,-1.146
 1.060,-1.142
 1.041,-1.144
 1.051,-1.133
 1.040,-1.122
 1.052,-1.115
 1.051,-1.093
 1.053,-1.097
 1.042,-1.085
 1.040,-1.082
 1.061,-1.084
 1.049,-1.091
 1.040,-1.082
 1.040,-1.082
 1.030,-1.073
 1.043,-1.067
 1.040,-1.064
 1.032,-1.076
 1.052,-1.075
 1.028,-1.071
 1.011,-1.074
 1.008,-1.071
 1.010,-1.074
 1.021,-1.065
 1.019,-1.062
 1.010,-1.054
 0.998,-1.082
 0.998,-1.082
 0.988,-1.092
 0.978,-1.101
 0.980,-1.105
 0.989,-1.112
 0.969,-1.114
 0.979,-1.123
 0.978,-1.141
 0.959,-1.143
 0.966,-1.149
 0.977,-1.160
 0.978,-1.141
 0.977,-1.160
 0.970,-1.156
 0.979,-1.163
 0.969,-1.174
 0.968,-1.192
 0.958,-1.201
 0.970,-1.194
 0.958,-1.201
 0.969,-1.212
 0.949,-1.214
 0.949,-1.214
 0.951,-1.218
 0.949,-1.214
 0.950,-1.236
 0.929,-1.234
 0.947,-1.250
 0.928,-1.252
 0.936,-1.239
 0.938,-1.241
 0.938,-1.241
 0.936,-1.239
 0.928,-1.252
 0.926,-1.248
 0.917,-1.261
 0.907,-1.272
 0.927,-1.270
 0.919,-1.285
 0.907,-1.272
 0.908,-1.312
 0.939,-1.323
 0.917,-1.319
 0.928,-1.332
 0.907,-1.350
 0.908,-1.352
 0.888,-1.354
 0.897,-1.360
 0.899,-1.365
 0.907,-1.370
 0.918,-1.381
 0.919,-1.363
 0.917,-1.361
 0.919,-1.363
 0.927,-1.350
 0.939,-1.363
 0.959,-1.343
 0.959,-1.343
 0.961,-1.347
 0.959,-1.343
 0.959,-1.343
 0.980,-1.323
 0.958,-1.319
 0.969,-1.332
 0.979,-1.301
 0.969,-1.292
 0.990,-1.274
 0.999,-1.281
 1.000,-1.264
 1.020,-1.262
 1.010,-1.253
 1.021,-1.244
 1.030,-1.251
 1.031,-1.235
 1.041,-1.224
 1.051,-1.213
 1.041,-1.224
 1.050,-1.211
 1.052,-1.195
 1.061,-1.182
 1.051,-1.173
 1.062,-1.164
 1.050,-1.151
 1.041,-1.144
 1.050,-1.151
 1.050,-1.153
 1.051,-1.133
 1.039,-1.140
 1.041,-1.144
 1.061,-1.124
 1.042,-1.126
 1.053,-1.116
 1.041,-1.104
 1.042,-1.126
 1.030,-1.113
 1.020,-1.124
 1.030,-1.113
 1.029,-1.111
 1.031,-1.095
 1.030,-1.093
 1.020,-1.084
 1.031,-1.075
 1.018,-1.080
 1.031,-1.075
 1.019,-1.062
 1.019,-1.062
 1.021,-1.065
 1.029,-1.051
 1.031,-1.055
 1.020,-1.044
 0.999,-1.023
 1.009,-1.013
 1.009,-1.011
 1.009,-1.013
 1.000,-1.003
 1.000,-1.004
 1.010,-0.994
 1.008,-0.991
 1.000,-1.004
 1.000,-1.003
 0.988,-0.993
 0.989,-0.993
 0.967,-0.991
 1.010,-0.994
 1.001,-0.985
 0.991,-0.996
 0.991,-0.996
 0.968,-1.012
 0.980,-1.005
 0.978,-1.002
 0.978,-1.002
 0.969,-0.994
 0.957,-0.981
 0.959,-1.005
 0.958,-1.003
 0.958,-1.003
 0.938,-1.023
 0.937,-1.041
 0.949,-1.034
 0.947,-1.032
 0.938,-1.063
 0.948,-1.074
 0.948,-1.072
 0.939,-1.085
 0.938,-1.103
 0.928,-1.114
 0.939,-1.125
 0.917,-1.141
 0.918,-1.163
 0.917,-1.181
 0.916,-1.199
 0.918,-1.203
 0.917,-1.221
 0.899,-1.244
 0.898,-1.263
 0.897,-1.281
 0.898,-1.303
 0.908,-1.312
 0.899,-1.327
 0.910,-1.356
 0.909,-1.374
 0.910,-1.396
 0.898,-1.440
 0.899,-1.463
 0.887,-1.469
 0.896,-1.478
 0.919,-1.503
 0.917,-1.498
 0.910,-1.534
 0.918,-1.540
 0.918,-1.561
 0.919,-1.583
 0.918,-1.601
 0.919,-1.623
 0.939,-1.621
 0.940,-1.643
 0.940,-1.643
 0.949,-1.650
 0.951,-1.655
 0.939,-1.661
 0.929,-1.670
 0.930,-1.692
 0.929,-1.709
 0.920,-1.743
 0.910,-1.752
 0.899,-1.780
 0.910,-1.792
 0.897,-1.815
 0.900,-1.843
 0.909,-1.852
 0.920,-1.883
 0.932,-1.897
 0.940,-1.923
 0.911,-1.937
 0.930,-1.932
 0.898,-1.938
 0.869,-1.932
 0.877,-1.918
 0.889,-1.912
 0.868,-1.871
 0.848,-1.871
 0.848,-1.874
 0.846,-1.869
 0.838,-1.842
 0.848,-1.831
 0.837,-1.820
 0.837,-1.802
 0.816,-1.800
 0.817,-1.782
 0.816,-1.760
 0.784,-1.768
 0.775,-1.759
 0.785,-1.748
 0.775,-1.742
 0.775,-1.742
 0.765,-1.750
 0.765,-1.750
 0.753,-1.757
 0.764,-1.770
 0.774,-1.777
 0.774,-1.777
 0.786,-1.771
 0.794,-1.757
 0.796,-1.764
 0.796,-1.764
 0.786,-1.771
 0.797,-1.785
 0.795,-1.779
 0.796,-1.802
 0.816,-1.800
 0.816,-1.800
 0.817,-1.782
 0.816,-1.800
 0.818,-1.805
 0.817,-1.822
 0.826,-1.831
 0.818,-1.845
 0.805,-1.868
 0.786,-1.893
 0.806,-1.931
 0.806,-1.931
 0.807,-1.951
 0.795,-1.957
 0.818,-1.982
 0.827,-2.031
 0.827,-2.048
 0.807,-2.051
 0.816,-2.077
 0.818,-2.123
 0.817,-2.140
 0.785,-2.188
 0.797,-2.203
 0.785,-2.205
 0.807,-2.231
 0.828,-2.211
 0.847,-2.209
 0.859,-2.223
 0.878,-2.220
 0.890,-2.232
 0.899,-2.241
 0.919,-2.238
 0.971,-2.273
 1.020,-2.276
 1.053,-2.294
 1.053,-2.294
 1.063,-2.322
 1.074,-2.354
 1.061,-2.356
 1.054,-2.374
 1.054,-2.374
 1.043,-2.382
 1.067,-2.372
 1.075,-2.397
 1.108,-2.392
 1.108,-2.392
 1.124,-2.403
 1.125,-2.423
 1.111,-2.405
 1.114,-2.411
 1.124,-2.383
 1.126,-2.386
 1.137,-2.378
 1.145,-2.343
 1.137,-2.338
 1.147,-2.326
 1.143,-2.297
 1.146,-2.283
 1.135,-2.251
 1.117,-2.237
 1.097,-2.220
 1.106,-2.205
 1.107,-2.188
 1.095,-2.174
 1.085,-2.165
 1.074,-2.154
 1.062,-2.139
 1.055,-2.136
 1.031,-2.107
 1.023,-2.105
 1.002,-2.082
 0.991,-2.070
 0.992,-2.053
 0.980,-2.038
 0.971,-2.033
 0.971,-2.033
 0.959,-2.038
 0.962,-2.024
 0.949,-1.989
 0.961,-1.984
 0.952,-1.975
 0.951,-1.952
 0.942,-1.926
 0.909,-1.909
 0.899,-1.901
 0.878,-1.878
 0.857,-1.857
 0.880,-1.803
 0.878,-1.798
 0.888,-1.787
 0.889,-1.752
