 0.573,-0.677
 0.573,-0.703
 0.586,-0.715
 0.580,-0.748
 0.573,-0.753
 0.567,-0.761
 0.567,-0.787
 0.546,-0.805
 0.546,-0.832
 0.540,-0.864
 0.526,-0.877
 0.520,-0.883
 0.512,-0.913
 0.506,-0.958
 0.466,-0.971
 0.454,-0.948
 0.455,-0.937
 0.462,-0.932
 0.463,-0.922
 0.455,-0.913
 0.462,-0.880
 0.475,-0.828
 0.474,-0.760
 0.474,-0.683
 0.479,-0.597
 0.479,-0.519
 0.485,-0.436
 0.531,-0.337
 0.571,-0.220
 0.598,-0.117
 0.613,-0.067
 0.622,-0.036
 0.622,-0.010
 0.625,-0.026
 0.612,-0.077
 0.591,-0.161
 0.570,-0.257
 0.549,-0.339
 0.536,-0.430
 0.521,-0.519
 0.488,-0.616
 0.468,-0.688
 0.448,-0.721
 0.429,-0.742
 0.428,-0.781
 0.402,-0.847
 0.402,-0.912
 0.409,-0.943
 0.402,-0.976
 0.395,-0.981
 0.395,-0.981
 0.401,-1.000
 0.414,-1.011
 0.428,-1.012
 0.441,-0.985
 0.461,-0.953
 0.468,-0.922
 0.454,-0.921
 0.455,-0.937
 0.461,-0.941
 0.454,-0.933
 0.447,-0.952
 0.441,-0.960
 0.443,-0.978
 0.456,-0.991
 0.450,-0.986
 0.456,-0.977
 0.455,-0.961
 0.468,-0.948
 0.480,-0.919
 0.481,-0.895
 0.487,-0.863
 0.494,-0.842
 0.501,-0.824
 0.480,-0.778
 0.487,-0.748
 0.467,-0.715
 0.467,-0.702
 0.454,-0.664
 0.460,-0.631
 0.460,-0.592
 0.453,-0.547
 0.453,-0.494
 0.453,-0.417
 0.459,-0.372
 0.466,-0.314
 0.486,-0.282
 0.485,-0.255
 0.485,-0.217
 0.484,-0.177
 0.484,-0.112
 0.470,-0.047
 0.462, 0.064
 0.462, 0.129
 0.482, 0.187
 0.483, 0.251
 0.497, 0.290
 0.498, 0.315
 0.492, 0.295
 0.512, 0.237
 0.512, 0.146
 0.511, 0.056
 0.524,-0.072
 0.538,-0.227
 0.539,-0.408
 0.541,-0.630
 0.516,-0.788
 0.490,-0.880
 0.478,-0.912
 0.458,-0.931
 0.424,-1.002
 0.390,-1.068
 0.348,-1.113
 0.314,-1.129
 0.287,-1.140
 0.268,-1.135
 0.255,-1.101
 0.249,-1.096
 0.249,-1.074
 0.242,-1.013
 0.262,-0.956
 0.268,-0.883
 0.268,-0.804
 0.268,-0.715
 0.267,-0.636
 0.260,-0.590
 0.259,-0.576
 0.239,-0.568
 0.226,-0.544
 0.212,-0.492
 0.185,-0.467
 0.178,-0.461
 0.184,-0.479
 0.191,-0.499
 0.191,-0.510
 0.191,-0.524
 0.211,-0.505
 0.224,-0.492
 0.251,-0.481
 0.265,-0.480
 0.305,-0.480
 0.345,-0.480
 0.352,-0.499
 0.379,-0.525
 0.392,-0.551
 0.399,-0.597
 0.406,-0.643
 0.400,-0.637
 0.428,-0.602
 0.441,-0.575
 0.434,-0.555
 0.427,-0.521
 0.446,-0.474
 0.460,-0.397
 0.465,-0.324
 0.466,-0.260
 0.466,-0.196
 0.459,-0.177
 0.460,-0.152
 0.439,-0.144
 0.412,-0.144
 0.412,-0.118
 0.398,-0.105
 0.405,-0.073
 0.398,-0.066
 0.385,-0.118
 0.378,-0.176
 0.351,-0.252
 0.338,-0.331
 0.319,-0.440
 0.307,-0.597
 0.301,-0.733
 0.261,-0.773
 0.235,-0.790
 0.234,-0.816
 0.221,-0.867
 0.221,-0.916
 0.221,-0.938
 0.220,-0.977
 0.227,-0.981
 0.233,-0.977
 0.240,-0.959
 0.247,-0.954
 0.255,-0.937
 0.268,-0.936
 0.261,-0.929
 0.280,-0.920
 0.286,-0.912
 0.294,-0.869
 0.300,-0.850
 0.307,-0.846
 0.321,-0.845
 0.314,-0.825
 0.321,-0.781
 0.327,-0.720
 0.327,-0.681
 0.333,-0.623
 0.339,-0.526
 0.360,-0.430
 0.352,-0.331
 0.346,-0.260
 0.319,-0.183
 0.305,-0.130
 0.298,-0.085
 0.284,-0.071
 0.291,-0.052
 0.291,-0.026
 0.305,-0.013
 0.319,-0.027
 0.345,-0.040
 0.372,-0.041
 0.407,-0.022
 0.419,-0.008
 0.446,-0.008
 0.466,-0.028
 0.500,-0.061
 0.520,-0.080
 0.533,-0.132
 0.540,-0.203
 0.533,-0.287
 0.526,-0.358
 0.520,-0.417
 0.513,-0.489
 0.513,-0.581
 0.533,-0.651
 0.533,-0.678
 0.547,-0.692
 0.554,-0.710
 0.567,-0.722
 0.592,-0.707
 0.627,-0.664
 0.655,-0.613
 0.648,-0.580
 0.642,-0.563
 0.634,-0.555
 0.642,-0.563
 0.648,-0.555
 0.654,-0.560
 0.654,-0.522
 0.667,-0.457
 0.668,-0.393
 0.661,-0.335
 0.640,-0.288
 0.627,-0.237
 0.618,-0.215
 0.613,-0.171
 0.593,-0.113
 0.580,-0.061
 0.567,-0.075
 0.573,-0.120
 0.567,-0.178
 0.560,-0.262
 0.559,-0.339
 0.547,-0.457
 0.540,-0.605
 0.540,-0.722
 0.541,-0.750
 0.528,-0.764
 0.529,-0.792
 0.521,-0.821
 0.520,-0.884
 0.520,-0.922
 0.513,-0.965
 0.514,-0.968
 0.514,-0.968
 0.494,-0.937
 0.481,-0.886
 0.474,-0.852
 0.461,-0.815
 0.460,-0.785
 0.447,-0.733
 0.433,-0.668
 0.413,-0.609
 0.407,-0.539
 0.420,-0.500
 0.427,-0.494
 0.421,-0.436
 0.435,-0.372
 0.449,-0.321
 0.455,-0.275
 0.456,-0.263
 0.475,-0.217
 0.495,-0.146
 0.489,-0.075
 0.482,-0.028
 0.488,-0.009
 0.508, 0.024
 0.528, 0.056
 0.528, 0.081
 0.521, 0.088
 0.488, 0.069
 0.447, 0.044
 0.401, 0.011
 0.375,-0.015
 0.354,-0.060
 0.334,-0.105
 0.314,-0.163
 0.308,-0.221
 0.295,-0.273
 0.295,-0.286
 0.309,-0.301
 0.329,-0.307
 0.349,-0.325
 0.356,-0.358
 0.356,-0.396
 0.363,-0.455
 0.356,-0.500
 0.349,-0.545
 0.330,-0.567
 0.316,-0.566
 0.303,-0.553
 0.276,-0.552
 0.262,-0.525
 0.262,-0.525
 0.255,-0.505
 0.242,-0.480
 0.235,-0.448
 0.229,-0.442
 0.208,-0.435
 0.195,-0.421
 0.168,-0.409
 0.174,-0.401
 0.154,-0.406
 0.141,-0.381
 0.148,-0.336
 0.141,-0.279
 0.127,-0.240
 0.121,-0.208
 0.121,-0.182
 0.134,-0.142
 0.147,-0.091
 0.141,-0.032
 0.147, 0.001
 0.140, 0.020
 0.134, 0.053
 0.127, 0.059
 0.114, 0.072
 0.094, 0.078
 0.080, 0.066
 0.073, 0.034
 0.074, 0.033
 0.087, 0.007
 0.101,-0.019
 0.127,-0.045
 0.161,-0.077
 0.195,-0.111
 0.236,-0.176
 0.283,-0.247
 0.317,-0.320
 0.343,-0.370
 0.364,-0.378
 0.397,-0.398
 0.431,-0.418
 0.478,-0.438
 0.491,-0.424
 0.504,-0.398
 0.531,-0.373
 0.537,-0.379
 0.545,-0.386
 0.544,-0.398
 0.557,-0.399
 0.557,-0.399
 0.564,-0.405
 0.551,-0.380
 0.550,-0.353
 0.564,-0.328
 0.557,-0.307
 0.557,-0.295
 0.544,-0.308
 0.549,-0.299
 0.536,-0.288
 0.530,-0.281
 0.537,-0.301
 0.511,-0.315
 0.491,-0.335
 0.484,-0.341
 0.471,-0.328
 0.450,-0.295
 0.430,-0.275
 0.402,-0.260
 0.382,-0.242
 0.376,-0.196
 0.348,-0.157
 0.329,-0.099
 0.301,-0.072
 0.295,-0.053
 0.282,-0.040
 0.282,-0.027
 0.275, 0.005
 0.262, 0.032
 0.248, 0.045
 0.235, 0.045
 0.221, 0.032
 0.215, 0.012
 0.207, 0.020
 0.208, 0.032
 0.194, 0.058
 0.194, 0.058
 0.201, 0.051
 0.201, 0.039
 0.201, 0.026
 0.215, 0.026
 0.221, 0.032
 0.215, 0.038
 0.221, 0.032
 0.221, 0.019
 0.228, 0.013
 0.235, 0.006
 0.228, 0.012
 0.241, 0.013
 0.241,-0.001
 0.261,-0.020
 0.274,-0.033
 0.282,-0.027
 0.295,-0.027
 0.315,-0.021
 0.322,-0.014
 0.341,-0.007
 0.369, 0.005
 0.388, 0.011
 0.409, 0.017
 0.429, 0.036
 0.429, 0.036
 0.429, 0.036
 0.441, 0.063
 0.475, 0.095
 0.508, 0.140
 0.528, 0.186
 0.555, 0.237
 0.582, 0.302
 0.617, 0.333
 0.637, 0.378
 0.651, 0.378
 0.650, 0.391
 0.657, 0.411
 0.644, 0.411
 0.650, 0.404
 0.656, 0.398
 0.643, 0.398
 0.656, 0.398
 0.656, 0.398
 0.649, 0.404
 0.649, 0.392
 0.623, 0.379
 0.629, 0.333
 0.616, 0.282
 0.629, 0.204
 0.616, 0.113
 0.617, 0.022
 0.623,-0.023
 0.624,-0.037
 0.631,-0.031
 0.638,-0.024
 0.651,-0.011
 0.649,-0.010
 0.650,-0.010
 0.643,-0.004
 0.624,-0.010
 0.604,-0.004
 0.597,-0.010
 0.577,-0.017
 0.564,-0.030
 0.543,-0.035
 0.536,-0.029
 0.509,-0.002
 0.497, 0.036
 0.490, 0.068
 0.470, 0.088
 0.457, 0.100
 0.449, 0.095
 0.443, 0.101
 0.435, 0.108
 0.429, 0.102
 0.429, 0.128
 0.415, 0.154
 0.415, 0.167
 0.408, 0.186
 0.401, 0.180
 0.388, 0.180
 0.361, 0.180
 0.320, 0.206
 0.299, 0.265
 0.291, 0.323
 0.271, 0.369
 0.277, 0.375
 0.271, 0.356
 0.290, 0.310
 0.304, 0.259
 0.325, 0.200
 0.358, 0.141
 0.359, 0.102
 0.386, 0.063
 0.393, 0.018
 0.406,-0.035
 0.413,-0.092
 0.420,-0.151
 0.420,-0.177
 0.428,-0.210
 0.435,-0.230
 0.441,-0.248
 0.435,-0.255
 0.448,-0.269
 0.448,-0.255
 0.462,-0.243
 0.461,-0.216
 0.461,-0.203
 0.467,-0.182
 0.453,-0.195
 0.454,-0.209
 0.448,-0.203
 0.456,-0.225
 0.450,-0.258
 0.456,-0.303
 0.456,-0.328
 0.428,-0.326
 0.415,-0.287
 0.421,-0.254
 0.401,-0.222
 0.394,-0.190
 0.380,-0.150
 0.367,-0.086
 0.366,-0.047
 0.360,-0.015
 0.367, 0.017
 0.353, 0.031
 0.360, 0.037
 0.359, 0.038
 0.359, 0.025
 0.366, 0.031
 0.378, 0.045
 0.386, 0.051
 0.386, 0.051
 0.399, 0.050
 0.406, 0.043
 0.413, 0.024
 0.421,-0.009
 0.440,-0.041
 0.454,-0.067
 0.468,-0.067
 0.480,-0.054
 0.495,-0.055
 0.501,-0.035
 0.522,-0.016
 0.549, 0.023
 0.582, 0.042
 0.616, 0.087
 0.629, 0.113
 0.642, 0.126
 0.643, 0.126
 0.645, 0.112
 0.646, 0.099
 0.640, 0.105
 0.633, 0.111
 0.619, 0.112
 0.604, 0.139
 0.604, 0.165
 0.589, 0.192
 0.582, 0.211
 0.570, 0.237
 0.550, 0.230
 0.531, 0.223
 0.518, 0.210
 0.498, 0.165
 0.464, 0.133
 0.430, 0.076
 0.371, 0.057
 0.304, 0.032
 0.257, 0.012
 0.217,-0.001
 0.190,-0.014
 0.177,-0.015
 0.157,-0.020
 0.130,-0.059
 0.123,-0.091
 0.117,-0.109
 0.103,-0.136
 0.110,-0.142
 0.110,-0.142
 0.110,-0.143
 0.110,-0.129
 0.116,-0.123
 0.130,-0.123
 0.110,-0.142
 0.123,-0.156
 0.130,-0.149
 0.110,-0.143
 0.116,-0.110
 0.102,-0.110
 0.116,-0.110
 0.109,-0.090
 0.116,-0.045
 0.115, 0.007
 0.108, 0.064
 0.114, 0.123
 0.141, 0.201
 0.175, 0.259
 0.216, 0.298
 0.216, 0.324
 0.223, 0.343
 0.222, 0.356
 0.223, 0.343
 0.210, 0.304
 0.203, 0.233
 0.210, 0.200
 0.203, 0.168
 0.204, 0.116
 0.217, 0.090
 0.250, 0.044
 0.277,-0.008
 0.304,-0.060
 0.345,-0.087
 0.372,-0.099
 0.392,-0.106
 0.425,-0.113
 0.458,-0.106
 0.479,-0.101
 0.499,-0.107
 0.519,-0.101
 0.532,-0.062
 0.552,-0.042
 0.573,-0.010
 0.598, 0.016
 0.625, 0.029
 0.653, 0.067
 0.665, 0.067
 0.680, 0.067
 0.693, 0.067
 0.714, 0.073
 0.720, 0.079
 0.733, 0.079
 0.727, 0.072
 0.733, 0.067
 0.726, 0.073
 0.706, 0.067
 0.692, 0.041
 0.673, 0.047
 0.653, 0.027
 0.641, 0.001
 0.606,-0.031
 0.565,-0.068
 0.546,-0.101
 0.525,-0.132
 0.505,-0.178
 0.478,-0.204
 0.451,-0.242
 0.432,-0.250
 0.431,-0.249
 0.418,-0.249
 0.411,-0.242
 0.403,-0.209
 0.404,-0.171
 0.411,-0.112
 0.438,-0.074
 0.445,-0.029
 0.465,-0.022
 0.478,-0.009
 0.491,-0.009
 0.505,-0.009
 0.512, 0.023
 0.505, 0.030
 0.491, 0.081
 0.470, 0.153
 0.442, 0.218
 0.422, 0.303
 0.402, 0.348
 0.395, 0.380
 0.402, 0.387
 0.409, 0.341
 0.416, 0.270
 0.429, 0.205
 0.443, 0.127
 0.463, 0.069
 0.477,-0.009
 0.484,-0.081
 0.498,-0.172
 0.512,-0.251
 0.525,-0.289
 0.539,-0.329
 0.565,-0.354
 0.585,-0.385
 0.605,-0.418
 0.631,-0.417
 0.646,-0.355
 0.668,-0.286
 0.688,-0.254
 0.696,-0.248
 0.700,-0.252
 0.700,-0.264
 0.698,-0.250
 0.698,-0.223
 0.700,-0.199
 0.686,-0.160
 0.667,-0.128
 0.660,-0.109
 0.632,-0.082
 0.613,-0.037
 0.578, 0.022
 0.531, 0.055
 0.504, 0.107
 0.483, 0.166
 0.483, 0.231
 0.482, 0.309
 0.469, 0.399
 0.470, 0.464
 0.449, 0.510
 0.456, 0.542
 0.442, 0.581
 0.442, 0.581
 0.428, 0.581
 0.414, 0.594
 0.401, 0.620
 0.409, 0.627
 0.389, 0.621
 0.382, 0.614
 0.388, 0.595
 0.382, 0.562
 0.382, 0.536
 0.382, 0.510
 0.382, 0.484
 0.369, 0.459
 0.369, 0.446
 0.375, 0.465
 0.382, 0.471
 0.376, 0.478
 0.376, 0.465
 0.370, 0.458
 0.368, 0.446
 0.355, 0.420
 0.362, 0.400
 0.348, 0.374
 0.356, 0.329
 0.356, 0.290
 0.350, 0.244
 0.323, 0.205
 0.329, 0.174
 0.323, 0.141
 0.309, 0.116
 0.289, 0.110
 0.276, 0.097
 0.269, 0.077
 0.263, 0.057
 0.242, 0.025
 0.243,-0.040
 0.243,-0.092
 0.230,-0.170
 0.236,-0.202
 0.249,-0.214
 0.249,-0.202
 0.263,-0.163
 0.250,-0.124
 0.250,-0.073
 0.243,-0.053
 0.256,-0.027
 0.269,-0.001
 0.269, 0.025
 0.269, 0.064
 0.268, 0.103
 0.289, 0.148
 0.295, 0.180
 0.295, 0.219
 0.295, 0.232
 0.308, 0.271
 0.301, 0.304
 0.308, 0.349
 0.321, 0.388
 0.327, 0.433
 0.340, 0.485
 0.368, 0.485
 0.414, 0.504
 0.467, 0.516
 0.507, 0.529
 0.513, 0.548
 0.520, 0.555
 0.513, 0.548
 0.506, 0.542
 0.507, 0.542
 0.487, 0.549
 0.482, 0.555
 0.475, 0.562
 0.475, 0.536
 0.494, 0.516
 0.506, 0.477
 0.505, 0.451
 0.492, 0.413
 0.486, 0.406
 0.474, 0.393
 0.481, 0.386
 0.482, 0.373
 0.468, 0.348
 0.455, 0.296
 0.435, 0.251
 0.421, 0.173
 0.402, 0.102
 0.389, 0.037
 0.363,-0.028
 0.357,-0.074
 0.336,-0.093
 0.330,-0.126
 0.317,-0.125
 0.296,-0.144
 0.290,-0.150
 0.276,-0.137
 0.270,-0.119
 0.270,-0.119
 0.263,-0.124
 0.256,-0.118
 0.256,-0.105
 0.230,-0.079
 0.243,-0.066
 0.236,-0.072
 0.236,-0.073
 0.236,-0.072
 0.236,-0.047
 0.243,-0.040
 0.242,-0.040
 0.256,-0.053
 0.283,-0.053
 0.296,-0.040
 0.303,-0.021
 0.310,-0.002
 0.337, 0.023
 0.337, 0.037
 0.357, 0.069
 0.377, 0.115
 0.384, 0.173
 0.398, 0.211
 0.404, 0.231
 0.411, 0.250
 0.431, 0.257
 0.431, 0.244
 0.431, 0.218
 0.451, 0.211
 0.452, 0.211
 0.445, 0.231
 0.458, 0.231
 0.452, 0.224
 0.451, 0.225
 0.452, 0.224
 0.458, 0.231
 0.445, 0.231
 0.466, 0.224
 0.466, 0.211
 0.473, 0.191
 0.479, 0.185
 0.472, 0.192
 0.459, 0.191
 0.465, 0.198
 0.459, 0.192
 0.465, 0.211
 0.452, 0.211
 0.466, 0.211
 0.466, 0.211
 0.460, 0.204
 0.480, 0.198
 0.480, 0.172
 0.467, 0.146
 0.467, 0.133
 0.467, 0.107
 0.473, 0.088
 0.446, 0.062
 0.447, 0.036
 0.440, 0.017
 0.441,-0.023
 0.441,-0.075
 0.421,-0.147
 0.422,-0.251
 0.401,-0.320
 0.381,-0.392
 0.361,-0.424
 0.340,-0.417
 0.320,-0.385
 0.300,-0.339
 0.287,-0.313
 0.286,-0.274
 0.286,-0.247
 0.287,-0.222
 0.286,-0.195
 0.287,-0.183
 0.280,-0.190
 0.280,-0.189
 0.260,-0.170
 0.252,-0.124
 0.253,-0.086
 0.253,-0.034
 0.252, 0.005
 0.246, 0.037
 0.238, 0.084
 0.259, 0.128
 0.259, 0.141
 0.266, 0.174
 0.286, 0.193
 0.279, 0.226
 0.293, 0.264
 0.313, 0.297
 0.319, 0.329
 0.326, 0.387
 0.345, 0.433
 0.359, 0.484
 0.380, 0.529
 0.387, 0.549
 0.401, 0.575
 0.420, 0.581
 0.428, 0.588
 0.434, 0.594
 0.433, 0.568
 0.433, 0.568
 0.439, 0.574
 0.434, 0.568
 0.454, 0.587
 0.448, 0.581
 0.428, 0.575
 0.427, 0.561
 0.414, 0.536
 0.407, 0.503
 0.387, 0.471
 0.367, 0.439
 0.346, 0.407
 0.346, 0.381
 0.319, 0.355
 0.299, 0.336
 0.272, 0.336
 0.265, 0.342
 0.259, 0.362
 0.252, 0.394
 0.238, 0.420
 0.245, 0.427
 0.238, 0.433
 0.252, 0.433
 0.252, 0.446
 0.265, 0.446
 0.265, 0.485
 0.278, 0.511
 0.285, 0.530
 0.305, 0.575
 0.312, 0.608
 0.332, 0.640
 0.345, 0.666
 0.365, 0.698
 0.372, 0.731
 0.379, 0.750
 0.386, 0.757
 0.392, 0.750
 0.393, 0.724
 0.399, 0.717
 0.385, 0.679
 0.379, 0.672
 0.385, 0.665
 0.386, 0.666
 0.386, 0.666
 0.392, 0.659
 0.412, 0.652
 0.432, 0.645
 0.433, 0.646
 0.453, 0.678
 0.460, 0.711
 0.468, 0.744
 0.453, 0.756
 0.446, 0.763
 0.446, 0.762
 0.445, 0.801
 0.438, 0.833
 0.431, 0.865
 0.432, 0.892
 0.419, 0.892
 0.426, 0.899
 0.413, 0.899
 0.420, 0.905
 0.400, 0.899
 0.399, 0.899
 0.393, 0.880
 0.386, 0.860
 0.365, 0.815
 0.352, 0.789
 0.353, 0.763
 0.332, 0.731
 0.326, 0.699
 0.306, 0.653
 0.286, 0.582
 0.266, 0.524
 0.233, 0.453
 0.193, 0.388
 0.172, 0.304
 0.152, 0.246
 0.152, 0.207
 0.132, 0.188
 0.139, 0.207
 0.119, 0.201
 0.139, 0.207
 0.139, 0.233
 0.145, 0.239
 0.139, 0.246
 0.139, 0.246
 0.146, 0.240
 0.152, 0.272
 0.152, 0.311
 0.165, 0.350
 0.165, 0.376
 0.166, 0.427
 0.179, 0.505
 0.185, 0.577
 0.198, 0.628
 0.211, 0.667
 0.225, 0.719
 0.224, 0.731
 0.238, 0.745
 0.251, 0.732
 0.251, 0.692
 0.258, 0.647
 0.265, 0.602
 0.259, 0.556
 0.259, 0.505
 0.265, 0.446
 0.266, 0.368
 0.253, 0.329
 0.259, 0.310
 0.253, 0.303
 0.259, 0.310
 0.266, 0.316
 0.272, 0.336
 0.259, 0.336
 0.273, 0.349
 0.272, 0.362
 0.279, 0.394
 0.279, 0.420
 0.292, 0.433
 0.305, 0.446
 0.305, 0.446
 0.319, 0.459
 0.332, 0.484
 0.339, 0.504
 0.346, 0.510
 0.352, 0.530
 0.346, 0.536
 0.352, 0.530
 0.359, 0.523
 0.352, 0.530
 0.358, 0.536
 0.366, 0.556
 0.366, 0.556
 0.373, 0.549
 0.380, 0.543
 0.386, 0.549
 0.393, 0.568
 0.392, 0.594
 0.399, 0.601
 0.405, 0.620
 0.405, 0.620
 0.412, 0.639
 0.425, 0.652
 0.419, 0.646
 0.412, 0.653
 0.412, 0.626
 0.419, 0.620
 0.432, 0.620
 0.425, 0.601
 0.425, 0.601
 0.419, 0.581
 0.426, 0.562
 0.432, 0.542
 0.432, 0.516
 0.426, 0.484
 0.432, 0.451
 0.420, 0.412
 0.426, 0.367
 0.413, 0.328
 0.407, 0.269
 0.407, 0.205
 0.407, 0.166
 0.400, 0.147
 0.393, 0.153
 0.401, 0.172
 0.400, 0.186
 0.401, 0.198
 0.407, 0.218
 0.394, 0.230
 0.380, 0.257
 0.386, 0.277
 0.386, 0.289
 0.379, 0.296
 0.365, 0.297
 0.352, 0.309
 0.352, 0.335
 0.360, 0.380
 0.366, 0.413
 0.380, 0.426
 0.380, 0.426
 0.385, 0.432
 0.393, 0.465
 0.398, 0.510
 0.405, 0.542
 0.425, 0.588
 0.433, 0.594
 0.439, 0.614
 0.452, 0.626
 0.459, 0.633
 0.465, 0.639
 0.472, 0.632
 0.466, 0.626
 0.479, 0.626
 0.473, 0.620
 0.479, 0.613
 0.466, 0.587
 0.473, 0.594
 0.479, 0.613
 0.486, 0.619
 0.466, 0.626
 0.472, 0.619
 0.472, 0.620
 0.479, 0.613
 0.479, 0.613
 0.466, 0.613
 0.452, 0.600
 0.453, 0.587
 0.439, 0.574
 0.439, 0.561
 0.439, 0.561
 0.439, 0.561
 0.447, 0.581
 0.447, 0.581
 0.447, 0.555
 0.447, 0.555
 0.453, 0.535
 0.460, 0.529
 0.447, 0.516
 0.440, 0.496
 0.453, 0.496
 0.453, 0.496
 0.454, 0.496
 0.440, 0.497
 0.427, 0.510
 0.427, 0.510
 0.420, 0.516
 0.427, 0.536
 0.413, 0.562
 0.399, 0.600
 0.399, 0.626
 0.385, 0.665
 0.392, 0.698
 0.392, 0.737
 0.379, 0.763
 0.379, 0.802
 0.378, 0.854
 0.385, 0.899
 0.398, 0.951
 0.399, 0.952
 0.413, 0.965
 0.406, 0.945
 0.413, 0.951
 0.405, 0.931
 0.406, 0.892
 0.399, 0.860
 0.386, 0.821
 0.373, 0.770
 0.373, 0.731
 0.373, 0.679
 0.386, 0.614
 0.393, 0.542
 0.387, 0.471
 0.360, 0.380
 0.334, 0.290
 0.300, 0.206
 0.294, 0.135
 0.287, 0.089
 0.273, 0.090
 0.267, 0.083
 0.247, 0.076
 0.240, 0.083
 0.233, 0.102
 0.220, 0.129
 0.219, 0.142
 0.219, 0.155
 0.218, 0.156
 0.212, 0.162
 0.225, 0.174
 0.226, 0.213
 0.239, 0.251
 0.239, 0.277
 0.252, 0.290
 0.245, 0.284
 0.252, 0.290
 0.259, 0.310
 0.265, 0.317
 0.292, 0.355
 0.292, 0.381
 0.299, 0.387
 0.299, 0.387
 0.299, 0.374
 0.306, 0.368
 0.319, 0.381
 0.326, 0.387
 0.346, 0.406
 0.359, 0.406
 0.373, 0.406
 0.379, 0.413
 0.386, 0.406
 0.399, 0.406
 0.385, 0.432
 0.399, 0.445
 0.392, 0.465
 0.392, 0.465
 0.399, 0.497
 0.392, 0.516
 0.412, 0.536
 0.412, 0.562
 0.425, 0.601
 0.418, 0.607
 0.431, 0.620
 0.438, 0.639
 0.438, 0.678
 0.438, 0.678
 0.438, 0.691
 0.432, 0.672
 0.412, 0.666
 0.418, 0.646
 0.411, 0.626
 0.411, 0.601
 0.398, 0.588
 0.399, 0.562
 0.385, 0.536
 0.373, 0.497
 0.366, 0.478
 0.352, 0.452
 0.353, 0.439
 0.338, 0.439
 0.325, 0.439
 0.331, 0.459
 0.331, 0.472
 0.325, 0.465
 0.318, 0.472
 0.312, 0.465
 0.298, 0.452
 0.285, 0.452
 0.278, 0.459
 0.278, 0.472
 0.251, 0.485
 0.251, 0.511
 0.231, 0.531
 0.225, 0.563
 0.224, 0.602
 0.217, 0.635
 0.203, 0.661
 0.190, 0.674
 0.183, 0.706
 0.196, 0.732
 0.190, 0.765
 0.190, 0.791
 0.196, 0.797
 0.203, 0.804
 0.196, 0.797
 0.203, 0.790
 0.190, 0.804
 0.176, 0.804
 0.163, 0.804
 0.156, 0.797
 0.156, 0.785
 0.142, 0.772
 0.142, 0.745
 0.129, 0.732
 0.128, 0.758
 0.122, 0.791
 0.142, 0.837
 0.149, 0.856
 0.142, 0.877
 0.142, 0.889
 0.142, 0.889
 0.142, 0.889
 0.155, 0.875
 0.155, 0.875
 0.156, 0.875
 0.149, 0.882
 0.149, 0.869
 0.142, 0.837
 0.149, 0.817
 0.149, 0.817
 0.143, 0.811
 0.143, 0.811
 0.143, 0.811
 0.143, 0.811
 0.122, 0.804
 0.109, 0.779
 0.103, 0.759
 0.089, 0.733
 0.076, 0.733
 0.069, 0.714
 0.055, 0.688
 0.049, 0.682
 0.049, 0.668
 0.043, 0.649
 0.029, 0.636
 0.023, 0.617
 0.029, 0.584
 0.036, 0.552
 0.043, 0.532
 0.050, 0.500
 0.071, 0.493
 0.071, 0.467
 0.071, 0.454
 0.091, 0.461
 0.104, 0.473
 0.111, 0.480
 0.117, 0.499
 0.144, 0.499
 0.164, 0.505
 0.177, 0.505
 0.184, 0.512
 0.204, 0.518
 0.218, 0.505
 0.218, 0.505
 0.218, 0.505
 0.225, 0.511
 0.224, 0.550
 0.224, 0.563
 0.244, 0.583
 0.264, 0.615
 0.271, 0.660
 0.291, 0.680
 0.291, 0.705
 0.304, 0.731
 0.331, 0.744
 0.344, 0.783
 0.351, 0.815
 0.364, 0.854
 0.378, 0.880
 0.384, 0.899
 0.391, 0.919
 0.404, 0.919
 0.411, 0.912
 0.418, 0.906
 0.417, 0.879
 0.418, 0.841
 0.424, 0.821
 0.431, 0.789
 0.439, 0.756
 0.425, 0.730
 0.425, 0.718
 0.432, 0.711
 0.425, 0.678
 0.432, 0.659
 0.424, 0.639
 0.432, 0.620
 0.445, 0.620
 0.439, 0.614
 0.453, 0.614
 0.453, 0.613
 0.460, 0.620
 0.452, 0.639
 0.458, 0.645
 0.458, 0.671
 0.458, 0.697
 0.459, 0.750
 0.465, 0.795
 0.466, 0.821
 0.453, 0.835
 0.438, 0.860
 0.425, 0.900
 0.431, 0.931
 0.417, 0.944
 0.417, 0.970
 0.410, 0.976
 0.404, 0.997
 0.390, 1.010
 0.383, 0.990
 0.357, 0.978
 0.329, 0.964
 0.323, 0.933
 0.303, 0.913
 0.297, 0.907
 0.297, 0.894
 0.290, 0.874
 0.263, 0.862
 0.263, 0.835
 0.223, 0.797
 0.203, 0.777
 0.196, 0.758
 0.183, 0.746
 0.170, 0.719
 0.150, 0.700
 0.144, 0.694
 0.124, 0.687
 0.124, 0.675
 0.124, 0.661
 0.117, 0.642
 0.111, 0.623
 0.078, 0.603
 0.058, 0.597
 0.024, 0.604
-0.016, 0.578
-0.036, 0.572
-0.050, 0.572
-0.056, 0.565
-0.063, 0.572
-0.063, 0.572
-0.070, 0.592
-0.050, 0.611
-0.036, 0.637
-0.030, 0.644
-0.029, 0.617
-0.036, 0.624
-0.029, 0.617
-0.023, 0.624
-0.009, 0.636
 0.004, 0.636
 0.024, 0.656
 0.024, 0.643
 0.017, 0.623
 0.017, 0.610
 0.037, 0.616
 0.051, 0.655
 0.077, 0.668
 0.097, 0.688
 0.117, 0.707
 0.131, 0.733
 0.137, 0.765
 0.177, 0.790
 0.198, 0.849
 0.204, 0.881
 0.217, 0.908
 0.217, 0.947
 0.224, 0.979
 0.224, 1.005
 0.236, 1.030
 0.243, 1.036
 0.243, 1.062
 0.250, 1.082
 0.236, 1.083
 0.249, 1.082
 0.256, 1.077
 0.256, 1.064
 0.263, 1.030
 0.263, 1.030
 0.283, 0.997
 0.303, 0.978
 0.310, 0.959
 0.331, 0.913
 0.345, 0.875
 0.345, 0.836
 0.359, 0.796
 0.359, 0.757
 0.371, 0.731
 0.372, 0.704
 0.378, 0.685
 0.385, 0.653
 0.372, 0.627
 0.366, 0.594
 0.366, 0.569
 0.373, 0.523
 0.366, 0.504
 0.366, 0.517
 0.353, 0.530
 0.346, 0.549
 0.339, 0.582
 0.325, 0.621
 0.318, 0.666
 0.305, 0.705
 0.298, 0.764
 0.277, 0.796
 0.277, 0.835
 0.277, 0.874
 0.263, 0.887
 0.264, 0.901
 0.257, 0.920
 0.237, 0.914
 0.237, 0.927
 0.223, 0.914
 0.210, 0.888
 0.217, 0.881
 0.203, 0.868
 0.210, 0.849
 0.197, 0.836
 0.197, 0.823
 0.190, 0.803
 0.191, 0.778
 0.198, 0.771
 0.204, 0.752
 0.198, 0.720
 0.191, 0.713
 0.185, 0.680
 0.171, 0.681
 0.165, 0.687
 0.145, 0.668
 0.137, 0.687
 0.131, 0.681
 0.124, 0.687
 0.110, 0.713
 0.103, 0.746
 0.103, 0.798
 0.090, 0.824
 0.090, 0.876
 0.096, 0.908
 0.089, 0.954
 0.089, 1.005
 0.076, 1.057
 0.076, 1.110
 0.082, 1.167
 0.089, 1.226
 0.095, 1.297
 0.108, 1.350
 0.108, 1.403
 0.108, 1.428
 0.121, 1.454
 0.134, 1.491
 0.134, 1.505
 0.148, 1.504
 0.141, 1.523
 0.161, 1.530
 0.160, 1.555
 0.167, 1.537
 0.174, 1.518
 0.167, 1.497
 0.174, 1.492
 0.187, 1.477
 0.180, 1.459
 0.187, 1.440
 0.207, 1.419
 0.228, 1.427
 0.241, 1.452
 0.255, 1.466
 0.268, 1.479
 0.281, 1.492
 0.281, 1.518
 0.301, 1.548
 0.287, 1.587
 0.294, 1.646
 0.293, 1.711
 0.314, 1.745
 0.306, 1.749
 0.313, 1.756
 0.333, 1.762
 0.346, 1.749
 0.360, 1.726
 0.380, 1.666
 0.394, 1.575
 0.407, 1.497
 0.414, 1.386
 0.429, 1.269
 0.456, 1.139
 0.470, 0.997
 0.485, 0.854
 0.519, 0.743
 0.553, 0.619
 0.586, 0.521
 0.614, 0.443
 0.634, 0.385
 0.675, 0.332
 0.696, 0.287
 0.722, 0.248
 0.730, 0.202
 0.744, 0.163
 0.750, 0.156
 0.764, 0.195
 0.783, 0.253
 0.776, 0.312
 0.769, 0.371
 0.761, 0.455
 0.749, 0.520
 0.748, 0.585
 0.735, 0.637
 0.734, 0.676
 0.713, 0.695
 0.701, 0.722
 0.687, 0.748
 0.641, 0.755
 0.613, 0.781
 0.592, 0.827
 0.566, 0.866
 0.544, 0.911
 0.517, 0.963
 0.490, 1.015
 0.469, 1.035
 0.463, 1.042
 0.449, 1.055
 0.429, 1.087
 0.409, 1.108
 0.388, 1.101
 0.395, 1.095
 0.388, 1.075
 0.394, 1.042
 0.415, 1.049
 0.408, 1.016
 0.409, 0.977
 0.415, 0.931
 0.422, 0.887
 0.437, 0.848
 0.436, 0.808
 0.464, 0.783
 0.477, 0.743
 0.497, 0.697
 0.524, 0.645
 0.538, 0.580
 0.552, 0.515
 0.559, 0.418
 0.581, 0.333
 0.596, 0.294
 0.589, 0.248
 0.590, 0.196
 0.575, 0.145
 0.562, 0.106
 0.535, 0.067
 0.508, 0.042
 0.468, 0.028
 0.440, 0.043
 0.420, 0.049
 0.419, 0.062
 0.418, 0.102
 0.439, 0.147
 0.459, 0.192
 0.460, 0.204
 0.454, 0.236
 0.454, 0.262
 0.453, 0.302
 0.452, 0.354
 0.439, 0.393
 0.432, 0.399
 0.412, 0.419
 0.426, 0.484
 0.432, 0.568
 0.426, 0.614
 0.419, 0.646
 0.405, 0.659
 0.398, 0.718
 0.391, 0.789
 0.377, 0.893
 0.370, 0.978
 0.343, 1.030
 0.329, 1.069
 0.342, 1.094
 0.342, 1.108
 0.355, 1.146
 0.342, 1.173
 0.336, 1.179
 0.342, 1.172
 0.349, 1.140
 0.342, 1.121
 0.350, 1.088
 0.350, 1.037
 0.363, 0.997
 0.371, 0.939
 0.384, 0.886
 0.384, 0.809
 0.385, 0.705
 0.379, 0.607
 0.373, 0.510
 0.360, 0.393
 0.341, 0.244
 0.334, 0.133
 0.321, 0.043
 0.308,-0.022
 0.300, 0.011
 0.299, 0.063
 0.299, 0.141
 0.291, 0.213
 0.298, 0.297
 0.298, 0.387
 0.311, 0.452
 0.332, 0.537
 0.344, 0.601
 0.358, 0.640
 0.364, 0.686
 0.377, 0.724
 0.383, 0.795
 0.402, 0.892
 0.416, 0.971
 0.437, 1.042
 0.450, 1.120
 0.457, 1.179
 0.490, 1.210
 0.503, 1.274
 0.510, 1.332
 0.516, 1.378
 0.531, 1.432
 0.523, 1.464
 0.531, 1.471
 0.524, 1.477
 0.517, 1.509
 0.523, 1.516
 0.509, 1.501
 0.503, 1.469
 0.496, 1.424
 0.489, 1.392
 0.496, 1.386
 0.483, 1.359
 0.470, 1.322
 0.470, 1.256
 0.443, 1.217
 0.430, 1.178
 0.429, 1.152
 0.417, 1.140
 0.409, 1.133
 0.396, 1.107
 0.403, 1.088
 0.403, 1.074
 0.403, 1.036
 0.410, 1.003
 0.404, 0.971
 0.391, 0.932
 0.397, 0.887
 0.398, 0.861
 0.384, 0.834
 0.378, 0.802
 0.371, 0.783
 0.364, 0.763
 0.365, 0.738
 0.352, 0.699
 0.338, 0.673
 0.319, 0.667
 0.318, 0.654
 0.305, 0.615
 0.298, 0.608
 0.284, 0.608
 0.298, 0.608
 0.284, 0.634
 0.277, 0.641
 0.277, 0.667
 0.277, 0.680
 0.277, 0.706
 0.284, 0.725
 0.284, 0.725
 0.277, 0.719
 0.284, 0.725
 0.297, 0.777
 0.290, 0.835
 0.290, 0.874
 0.303, 0.913
 0.303, 0.952
 0.309, 0.984
 0.322, 1.022
 0.323, 1.062
 0.329, 1.094
 0.329, 1.107
 0.343, 1.134
 0.343, 1.160
 0.336, 1.180
 0.349, 1.205
 0.342, 1.251
 0.342, 1.277
 0.328, 1.302
 0.342, 1.302
 0.335, 1.282
 0.335, 1.244
 0.355, 1.211
 0.349, 1.205
 0.357, 1.187
 0.355, 1.146
 0.369, 1.107
 0.389, 1.074
 0.396, 1.067
 0.397, 1.055
 0.410, 1.030
 0.398, 0.992
 0.411, 0.939
 0.418, 0.880
 0.438, 0.809
 0.452, 0.756
 0.465, 0.665
 0.480, 0.600
 0.466, 0.548
 0.467, 0.522
 0.447, 0.490
 0.426, 0.458
 0.419, 0.438
 0.418, 0.451
 0.432, 0.516
 0.425, 0.600
 0.432, 0.698
 0.439, 0.757
 0.438, 0.821
 0.438, 0.874
 0.431, 0.906
 0.418, 0.945
 0.424, 0.964
 0.410, 0.990
 0.411, 0.978
 0.403, 0.971
 0.384, 0.939
 0.370, 0.900
 0.356, 0.873
 0.343, 0.848
 0.336, 0.828
 0.323, 0.828
 0.303, 0.835
 0.303, 0.848
 0.289, 0.875
 0.289, 0.887
 0.282, 0.920
 0.283, 0.933
 0.276, 0.940
 0.263, 0.927
 0.269, 0.907
 0.276, 0.900
 0.283, 0.894
 0.276, 0.874
 0.277, 0.875
 0.277, 0.875
 0.277, 0.875
 0.264, 0.889
 0.243, 0.907
 0.249, 0.940
 0.242, 0.959
 0.256, 0.972
 0.270, 0.971
 0.283, 0.958
 0.297, 0.959
 0.277, 0.965
 0.277, 0.966
 0.284, 0.959
 0.277, 0.939
 0.271, 0.946
 0.257, 0.946
 0.257, 0.946
 0.257, 0.973
 0.257, 0.972
 0.264, 0.966
 0.264, 0.952
 0.257, 0.933
 0.271, 0.933
 0.264, 0.952
 0.264, 0.953
 0.250, 0.966
 0.237, 0.940
 0.230, 0.920
 0.230, 0.894
 0.210, 0.849
 0.204, 0.817
 0.197, 0.759
 0.184, 0.694
 0.191, 0.609
 0.191, 0.518
 0.204, 0.466
 0.225, 0.433
 0.252, 0.433
 0.272, 0.439
 0.286, 0.465
 0.305, 0.485
 0.313, 0.491
 0.339, 0.517
 0.332, 0.536
 0.346, 0.562
 0.353, 0.582
 0.353, 0.621
 0.353, 0.660
 0.352, 0.686
 0.373, 0.718
 0.379, 0.751
 0.392, 0.789
 0.405, 0.828
 0.411, 0.873
 0.411, 0.912
 0.425, 0.938
 0.425, 0.964
 0.425, 1.004
 0.418, 1.061
 0.418, 1.114
 0.417, 1.165
 0.417, 1.230
 0.417, 1.270
 0.410, 1.302
 0.397, 1.355
 0.391, 1.375
 0.384, 1.368
 0.384, 1.367
 0.369, 1.365
 0.363, 1.372
 0.356, 1.392
 0.336, 1.426
 0.316, 1.472
 0.309, 1.492
 0.316, 1.499
 0.322, 1.504
 0.316, 1.498
 0.322, 1.478
 0.315, 1.470
 0.322, 1.451
 0.315, 1.431
 0.309, 1.399
 0.316, 1.380
 0.316, 1.367
 0.330, 1.355
 0.337, 1.334
 0.343, 1.289
 0.357, 1.237
 0.357, 1.158
 0.371, 1.095
 0.378, 1.023
 0.379, 0.946
 0.407, 0.881
 0.406, 0.815
 0.400, 0.757
 0.400, 0.717
 0.393, 0.685
 0.393, 0.646
 0.386, 0.639
 0.380, 0.672
 0.373, 0.679
 0.366, 0.646
 0.366, 0.633
 0.352, 0.620
 0.339, 0.634
 0.339, 0.647
 0.333, 0.666
 0.339, 0.673
 0.326, 0.686
 0.319, 0.706
 0.318, 0.744
 0.325, 0.790
 0.332, 0.822
 0.324, 0.854
 0.331, 0.887
 0.331, 0.926
 0.338, 0.946
 0.318, 0.965
 0.310, 0.983
 0.311, 0.997
 0.304, 1.004
 0.304, 1.004
 0.291, 1.005
 0.290, 1.017
 0.290, 1.031
 0.290, 1.043
 0.297, 1.036
 0.303, 1.043
 0.296, 1.049
 0.303, 1.069
 0.303, 1.095
 0.310, 1.155
 0.303, 1.188
 0.303, 1.161
 0.290, 1.134
 0.303, 1.107
 0.303, 1.069
 0.296, 1.049
 0.330, 1.017
 0.325, 0.972
 0.331, 0.939
 0.344, 0.888
 0.371, 0.822
 0.371, 0.744
 0.385, 0.666
 0.385, 0.562
 0.372, 0.458
 0.359, 0.380
 0.345, 0.316
 0.332, 0.264
 0.332, 0.238
 0.318, 0.238
 0.305, 0.264
 0.291, 0.290
 0.284, 0.336
 0.284, 0.388
 0.283, 0.440
 0.277, 0.498
 0.270, 0.557
 0.270, 0.609
 0.283, 0.673
 0.283, 0.725
 0.282, 0.790
 0.296, 0.855
 0.289, 0.927
 0.322, 0.985
 0.322, 1.011
 0.329, 1.017
 0.322, 1.036
 0.329, 1.043
 0.342, 1.043
 0.343, 1.018
 0.342, 1.004
 0.335, 1.011
 0.329, 1.005
 0.309, 0.985
 0.316, 0.940
 0.309, 0.894
 0.302, 0.836
 0.296, 0.790
 0.296, 0.725
 0.303, 0.666
 0.317, 0.614
 0.324, 0.569
 0.331, 0.550
 0.331, 0.550
 0.332, 0.563
 0.344, 0.575
 0.351, 0.582
 0.358, 0.588
 0.350, 0.595
 0.364, 0.595
 0.385, 0.601
 0.398, 0.614
 0.412, 0.627
 0.411, 0.653
 0.424, 0.679
 0.418, 0.698
 0.424, 0.679
 0.431, 0.646
 0.424, 0.613
 0.411, 0.601
 0.445, 0.607
 0.438, 0.614
 0.459, 0.620
 0.458, 0.620
 0.458, 0.633
 0.471, 0.646
 0.492, 0.652
 0.506, 0.665
 0.518, 0.665
 0.526, 0.671
 0.539, 0.697
 0.539, 0.710
 0.539, 0.736
 0.525, 0.775
 0.519, 0.808
 0.526, 0.841
 0.532, 0.860
 0.532, 0.873
 0.524, 0.892
 0.518, 0.911
 0.511, 0.931
 0.511, 0.931
 0.525, 0.931
 0.518, 0.937
 0.525, 0.931
 0.544, 0.911
 0.532, 0.899
 0.532, 0.886
 0.525, 0.866
 0.525, 0.827
 0.525, 0.814
 0.532, 0.808
 0.532, 0.808
 0.525, 0.801
 0.532, 0.795
 0.525, 0.801
 0.511, 0.801
 0.511, 0.801
 0.505, 0.795
 0.479, 0.769
 0.465, 0.730
 0.459, 0.685
 0.439, 0.640
 0.424, 0.613
 0.405, 0.620
 0.405, 0.633
 0.391, 0.633
 0.392, 0.634
 0.378, 0.620
 0.372, 0.614
 0.358, 0.614
 0.352, 0.608
 0.345, 0.614
 0.338, 0.621
 0.344, 0.627
 0.344, 0.640
 0.337, 0.660
 0.344, 0.666
 0.338, 0.660
 0.325, 0.648
 0.332, 0.641
 0.339, 0.647
 0.338, 0.660
 0.344, 0.666
 0.344, 0.666
 0.351, 0.672
 0.364, 0.698
 0.365, 0.725
 0.357, 0.718
 0.365, 0.725
 0.391, 0.724
 0.391, 0.750
 0.405, 0.777
 0.405, 0.802
 0.412, 0.809
 0.418, 0.789
 0.418, 0.776
 0.411, 0.744
 0.424, 0.756
 0.425, 0.770
 0.425, 0.795
 0.418, 0.789
 0.425, 0.770
 0.425, 0.756
 0.432, 0.737
 0.425, 0.743
 0.425, 0.743
 0.425, 0.757
 0.418, 0.737
 0.418, 0.698
 0.425, 0.665
 0.412, 0.614
 0.412, 0.588
 0.412, 0.575
 0.419, 0.529
 0.412, 0.484
 0.399, 0.406
 0.399, 0.354
 0.393, 0.296
 0.374, 0.211
 0.360, 0.132
 0.340, 0.074
 0.353, 0.049
 0.372, 0.082
 0.392, 0.166
 0.412, 0.264
 0.432, 0.360
 0.440, 0.458
 0.446, 0.555
 0.460, 0.620
 0.452, 0.678
 0.438, 0.704
 0.431, 0.750
 0.416, 0.801
 0.416, 0.867
 0.423, 0.925
 0.409, 0.965
 0.409, 1.030
 0.421, 1.055
 0.422, 1.095
 0.422, 1.133
 0.429, 1.153
 0.428, 1.192
 0.448, 1.223
 0.448, 1.263
 0.448, 1.302
 0.462, 1.328
 0.455, 1.361
 0.468, 1.359
 0.475, 1.379
 0.488, 1.366
 0.495, 1.399
 0.516, 1.432
 0.515, 1.470
 0.515, 1.470
 0.522, 1.462
 0.535, 1.449
 0.555, 1.442
 0.568, 1.455
 0.583, 1.458
 0.596, 1.445
 0.597, 1.393
 0.591, 1.348
 0.590, 1.269
 0.597, 1.198
 0.596, 1.118
 0.597, 1.027
 0.598, 0.950
 0.598, 0.898
 0.627, 0.834
 0.648, 0.749
 0.662, 0.644
 0.682, 0.560
 0.681, 0.521
 0.675, 0.488
 0.654, 0.469
 0.634, 0.475
 0.601, 0.508
 0.588, 0.521
 0.555, 0.515
 0.521, 0.522
 0.487, 0.542
 0.460, 0.581
 0.439, 0.639
 0.425, 0.704
 0.411, 0.769
 0.390, 0.828
 0.371, 0.887
 0.363, 0.932
 0.364, 0.985
 0.356, 1.029
 0.356, 1.069
 0.330, 1.082
 0.316, 1.081
 0.302, 1.108
 0.302, 1.108
 0.302, 1.108
 0.309, 1.127
 0.308, 1.140
 0.309, 1.129
 0.309, 1.089
 0.309, 1.051
 0.323, 1.024
 0.329, 0.991
 0.337, 0.959
 0.336, 0.933
 0.343, 0.913
 0.343, 0.887
 0.336, 0.842
 0.344, 0.796
 0.344, 0.744
 0.338, 0.673
 0.318, 0.576
 0.292, 0.446
 0.252, 0.290
 0.218, 0.115
 0.171,-0.074
 0.150,-0.209
 0.157,-0.252
 0.183,-0.186
 0.216,-0.076
 0.237, 0.070
 0.284, 0.206
 0.305, 0.329
 0.332, 0.406
 0.359, 0.458
 0.372, 0.497
 0.377, 0.543
 0.397, 0.588
 0.404, 0.646
 0.424, 0.717
 0.437, 0.782
 0.451, 0.848
 0.471, 0.932
 0.485, 0.997
 0.490, 1.068
 0.504, 1.106
 0.510, 1.125
 0.522, 1.138
 0.530, 1.158
 0.537, 1.165
 0.531, 1.160
 0.531, 1.134
 0.523, 1.113
 0.517, 1.081
 0.516, 1.054
 0.503, 1.029
 0.504, 0.990
 0.484, 0.932
 0.478, 0.861
 0.464, 0.769
 0.445, 0.672
 0.419, 0.595
 0.398, 0.523
 0.405, 0.451
 0.405, 0.387
 0.406, 0.335
 0.392, 0.335
 0.386, 0.341
 0.393, 0.361
 0.372, 0.367
 0.366, 0.400
 0.352, 0.439
 0.345, 0.471
 0.352, 0.517
 0.351, 0.543
 0.344, 0.563
 0.337, 0.595
 0.343, 0.640
 0.357, 0.653
 0.357, 0.653
 0.364, 0.634
 0.364, 0.608
 0.350, 0.608
 0.358, 0.614
 0.344, 0.640
 0.344, 0.654
 0.344, 0.666
 0.337, 0.647
 0.331, 0.628
 0.330, 0.627
 0.331, 0.641
 0.324, 0.673
 0.311, 0.673
 0.310, 0.699
 0.323, 0.712
 0.324, 0.738
 0.330, 0.757
 0.330, 0.783
 0.330, 0.823
 0.323, 0.867
 0.316, 0.888
 0.323, 0.894
 0.323, 0.893
 0.323, 0.894
 0.316, 0.887
 0.316, 0.900
 0.322, 0.920
 0.336, 0.933
 0.344, 0.941
 0.343, 0.940
 0.350, 0.947
 0.370, 0.952
 0.362, 0.945
 0.376, 0.932
 0.402, 0.905
 0.410, 0.887
 0.431, 0.854
 0.425, 0.822
 0.424, 0.796
 0.417, 0.763
 0.423, 0.743
 0.416, 0.711
 0.437, 0.717
 0.444, 0.750
 0.437, 0.782
 0.424, 0.796
 0.438, 0.783
 0.431, 0.750
 0.437, 0.718
 0.423, 0.665
 0.431, 0.633
 0.431, 0.594
 0.431, 0.555
 0.425, 0.510
 0.431, 0.451
 0.425, 0.393
 0.425, 0.367
 0.432, 0.347
 0.425, 0.341
 0.418, 0.361
 0.418, 0.386
 0.412, 0.406
 0.405, 0.400
 0.419, 0.412
 0.418, 0.412
 0.438, 0.406
 0.438, 0.406
 0.438, 0.393
 0.438, 0.393
 0.445, 0.386
 0.439, 0.393
 0.446, 0.412
 0.426, 0.406
 0.420, 0.399
 0.406, 0.399
 0.406, 0.399
 0.418, 0.438
 0.391, 0.452
 0.384, 0.471
 0.377, 0.478
 0.364, 0.491
 0.358, 0.510
 0.358, 0.523
 0.352, 0.543
 0.338, 0.582
 0.318, 0.589
 0.311, 0.582
 0.304, 0.576
 0.297, 0.582
 0.297, 0.582
 0.305, 0.563
 0.305, 0.550
 0.305, 0.524
 0.285, 0.478
 0.271, 0.427
 0.258, 0.388
 0.245, 0.362
 0.231, 0.336
 0.225, 0.291
 0.211, 0.252
 0.204, 0.207
 0.197, 0.200
 0.211, 0.174
 0.218, 0.167
 0.231, 0.167
 0.252, 0.186
 0.272, 0.219
 0.278, 0.278
 0.305, 0.329
 0.304, 0.368
 0.318, 0.381
 0.331, 0.407
 0.345, 0.420
 0.345, 0.432
 0.358, 0.432
 0.359, 0.419
 0.371, 0.393
 0.365, 0.374
 0.358, 0.368
 0.371, 0.381
 0.384, 0.393
 0.397, 0.419
 0.404, 0.439
 0.405, 0.452
 0.425, 0.471
 0.445, 0.490
 0.465, 0.523
 0.465, 0.536
 0.472, 0.542
 0.478, 0.535
 0.478, 0.535
 0.485, 0.529
 0.505, 0.522
 0.512, 0.529
 0.512, 0.542
 0.512, 0.529
 0.538, 0.528
 0.545, 0.522
 0.559, 0.535
 0.565, 0.567
 0.580, 0.593
 0.593, 0.619
 0.599, 0.625
 0.619, 0.632
 0.632, 0.657
 0.646, 0.670
 0.659, 0.696
 0.659, 0.709
 0.659, 0.709
 0.672, 0.722
 0.679, 0.755
 0.680, 0.768
 0.673, 0.787
 0.680, 0.833
 0.679, 0.846
 0.679, 0.846
 0.678, 0.845
 0.679, 0.859
 0.678, 0.871
 0.684, 0.877
 0.678, 0.897
 0.665, 0.898
 0.658, 0.878
 0.652, 0.859
 0.651, 0.845
 0.659, 0.826
 0.658, 0.787
 0.659, 0.748
 0.653, 0.703
 0.646, 0.657
 0.646, 0.619
 0.653, 0.586
 0.667, 0.534
 0.688, 0.475
 0.674, 0.423
 0.662, 0.358
 0.656, 0.287
 0.629, 0.209
 0.595, 0.125
 0.574, 0.041
 0.548,-0.024
 0.541,-0.029
 0.521,-0.010
 0.514, 0.048
 0.507, 0.146
 0.507, 0.236
 0.493, 0.314
 0.473, 0.360
 0.466, 0.405
 0.466, 0.457
 0.452, 0.523
 0.458, 0.555
 0.437, 0.575
 0.437, 0.575
 0.423, 0.588
 0.410, 0.601
 0.417, 0.607
 0.424, 0.627
 0.438, 0.640
 0.451, 0.640
 0.458, 0.633
 0.464, 0.652
 0.464, 0.652
 0.471, 0.659
 0.484, 0.659
 0.471, 0.659
 0.491, 0.678
 0.491, 0.691
 0.518, 0.717
 0.525, 0.724
 0.532, 0.730
 0.538, 0.710
 0.531, 0.678
 0.545, 0.639
 0.551, 0.606
 0.552, 0.580
 0.552, 0.567
 0.559, 0.522
 0.546, 0.483
 0.559, 0.431
 0.567, 0.385
 0.567, 0.346
 0.567, 0.294
 0.587, 0.262
 0.586, 0.223
 0.594, 0.216
 0.580, 0.242
 0.574, 0.249
 0.573, 0.262
 0.592, 0.294
 0.599, 0.353
 0.599, 0.404
 0.586, 0.444
 0.594, 0.476
 0.593, 0.502
 0.599, 0.534
 0.610, 0.560
 0.617, 0.605
 0.631, 0.657
 0.638, 0.703
 0.653, 0.769
 0.660, 0.814
 0.660, 0.841
 0.665, 0.859
 0.657, 0.852
 0.663, 0.871
 0.676, 0.897
 0.683, 0.929
 0.691, 0.950
 0.685, 0.917
 0.685, 0.879
 0.698, 0.839
 0.698, 0.787
 0.698, 0.761
 0.711, 0.735
 0.706, 0.716
 0.719, 0.676
 0.713, 0.618
 0.713, 0.566
 0.713, 0.488
 0.701, 0.410
 0.681, 0.326
 0.648, 0.215
 0.600, 0.144
 0.572, 0.080
 0.545, 0.028
 0.545, 0.003
 0.552,-0.017
 0.559,-0.024
 0.566,-0.018
 0.580,-0.005
 0.586, 0.015
 0.599, 0.041
 0.598, 0.067
 0.611, 0.093
 0.620, 0.125
 0.619, 0.164
 0.626, 0.196
 0.646, 0.216
 0.639, 0.209
 0.659, 0.229
 0.672, 0.268
 0.686, 0.319
 0.713, 0.345
 0.719, 0.365
 0.734, 0.390
 0.759, 0.416
 0.780, 0.436
 0.793, 0.474
 0.799, 0.494
 0.800, 0.507
 0.819, 0.513
 0.820, 0.500
 0.827, 0.481
 0.826, 0.468
 0.821, 0.461
 0.826, 0.468
 0.833, 0.474
 0.826, 0.494
 0.825, 0.494
 0.827, 0.494
 0.819, 0.487
 0.827, 0.468
 0.827, 0.455
 0.826, 0.429
 0.821, 0.383
 0.820, 0.331
 0.807, 0.279
 0.800, 0.234
 0.787, 0.143
 0.782, 0.058
 0.782,-0.033
 0.776,-0.117
 0.769,-0.189
 0.761,-0.246
 0.768,-0.239
 0.760,-0.167
 0.774,-0.077
 0.768, 0.033
 0.762, 0.130
 0.762, 0.195
 0.754, 0.254
 0.747, 0.299
 0.740, 0.345
 0.732, 0.378
 0.726, 0.410
 0.725, 0.449
 0.713, 0.475
 0.720, 0.534
 0.706, 0.586
 0.706, 0.638
 0.691, 0.689
 0.691, 0.741
 0.691, 0.780
 0.671, 0.813
 0.658, 0.840
 0.651, 0.846
 0.638, 0.859
 0.618, 0.866
 0.597, 0.846
 0.584, 0.821
 0.577, 0.801
 0.584, 0.781
 0.591, 0.775
 0.585, 0.768
 0.585, 0.756
 0.591, 0.749
 0.585, 0.742
 0.591, 0.736
 0.598, 0.716
 0.605, 0.697
 0.598, 0.651
 0.592, 0.632
 0.612, 0.638
 0.612, 0.664
 0.632, 0.671
 0.632, 0.683
 0.646, 0.683
 0.646, 0.683
 0.659, 0.683
 0.659, 0.696
 0.658, 0.709
 0.659, 0.735
 0.666, 0.755
 0.658, 0.761
 0.646, 0.775
 0.658, 0.774
 0.652, 0.768
 0.658, 0.787
 0.665, 0.807
 0.679, 0.820
 0.685, 0.813
 0.679, 0.807
 0.672, 0.800
 0.678, 0.806
 0.686, 0.814
 0.691, 0.832
 0.692, 0.820
 0.684, 0.813
 0.691, 0.806
 0.684, 0.813
 0.684, 0.826
 0.685, 0.826
 0.664, 0.820
 0.658, 0.787
 0.665, 0.768
 0.664, 0.742
 0.651, 0.703
 0.665, 0.664
 0.651, 0.612
 0.645, 0.567
 0.645, 0.528
 0.633, 0.463
 0.625, 0.404
 0.612, 0.300
 0.599, 0.223
 0.597, 0.171
 0.584, 0.145
 0.605, 0.138
 0.612, 0.158
 0.619, 0.203
 0.632, 0.242
 0.626, 0.274
 0.639, 0.300
 0.652, 0.326
 0.680, 0.365
 0.692, 0.378
 0.692, 0.378
 0.693, 0.365
 0.685, 0.345
 0.699, 0.358
 0.712, 0.384
 0.740, 0.410
 0.753, 0.436
 0.747, 0.442
 0.754, 0.449
 0.739, 0.475
 0.739, 0.488
 0.746, 0.520
 0.746, 0.546
 0.738, 0.553
 0.738, 0.566
 0.745, 0.585
 0.752, 0.592
 0.745, 0.598
 0.739, 0.579
 0.732, 0.546
 0.719, 0.508
 0.705, 0.482
 0.704, 0.469
 0.685, 0.462
 0.671, 0.449
 0.679, 0.443
 0.678, 0.443
 0.679, 0.443
 0.686, 0.449
 0.699, 0.449
 0.720, 0.442
 0.726, 0.449
 0.733, 0.494
 0.732, 0.520
 0.725, 0.553
 0.726, 0.566
 0.712, 0.579
 0.699, 0.566
 0.685, 0.579
 0.671, 0.592
 0.652, 0.612
 0.645, 0.606
 0.624, 0.599
 0.611, 0.573
 0.604, 0.554
 0.619, 0.541
 0.605, 0.541
 0.605, 0.528
 0.612, 0.495
 0.618, 0.476
 0.612, 0.456
 0.605, 0.437
 0.612, 0.404
 0.606, 0.359
 0.593, 0.320
 0.594, 0.268
 0.587, 0.248
 0.586, 0.223
 0.600, 0.209
 0.620, 0.190
 0.641, 0.183
 0.641, 0.209
 0.648, 0.229
 0.648, 0.267
 0.633, 0.320
 0.641, 0.365
 0.647, 0.410
 0.647, 0.437
 0.641, 0.443
 0.640, 0.443
 0.640, 0.430
 0.653, 0.430
 0.627, 0.404
 0.634, 0.398
 0.627, 0.378
 0.614, 0.404
 0.614, 0.430
 0.620, 0.463
 0.626, 0.482
 0.626, 0.495
 0.627, 0.495
 0.620, 0.502
 0.613, 0.521
 0.620, 0.554
 0.613, 0.573
 0.607, 0.593
 0.605, 0.606
 0.612, 0.599
 0.613, 0.599
 0.612, 0.612
 0.607, 0.632
 0.613, 0.665
 0.613, 0.690
 0.605, 0.697
 0.617, 0.696
 0.618, 0.709
 0.624, 0.742
 0.631, 0.787
 0.640, 0.847
 0.647, 0.892
 0.646, 0.932
 0.645, 0.944
 0.650, 0.949
 0.657, 0.981
 0.676, 1.025
 0.698, 1.098
 0.699, 1.151
 0.700, 1.165
 0.706, 1.158
 0.692, 1.131
 0.686, 1.099
 0.692, 1.066
 0.672, 1.021
 0.653, 0.976
 0.645, 0.917
 0.646, 0.866
 0.653, 0.794
 0.639, 0.729
 0.647, 0.670
 0.640, 0.612
 0.641, 0.534
 0.634, 0.450
 0.654, 0.391
 0.668, 0.339
 0.668, 0.326
 0.669, 0.326
 0.661, 0.345
 0.661, 0.358
 0.668, 0.391
 0.647, 0.436
 0.655, 0.495
 0.647, 0.540
 0.641, 0.573
 0.647, 0.592
 0.645, 0.631
 0.659, 0.657
 0.666, 0.676
 0.660, 0.709
 0.660, 0.749
 0.674, 0.761
 0.681, 0.781
 0.673, 0.774
 0.673, 0.774
 0.673, 0.787
 0.679, 0.819
 0.666, 0.820
 0.673, 0.852
 0.666, 0.846
 0.680, 0.820
 0.672, 0.813
 0.673, 0.787
 0.686, 0.761
 0.687, 0.735
 0.675, 0.709
 0.667, 0.690
 0.667, 0.651
 0.653, 0.625
 0.640, 0.599
 0.633, 0.567
 0.627, 0.560
 0.614, 0.547
 0.607, 0.528
 0.607, 0.502
 0.607, 0.476
 0.606, 0.476
 0.626, 0.495
 0.639, 0.495
 0.661, 0.501
 0.655, 0.508
 0.675, 0.514
 0.689, 0.514
 0.695, 0.520
 0.702, 0.527
 0.702, 0.527
 0.701, 0.527
 0.702, 0.514
 0.694, 0.494
 0.695, 0.481
 0.689, 0.488
 0.681, 0.495
 0.683, 0.482
 0.662, 0.475
 0.656, 0.430
 0.656, 0.404
 0.642, 0.378
 0.635, 0.371
 0.621, 0.385
 0.615, 0.378
 0.615, 0.378
 0.608, 0.372
 0.622, 0.359
 0.615, 0.352
 0.608, 0.320
 0.596, 0.294
 0.582, 0.268
 0.576, 0.235
 0.583, 0.190
 0.583, 0.151
 0.577, 0.131
 0.563, 0.105
 0.557, 0.086
 0.556, 0.060
 0.543, 0.047
 0.550, 0.054
 0.542, 0.074
 0.543, 0.086
 0.544, 0.099
 0.545, 0.085
 0.537, 0.079
 0.516, 0.061
 0.488, 0.101
 0.480, 0.146
 0.481, 0.198
 0.488, 0.243
 0.475, 0.282
 0.482, 0.288
 0.481, 0.288
 0.475, 0.269
 0.494, 0.262
 0.507, 0.250
 0.521, 0.249
 0.514, 0.243
 0.515, 0.229
 0.522, 0.210
 0.535, 0.197
 0.543, 0.189
 0.550, 0.170
 0.557, 0.150
 0.569, 0.112
 0.568, 0.087
 0.582, 0.073
 0.596, 0.060
 0.603, 0.027
 0.603, 0.001
 0.609,-0.017
 0.609, 0.009
 0.595, 0.061
 0.602, 0.132
 0.596, 0.203
 0.582, 0.255
 0.575, 0.287
 0.580, 0.320
 0.587, 0.327
 0.600, 0.365
 0.586, 0.392
 0.594, 0.411
 0.574, 0.431
 0.581, 0.411
 0.601, 0.391
 0.607, 0.359
 0.607, 0.333
 0.620, 0.307
 0.621, 0.281
 0.635, 0.268
 0.628, 0.235
 0.643, 0.222
 0.629, 0.196
 0.636, 0.189
 0.635, 0.190
 0.628, 0.210
 0.621, 0.255
 0.620, 0.294
 0.601, 0.313
 0.575, 0.339
 0.535, 0.366
 0.482, 0.392
 0.454, 0.418
 0.421, 0.438
 0.407, 0.477
 0.420, 0.503
 0.427, 0.549
 0.447, 0.555
 0.454, 0.561
 0.467, 0.535
 0.487, 0.529
 0.521, 0.522
 0.554, 0.541
 0.575, 0.560
 0.595, 0.593
 0.588, 0.599
 0.595, 0.619
 0.588, 0.638
 0.588, 0.651
 0.581, 0.684
 0.588, 0.716
 0.595, 0.749
 0.608, 0.762
 0.608, 0.775
 0.621, 0.788
 0.634, 0.800
 0.648, 0.826
 0.667, 0.845
 0.688, 0.826
 0.694, 0.793
 0.715, 0.761
 0.722, 0.728
 0.749, 0.702
 0.756, 0.669
 0.770, 0.630
 0.775, 0.559
 0.789, 0.507
 0.809, 0.474
 0.824, 0.461
 0.832, 0.467
 0.825, 0.474
 0.811, 0.487
 0.797, 0.500
 0.791, 0.507
 0.770, 0.526
 0.775, 0.546
 0.763, 0.585
 0.768, 0.617
 0.769, 0.617
 0.762, 0.598
 0.762, 0.559
 0.763, 0.533
 0.769, 0.513
 0.777, 0.481
 0.777, 0.455
 0.777, 0.403
 0.771, 0.344
 0.751, 0.299
 0.745, 0.253
 0.738, 0.195
 0.738, 0.130
 0.753, 0.104
 0.758, 0.059
 0.753, 0.052
 0.739, 0.065
 0.726, 0.078
 0.698, 0.117
 0.670, 0.170
 0.623, 0.229
 0.603, 0.287
 0.569, 0.320
 0.563, 0.339
 0.542, 0.359
 0.535, 0.366
 0.535, 0.379
 0.528, 0.385
 0.528, 0.411
 0.534, 0.444
 0.528, 0.463
 0.515, 0.489
 0.508, 0.509
 0.501, 0.516
 0.501, 0.516
 0.508, 0.522
