-0.391,-1.468
-0.374,-1.507
-0.366,-1.544
-0.381,-1.588
-0.405,-1.643
-0.421,-1.675
-0.452,-1.720
-0.468,-1.739
-0.482,-1.747
-0.483,-1.720
-0.461,-1.717
-0.437,-1.705
-0.399,-1.703
-0.351,-1.715
-0.281,-1.709
-0.235,-1.694
-0.210,-1.667
-0.203,-1.679
-0.187,-1.691
-0.195,-1.667
-0.211,-1.654
-0.234,-1.628
-0.242,-1.594
-0.242,-1.551
-0.274,-1.569
-0.281,-1.576
-0.319,-1.577
-0.335,-1.579
-0.342,-1.567
-0.358,-1.582
-0.359,-1.585
-0.382,-1.591
-0.414,-1.611
-0.414,-1.625
-0.437,-1.616
-0.468,-1.616
-0.483,-1.597
-0.507,-1.592
-0.514,-1.567
-0.529,-1.567
-0.560,-1.566
-0.574,-1.559
-0.583,-1.543
-0.577,-1.509
-0.548,-1.484
-0.525,-1.480
-0.516,-1.486
-0.500,-1.515
-0.506,-1.530
-0.512,-1.563
-0.544,-1.563
-0.559,-1.561
-0.545,-1.583
-0.529,-1.597
-0.546,-1.632
-0.546,-1.647
-0.545,-1.672
-0.547,-1.691
-0.530,-1.720
-0.522,-1.742
-0.531,-1.767
-0.545,-1.765
-0.539,-1.762
-0.538,-1.713
-0.522,-1.698
-0.514,-1.676
-0.498,-1.676
-0.492,-1.673
-0.491,-1.655
-0.490,-1.638
-0.491,-1.592
-0.483,-1.584
-0.491,-1.592
-0.467,-1.597
-0.468,-1.601
-0.459,-1.621
-0.466,-1.609
-0.459,-1.619
-0.460,-1.621
-0.469,-1.663
-0.493,-1.704
-0.508,-1.761
-0.531,-1.814
-0.538,-1.863
-0.537,-1.891
-0.521,-1.876
-0.505,-1.827
-0.491,-1.789
-0.468,-1.739
-0.461,-1.704
-0.461,-1.693
-0.453,-1.682
-0.453,-1.699
-0.444,-1.699
-0.404,-1.689
-0.373,-1.670
-0.356,-1.650
-0.373,-1.655
-0.381,-1.650
-0.398,-1.656
-0.437,-1.665
-0.436,-1.692
-0.452,-1.707
-0.466,-1.732
-0.482,-1.735
-0.490,-1.729
-0.514,-1.691
-0.514,-1.663
-0.506,-1.606
-0.497,-1.597
-0.489,-1.572
-0.489,-1.559
-0.483,-1.557
-0.483,-1.555
-0.491,-1.565
-0.499,-1.557
-0.498,-1.570
-0.506,-1.609
-0.513,-1.644
-0.521,-1.668
-0.521,-1.710
-0.543,-1.729
-0.545,-1.737
-0.561,-1.752
-0.570,-1.777
-0.561,-1.799
-0.576,-1.810
-0.584,-1.819
-0.606,-1.823
-0.615,-1.849
-0.608,-1.827
-0.599,-1.801
-0.607,-1.780
-0.598,-1.737
-0.591,-1.717
-0.568,-1.652
-0.560,-1.614
-0.562,-1.604
-0.537,-1.607
-0.522,-1.609
-0.490,-1.592
-0.481,-1.596
-0.467,-1.601
-0.443,-1.606
-0.427,-1.605
-0.396,-1.618
-0.396,-1.620
-0.381,-1.640
-0.366,-1.625
-0.367,-1.632
-0.367,-1.663
-0.374,-1.677
-0.389,-1.691
-0.373,-1.702
-0.365,-1.726
-0.350,-1.711
-0.358,-1.704
-0.342,-1.678
-0.326,-1.659
-0.335,-1.654
-0.319,-1.626
-0.319,-1.622
-0.312,-1.604
-0.327,-1.616
-0.327,-1.631
-0.319,-1.622
-0.311,-1.642
-0.304,-1.653
-0.295,-1.675
-0.296,-1.678
-0.265,-1.679
-0.241,-1.685
-0.233,-1.709
-0.233,-1.705
-0.233,-1.706
-0.241,-1.697
-0.241,-1.667
-0.257,-1.655
-0.280,-1.643
-0.287,-1.649
-0.327,-1.646
-0.335,-1.641
-0.351,-1.629
-0.351,-1.612
-0.367,-1.612
-0.374,-1.632
-0.397,-1.652
-0.397,-1.671
-0.420,-1.660
-0.428,-1.653
-0.436,-1.645
-0.428,-1.653
-0.413,-1.672
-0.421,-1.677
-0.429,-1.685
-0.413,-1.684
-0.420,-1.689
-0.428,-1.697
-0.443,-1.708
-0.436,-1.736
-0.452,-1.720
-0.428,-1.697
-0.405,-1.675
-0.428,-1.619
-0.421,-1.584
-0.436,-1.554
-0.436,-1.554
-0.445,-1.551
-0.437,-1.540
-0.422,-1.542
-0.429,-1.549
-0.421,-1.556
-0.421,-1.586
-0.420,-1.581
-0.420,-1.581
-0.405,-1.536
-0.390,-1.509
-0.391,-1.485
-0.376,-1.470
-0.375,-1.485
-0.374,-1.482
-0.374,-1.479
-0.374,-1.464
-0.373,-1.415
-0.366,-1.378
-0.359,-1.343
-0.336,-1.339
-0.328,-1.303
-0.320,-1.277
-0.297,-1.242
-0.273,-1.232
-0.273,-1.229
-0.249,-1.238
-0.233,-1.236
-0.242,-1.231
-0.234,-1.224
-0.250,-1.222
-0.258,-1.218
-0.258,-1.217
-0.250,-1.225
-0.257,-1.232
-0.265,-1.239
-0.265,-1.239
-0.264,-1.236
-0.288,-1.261
-0.312,-1.254
-0.343,-1.253
-0.335,-1.277
-0.326,-1.278
-0.319,-1.304
-0.319,-1.319
-0.296,-1.345
-0.313,-1.351
-0.320,-1.356
-0.336,-1.386
-0.327,-1.403
-0.326,-1.461
-0.319,-1.499
-0.319,-1.514
-0.311,-1.540
-0.335,-1.533
-0.343,-1.526
-0.351,-1.504
-0.335,-1.503
-0.320,-1.508
-0.304,-1.506
-0.288,-1.520
-0.296,-1.511
-0.280,-1.493
-0.273,-1.503
-0.249,-1.510
-0.233,-1.525
-0.203,-1.529
-0.179,-1.518
-0.171,-1.509
-0.147,-1.516
-0.140,-1.540
-0.140,-1.530
-0.140,-1.531
-0.117,-1.510
-0.132,-1.491
-0.109,-1.491
-0.132,-1.496
-0.132,-1.483
-0.140,-1.486
-0.133,-1.481
-0.133,-1.484
-0.140,-1.491
-0.148,-1.504
-0.148,-1.518
-0.140,-1.538
-0.148,-1.560
-0.148,-1.577
-0.148,-1.577
-0.140,-1.558
-0.148,-1.519
-0.172,-1.497
-0.188,-1.485
-0.203,-1.453
-0.211,-1.446
-0.210,-1.445
-0.225,-1.441
-0.241,-1.428
-0.241,-1.424
-0.249,-1.421
-0.241,-1.428
-0.226,-1.443
-0.233,-1.450
-0.240,-1.440
-0.257,-1.456
-0.256,-1.458
-0.264,-1.463
-0.256,-1.483
-0.256,-1.483
-0.241,-1.505
-0.249,-1.512
-0.272,-1.506
-0.305,-1.494
-0.335,-1.487
-0.366,-1.502
-0.397,-1.500
-0.404,-1.507
-0.404,-1.507
-0.419,-1.475
-0.444,-1.441
-0.444,-1.411
-0.460,-1.414
-0.453,-1.409
-0.452,-1.389
-0.436,-1.391
-0.428,-1.381
-0.420,-1.403
-0.389,-1.421
-0.388,-1.448
-0.389,-1.465
-0.419,-1.431
-0.427,-1.409
-0.436,-1.387
-0.443,-1.377
-0.436,-1.375
-0.444,-1.382
-0.443,-1.379
-0.443,-1.349
-0.451,-1.310
-0.452,-1.283
-0.468,-1.254
-0.491,-1.232
-0.507,-1.233
-0.506,-1.230
-0.530,-1.238
-0.522,-1.228
-0.522,-1.213
-0.522,-1.213
-0.521,-1.227
-0.522,-1.230
-0.507,-1.215
-0.515,-1.208
-0.507,-1.202
-0.507,-1.215
-0.499,-1.223
-0.491,-1.213
-0.490,-1.198
-0.475,-1.200
-0.459,-1.182
-0.436,-1.192
-0.405,-1.162
-0.374,-1.162
-0.358,-1.149
-0.357,-1.146
-0.335,-1.141
-0.311,-1.130
-0.303,-1.152
-0.288,-1.140
-0.287,-1.123
-0.273,-1.098
-0.281,-1.075
-0.288,-1.082
-0.296,-1.090
-0.303,-1.094
-0.319,-1.095
-0.318,-1.078
-0.310,-1.068
-0.311,-1.040
-0.304,-1.003
-0.304,-0.992
-0.304,-0.975
-0.304,-0.989
-0.304,-0.989
-0.304,-1.003
-0.312,-1.013
-0.319,-1.003
-0.327,-1.011
-0.319,-1.018
-0.334,-1.017
-0.319,-1.020
-0.319,-1.004
-0.343,-1.012
-0.343,-1.012
-0.350,-1.032
-0.350,-1.047
-0.341,-1.065
-0.357,-1.068
-0.359,-1.073
-0.367,-1.082
-0.376,-1.110
-0.375,-1.121
-0.381,-1.155
-0.397,-1.184
-0.418,-1.187
-0.412,-1.183
-0.411,-1.166
-0.428,-1.184
-0.436,-1.178
-0.436,-1.194
-0.453,-1.227
-0.452,-1.254
-0.475,-1.261
-0.483,-1.252
-0.505,-1.271
-0.514,-1.267
-0.514,-1.267
-0.522,-1.262
-0.522,-1.277
-0.528,-1.281
-0.529,-1.282
-0.528,-1.279
-0.537,-1.304
-0.529,-1.312
-0.529,-1.312
-0.530,-1.329
-0.519,-1.344
-0.536,-1.360
-0.537,-1.365
-0.529,-1.358
-0.515,-1.364
-0.508,-1.357
-0.507,-1.370
-0.513,-1.373
-0.527,-1.367
-0.535,-1.347
-0.542,-1.335
-0.543,-1.308
-0.545,-1.297
-0.514,-1.284
-0.515,-1.302
-0.498,-1.301
-0.506,-1.323
-0.505,-1.321
-0.512,-1.340
-0.513,-1.326
-0.505,-1.319
-0.506,-1.336
-0.513,-1.345
-0.513,-1.343
-0.514,-1.329
-0.520,-1.333
-0.513,-1.326
-0.505,-1.335
-0.512,-1.340
-0.520,-1.350
-0.519,-1.345
-0.535,-1.347
-0.522,-1.338
-0.513,-1.373
-0.491,-1.387
-0.491,-1.402
-0.506,-1.430
-0.498,-1.449
-0.528,-1.489
-0.521,-1.530
-0.528,-1.565
-0.536,-1.588
-0.513,-1.585
-0.521,-1.577
-0.506,-1.596
-0.506,-1.609
-0.498,-1.633
-0.490,-1.685
-0.489,-1.710
-0.490,-1.714
-0.489,-1.710
-0.473,-1.697
-0.458,-1.682
-0.449,-1.656
-0.443,-1.625
-0.442,-1.608
-0.420,-1.605
-0.389,-1.603
-0.364,-1.607
-0.349,-1.609
-0.332,-1.604
-0.332,-1.589
-0.310,-1.570
-0.310,-1.542
-0.318,-1.525
-0.334,-1.523
-0.365,-1.536
-0.387,-1.524
-0.395,-1.514
-0.403,-1.494
-0.387,-1.492
-0.387,-1.509
-0.380,-1.519
-0.388,-1.528
-0.381,-1.536
-0.396,-1.548
-0.404,-1.571
-0.420,-1.632
-0.434,-1.687
-0.466,-1.688
-0.497,-1.703
-0.537,-1.698
-0.553,-1.699
-0.568,-1.728
-0.585,-1.762
-0.575,-1.780
-0.591,-1.782
-0.591,-1.767
-0.583,-1.773
-0.576,-1.799
-0.558,-1.809
-0.566,-1.830
-0.557,-1.835
-0.581,-1.828
-0.583,-1.806
-0.584,-1.792
-0.593,-1.807
-0.608,-1.804
-0.638,-1.814
-0.661,-1.833
-0.689,-1.856
-0.714,-1.866
-0.713,-1.864
-0.723,-1.876
-0.726,-1.899
-0.725,-1.928
-0.718,-1.982
-0.709,-2.015
-0.700,-2.062
-0.693,-2.104
-0.669,-2.125
-0.648,-2.154
-0.625,-2.148
-0.601,-2.122
-0.585,-2.107
-0.552,-2.085
-0.530,-2.053
-0.491,-2.014
-0.484,-2.010
-0.476,-2.006
-0.460,-2.004
-0.461,-1.991
-0.468,-2.012
-0.451,-2.021
-0.421,-2.024
-0.381,-2.009
-0.366,-2.012
-0.335,-2.016
-0.304,-2.003
-0.258,-1.993
-0.227,-1.993
-0.227,-1.995
-0.211,-1.976
-0.210,-1.989
-0.218,-1.995
-0.241,-1.969
-0.272,-1.941
-0.327,-1.906
-0.366,-1.899
-0.413,-1.885
-0.443,-1.881
-0.490,-1.913
-0.514,-1.919
-0.537,-1.941
-0.553,-1.912
-0.560,-1.916
-0.568,-1.925
-0.591,-1.929
-0.583,-1.953
-0.584,-1.955
-0.567,-1.921
-0.576,-1.901
-0.561,-1.903
-0.545,-1.904
-0.537,-1.899
-0.521,-1.880
-0.513,-1.889
-0.497,-1.872
-0.473,-1.861
-0.466,-1.855
-0.457,-1.860
-0.467,-1.859
-0.474,-1.879
-0.489,-1.876
-0.506,-1.869
-0.483,-1.861
-0.476,-1.858
-0.484,-1.866
-0.491,-1.869
-0.490,-1.880
-0.514,-1.709
-0.513,-1.690
-0.505,-1.714
-0.497,-1.735
-0.497,-1.751
-0.512,-1.794
-0.521,-1.791
-0.520,-1.770
-0.529,-1.767
-0.519,-1.753
-0.542,-1.743
-0.544,-1.689
-0.536,-1.652
-0.523,-1.645
-0.546,-1.622
-0.538,-1.614
-0.529,-1.602
-0.535,-1.587
-0.544,-1.584
-0.536,-1.546
-0.521,-1.531
-0.506,-1.520
-0.482,-1.496
-0.459,-1.475
-0.443,-1.456
-0.436,-1.450
-0.429,-1.429
-0.420,-1.419
-0.381,-1.413
-0.365,-1.397
-0.364,-1.409
-0.341,-1.402
-0.333,-1.392
-0.319,-1.383
-0.303,-1.353
-0.303,-1.309
-0.280,-1.274
-0.303,-1.262
-0.288,-1.264
-0.287,-1.277
-0.295,-1.284
-0.295,-1.284
-0.309,-1.278
-0.302,-1.272
-0.310,-1.236
-0.303,-1.247
-0.280,-1.230
-0.280,-1.230
-0.273,-1.239
-0.225,-1.249
-0.217,-1.284
-0.193,-1.306
-0.178,-1.350
-0.178,-1.383
-0.178,-1.429
-0.194,-1.477
-0.218,-1.531
-0.234,-1.588
-0.242,-1.643
-0.265,-1.677
-0.280,-1.675
-0.304,-1.670
-0.319,-1.668
-0.335,-1.671
-0.350,-1.671
-0.366,-1.673
-0.389,-1.681
-0.412,-1.667
-0.428,-1.623
-0.428,-1.591
-0.444,-1.593
-0.451,-1.586
-0.459,-1.593
-0.483,-1.603
-0.490,-1.592
-0.497,-1.597
-0.505,-1.604
-0.513,-1.597
-0.515,-1.604
-0.531,-1.590
-0.547,-1.622
-0.546,-1.634
-0.552,-1.652
-0.567,-1.650
-0.575,-1.642
-0.559,-1.657
-0.552,-1.652
-0.568,-1.637
-0.578,-1.636
-0.569,-1.610
-0.568,-1.607
-0.561,-1.570
-0.568,-1.529
-0.561,-1.511
-0.552,-1.484
-0.552,-1.455
-0.545,-1.420
-0.552,-1.410
-0.553,-1.366
-0.552,-1.319
-0.530,-1.299
-0.522,-1.277
-0.513,-1.281
-0.514,-1.269
-0.505,-1.273
-0.513,-1.282
-0.498,-1.283
-0.497,-1.310
-0.498,-1.313
-0.498,-1.296
-0.506,-1.291
-0.515,-1.272
-0.522,-1.248
-0.547,-1.227
-0.537,-1.216
-0.569,-1.215
-0.568,-1.197
-0.559,-1.185
-0.576,-1.158
-0.585,-1.151
-0.579,-1.131
-0.589,-1.127
-0.596,-1.148
-0.604,-1.186
-0.586,-1.228
-0.594,-1.251
-0.586,-1.273
-0.592,-1.294
-0.586,-1.335
-0.577,-1.356
-0.585,-1.396
-0.609,-1.403
-0.632,-1.424
-0.640,-1.449
-0.647,-1.500
-0.655,-1.540
-0.655,-1.571
-0.668,-1.609
-0.684,-1.639
-0.708,-1.662
-0.717,-1.705
-0.719,-1.739
-0.736,-1.759
-0.729,-1.798
-0.725,-1.804
-0.732,-1.809
-0.724,-1.814
-0.699,-1.803
-0.685,-1.807
-0.693,-1.801
-0.663,-1.776
-0.632,-1.731
-0.630,-1.680
-0.616,-1.654
-0.591,-1.644
-0.576,-1.615
-0.569,-1.610
-0.577,-1.602
-0.569,-1.578
-0.567,-1.541
-0.560,-1.536
-0.560,-1.523
-0.545,-1.509
-0.546,-1.513
-0.553,-1.501
-0.545,-1.508
-0.544,-1.476
-0.552,-1.467
-0.552,-1.484
-0.552,-1.486
-0.554,-1.506
-0.546,-1.514
-0.546,-1.529
-0.547,-1.562
-0.529,-1.600
-0.537,-1.654
-0.544,-1.722
-0.551,-1.757
-0.575,-1.763
-0.582,-1.721
-0.599,-1.713
-0.607,-1.689
-0.615,-1.682
-0.615,-1.669
-0.607,-1.630
-0.607,-1.601
-0.615,-1.563
-0.615,-1.532
-0.616,-1.489
-0.599,-1.470
-0.615,-1.472
-0.623,-1.463
-0.639,-1.448
-0.632,-1.458
-0.639,-1.463
-0.639,-1.509
-0.622,-1.537
-0.613,-1.571
-0.621,-1.579
-0.630,-1.588
-0.632,-1.625
-0.617,-1.659
-0.625,-1.683
-0.632,-1.705
-0.637,-1.687
-0.645,-1.695
-0.644,-1.692
-0.652,-1.700
-0.638,-1.706
-0.639,-1.692
-0.648,-1.704
-0.632,-1.716
-0.599,-1.726
-0.576,-1.735
-0.560,-1.748
-0.538,-1.776
-0.507,-1.778
-0.476,-1.808
-0.444,-1.839
-0.405,-1.870
-0.366,-1.912
-0.351,-1.927
-0.350,-1.973
-0.366,-1.974
-0.381,-1.970
-0.412,-1.970
-0.436,-1.963
-0.459,-1.982
-0.452,-2.024
-0.452,-2.054
-0.468,-2.073
-0.461,-2.095
-0.469,-2.134
-0.446,-2.191
-0.453,-2.266
-0.453,-2.331
-0.445,-2.381
-0.461,-2.394
-0.453,-2.400
-0.444,-2.389
-0.438,-2.390
-0.430,-2.399
-0.430,-2.399
-0.422,-2.420
-0.444,-2.422
-0.468,-2.418
-0.453,-2.403
-0.461,-2.414
-0.461,-2.401
-0.452,-2.387
-0.460,-2.349
-0.444,-2.303
-0.460,-2.290
-0.453,-2.271
-0.468,-2.253
-0.483,-2.268
-0.475,-2.275
-0.475,-2.270
-0.481,-2.287
-0.497,-2.289
-0.523,-2.274
-0.516,-2.285
-0.524,-2.296
-0.541,-2.331
-0.539,-2.352
-0.562,-2.404
-0.576,-2.427
-0.592,-2.427
-0.599,-2.418
-0.599,-2.418
-0.601,-2.413
-0.586,-2.397
-0.593,-2.404
-0.594,-2.391
-0.609,-2.388
-0.609,-2.406
-0.608,-2.401
-0.615,-2.377
-0.624,-2.356
-0.631,-2.344
-0.639,-2.356
-0.646,-2.332
-0.663,-2.334
-0.647,-2.321
-0.663,-2.303
-0.663,-2.291
-0.671,-2.282
-0.671,-2.282
-0.669,-2.290
-0.683,-2.300
-0.693,-2.301
-0.701,-2.277
-0.726,-2.247
-0.736,-2.214
-0.742,-2.203
-0.734,-2.210
-0.747,-2.216
-0.755,-2.209
-0.762,-2.185
-0.761,-2.135
-0.741,-2.108
-0.718,-2.086
-0.679,-2.080
-0.655,-2.087
-0.647,-2.074
-0.623,-2.050
-0.615,-2.042
-0.576,-2.038
-0.539,-2.005
-0.515,-1.995
-0.515,-1.997
-0.483,-1.993
-0.482,-1.978
-0.475,-1.956
-0.474,-1.954
-0.459,-1.956
-0.443,-1.954
-0.444,-1.956
-0.420,-1.963
-0.396,-1.968
-0.374,-1.981
-0.351,-1.972
-0.328,-1.940
-0.306,-1.922
-0.281,-1.925
-0.250,-1.910
-0.218,-1.920
-0.210,-1.909
-0.186,-1.872
-0.163,-1.847
-0.140,-1.846
-0.125,-1.845
-0.125,-1.875
-0.125,-1.892
-0.148,-1.898
-0.156,-1.941
-0.172,-1.952
-0.180,-1.991
-0.180,-2.024
-0.180,-2.048
-0.196,-2.065
-0.203,-2.099
-0.212,-2.125
-0.196,-2.127
-0.165,-2.095
-0.141,-2.059
-0.133,-2.018
-0.125,-1.981
-0.141,-1.952
-0.149,-1.940
-0.133,-1.914
-0.140,-1.905
-0.140,-1.864
-0.149,-1.830
-0.164,-1.813
-0.180,-1.815
-0.218,-1.815
-0.249,-1.811
-0.257,-1.804
-0.241,-1.818
-0.234,-1.817
-0.234,-1.830
-0.250,-1.845
-0.266,-1.858
-0.250,-1.887
-0.243,-1.915
-0.258,-1.943
-0.266,-1.966
-0.289,-1.973
-0.304,-1.955
-0.305,-1.929
-0.289,-1.899
-0.281,-1.895
-0.281,-1.895
-0.273,-1.910
-0.281,-1.919
-0.288,-1.923
-0.320,-1.958
-0.328,-1.966
-0.343,-1.994
-0.343,-2.025
-0.351,-2.044
-0.359,-2.070
-0.344,-2.102
-0.352,-2.111
-0.361,-2.124
-0.360,-2.104
-0.359,-2.120
-0.358,-2.130
-0.382,-2.119
-0.397,-2.104
-0.421,-2.067
-0.445,-2.049
-0.453,-2.012
-0.469,-1.997
-0.493,-1.993
-0.476,-2.001
-0.491,-1.999
-0.491,-1.999
-0.507,-1.984
-0.524,-1.988
-0.531,-1.994
-0.532,-2.012
-0.523,-2.034
-0.538,-2.044
-0.555,-2.049
-0.570,-2.046
-0.571,-2.051
-0.586,-2.061
-0.593,-2.053
-0.609,-2.052
-0.605,-2.040
-0.614,-2.037
-0.617,-2.015
-0.625,-1.996
-0.612,-1.978
-0.604,-1.967
-0.619,-1.996
-0.632,-1.985
-0.631,-2.011
-0.623,-2.035
-0.614,-2.053
-0.616,-2.074
-0.617,-2.061
-0.617,-2.078
-0.626,-2.087
-0.609,-2.115
-0.595,-2.135
-0.594,-2.148
-0.569,-2.120
-0.569,-2.090
-0.545,-2.049
-0.539,-2.031
-0.531,-2.027
-0.516,-2.012
-0.508,-2.005
-0.507,-2.001
-0.515,-2.025
-0.507,-2.032
-0.506,-2.027
-0.523,-2.032
-0.515,-2.021
-0.515,-2.021
-0.515,-2.004
-0.507,-1.969
-0.485,-1.936
-0.477,-1.913
-0.470,-1.880
-0.447,-1.843
-0.438,-1.846
-0.414,-1.853
-0.421,-1.855
-0.429,-1.862
-0.436,-1.868
-0.429,-1.848
-0.439,-1.848
-0.431,-1.867
-0.431,-1.915
-0.430,-1.928
-0.406,-1.963
-0.399,-1.987
-0.413,-1.983
-0.414,-1.987
-0.422,-1.980
-0.438,-1.965
-0.438,-1.952
-0.438,-1.933
-0.430,-1.913
-0.430,-1.896
-0.446,-1.898
-0.430,-1.898
-0.422,-1.887
-0.422,-1.905
-0.429,-1.922
-0.414,-1.922
-0.407,-1.935
-0.383,-1.957
-0.384,-1.963
-0.384,-1.991
-0.384,-2.035
-0.376,-2.074
-0.383,-2.122
-0.384,-2.154
-0.384,-2.152
-0.376,-2.141
-0.369,-2.139
-0.361,-2.132
-0.354,-2.146
-0.338,-2.161
-0.330,-2.165
-0.323,-2.157
-0.314,-2.144
-0.314,-2.148
-0.299,-2.146
-0.299,-2.146
-0.307,-2.142
-0.306,-2.137
-0.307,-2.124
-0.315,-2.118
-0.330,-2.103
-0.330,-2.105
-0.353,-2.122
-0.377,-2.132
-0.392,-2.115
-0.415,-2.104
-0.423,-2.115
-0.422,-2.128
-0.424,-2.136
-0.432,-2.145
-0.447,-2.173
-0.463,-2.188
-0.477,-2.166
-0.501,-2.175
-0.524,-2.166
-0.523,-2.148
-0.517,-2.131
-0.524,-2.092
-0.533,-2.057
-0.548,-1.994
-0.548,-1.949
-0.556,-1.881
-0.563,-1.871
-0.556,-1.838
-0.563,-1.829
-0.563,-1.812
-0.564,-1.816
-0.540,-1.806
-0.531,-1.828
-0.515,-1.826
-0.524,-1.821
-0.532,-1.814
-0.523,-1.787
-0.509,-1.762
-0.500,-1.737
-0.499,-1.764
-0.500,-1.779
-0.492,-1.787
-0.501,-1.754
-0.494,-1.734
-0.502,-1.712
-0.494,-1.721
-0.493,-1.685
-0.493,-1.685
-0.508,-1.653
-0.493,-1.607
-0.477,-1.579
-0.476,-1.589
-0.493,-1.607
-0.493,-1.606
-0.525,-1.609
-0.525,-1.597
-0.501,-1.602
-0.486,-1.604
-0.470,-1.572
-0.454,-1.572
-0.431,-1.566
-0.415,-1.562
-0.392,-1.558
-0.376,-1.556
-0.361,-1.558
-0.353,-1.580
-0.337,-1.593
-0.329,-1.619
-0.322,-1.626
-0.322,-1.656
-0.305,-1.698
-0.312,-1.729
-0.314,-1.752
-0.306,-1.777
-0.291,-1.827
-0.300,-1.872
-0.315,-1.911
-0.315,-1.955
-0.321,-1.999
-0.344,-2.020
-0.320,-2.027
-0.305,-2.025
-0.314,-2.027
-0.291,-2.007
-0.315,-2.031
-0.307,-2.040
-0.306,-2.066
-0.306,-2.064
-0.298,-2.051
-0.298,-2.068
-0.291,-2.079
-0.291,-2.079
-0.284,-2.079
-0.291,-2.098
-0.291,-2.096
-0.291,-2.096
-0.267,-2.114
-0.275,-2.138
-0.259,-2.135
-0.259,-2.157
-0.267,-2.148
-0.243,-2.148
-0.235,-2.129
-0.227,-2.114
-0.243,-2.086
-0.244,-2.027
-0.253,-1.998
-0.246,-1.996
-0.222,-1.981
-0.182,-1.997
-0.158,-1.998
-0.142,-1.998
-0.149,-2.005
-0.165,-1.977
-0.166,-1.970
-0.166,-1.963
-0.182,-1.980
-0.205,-1.988
-0.213,-1.991
-0.213,-2.004
-0.205,-1.997
-0.220,-2.008
-0.205,-2.028
-0.213,-2.049
-0.228,-2.079
-0.228,-2.079
-0.244,-2.064
-0.252,-2.047
-0.268,-2.027
-0.275,-2.005
-0.290,-2.005
-0.321,-2.014
-0.337,-2.003
-0.337,-1.985
-0.353,-1.961
-0.355,-1.967
-0.354,-1.976
-0.361,-2.000
-0.368,-2.020
-0.361,-2.026
-0.368,-2.018
-0.368,-2.013
-0.345,-2.009
-0.330,-2.011
-0.322,-2.007
-0.314,-1.998
-0.337,-1.990
-0.345,-1.983
-0.360,-1.981
-0.345,-1.981
-0.345,-1.981
-0.344,-1.977
-0.352,-1.972
-0.368,-1.955
-0.384,-1.942
-0.407,-1.937
-0.423,-1.935
-0.439,-1.906
-0.446,-1.896
-0.446,-1.900
-0.454,-1.906
-0.460,-1.920
-0.484,-1.930
-0.500,-1.915
-0.509,-1.899
-0.526,-1.890
-0.541,-1.885
-0.533,-1.894
-0.531,-1.886
-0.546,-1.915
-0.554,-1.923
-0.539,-1.936
-0.555,-1.940
-0.547,-1.934
-0.532,-1.938
-0.517,-1.938
-0.508,-1.943
-0.501,-1.953
-0.500,-1.947
-0.492,-1.952
-0.485,-1.949
-0.478,-1.958
-0.454,-1.969
-0.461,-1.971
-0.461,-1.971
-0.469,-1.963
-0.461,-1.939
-0.462,-1.945
-0.454,-1.952
-0.462,-1.975
-0.477,-1.988
-0.474,-1.993
-0.483,-1.989
-0.484,-1.976
-0.485,-1.984
-0.478,-1.997
-0.494,-2.012
-0.501,-2.029
-0.506,-2.027
-0.530,-2.034
-0.530,-2.021
-0.530,-2.021
-0.539,-2.031
-0.547,-2.040
-0.547,-2.027
-0.555,-2.003
-0.562,-1.979
-0.564,-1.968
-0.554,-1.957
-0.548,-1.968
-0.524,-1.975
-0.530,-1.962
-0.515,-1.978
-0.507,-1.984
-0.492,-2.017
-0.476,-2.049
-0.476,-2.075
-0.476,-2.110
-0.468,-2.112
-0.476,-2.123
-0.460,-2.108
-0.443,-2.102
-0.452,-2.082
-0.444,-2.060
-0.437,-2.058
-0.454,-2.047
-0.462,-2.040
-0.462,-2.058
-0.460,-2.078
-0.468,-2.084
-0.452,-2.082
-0.444,-2.089
-0.436,-2.097
-0.437,-2.100
-0.422,-2.119
-0.438,-2.151
-0.453,-2.177
-0.461,-2.186
-0.445,-2.212
-0.453,-2.253
-0.454,-2.286
-0.453,-2.299
-0.462,-2.310
-0.468,-2.281
-0.461,-2.244
-0.461,-2.214
-0.461,-2.197
-0.454,-2.180
-0.446,-2.171
-0.462,-2.175
-0.461,-2.140
-0.444,-2.117
-0.437,-2.097
-0.429,-2.076
-0.414,-2.080
-0.407,-2.078
-0.438,-2.091
-0.446,-2.115
-0.452,-2.114
-0.461,-2.153
-0.484,-2.177
-0.484,-2.190
-0.500,-2.207
-0.491,-2.211
-0.508,-2.229
-0.500,-2.222
-0.523,-2.213
-0.517,-2.227
-0.524,-2.231
-0.532,-2.224
-0.539,-2.200
-0.546,-2.189
-0.531,-2.164
-0.515,-2.146
-0.507,-2.095
-0.500,-2.058
-0.491,-2.001
-0.484,-1.980
-0.483,-1.976
-0.483,-1.965
-0.483,-1.965
-0.475,-1.967
-0.484,-1.965
-0.476,-1.971
-0.469,-1.984
-0.470,-2.001
-0.485,-1.999
-0.485,-1.999
-0.484,-1.978
-0.491,-1.954
-0.491,-1.924
-0.483,-1.885
-0.484,-1.861
-0.484,-1.830
-0.477,-1.808
-0.469,-1.815
-0.468,-1.798
-0.477,-1.791
-0.499,-1.809
-0.515,-1.828
-0.531,-1.830
-0.531,-1.860
-0.532,-1.862
-0.532,-1.873
-0.532,-1.890
-0.531,-1.903
-0.539,-1.908
-0.547,-1.901
-0.569,-1.875
-0.586,-1.834
-0.587,-1.790
-0.586,-1.758
-0.586,-1.747
-0.593,-1.736
-0.594,-1.740
-0.579,-1.710
-0.571,-1.688
-0.587,-1.672
-0.571,-1.654
-0.578,-1.647
-0.570,-1.639
-0.562,-1.613
-0.539,-1.609
-0.531,-1.615
-0.539,-1.609
-0.524,-1.609
-0.532,-1.617
-0.540,-1.641
-0.539,-1.635
-0.547,-1.646
-0.563,-1.630
-0.578,-1.615
-0.579,-1.619
-0.587,-1.564
-0.587,-1.551
-0.588,-1.521
-0.594,-1.509
-0.603,-1.487
-0.609,-1.477
-0.618,-1.471
-0.619,-1.458
-0.595,-1.482
-0.587,-1.502
-0.569,-1.512
-0.547,-1.524
-0.532,-1.540
-0.525,-1.550
-0.542,-1.556
-0.526,-1.553
-0.533,-1.560
-0.547,-1.553
-0.546,-1.565
-0.554,-1.558
-0.569,-1.556
-0.594,-1.539
-0.604,-1.520
-0.611,-1.512
-0.628,-1.530
-0.626,-1.540
-0.642,-1.555
-0.642,-1.586
-0.648,-1.589
-0.657,-1.584
-0.680,-1.574
-0.712,-1.577
-0.720,-1.585
-0.728,-1.592
-0.736,-1.602
-0.750,-1.613
-0.759,-1.639
-0.751,-1.629
-0.750,-1.642
-0.759,-1.652
-0.733,-1.684
-0.740,-1.691
-0.727,-1.666
-0.720,-1.631
-0.707,-1.623
-0.714,-1.629
-0.698,-1.645
-0.688,-1.661
-0.687,-1.671
-0.679,-1.680
-0.678,-1.693
-0.671,-1.688
-0.680,-1.683
-0.689,-1.678
-0.681,-1.700
-0.679,-1.697
-0.688,-1.692
-0.688,-1.675
-0.680,-1.666
-0.666,-1.641
-0.680,-1.623
-0.657,-1.631
-0.657,-1.614
-0.648,-1.604
-0.649,-1.593
-0.633,-1.576
-0.635,-1.579
-0.634,-1.577
-0.633,-1.608
-0.634,-1.625
-0.625,-1.643
-0.633,-1.652
-0.624,-1.672
-0.601,-1.680
-0.595,-1.709
-0.564,-1.679
-0.550,-1.685
-0.533,-1.681
-0.524,-1.698
-0.523,-1.711
-0.515,-1.703
-0.516,-1.693
-0.501,-1.709
-0.469,-1.709
-0.438,-1.726
-0.414,-1.744
-0.415,-1.761
-0.407,-1.768
-0.399,-1.792
-0.400,-1.809
-0.376,-1.831
-0.369,-1.855
-0.376,-1.875
-0.375,-1.903
-0.368,-1.914
-0.368,-1.910
-0.353,-1.916
-0.353,-1.916
-0.360,-1.918
-0.368,-1.912
-0.391,-1.901
-0.407,-1.903
-0.429,-1.907
-0.446,-1.926
-0.470,-1.939
-0.501,-1.951
-0.517,-1.970
-0.548,-1.968
-0.556,-1.972
-0.587,-1.989
-0.601,-2.029
-0.610,-2.070
-0.609,-2.096
-0.608,-2.109
-0.617,-2.091
-0.617,-2.091
-0.627,-2.104
-0.626,-2.119
-0.625,-2.148
-0.610,-2.178
-0.617,-2.195
-0.602,-2.215
-0.603,-2.202
-0.610,-2.209
-0.610,-2.226
-0.617,-2.226
-0.602,-2.228
-0.602,-2.228
-0.609,-2.250
-0.609,-2.250
-0.601,-2.241
-0.610,-2.237
-0.609,-2.232
-0.609,-2.232
-0.618,-2.233
-0.618,-2.230
-0.634,-2.235
-0.643,-2.228
-0.657,-2.241
-0.665,-2.247
-0.671,-2.264
-0.679,-2.273
-0.687,-2.264
-0.679,-2.271
-0.688,-2.299
-0.679,-2.303
-0.680,-2.321
-0.688,-2.312
-0.687,-2.297
-0.680,-2.275
-0.671,-2.249
-0.665,-2.247
-0.672,-2.238
-0.680,-2.245
-0.672,-2.238
-0.663,-2.255
-0.679,-2.286
-0.703,-2.279
-0.703,-2.249
-0.696,-2.214
-0.687,-2.188
-0.680,-2.169
-0.655,-2.156
-0.676,-2.156
-0.694,-2.149
-0.696,-2.141
-0.698,-2.149
-0.723,-2.129
-0.730,-2.164
-0.744,-2.203
-0.748,-2.241
-0.740,-2.263
-0.701,-2.270
-0.670,-2.298
-0.664,-2.314
-0.650,-2.318
-0.636,-2.325
-0.620,-2.310
-0.604,-2.250
-0.565,-2.137
-0.501,-1.995
-0.453,-1.813
-0.413,-1.656
-0.397,-1.534
-0.421,-1.440
-0.428,-1.399
-0.452,-1.380
-0.475,-1.400
-0.475,-1.443
-0.482,-1.465
-0.482,-1.446
-0.475,-1.411
-0.443,-1.347
-0.410,-1.284
-0.388,-1.222
-0.380,-1.154
-0.396,-1.113
-0.428,-1.083
-0.444,-1.085
-0.468,-1.077
-0.490,-1.126
-0.513,-1.178
-0.528,-1.190
-0.535,-1.165
-0.521,-1.123
-0.505,-1.079
-0.498,-1.044
-0.490,-0.990
-0.504,-0.959
-0.504,-0.898
-0.495,-0.813
-0.494,-0.724
-0.501,-0.624
-0.516,-0.564
-0.547,-0.520
-0.624,-0.473
-0.679,-0.451
-0.741,-0.435
-0.817,-0.448
-0.872,-0.486
-0.918,-0.545
-0.945,-0.646
-0.975,-0.781
-0.992,-0.933
-0.998,-1.088
-0.931,-1.156
-0.856,-1.146
-0.781,-1.108
-0.728,-1.106
-0.681,-1.109
-0.648,-1.109
-0.624,-1.194
-0.605,-1.358
-0.618,-1.533
-0.640,-1.691
-0.639,-1.824
-0.624,-1.964
-0.583,-2.073
-0.529,-2.130
-0.467,-2.165
-0.411,-2.140
-0.341,-2.121
-0.278,-2.107
-0.231,-2.137
-0.168,-2.201
-0.121,-2.273
-0.106,-2.336
-0.082,-2.416
-0.059,-2.448
 0.003,-2.466
 0.035,-2.495
 0.067,-2.540
 0.090,-2.608
 0.130,-2.698
 0.170,-2.789
 0.210,-2.871
 0.211,-2.956
 0.211,-3.042
 0.195,-3.096
 0.187,-3.148
 0.171,-3.127
 0.163,-3.093
 0.155,-3.036
 0.107,-2.974
 0.076,-2.876
 0.052,-2.803
 0.012,-2.757
-0.058,-2.699
-0.114,-2.611
-0.153,-2.558
-0.168,-2.497
-0.201,-2.457
-0.216,-2.411
-0.256,-2.384
-0.257,-2.371
-0.280,-2.405
-0.312,-2.438
-0.320,-2.505
-0.329,-2.589
-0.353,-2.628
-0.352,-2.660
-0.354,-2.666
-0.339,-2.656
-0.333,-2.652
-0.318,-2.642
-0.318,-2.609
-0.326,-2.554
-0.303,-2.495
-0.256,-2.448
-0.202,-2.383
-0.132,-2.347
-0.062,-2.318
-0.015,-2.256
 0.047,-2.163
 0.102,-2.079
 0.140,-1.990
 0.148,-1.927
 0.163,-1.910
 0.171,-1.900
 0.179,-1.897
 0.178,-1.865
 0.186,-1.873
 0.225,-1.863
 0.241,-1.846
 0.257,-1.822
 0.295,-1.829
 0.335,-1.824
 0.389,-1.816
 0.421,-1.803
 0.475,-1.824
 0.489,-1.843
 0.498,-1.870
 0.506,-1.850
 0.531,-1.850
 0.509,-1.866
 0.469,-1.914
 0.445,-1.962
 0.390,-2.023
 0.373,-2.049
 0.366,-2.061
 0.350,-2.072
 0.359,-2.085
 0.351,-2.081
 0.336,-2.067
 0.336,-2.054
 0.366,-2.020
 0.398,-1.992
 0.405,-1.997
 0.397,-1.986
 0.390,-1.979
 0.398,-1.927
 0.382,-1.899
 0.382,-1.853
 0.390,-1.845
 0.390,-1.832
 0.398,-1.834
 0.398,-1.819
 0.414,-1.789
 0.414,-1.776
 0.421,-1.765
 0.420,-1.745
 0.406,-1.737
 0.406,-1.725
 0.407,-1.742
 0.408,-1.733
 0.407,-1.746
 0.391,-1.788
 0.375,-1.813
 0.351,-1.862
 0.359,-1.901
 0.343,-1.943
 0.344,-1.996
 0.329,-2.046
 0.290,-2.111
 0.267,-2.182
 0.235,-2.253
 0.189,-2.331
 0.158,-2.387
 0.127,-2.430
 0.119,-2.443
 0.095,-2.445
 0.072,-2.456
 0.040,-2.483
 0.032,-2.505
 0.017,-2.494
 0.001,-2.461
 0.001,-2.416
 0.024,-2.362
 0.017,-2.308
 0.001,-2.310
-0.014,-2.315
-0.015,-2.307
-0.023,-2.290
-0.046,-2.253
-0.062,-2.212
-0.070,-2.155
-0.062,-2.131
-0.054,-2.120
-0.053,-2.088
-0.077,-2.053
-0.100,-2.025
-0.116,-1.995
-0.123,-1.958
-0.092,-1.930
-0.077,-1.908
-0.061,-1.906
-0.053,-1.912
-0.038,-1.895
-0.045,-1.898
-0.045,-1.902
-0.022,-1.891
-0.014,-1.874
 0.002,-1.872
-0.022,-1.848
-0.006,-1.837
 0.017,-1.825
 0.025,-1.833
 0.041,-1.848
 0.041,-1.833
 0.033,-1.811
 0.009,-1.787
 0.009,-1.757
-0.007,-1.738
 0.001,-1.718
-0.007,-1.685
-0.007,-1.637
-0.031,-1.588
-0.047,-1.512
-0.031,-1.433
-0.016,-1.388
-0.008,-1.346
 0.031,-1.311
 0.070,-1.273
 0.086,-1.241
 0.133,-1.216
 0.180,-1.199
 0.219,-1.209
 0.258,-1.247
 0.266,-1.252
 0.274,-1.262
 0.281,-1.268
 0.289,-1.278
 0.297,-1.284
 0.305,-1.290
 0.312,-1.314
 0.297,-1.327
 0.274,-1.353
 0.219,-1.346
 0.172,-1.374
 0.149,-1.383
 0.110,-1.401
 0.102,-1.441
 0.079,-1.478
 0.048,-1.508
 0.032,-1.555
 0.016,-1.594
 0.009,-1.678
 0.001,-1.733
-0.014,-1.826
-0.014,-1.908
-0.006,-1.962
-0.030,-2.030
-0.037,-2.080
-0.052,-2.151
-0.068,-2.197
-0.099,-2.207
-0.122,-2.231
-0.154,-2.230
-0.178,-2.208
-0.163,-2.198
-0.178,-2.211
-0.178,-2.228
-0.178,-2.228
-0.185,-2.232
-0.178,-2.228
-0.185,-2.200
-0.201,-2.143
-0.210,-2.091
-0.232,-2.050
-0.249,-2.008
-0.256,-1.982
-0.280,-1.993
-0.319,-1.984
-0.343,-1.975
-0.335,-1.955
-0.311,-1.913
-0.272,-1.861
-0.249,-1.794
-0.241,-1.740
-0.234,-1.722
-0.249,-1.703
-0.264,-1.712
-0.264,-1.712
-0.272,-1.738
-0.265,-1.737
-0.250,-1.739
-0.243,-1.721
-0.258,-1.732
-0.265,-1.716
-0.288,-1.692
-0.296,-1.697
-0.304,-1.692
-0.289,-1.677
-0.289,-1.648
-0.282,-1.645
-0.273,-1.650
-0.266,-1.661
-0.266,-1.691
-0.258,-1.696
-0.258,-1.698
-0.266,-1.701
-0.274,-1.711
-0.274,-1.724
-0.281,-1.759
-0.289,-1.787
-0.289,-1.817
-0.297,-1.871
-0.297,-1.886
-0.289,-1.921
-0.305,-1.986
-0.327,-2.032
-0.343,-2.079
-0.359,-2.111
-0.366,-2.163
-0.359,-2.205
-0.350,-2.233
-0.342,-2.282
-0.342,-2.287
-0.335,-2.298
-0.320,-2.290
-0.336,-2.262
-0.344,-2.242
-0.312,-2.238
-0.304,-2.225
-0.280,-2.188
-0.264,-2.156
-0.233,-2.169
-0.217,-2.139
-0.210,-2.085
-0.195,-2.061
-0.210,-2.041
-0.203,-2.070
-0.187,-2.087
-0.179,-2.124
-0.171,-2.133
-0.147,-2.150
-0.132,-2.166
-0.108,-2.187
-0.092,-2.200
-0.084,-2.214
-0.076,-2.188
-0.068,-2.166
-0.053,-2.136
-0.030,-2.112
-0.022,-2.093
 0.001,-2.113
 0.017,-2.115
 0.017,-2.098
 0.025,-2.085
 0.033,-2.083
 0.056,-2.076
 0.064,-2.087
 0.080,-2.076
 0.095,-2.076
 0.110,-2.075
 0.103,-2.044
 0.095,-2.036
 0.087,-2.029
 0.064,-2.005
 0.072,-2.016
 0.072,-2.001
 0.064,-1.996
 0.056,-2.000
 0.024,-1.996
 0.016,-2.009
 0.001,-2.037
-0.022,-2.080
-0.054,-2.127
-0.069,-2.168
-0.061,-2.205
-0.061,-2.231
-0.069,-2.272
-0.061,-2.281
-0.061,-2.283
-0.077,-2.286
-0.084,-2.287
-0.100,-2.285
-0.123,-2.278
-0.123,-2.261
-0.147,-2.267
-0.154,-2.241
-0.162,-2.269
-0.147,-2.259
-0.171,-2.269
-0.179,-2.263
-0.186,-2.250
-0.194,-2.271
-0.186,-2.278
-0.209,-2.284
-0.194,-2.291
-0.186,-2.293
-0.170,-2.326
-0.170,-2.356
-0.170,-2.382
-0.162,-2.395
-0.178,-2.380
-0.186,-2.376
-0.178,-2.354
-0.170,-2.310
-0.155,-2.313
-0.146,-2.300
-0.138,-2.309
-0.131,-2.302
-0.123,-2.276
-0.123,-2.237
-0.115,-2.229
-0.099,-2.246
-0.107,-2.268
-0.091,-2.279
-0.091,-2.292
-0.083,-2.291
-0.083,-2.281
-0.100,-2.259
-0.100,-2.259
-0.100,-2.281
-0.092,-2.303
-0.100,-2.338
-0.099,-2.363
-0.092,-2.380
-0.084,-2.376
-0.076,-2.380
-0.068,-2.387
-0.052,-2.392
-0.045,-2.368
-0.045,-2.360
-0.037,-2.381
-0.045,-2.408
-0.037,-2.429
-0.037,-2.437
-0.029,-2.446
-0.029,-2.429
-0.021,-2.438
-0.021,-2.425
-0.021,-2.425
-0.029,-2.418
-0.037,-2.407
-0.037,-2.407
-0.045,-2.416
-0.029,-2.413
-0.021,-2.453
-0.021,-2.476
-0.029,-2.487
-0.029,-2.494
-0.014,-2.510
-0.014,-2.532
-0.021,-2.539
-0.037,-2.566
-0.021,-2.577
-0.037,-2.571
-0.037,-2.559
-0.045,-2.532
-0.037,-2.541
-0.045,-2.540
-0.045,-2.540
-0.029,-2.542
-0.029,-2.555
-0.021,-2.562
-0.006,-2.546
-0.006,-2.559
 0.010,-2.580
 0.026,-2.595
 0.041,-2.623
 0.041,-2.623
 0.041,-2.600
 0.049,-2.566
 0.033,-2.520
 0.026,-2.501
 0.026,-2.506
 0.026,-2.501
 0.018,-2.508
 0.018,-2.485
 0.018,-2.459
 0.010,-2.408
 0.018,-2.368
 0.010,-2.341
 0.025,-2.326
 0.026,-2.308
 0.026,-2.309
 0.018,-2.295
 0.018,-2.282
 0.026,-2.284
 0.033,-2.290
 0.018,-2.297
 0.002,-2.325
 0.002,-2.360
-0.014,-2.378
-0.037,-2.399
-0.045,-2.403
-0.060,-2.383
-0.068,-2.379
-0.076,-2.385
-0.092,-2.400
-0.092,-2.387
-0.100,-2.378
-0.123,-2.387
-0.131,-2.408
-0.138,-2.445
-0.154,-2.448
-0.169,-2.470
-0.177,-2.479
-0.178,-2.482
-0.178,-2.502
-0.170,-2.513
-0.139,-2.496
-0.131,-2.492
-0.099,-2.472
-0.099,-2.485
-0.075,-2.491
-0.052,-2.495
-0.044,-2.507
-0.021,-2.496
 0.003,-2.507
 0.018,-2.510
 0.057,-2.501
 0.088,-2.489
 0.111,-2.493
 0.096,-2.508
 0.104,-2.535
 0.096,-2.554
 0.096,-2.556
 0.104,-2.563
 0.119,-2.548
 0.134,-2.535
 0.142,-2.539
 0.143,-2.557
 0.158,-2.585
 0.166,-2.591
 0.189,-2.585
 0.189,-2.605
 0.189,-2.610
 0.197,-2.607
 0.198,-2.612
 0.190,-2.611
 0.166,-2.599
 0.128,-2.592
 0.112,-2.572
 0.073,-2.560
 0.057,-2.562
 0.034,-2.578
 0.018,-2.594
-0.005,-2.557
-0.005,-2.562
-0.021,-2.567
-0.037,-2.592
-0.060,-2.633
-0.068,-2.652
-0.083,-2.680
-0.083,-2.685
-0.091,-2.704
-0.107,-2.704
-0.106,-2.686
-0.122,-2.658
-0.138,-2.676
-0.169,-2.688
-0.176,-2.730
-0.176,-2.724
-0.176,-2.740
-0.184,-2.751
-0.183,-2.771
-0.184,-2.776
-0.192,-2.770
-0.192,-2.773
-0.200,-2.772
-0.208,-2.778
-0.215,-2.802
-0.215,-2.824
-0.215,-2.837
-0.215,-2.855
-0.215,-2.880
-0.207,-2.891
-0.215,-2.882
-0.223,-2.879
-0.208,-2.900
-0.184,-2.903
-0.184,-2.909
-0.176,-2.910
-0.145,-2.922
-0.137,-2.932
-0.105,-2.956
-0.082,-2.956
-0.059,-2.947
-0.051,-2.926
-0.051,-2.896
-0.035,-2.905
-0.035,-2.923
-0.027,-2.929
-0.012,-2.945
-0.004,-2.921
 0.004,-2.891
 0.003,-2.854
 0.011,-2.820
 0.011,-2.808
-0.004,-2.788
-0.012,-2.758
-0.012,-2.756
-0.004,-2.742
-0.019,-2.736
 0.004,-2.733
 0.011,-2.703
 0.026,-2.696
 0.042,-2.671
 0.042,-2.653
 0.050,-2.634
 0.050,-2.599
 0.042,-2.593
 0.050,-2.601
 0.034,-2.599
 0.050,-2.589
 0.034,-2.568
 0.034,-2.556
 0.042,-2.514
 0.026,-2.499
 0.026,-2.486
 0.018,-2.487
 0.034,-2.477
 0.042,-2.473
 0.050,-2.477
 0.058,-2.484
 0.058,-2.479
 0.042,-2.486
 0.050,-2.495
 0.034,-2.497
 0.026,-2.511
 0.003,-2.525
-0.012,-2.555
-0.020,-2.559
-0.036,-2.574
-0.028,-2.586
-0.036,-2.569
-0.051,-2.576
-0.067,-2.561
-0.075,-2.552
-0.091,-2.560
-0.091,-2.554
-0.099,-2.551
-0.106,-2.539
-0.130,-2.545
-0.130,-2.563
-0.122,-2.562
-0.130,-2.528
-0.122,-2.491
-0.122,-2.478
-0.106,-2.481
-0.122,-2.473
-0.122,-2.491
-0.122,-2.473
-0.114,-2.447
-0.106,-2.446
-0.114,-2.439
-0.114,-2.444
-0.122,-2.422
-0.130,-2.429
-0.138,-2.437
-0.138,-2.445
-0.138,-2.445
-0.138,-2.445
-0.145,-2.449
-0.153,-2.460
-0.153,-2.443
-0.154,-2.432
-0.161,-2.426
-0.162,-2.441
-0.169,-2.468
-0.153,-2.475
-0.161,-2.499
-0.146,-2.512
-0.161,-2.510
-0.161,-2.515
-0.153,-2.506
-0.146,-2.502
-0.130,-2.487
-0.130,-2.482
-0.137,-2.476
-0.145,-2.447
-0.154,-2.445
-0.146,-2.452
-0.153,-2.471
-0.154,-2.463
-0.146,-2.454
-0.146,-2.429
-0.147,-2.370
-0.155,-2.361
-0.154,-2.376
-0.154,-2.367
-0.138,-2.369
-0.131,-2.363
-0.122,-2.367
-0.115,-2.363
-0.107,-2.339
-0.107,-2.357
-0.091,-2.387
-0.068,-2.396
-0.068,-2.432
-0.052,-2.455
-0.036,-2.501
-0.044,-2.522
-0.013,-2.553
-0.013,-2.601
-0.020,-2.617
-0.020,-2.640
-0.020,-2.658
-0.028,-2.661
-0.020,-2.683
-0.013,-2.672
-0.013,-2.646
-0.005,-2.638
-0.013,-2.636
-0.021,-2.632
-0.021,-2.620
-0.013,-2.619
 0.003,-2.593
 0.010,-2.587
 0.003,-2.594
-0.005,-2.574
-0.005,-2.574
 0.018,-2.550
 0.041,-2.539
 0.056,-2.545
 0.065,-2.551
 0.065,-2.569
 0.057,-2.577
 0.049,-2.568
 0.041,-2.580
 0.042,-2.577
 0.049,-2.589
 0.042,-2.580
 0.042,-2.605
 0.042,-2.623
 0.042,-2.618
 0.042,-2.653
 0.027,-2.668
 0.027,-2.681
 0.019,-2.690
 0.003,-2.699
-0.028,-2.702
-0.043,-2.712
-0.051,-2.733
-0.059,-2.737
-0.043,-2.753
-0.035,-2.767
-0.035,-2.785
-0.035,-2.795
-0.042,-2.832
-0.058,-2.836
-0.081,-2.847
-0.074,-2.853
-0.073,-2.863
-0.081,-2.865
-0.097,-2.880
-0.121,-2.904
-0.120,-2.935
-0.151,-2.928
-0.152,-2.965
-0.167,-2.944
-0.167,-2.931
-0.175,-2.940
-0.191,-2.937
-0.207,-2.958
-0.215,-2.949
-0.223,-2.958
-0.231,-2.939
-0.230,-2.915
-0.215,-2.916
-0.207,-2.919
-0.199,-2.934
-0.207,-2.919
-0.198,-2.904
-0.191,-2.922
-0.191,-2.937
-0.168,-2.952
-0.160,-2.949
-0.160,-2.949
-0.161,-2.952
-0.152,-2.931
-0.152,-2.926
-0.144,-2.917
-0.128,-2.914
-0.129,-2.895
-0.129,-2.865
-0.129,-2.852
-0.137,-2.843
-0.136,-2.868
-0.160,-2.895
-0.160,-2.907
-0.160,-2.913
-0.160,-2.931
-0.160,-2.925
-0.160,-2.943
-0.144,-2.950
-0.159,-2.980
-0.190,-2.998
-0.198,-3.004
-0.214,-3.025
-0.214,-3.022
-0.230,-3.025
-0.222,-3.043
-0.221,-3.062
-0.214,-3.062
-0.198,-3.050
-0.183,-3.059
-0.176,-3.086
-0.176,-3.098
-0.176,-3.116
-0.167,-3.114
-0.175,-3.135
-0.167,-3.126
-0.151,-3.135
-0.136,-3.141
-0.121,-3.114
-0.113,-3.108
-0.121,-3.102
-0.129,-3.077
-0.121,-3.075
-0.113,-3.075
-0.113,-3.093
-0.098,-3.066
-0.097,-3.047
-0.106,-2.996
-0.090,-2.944
-0.082,-2.941
-0.066,-2.929
-0.059,-2.917
-0.059,-2.935
-0.066,-2.920
-0.059,-2.917
-0.051,-2.923
-0.027,-2.939
 0.003,-2.920
 0.011,-2.902
 0.050,-2.866
 0.042,-2.829
 0.034,-2.832
 0.034,-2.845
 0.026,-2.830
-0.005,-2.817
-0.020,-2.817
-0.029,-2.782
-0.037,-2.751
-0.045,-2.717
-0.052,-2.683
-0.045,-2.636
-0.045,-2.606
-0.029,-2.578
-0.006,-2.564
 0.017,-2.556
 0.041,-2.577
 0.048,-2.579
 0.033,-2.551
 0.016,-2.535
 0.009,-2.516
-0.015,-2.527
-0.030,-2.522
-0.053,-2.531
-0.077,-2.524
-0.085,-2.515
-0.101,-2.513
-0.101,-2.475
-0.109,-2.461
-0.124,-2.445
-0.110,-2.420
-0.111,-2.384
-0.110,-2.379
-0.087,-2.401
-0.071,-2.424
-0.047,-2.459
-0.024,-2.511
 0.007,-2.552
 0.007,-2.607
 0.015,-2.662
-0.009,-2.734
-0.001,-2.789
-0.024,-2.804
-0.032,-2.783
-0.047,-2.778
-0.055,-2.799
-0.071,-2.832
-0.078,-2.868
-0.078,-2.904
-0.078,-2.944
-0.086,-2.983
-0.086,-3.020
-0.102,-3.047
-0.117,-3.092
-0.133,-3.089
-0.133,-3.089
-0.125,-3.096
-0.133,-3.102
-0.141,-3.102
-0.149,-3.080
-0.141,-3.077
-0.164,-3.086
-0.180,-3.077
-0.187,-3.083
-0.195,-3.041
-0.202,-3.034
-0.226,-3.010
-0.241,-3.007
-0.242,-3.031
-0.242,-3.031
-0.249,-3.037
-0.250,-3.055
-0.264,-3.076
-0.272,-3.088
-0.272,-3.088
-0.296,-3.085
-0.304,-3.082
-0.304,-3.079
-0.296,-3.073
-0.319,-3.076
-0.327,-3.082
-0.327,-3.082
-0.342,-3.079
-0.366,-3.090
-0.374,-3.084
-0.396,-3.081
-0.405,-3.066
-0.428,-3.074
-0.422,-3.075
-0.429,-3.035
-0.446,-3.004
-0.453,-2.980
-0.452,-2.956
-0.460,-2.968
-0.468,-2.974
-0.452,-2.989
-0.436,-2.974
-0.452,-2.941
-0.445,-2.941
-0.437,-2.932
-0.453,-2.934
-0.430,-2.944
-0.452,-2.928
-0.468,-2.931
-0.491,-2.919
-0.491,-2.919
-0.500,-2.916
-0.507,-2.904
-0.508,-2.907
-0.491,-2.904
-0.491,-2.916
-0.492,-2.922
-0.499,-2.925
-0.484,-2.928
-0.491,-2.929
-0.491,-2.916
-0.485,-2.934
-0.461,-2.940
-0.439,-2.955
-0.431,-2.961
-0.423,-2.950
-0.446,-2.938
-0.453,-2.926
-0.454,-2.916
-0.446,-2.904
-0.454,-2.895
-0.447,-2.849
-0.447,-2.798
-0.472,-2.713
-0.503,-2.568
-0.497,-2.421
-0.453,-2.272
-0.439,-2.216
-0.418,-2.221
-0.395,-2.245
-0.379,-2.278
-0.380,-2.329
-0.355,-2.427
-0.355,-2.534
-0.376,-2.603
-0.415,-2.621
-0.456,-2.650
-0.479,-2.666
-0.471,-2.691
-0.456,-2.681
-0.442,-2.641
-0.450,-2.606
-0.449,-2.555
-0.449,-2.556
-0.448,-2.533
-0.432,-2.498
-0.449,-2.442
-0.464,-2.409
-0.464,-2.396
-0.472,-2.390
-0.487,-2.387
-0.496,-2.383
-0.519,-2.356
-0.527,-2.324
-0.511,-2.277
-0.495,-2.229
-0.480,-2.125
-0.487,-2.025
-0.463,-1.943
-0.447,-1.879
-0.454,-1.807
-0.479,-1.746
-0.511,-1.673
-0.559,-1.631
-0.613,-1.605
-0.667,-1.611
-0.721,-1.649
-0.788,-1.679
-0.866,-1.695
-0.945,-1.683
-1.056,-1.685
-1.106,-1.690
-1.127,-1.693
-1.158,-1.723
-1.155,-1.718
-1.138,-1.730
-1.162,-1.723
-1.160,-1.704
-1.156,-1.703
-1.118,-1.668
-1.078,-1.660
-1.040,-1.653
-1.022,-1.635
-0.969,-1.613
-0.937,-1.583
-0.922,-1.599
-0.899,-1.609
-0.890,-1.612
-0.884,-1.624
-0.883,-1.623
-0.851,-1.621
-0.828,-1.632
-0.819,-1.620
-0.819,-1.622
-0.819,-1.576
-0.803,-1.574
-0.803,-1.576
-0.795,-1.583
-0.782,-1.588
-0.736,-1.590
-0.713,-1.614
-0.666,-1.647
-0.640,-1.707
-0.609,-1.767
-0.585,-1.849
-0.576,-1.913
-0.576,-1.973
-0.545,-2.019
-0.532,-2.077
-0.516,-2.123
-0.508,-2.129
-0.502,-2.130
-0.501,-2.125
-0.516,-2.153
-0.522,-2.155
-0.538,-2.155
-0.561,-2.146
-0.569,-2.138
-0.571,-2.127
-0.586,-2.111
-0.601,-2.122
-0.609,-2.133
-0.646,-2.165
-0.708,-2.190
-0.723,-2.175
-0.762,-2.181
-0.786,-2.179
-0.811,-2.177
-0.821,-2.209
-0.854,-2.229
-0.877,-2.250
-0.899,-2.300
-0.909,-2.345
-0.910,-2.332
-0.928,-2.306
-0.919,-2.264
-0.928,-2.245
-0.940,-2.221
-0.949,-2.199
-0.959,-2.151
-0.991,-2.138
-1.008,-2.140
-1.037,-2.151
-1.060,-2.205
-1.082,-2.209
-1.097,-2.194
-1.109,-2.194
-1.099,-2.213
-1.076,-2.235
-1.060,-2.281
-1.066,-2.267
-1.076,-2.250
-1.074,-2.246
-1.091,-2.250
-1.063,-2.276
-0.987,-2.344
-1.135,-2.288
-1.188,-2.259
-1.224,-2.267
-1.225,-2.285
-1.207,-2.296
-1.193,-2.344
-1.180,-2.356
-1.178,-2.397
-1.160,-2.405
-1.133,-2.402
-1.111,-2.399
-1.089,-2.349
-1.070,-2.322
-1.039,-2.310
-1.030,-2.299
-1.016,-2.301
-1.014,-2.311
-1.015,-2.329
-0.999,-2.360
-0.997,-2.325
-0.983,-2.269
-0.975,-2.230
-0.992,-2.219
-0.991,-2.201
-0.965,-2.216
-0.955,-2.234
-0.969,-2.201
-0.988,-2.177
-1.003,-2.192
-1.018,-2.205
-1.022,-2.214
-1.022,-2.199
-1.024,-2.188
-1.017,-2.168
-1.008,-2.173
-0.991,-2.184
-0.996,-2.168
-0.974,-2.164
-0.951,-2.143
-0.934,-2.169
-0.912,-2.198
-0.912,-2.228
-0.910,-2.254
-0.924,-2.310
-0.908,-2.325
-0.887,-2.371
-0.872,-2.374
-0.865,-2.418
-0.859,-2.447
-0.848,-2.479
-0.871,-2.546
-0.891,-2.588
-0.898,-2.624
-0.891,-2.651
-0.882,-2.703
-0.876,-2.748
-0.875,-2.775
-0.860,-2.793
-0.841,-2.813
-0.824,-2.835
-0.796,-2.834
-0.773,-2.843
-0.759,-2.852
-0.761,-2.845
-0.744,-2.837
-0.720,-2.828
-0.694,-2.808
-0.702,-2.772
-0.687,-2.742
-0.670,-2.751
-0.656,-2.760
-0.641,-2.775
-0.618,-2.787
-0.618,-2.805
-0.625,-2.823
-0.618,-2.835
-0.609,-2.836
-0.625,-2.839
-0.625,-2.838
-0.624,-2.833
-0.649,-2.814
-0.640,-2.802
-0.634,-2.802
-0.627,-2.796
-0.634,-2.784
-0.626,-2.778
-0.617,-2.748
-0.626,-2.714
-0.626,-2.696
-0.626,-2.696
-0.628,-2.689
-0.619,-2.662
-0.620,-2.625
-0.645,-2.605
-0.713,-2.558
-0.761,-2.529
-0.783,-2.500
-0.799,-2.485
-0.799,-2.472
-0.789,-2.441
-0.776,-2.418
-0.768,-2.363
-0.753,-2.353
-0.738,-2.338
-0.737,-2.333
-0.723,-2.338
-0.706,-2.318
-0.699,-2.299
-0.700,-2.289
-0.668,-2.254
-0.660,-2.217
-0.650,-2.171
-0.627,-2.150
-0.620,-2.116
-0.605,-2.100
-0.614,-2.098
-0.605,-2.090
-0.628,-2.094
-0.612,-2.077
-0.626,-2.087
-0.613,-2.111
-0.613,-2.111
-0.614,-2.116
-0.615,-2.133
-0.606,-2.135
-0.598,-2.174
-0.565,-2.183
-0.558,-2.177
-0.558,-2.164
-0.541,-2.157
-0.511,-2.149
-0.503,-2.140
-0.488,-2.125
-0.481,-2.123
-0.464,-2.134
-0.419,-2.157
-0.394,-2.189
-0.378,-2.220
-0.339,-2.270
-0.322,-2.311
-0.315,-2.335
-0.322,-2.341
-0.323,-2.394
-0.324,-2.429
-0.339,-2.439
-0.355,-2.459
-0.354,-2.437
-0.377,-2.458
-0.392,-2.456
-0.400,-2.447
-0.417,-2.457
-0.417,-2.456
-0.433,-2.459
-0.433,-2.489
-0.440,-2.506
-0.463,-2.514
-0.494,-2.511
-0.509,-2.511
-0.525,-2.514
-0.532,-2.500
-0.565,-2.474
-0.557,-2.437
-0.565,-2.431
-0.573,-2.440
-0.580,-2.456
-0.589,-2.467
-0.596,-2.474
-0.620,-2.467
-0.620,-2.454
-0.611,-2.426
-0.628,-2.428
-0.619,-2.450
-0.627,-2.474
-0.643,-2.458
-0.635,-2.434
-0.644,-2.430
-0.628,-2.428
-0.612,-2.443
-0.611,-2.469
-0.602,-2.503
-0.612,-2.504
-0.597,-2.494
-0.583,-2.484
-0.583,-2.502
-0.557,-2.529
-0.542,-2.562
-0.540,-2.569
-0.532,-2.591
-0.517,-2.594
-0.524,-2.579
-0.518,-2.566
-0.502,-2.551
-0.517,-2.581
-0.518,-2.599
-0.510,-2.620
-0.510,-2.656
-0.478,-2.681
-0.455,-2.721
-0.423,-2.734
-0.422,-2.741
-0.408,-2.746
-0.415,-2.740
-0.424,-2.749
-0.408,-2.752
-0.415,-2.750
-0.415,-2.737
-0.415,-2.720
-0.407,-2.726
-0.392,-2.759
-0.369,-2.771
-0.347,-2.804
-0.338,-2.825
-0.339,-2.843
-0.323,-2.876
-0.298,-2.902
-0.283,-2.936
-0.266,-2.945
-0.258,-2.933
-0.258,-2.916
-0.251,-2.909
-0.213,-2.897
-0.197,-2.882
-0.190,-2.906
-0.143,-2.909
-0.111,-2.904
-0.080,-2.904
-0.064,-2.914
-0.064,-2.911
-0.064,-2.902
-0.064,-2.914
-0.064,-2.920
-0.057,-2.913
-0.065,-2.904
-0.088,-2.895
-0.103,-2.859
-0.104,-2.868
-0.119,-2.877
-0.142,-2.895
-0.173,-2.898
-0.212,-2.873
-0.237,-2.847
-0.253,-2.819
-0.261,-2.798
-0.284,-2.786
-0.299,-2.747
-0.330,-2.699
-0.345,-2.650
-0.376,-2.632
-0.393,-2.594
-0.402,-2.606
-0.402,-2.644
-0.402,-2.639
-0.409,-2.615
-0.417,-2.591
-0.424,-2.576
-0.417,-2.591
-0.433,-2.590
-0.448,-2.606
-0.464,-2.578
-0.464,-2.542
-0.488,-2.538
-0.494,-2.527
-0.501,-2.545
-0.510,-2.557
-0.525,-2.554
-0.533,-2.566
-0.564,-2.578
-0.549,-2.580
-0.550,-2.583
-0.549,-2.583
-0.559,-2.566
-0.550,-2.601
-0.558,-2.622
-0.542,-2.622
-0.525,-2.617
-0.510,-2.602
-0.501,-2.588
-0.477,-2.582
-0.472,-2.556
-0.448,-2.545
-0.455,-2.538
-0.448,-2.514
-0.447,-2.497
-0.448,-2.502
-0.432,-2.499
-0.409,-2.511
-0.400,-2.512
-0.377,-2.504
-0.370,-2.500
-0.369,-2.480
-0.354,-2.485
-0.338,-2.470
