 0.084,-4.889
 0.077,-4.898
 0.077,-4.898
 0.076,-4.890
 0.083,-4.903
 0.076,-4.894
 0.097,-4.889
 0.091,-4.894
 0.097,-4.881
 0.104,-4.867
 0.104,-4.849
 0.111,-4.848
 0.126,-4.852
 0.118,-4.863
 0.126,-4.862
 0.111,-4.885
 0.126,-4.903
 0.119,-4.922
 0.126,-4.922
 0.133,-4.940
 0.140,-4.945
 0.147,-4.936
 0.154,-4.931
 0.154,-4.899
 0.154,-4.900
 0.147,-4.886
 0.140,-4.895
 0.133,-4.895
 0.126,-4.899
 0.133,-4.903
 0.119,-4.902
 0.126,-4.898
 0.119,-4.902
 0.126,-4.895
 0.112,-4.872
 0.111,-4.868
 0.111,-4.868
 0.105,-4.863
 0.097,-4.854
 0.090,-4.857
 0.098,-4.875
 0.076,-4.870
 0.077,-4.888
 0.076,-4.880
 0.076,-4.870
 0.069,-4.858
 0.069,-4.858
 0.069,-4.848
 0.069,-4.840
 0.062,-4.857
 0.062,-4.848
 0.048,-4.852
 0.055,-4.865
 0.055,-4.871
 0.055,-4.879
 0.055,-4.889
 0.049,-4.921
 0.049,-4.939
 0.042,-4.953
 0.042,-4.971
 0.042,-4.981
 0.042,-4.981
 0.042,-5.003
 0.042,-4.994
 0.042,-5.013
 0.057,-5.026
 0.057,-5.036
 0.057,-5.026
 0.057,-5.022
 0.057,-5.026
 0.063,-5.013
 0.077,-5.000
 0.077,-4.990
 0.084,-4.967
 0.098,-4.962
 0.098,-4.944
 0.098,-4.934
 0.105,-4.920
 0.105,-4.904
 0.119,-4.890
 0.126,-4.868
 0.126,-4.858
 0.126,-4.848
 0.133,-4.835
 0.147,-4.830
 0.147,-4.830
 0.154,-4.807
 0.161,-4.806
 0.161,-4.799
 0.168,-4.794
 0.167,-4.776
 0.174,-4.771
 0.181,-4.784
 0.175,-4.785
 0.175,-4.803
 0.189,-4.799
 0.175,-4.812
 0.189,-4.830
 0.182,-4.831
 0.189,-4.844
 0.189,-4.854
 0.182,-4.849
 0.182,-4.867
 0.196,-4.845
 0.182,-4.853
 0.190,-4.858
 0.189,-4.867
 0.189,-4.868
 0.182,-4.868
 0.182,-4.876
 0.189,-4.881
 0.190,-4.895
 0.182,-4.894
 0.176,-4.909
 0.176,-4.944
 0.183,-4.955
 0.169,-4.950
 0.168,-4.955
 0.162,-4.959
 0.169,-4.977
 0.169,-4.976
 0.162,-4.995
 0.162,-5.013
 0.162,-5.001
 0.169,-5.010
 0.155,-4.992
 0.162,-4.987
 0.148,-4.968
 0.155,-4.954
 0.134,-4.958
 0.141,-4.976
 0.141,-4.986
 0.134,-5.009
 0.127,-5.009
 0.134,-5.036
 0.120,-5.059
 0.113,-5.078
 0.127,-5.096
 0.113,-5.101
 0.113,-5.127
 0.113,-5.137
 0.121,-5.156
 0.121,-5.173
 0.128,-5.188
 0.121,-5.211
 0.121,-5.210
 0.114,-5.225
 0.114,-5.243
 0.107,-5.247
 0.107,-5.256
 0.100,-5.261
 0.114,-5.270
 0.100,-5.293
 0.093,-5.288
 0.086,-5.311
 0.086,-5.311
 0.072,-5.334
 0.072,-5.343
 0.073,-5.352
 0.059,-5.370
 0.052,-5.370
 0.045,-5.375
 0.037,-5.365
 0.030,-5.356
 0.037,-5.356
 0.037,-5.342
 0.030,-5.311
 0.037,-5.287
 0.023,-5.264
 0.030,-5.242
 0.036,-5.219
 0.015,-5.182
 0.022,-5.186
 0.029,-5.173
 0.036,-5.173
 0.029,-5.182
 0.029,-5.201
 0.050,-5.214
 0.050,-5.233
 0.044,-5.256
 0.051,-5.279
 0.065,-5.274
 0.065,-5.283
 0.065,-5.265
 0.078,-5.256
 0.078,-5.256
 0.085,-5.242
 0.099,-5.238
 0.099,-5.201
 0.106,-5.187
 0.120,-5.155
 0.127,-5.133
 0.127,-5.114
 0.127,-5.078
 0.127,-5.068
 0.140,-5.041
 0.140,-5.009
 0.140,-5.004
 0.154,-4.972
 0.147,-4.954
 0.154,-4.935
 0.147,-4.908
 0.154,-4.904
 0.153,-4.878
 0.153,-4.886
 0.147,-4.871
 0.153,-4.866
 0.154,-4.874
 0.161,-4.875
 0.140,-4.884
 0.140,-4.911
 0.140,-4.913
 0.140,-4.958
 0.140,-4.950
 0.126,-4.954
 0.126,-4.945
 0.119,-4.922
 0.119,-4.930
 0.112,-4.931
 0.112,-4.944
 0.112,-4.962
 0.105,-4.963
 0.098,-4.994
 0.091,-5.008
 0.099,-5.027
 0.098,-5.040
 0.091,-5.045
 0.092,-5.053
 0.098,-5.040
 0.105,-5.031
 0.112,-5.027
 0.112,-5.018
 0.126,-5.013
 0.133,-5.000
 0.133,-4.991
 0.133,-4.981
 0.140,-4.968
 0.154,-4.962
 0.168,-4.959
 0.168,-4.959
 0.168,-4.976
 0.168,-4.968
 0.176,-4.986
 0.182,-4.990
 0.182,-5.000
 0.190,-5.019
 0.197,-5.019
 0.197,-5.028
 0.204,-5.023
 0.218,-5.027
 0.225,-5.046
 0.218,-5.050
 0.226,-5.064
 0.232,-5.074
 0.218,-5.097
 0.232,-5.111
 0.232,-5.120
 0.233,-5.129
 0.226,-5.133
 0.219,-5.156
 0.212,-5.165
 0.226,-5.170
 0.219,-5.202
 0.226,-5.206
 0.205,-5.225
 0.219,-5.239
 0.212,-5.253
 0.213,-5.262
 0.212,-5.244
 0.205,-5.243
 0.219,-5.229
 0.233,-5.216
 0.234,-5.206
 0.233,-5.198
 0.226,-5.189
 0.233,-5.170
 0.226,-5.143
 0.240,-5.138
 0.226,-5.124
 0.219,-5.119
 0.219,-5.124
 0.219,-5.111
 0.226,-5.115
 0.218,-5.087
 0.226,-5.069
 0.232,-5.046
 0.225,-5.037
 0.225,-5.018
 0.218,-4.991
 0.225,-4.973
 0.232,-4.968
 0.239,-4.941
 0.246,-4.945
 0.239,-4.932
 0.246,-4.945
 0.239,-4.940
 0.246,-4.937
 0.253,-4.946
 0.253,-4.928
 0.246,-4.923
 0.253,-4.918
 0.246,-4.905
 0.246,-4.904
 0.253,-4.909
 0.239,-4.922
 0.246,-4.931
 0.232,-4.936
 0.239,-4.973
 0.239,-4.983
 0.232,-5.001
 0.239,-5.001
 0.232,-4.991
 0.247,-4.986
 0.246,-4.968
 0.246,-4.958
 0.246,-4.959
 0.246,-4.932
 0.246,-4.937
 0.246,-4.923
 0.239,-4.904
 0.253,-4.908
 0.246,-4.882
 0.246,-4.872
 0.253,-4.867
 0.252,-4.849
 0.252,-4.849
 0.266,-4.845
 0.267,-4.853
 0.274,-4.845
 0.273,-4.841
 0.281,-4.840
 0.273,-4.827
 0.280,-4.822
 0.294,-4.818
 0.287,-4.809
 0.288,-4.807
 0.287,-4.790
 0.295,-4.789
 0.281,-4.775
 0.295,-4.761
 0.301,-4.753
 0.293,-4.704
 0.300,-4.700
 0.307,-4.667
 0.293,-4.640
 0.301,-4.615
 0.293,-4.606
 0.287,-4.591
 0.293,-4.568
 0.279,-4.565
 0.265,-4.551
 0.271,-4.538
 0.258,-4.532
 0.258,-4.504
 0.250,-4.478
 0.251,-4.472
 0.250,-4.451
 0.236,-4.444
 0.229,-4.408
 0.235,-4.386
 0.228,-4.367
 0.227,-4.346
 0.221,-4.330
 0.228,-4.325
 0.213,-4.294
 0.220,-4.279
 0.227,-4.253
 0.213,-4.233
 0.234,-4.228
 0.227,-4.229
 0.234,-4.238
 0.241,-4.226
 0.248,-4.238
 0.255,-4.229
 0.255,-4.240
 0.270,-4.247
 0.276,-4.245
 0.276,-4.273
 0.298,-4.268
 0.297,-4.254
 0.305,-4.270
 0.312,-4.257
 0.326,-4.261
 0.326,-4.251
 0.333,-4.253
 0.333,-4.267
 0.347,-4.270
 0.340,-4.278
 0.347,-4.287
 0.354,-4.292
 0.340,-4.313
 0.340,-4.323
 0.341,-4.354
 0.327,-4.385
 0.327,-4.423
 0.313,-4.468
 0.320,-4.493
 0.299,-4.529
 0.292,-4.551
 0.278,-4.561
 0.271,-4.573
 0.264,-4.588
 0.250,-4.592
 0.250,-4.619
 0.229,-4.620
 0.236,-4.633
 0.236,-4.629
 0.222,-4.643
 0.215,-4.651
 0.208,-4.656
 0.201,-4.655
 0.201,-4.665
 0.180,-4.674
 0.180,-4.674
 0.174,-4.692
 0.160,-4.710
 0.166,-4.725
 0.167,-4.756
 0.160,-4.789
 0.153,-4.785
 0.146,-4.802
 0.139,-4.807
 0.146,-4.820
 0.133,-4.828
 0.132,-4.833
 0.139,-4.842
 0.146,-4.829
 0.139,-4.852
 0.146,-4.839
 0.146,-4.849
 0.160,-4.853
 0.160,-4.853
 0.168,-4.862
 0.182,-4.866
 0.196,-4.862
 0.196,-4.870
 0.189,-4.871
 0.203,-4.899
 0.203,-4.899
 0.203,-4.909
 0.204,-4.931
 0.203,-4.926
 0.196,-4.949
 0.204,-4.958
 0.197,-4.972
 0.204,-4.986
 0.204,-4.968
 0.197,-4.973
 0.197,-4.977
 0.197,-4.973
 0.190,-4.981
 0.197,-4.982
 0.197,-5.000
 0.190,-4.995
 0.190,-5.005
 0.197,-5.018
 0.183,-5.013
 0.176,-5.009
 0.176,-5.013
 0.183,-4.996
 0.169,-5.000
 0.176,-5.000
 0.169,-5.000
 0.169,-4.990
 0.183,-4.976
 0.183,-4.985
 0.190,-4.972
 0.182,-4.953
 0.190,-4.954
 0.189,-4.928
 0.203,-4.936
 0.203,-4.918
 0.203,-4.909
 0.210,-4.908
 0.196,-4.894
 0.211,-4.889
 0.217,-4.876
 0.203,-4.872
 0.203,-4.862
 0.203,-4.854
 0.196,-4.867
 0.203,-4.854
 0.189,-4.840
 0.196,-4.853
 0.189,-4.840
 0.189,-4.848
 0.182,-4.825
 0.189,-4.820
 0.189,-4.820
 0.189,-4.812
 0.189,-4.803
 0.167,-4.780
 0.167,-4.770
 0.167,-4.770
 0.160,-4.747
 0.153,-4.746
 0.160,-4.738
 0.160,-4.738
 0.146,-4.724
 0.146,-4.716
 0.146,-4.724
 0.153,-4.711
 0.146,-4.716
 0.146,-4.706
 0.139,-4.697
 0.139,-4.705
 0.139,-4.705
 0.132,-4.696
 0.146,-4.700
 0.139,-4.687
 0.139,-4.687
 0.131,-4.661
 0.117,-4.647
 0.117,-4.637
 0.117,-4.619
 0.110,-4.636
 0.117,-4.627
 0.110,-4.632
 0.110,-4.636
 0.110,-4.628
 0.110,-4.632
 0.096,-4.614
 0.096,-4.614
 0.103,-4.613
 0.096,-4.600
 0.096,-4.595
 0.096,-4.577
 0.096,-4.577
 0.095,-4.581
 0.103,-4.564
 0.089,-4.572
 0.103,-4.582
 0.096,-4.587
 0.103,-4.586
 0.103,-4.578
 0.103,-4.589
 0.103,-4.586
 0.103,-4.599
 0.110,-4.608
 0.110,-4.614
 0.110,-4.642
 0.124,-4.656
 0.125,-4.697
 0.139,-4.719
 0.139,-4.738
 0.147,-4.765
 0.154,-4.756
 0.147,-4.775
 0.168,-4.784
 0.160,-4.785
 0.160,-4.802
 0.175,-4.806
 0.182,-4.798
 0.168,-4.802
 0.174,-4.799
 0.175,-4.789
 0.161,-4.789
 0.153,-4.780
 0.153,-4.770
 0.153,-4.752
 0.154,-4.760
 0.147,-4.765
 0.140,-4.770
 0.139,-4.774
 0.140,-4.780
 0.139,-4.783
 0.133,-4.788
 0.133,-4.788
 0.112,-4.787
 0.118,-4.784
 0.112,-4.797
 0.112,-4.797
 0.098,-4.807
 0.091,-4.806
 0.091,-4.798
 0.091,-4.806
 0.090,-4.802
 0.077,-4.801
 0.076,-4.792
 0.083,-4.779
 0.083,-4.797
 0.091,-4.788
 0.083,-4.779
 0.076,-4.782
 0.083,-4.769
 0.091,-4.778
 0.083,-4.769
 0.083,-4.769
 0.083,-4.769
 0.083,-4.771
 0.090,-4.770
 0.090,-4.760
 0.097,-4.756
 0.097,-4.764
 0.097,-4.756
 0.097,-4.764
 0.112,-4.760
 0.105,-4.757
 0.097,-4.756
 0.097,-4.748
 0.090,-4.743
 0.083,-4.752
 0.090,-4.733
 0.069,-4.736
 0.076,-4.723
 0.076,-4.723
 0.062,-4.737
 0.055,-4.724
 0.055,-4.742
 0.041,-4.734
 0.034,-4.750
 0.041,-4.773
 0.034,-4.760
 0.027,-4.773
 0.027,-4.782
 0.027,-4.783
 0.020,-4.805
 0.020,-4.797
 0.020,-4.805
 0.020,-4.797
 0.013,-4.796
 0.020,-4.805
 0.013,-4.806
 0.013,-4.814
 0.020,-4.815
 0.013,-4.824
 0.013,-4.824
 0.013,-4.833
 0.006,-4.846
 0.013,-4.833
 0.021,-4.832
 0.006,-4.829
 0.013,-4.816
 0.013,-4.824
 0.006,-4.828
 0.020,-4.819
 0.013,-4.841
 0.006,-4.829
 0.014,-4.846
 0.021,-4.842
 0.007,-4.856
-0.001,-4.847
-0.001,-4.857
-0.001,-4.865
 0.007,-4.838
-0.001,-4.855
 0.006,-4.846
 0.013,-4.851
-0.001,-4.855
 0.013,-4.851
 0.006,-4.860
 0.013,-4.851
 0.006,-4.852
 0.013,-4.851
 0.021,-4.842
 0.020,-4.846
 0.027,-4.841
 0.034,-4.825
 0.020,-4.819
 0.027,-4.806
 0.041,-4.810
 0.041,-4.810
 0.041,-4.793
 0.062,-4.792
 0.069,-4.779
 0.069,-4.769
 0.083,-4.755
 0.090,-4.743
 0.090,-4.751
 0.097,-4.755
 0.104,-4.765
 0.118,-4.778
 0.125,-4.775
 0.125,-4.793
 0.132,-4.812
 0.154,-4.825
 0.154,-4.852
 0.161,-4.875
 0.168,-4.874
 0.175,-4.879
 0.182,-4.888
 0.175,-4.889
 0.175,-4.891
 0.189,-4.905
 0.196,-4.896
 0.189,-4.895
 0.182,-4.908
 0.182,-4.908
 0.189,-4.921
 0.189,-4.903
 0.182,-4.912
 0.175,-4.917
 0.182,-4.917
 0.182,-4.917
 0.182,-4.917
 0.175,-4.926
 0.168,-4.921
 0.168,-4.931
 0.168,-4.949
 0.161,-4.963
 0.161,-4.963
 0.161,-4.981
 0.168,-4.986
 0.176,-5.003
 0.176,-4.995
 0.162,-4.999
 0.168,-5.004
 0.169,-5.009
 0.169,-5.018
 0.176,-5.023
 0.162,-5.022
 0.162,-5.009
 0.169,-5.000
 0.176,-4.985
 0.161,-4.991
 0.161,-4.973
 0.154,-4.972
 0.154,-4.972
 0.147,-4.976
 0.147,-4.976
 0.140,-4.966
 0.147,-4.975
 0.147,-4.967
 0.147,-4.995
 0.154,-4.995
 0.147,-5.014
 0.155,-5.013
 0.147,-5.032
 0.155,-5.049
 0.162,-5.068
 0.162,-5.077
 0.155,-5.100
 0.162,-5.087
 0.162,-5.095
 0.162,-5.095
 0.169,-5.100
 0.176,-5.092
 0.176,-5.101
 0.176,-5.109
 0.190,-5.105
 0.176,-5.091
 0.190,-5.082
 0.183,-5.069
 0.197,-5.064
 0.197,-5.055
 0.190,-5.046
 0.204,-5.050
 0.204,-5.060
 0.204,-5.051
 0.211,-5.055
 0.218,-5.064
 0.218,-5.082
 0.218,-5.087
 0.211,-5.087
 0.225,-5.083
 0.233,-5.092
 0.233,-5.100
 0.240,-5.097
 0.232,-5.106
 0.239,-5.106
 0.225,-5.110
 0.233,-5.119
 0.233,-5.129
 0.240,-5.147
 0.247,-5.151
 0.240,-5.170
 0.254,-5.197
 0.247,-5.212
 0.255,-5.239
 0.254,-5.234
 0.248,-5.257
 0.255,-5.266
 0.248,-5.267
 0.248,-5.285
 0.262,-5.289
 0.255,-5.298
 0.255,-5.284
 0.255,-5.276
 0.262,-5.289
 0.255,-5.276
 0.255,-5.262
 0.248,-5.275
 0.247,-5.253
 0.255,-5.253
 0.247,-5.243
 0.247,-5.243
 0.248,-5.248
 0.240,-5.230
 0.233,-5.230
 0.226,-5.207
 0.226,-5.193
 0.233,-5.174
 0.225,-5.147
 0.226,-5.146
 0.212,-5.142
 0.212,-5.142
 0.219,-5.142
 0.226,-5.138
 0.219,-5.151
 0.219,-5.161
 0.219,-5.161
 0.226,-5.165
 0.233,-5.166
 0.233,-5.175
 0.247,-5.161
 0.247,-5.151
 0.254,-5.147
 0.254,-5.156
 0.254,-5.165
 0.261,-5.161
 0.254,-5.148
 0.268,-5.152
 0.253,-5.130
 0.254,-5.138
 0.254,-5.129
 0.261,-5.124
 0.261,-5.132
 0.261,-5.133
 0.261,-5.152
 0.268,-5.152
 0.261,-5.143
 0.261,-5.161
 0.260,-5.125
 0.261,-5.124
 0.268,-5.101
 0.268,-5.101
 0.260,-5.110
 0.253,-5.079
 0.253,-5.087
 0.246,-5.064
 0.232,-5.037
 0.239,-5.036
 0.232,-5.009
 0.232,-5.000
 0.225,-4.977
 0.218,-4.958
 0.218,-4.958
 0.217,-4.940
 0.218,-4.949
 0.218,-4.958
 0.217,-4.940
 0.218,-4.958
 0.217,-4.977
 0.218,-4.996
 0.224,-5.010
 0.232,-5.029
 0.239,-5.046
 0.232,-5.041
 0.232,-5.036
 0.246,-5.031
 0.246,-5.023
 0.246,-5.032
 0.253,-5.028
 0.253,-5.042
 0.267,-5.042
 0.260,-5.029
 0.260,-5.037
 0.260,-5.029
 0.274,-5.041
 0.267,-5.050
 0.260,-5.037
 0.275,-5.059
 0.260,-5.047
 0.260,-5.055
 0.253,-5.056
 0.253,-5.055
 0.253,-5.064
 0.253,-5.073
 0.246,-5.069
 0.239,-5.078
 0.239,-5.069
 0.232,-5.082
 0.246,-5.088
 0.246,-5.078
 0.239,-5.087
 0.239,-5.069
 0.246,-5.059
 0.239,-5.041
 0.239,-5.050
 0.246,-5.027
 0.238,-5.000
 0.238,-4.981
 0.245,-4.964
 0.245,-4.972
 0.252,-4.950
 0.266,-4.945
 0.252,-4.932
 0.266,-4.928
 0.266,-4.926
 0.280,-4.913
 0.273,-4.903
 0.281,-4.903
 0.273,-4.904
 0.281,-4.903
 0.280,-4.913
 0.273,-4.909
 0.280,-4.922
 0.287,-4.909
 0.280,-4.905
 0.287,-4.900
 0.287,-4.886
 0.294,-4.885
 0.294,-4.881
 0.287,-4.880
 0.294,-4.871
 0.287,-4.862
 0.287,-4.853
 0.287,-4.845
 0.280,-4.826
 0.287,-4.821
 0.280,-4.798
 0.273,-4.797
 0.272,-4.762
 0.265,-4.743
 0.258,-4.724
 0.257,-4.707
 0.265,-4.696
 0.250,-4.688
 0.250,-4.678
 0.257,-4.669
 0.257,-4.652
 0.271,-4.660
 0.278,-4.647
 0.271,-4.642
 0.285,-4.628
 0.299,-4.625
 0.313,-4.629
 0.320,-4.616
 0.320,-4.624
 0.349,-4.624
 0.356,-4.619
 0.370,-4.609
 0.384,-4.588
 0.377,-4.587
 0.391,-4.601
 0.397,-4.594
 0.405,-4.607
 0.419,-4.604
 0.412,-4.626
 0.426,-4.630
 0.433,-4.649
 0.441,-4.662
 0.448,-4.662
 0.441,-4.671
 0.455,-4.675
 0.447,-4.676
 0.462,-4.680
 0.461,-4.672
 0.469,-4.672
 0.462,-4.680
 0.475,-4.686
 0.490,-4.708
 0.476,-4.718
 0.476,-4.736
 0.476,-4.745
 0.483,-4.774
 0.484,-4.809
 0.484,-4.819
 0.491,-4.828
 0.491,-4.846
 0.491,-4.855
 0.492,-4.836
 0.477,-4.842
 0.477,-4.842
 0.477,-4.842
 0.462,-4.847
 0.477,-4.842
 0.469,-4.842
 0.477,-4.842
 0.463,-4.836
 0.463,-4.845
 0.457,-4.858
 0.449,-4.841
 0.463,-4.855
 0.442,-4.854
 0.427,-4.842
 0.420,-4.841
 0.427,-4.832
 0.421,-4.831
 0.428,-4.826
 0.413,-4.818
 0.414,-4.808
 0.399,-4.804
 0.399,-4.795
 0.386,-4.788
 0.392,-4.766
 0.386,-4.761
 0.378,-4.762
 0.371,-4.753
 0.371,-4.753
 0.363,-4.740
 0.371,-4.739
 0.356,-4.721
 0.356,-4.712
 0.357,-4.698
 0.342,-4.680
 0.356,-4.674
 0.363,-4.661
 0.342,-4.660
 0.342,-4.660
 0.349,-4.648
 0.349,-4.638
 0.363,-4.634
 0.349,-4.638
 0.356,-4.619
 0.349,-4.620
 0.363,-4.614
 0.349,-4.610
 0.356,-4.615
 0.363,-4.607
 0.370,-4.608
 0.363,-4.624
 0.370,-4.615
 0.377,-4.628
 0.377,-4.628
 0.385,-4.619
 0.392,-4.632
 0.391,-4.624
 0.391,-4.634
 0.391,-4.621
 0.391,-4.617
 0.405,-4.611
 0.398,-4.602
 0.406,-4.601
 0.413,-4.596
 0.412,-4.588
 0.419,-4.574
 0.412,-4.575
 0.412,-4.561
 0.419,-4.556
 0.419,-4.538
 0.419,-4.546
 0.419,-4.528
 0.419,-4.529
 0.419,-4.528
 0.418,-4.511
 0.426,-4.510
 0.418,-4.511
 0.425,-4.506
 0.426,-4.496
 0.418,-4.470
 0.419,-4.477
 0.418,-4.456
 0.419,-4.446
 0.419,-4.436
 0.418,-4.432
 0.412,-4.417
 0.418,-4.405
 0.404,-4.405
 0.405,-4.391
 0.397,-4.392
 0.383,-4.396
 0.397,-4.392
 0.383,-4.396
 0.376,-4.394
 0.376,-4.394
 0.384,-4.403
 0.369,-4.413
 0.362,-4.408
 0.355,-4.417
 0.354,-4.415
 0.348,-4.432
 0.362,-4.445
 0.341,-4.454
 0.348,-4.477
 0.341,-4.495
 0.341,-4.513
 0.341,-4.519
 0.341,-4.533
 0.334,-4.555
 0.334,-4.565
 0.348,-4.569
 0.341,-4.574
 0.341,-4.588
 0.349,-4.596
 0.341,-4.597
 0.356,-4.605
 0.363,-4.610
 0.356,-4.615
 0.356,-4.633
 0.362,-4.630
 0.363,-4.652
 0.370,-4.653
 0.370,-4.666
 0.370,-4.675
 0.384,-4.680
 0.392,-4.711
 0.391,-4.717
 0.406,-4.731
 0.406,-4.749
 0.420,-4.755
 0.427,-4.781
 0.427,-4.791
 0.427,-4.801
 0.435,-4.818
 0.428,-4.823
 0.428,-4.845
 0.428,-4.858
 0.442,-4.882
 0.436,-4.904
 0.435,-4.937
 0.429,-4.974
 0.435,-4.975
 0.436,-4.993
 0.436,-5.010
 0.428,-5.011
 0.429,-5.037
 0.429,-5.029
 0.422,-5.061
 0.415,-5.070
 0.408,-5.084
 0.401,-5.084
 0.387,-5.070
 0.387,-5.070
 0.372,-5.056
 0.358,-5.034
 0.365,-5.037
 0.351,-5.033
 0.351,-5.033
 0.351,-5.023
 0.344,-5.010
 0.344,-5.018
 0.337,-5.009
 0.330,-5.000
 0.330,-5.000
 0.329,-4.982
 0.323,-4.978
 0.315,-4.959
 0.329,-4.945
 0.309,-4.944
 0.315,-4.931
 0.308,-4.926
 0.308,-4.909
 0.308,-4.900
 0.308,-4.891
 0.322,-4.877
 0.315,-4.867
 0.329,-4.839
 0.329,-4.829
 0.343,-4.816
 0.336,-4.803
 0.343,-4.802
 0.350,-4.771
 0.363,-4.764
 0.364,-4.758
 0.363,-4.726
 0.378,-4.721
 0.378,-4.711
 0.385,-4.702
 0.392,-4.697
 0.405,-4.676
 0.406,-4.684
 0.406,-4.666
 0.406,-4.666
 0.406,-4.666
 0.412,-4.653
 0.413,-4.661
 0.413,-4.661
 0.406,-4.666
 0.413,-4.661
 0.412,-4.671
 0.413,-4.689
 0.412,-4.698
 0.405,-4.703
 0.413,-4.716
 0.405,-4.713
 0.413,-4.744
 0.420,-4.762
 0.406,-4.786
 0.414,-4.813
 0.420,-4.841
 0.421,-4.859
 0.435,-4.873
 0.435,-4.873
 0.435,-4.887
 0.434,-4.874
 0.442,-4.874
 0.441,-4.860
 0.441,-4.832
 0.435,-4.822
 0.456,-4.799
 0.435,-4.784
 0.448,-4.767
 0.462,-4.759
 0.462,-4.759
 0.461,-4.751
 0.462,-4.759
 0.455,-4.754
 0.455,-4.754
 0.449,-4.753
 0.455,-4.768
 0.448,-4.790
 0.449,-4.804
 0.448,-4.827
 0.449,-4.859
 0.448,-4.878
 0.442,-4.891
 0.435,-4.900
 0.442,-4.919
 0.450,-4.932
 0.442,-4.929
 0.442,-4.956
 0.456,-4.970
 0.449,-4.988
 0.443,-5.001
 0.463,-5.016
 0.450,-5.038
 0.457,-5.057
 0.471,-5.071
 0.471,-5.075
 0.485,-5.080
 0.499,-5.085
 0.506,-5.103
 0.499,-5.108
 0.507,-5.121
 0.506,-5.113
 0.500,-5.136
 0.500,-5.136
 0.492,-5.126
 0.486,-5.130
 0.492,-5.117
 0.486,-5.116
 0.479,-5.111
 0.486,-5.116
 0.479,-5.121
 0.485,-5.104
 0.471,-5.108
 0.457,-5.104
 0.443,-5.117
 0.437,-5.121
 0.429,-5.121
 0.408,-5.148
 0.394,-5.162
 0.387,-5.166
 0.381,-5.189
 0.359,-5.189
 0.352,-5.198
 0.346,-5.207
 0.332,-5.221
 0.332,-5.239
 0.332,-5.244
 0.318,-5.248
 0.325,-5.244
 0.311,-5.239
 0.325,-5.244
 0.318,-5.230
 0.318,-5.248
 0.311,-5.244
 0.311,-5.239
 0.297,-5.243
 0.297,-5.221
 0.311,-5.225
 0.297,-5.211
 0.289,-5.202
 0.283,-5.188
 0.283,-5.170
 0.275,-5.152
 0.282,-5.142
 0.268,-5.120
 0.275,-5.096
 0.282,-5.074
 0.275,-5.059
 0.282,-5.023
 0.274,-5.000
 0.275,-4.981
 0.288,-4.959
 0.289,-4.973
 0.296,-4.978
 0.302,-4.960
 0.317,-4.987
 0.317,-4.983
 0.324,-4.996
 0.331,-5.014
 0.338,-5.019
 0.345,-5.032
 0.352,-5.005
 0.367,-5.010
 0.373,-4.987
 0.366,-4.978
 0.366,-4.969
 0.373,-4.942
 0.387,-4.932
 0.373,-4.918
 0.379,-4.896
 0.380,-4.886
 0.379,-4.868
 0.372,-4.867
 0.373,-4.857
 0.372,-4.840
 0.379,-4.835
 0.378,-4.809
 0.386,-4.822
 0.393,-4.813
 0.386,-4.818
 0.393,-4.818
 0.393,-4.813
 0.386,-4.826
 0.386,-4.826
 0.393,-4.827
 0.400,-4.822
 0.393,-4.809
 0.386,-4.808
 0.407,-4.790
 0.407,-4.790
 0.407,-4.780
 0.421,-4.776
 0.414,-4.775
 0.414,-4.758
 0.420,-4.755
 0.420,-4.745
 0.427,-4.704
 0.420,-4.703
 0.442,-4.689
 0.448,-4.666
 0.463,-4.671
 0.469,-4.648
 0.476,-4.643
 0.490,-4.629
 0.490,-4.612
 0.497,-4.593
 0.511,-4.589
 0.525,-4.580
 0.539,-4.566
 0.546,-4.567
 0.539,-4.566
 0.553,-4.562
 0.554,-4.580
 0.553,-4.580
 0.560,-4.581
 0.561,-4.589
 0.575,-4.585
 0.574,-4.599
 0.574,-4.599
 0.581,-4.572
 0.575,-4.575
 0.581,-4.562
 0.582,-4.553
 0.581,-4.539
 0.580,-4.527
 0.574,-4.526
 0.574,-4.499
 0.574,-4.489
 0.574,-4.479
 0.567,-4.442
 0.575,-4.441
 0.567,-4.405
 0.553,-4.391
 0.546,-4.396
 0.551,-4.376
 0.552,-4.384
 0.537,-4.352
 0.538,-4.360
 0.538,-4.349
 0.531,-4.337
 0.532,-4.344
 0.524,-4.332
 0.510,-4.346
 0.510,-4.335
 0.488,-4.333
 0.482,-4.335
 0.475,-4.336
 0.461,-4.340
 0.461,-4.340
 0.454,-4.345
 0.447,-4.357
 0.446,-4.363
 0.433,-4.363
 0.433,-4.363
 0.432,-4.360
 0.426,-4.362
 0.418,-4.363
 0.404,-4.363
 0.397,-4.372
 0.390,-4.359
 0.384,-4.362
 0.376,-4.363
 0.362,-4.367
 0.377,-4.377
 0.355,-4.374
 0.370,-4.385
 0.355,-4.399
 0.363,-4.412
 0.370,-4.420
 0.363,-4.449
 0.370,-4.475
 0.363,-4.473
 0.363,-4.487
 0.377,-4.497
 0.369,-4.498
 0.391,-4.514
 0.391,-4.510
 0.398,-4.513
 0.398,-4.513
 0.405,-4.501
 0.412,-4.513
 0.426,-4.492
 0.426,-4.492
 0.440,-4.496
 0.433,-4.483
 0.434,-4.481
 0.433,-4.463
 0.447,-4.450
 0.447,-4.450
 0.454,-4.437
 0.461,-4.419
 0.461,-4.391
 0.461,-4.377
 0.468,-4.359
 0.460,-4.336
 0.468,-4.335
 0.475,-4.326
 0.475,-4.323
 0.475,-4.326
 0.482,-4.328
 0.482,-4.318
 0.489,-4.309
 0.488,-4.306
 0.489,-4.309
 0.503,-4.306
 0.496,-4.294
 0.510,-4.280
 0.510,-4.280
 0.517,-4.275
 0.517,-4.258
 0.524,-4.270
 0.524,-4.259
 0.516,-4.251
 0.516,-4.241
 0.516,-4.237
 0.510,-4.253
 0.510,-4.235
 0.496,-4.249
 0.510,-4.253
 0.503,-4.268
 0.503,-4.285
 0.496,-4.290
 0.489,-4.309
 0.489,-4.336
 0.475,-4.346
 0.462,-4.367
 0.461,-4.377
 0.440,-4.382
 0.433,-4.381
 0.433,-4.377
 0.426,-4.376
 0.426,-4.358
 0.419,-4.367
 0.419,-4.339
 0.432,-4.319
 0.419,-4.312
 0.411,-4.289
 0.411,-4.276
 0.418,-4.257
 0.404,-4.226
 0.404,-4.219
 0.397,-4.207
 0.396,-4.190
 0.390,-4.157
 0.382,-4.148
 0.390,-4.123
 0.396,-4.090
 0.389,-4.067
 0.390,-4.047
 0.389,-4.023
 0.389,-4.013
 0.374,-3.992
 0.367,-3.983
 0.368,-3.959
 0.374,-3.947
 0.368,-3.921
 0.381,-3.894
 0.367,-3.869
 0.381,-3.856
 0.381,-3.839
 0.382,-3.846
 0.374,-3.834
 0.381,-3.839
 0.374,-3.844
 0.360,-3.841
 0.374,-3.861
 0.381,-3.863
 0.374,-3.872
 0.368,-3.894
 0.367,-3.904
 0.368,-3.921
 0.367,-3.932
 0.375,-3.968
 0.375,-3.999
 0.375,-4.006
 0.368,-4.031
 0.375,-4.050
 0.368,-4.069
 0.355,-4.086
 0.361,-4.091
 0.368,-4.114
 0.361,-4.112
 0.361,-4.116
 0.355,-4.114
 0.354,-4.096
 0.355,-4.103
 0.348,-4.109
 0.340,-4.100
 0.334,-4.112
 0.333,-4.098
 0.326,-4.124
 0.319,-4.112
 0.312,-4.120
 0.312,-4.137
 0.312,-4.137
 0.306,-4.149
 0.298,-4.151
 0.291,-4.159
 0.298,-4.168
 0.291,-4.166
 0.291,-4.173
 0.284,-4.164
 0.291,-4.173
 0.284,-4.172
 0.284,-4.151
 0.291,-4.146
 0.291,-4.129
 0.291,-4.128
 0.298,-4.113
 0.298,-4.096
 0.305,-4.091
 0.319,-4.074
 0.312,-4.055
 0.312,-4.045
 0.319,-4.033
 0.319,-4.022
 0.326,-4.014
 0.340,-4.000
 0.333,-3.988
 0.332,-3.964
 0.326,-3.976
 0.326,-3.959
 0.326,-3.959
 0.333,-3.957
 0.333,-3.954
 0.326,-3.966
 0.333,-3.943
 0.319,-3.943
 0.319,-3.943
 0.318,-3.933
 0.319,-3.926
 0.318,-3.936
 0.312,-3.931
 0.298,-3.938
 0.290,-3.926
 0.298,-3.941
 0.291,-3.943
 0.276,-3.967
 0.277,-3.984
 0.262,-3.991
 0.255,-4.017
 0.248,-4.021
 0.248,-4.022
 0.241,-4.030
 0.248,-4.032
 0.234,-4.025
 0.241,-4.030
 0.234,-4.021
 0.234,-4.008
 0.234,-3.990
 0.248,-3.994
 0.248,-3.980
 0.248,-3.963
 0.255,-3.934
 0.255,-3.917
 0.255,-3.893
 0.276,-3.874
 0.268,-3.835
 0.275,-3.829
 0.282,-3.821
 0.283,-3.810
 0.283,-3.800
 0.275,-3.791
 0.304,-3.781
 0.304,-3.791
 0.325,-3.804
 0.325,-3.814
 0.325,-3.835
 0.318,-3.854
 0.339,-3.870
 0.332,-3.895
 0.339,-3.904
 0.346,-3.926
 0.354,-3.952
 0.361,-3.964
 0.361,-3.985
 0.361,-3.999
 0.375,-4.023
 0.361,-4.054
 0.375,-4.071
 0.368,-4.097
 0.383,-4.097
 0.382,-4.083
 0.390,-4.081
 0.389,-4.064
 0.396,-4.059
 0.396,-4.059
 0.396,-4.042
 0.396,-4.042
 0.395,-4.021
 0.389,-4.023
 0.396,-4.000
 0.396,-3.990
 0.396,-3.980
 0.389,-3.968
 0.382,-3.966
 0.388,-3.964
 0.381,-3.969
 0.374,-3.968
 0.374,-3.950
 0.375,-3.947
 0.375,-3.947
 0.368,-3.952
 0.361,-3.960
 0.353,-3.959
 0.367,-3.959
 0.367,-3.969
 0.381,-3.969
 0.388,-3.982
 0.381,-3.986
 0.389,-3.999
 0.389,-4.012
 0.389,-4.023
 0.390,-4.057
 0.403,-4.064
 0.403,-4.092
 0.410,-4.111
 0.403,-4.129
 0.418,-4.133
 0.403,-4.129
 0.418,-4.133
 0.418,-4.133
 0.418,-4.133
 0.425,-4.114
 0.431,-4.102
 0.424,-4.101
 0.432,-4.092
 0.432,-4.092
 0.432,-4.082
 0.431,-4.075
 0.439,-4.087
 0.424,-4.083
 0.432,-4.092
 0.432,-4.109
 0.431,-4.112
 0.432,-4.119
 0.446,-4.133
 0.439,-4.138
 0.453,-4.146
 0.446,-4.161
 0.460,-4.164
 0.460,-4.164
 0.460,-4.157
 0.474,-4.161
 0.466,-4.163
 0.481,-4.166
 0.467,-4.166
 0.467,-4.166
 0.460,-4.165
 0.474,-4.161
 0.468,-4.173
 0.468,-4.183
 0.446,-4.188
 0.453,-4.197
 0.438,-4.190
 0.439,-4.197
 0.432,-4.202
 0.431,-4.198
 0.439,-4.197
 0.438,-4.190
 0.439,-4.197
 0.439,-4.197
 0.453,-4.193
 0.460,-4.206
 0.467,-4.207
 0.467,-4.225
 0.481,-4.225
 0.488,-4.226
 0.496,-4.253
 0.502,-4.268
 0.503,-4.285
 0.510,-4.294
 0.524,-4.318
 0.531,-4.327
 0.538,-4.338
 0.539,-4.363
 0.553,-4.377
 0.553,-4.387
 0.568,-4.409
 0.567,-4.401
 0.575,-4.427
 0.581,-4.442
 0.573,-4.444
 0.589,-4.451
 0.580,-4.462
 0.581,-4.470
 0.574,-4.475
 0.574,-4.503
 0.568,-4.501
 0.574,-4.502
 0.568,-4.501
 0.554,-4.501
 0.560,-4.489
 0.546,-4.492
 0.553,-4.480
 0.546,-4.492
 0.532,-4.478
 0.532,-4.474
 0.518,-4.478
 0.511,-4.465
 0.498,-4.459
 0.490,-4.450
 0.476,-4.446
 0.483,-4.445
 0.476,-4.446
 0.462,-4.450
 0.462,-4.450
 0.461,-4.432
 0.448,-4.436
 0.447,-4.429
 0.441,-4.431
 0.434,-4.440
 0.426,-4.427
 0.419,-4.436
 0.419,-4.428
 0.426,-4.427
 0.419,-4.436
 0.420,-4.426
 0.427,-4.434
 0.420,-4.422
 0.420,-4.426
 0.426,-4.427
 0.426,-4.420
 0.426,-4.427
 0.412,-4.406
 0.412,-4.413
 0.413,-4.403
 0.405,-4.394
 0.413,-4.403
 0.419,-4.391
 0.420,-4.398
 0.420,-4.398
 0.433,-4.404
 0.426,-4.403
 0.426,-4.410
 0.419,-4.408
 0.434,-4.412
 0.433,-4.422
 0.433,-4.422
 0.447,-4.419
 0.448,-4.436
 0.448,-4.436
 0.454,-4.437
 0.455,-4.445
 0.461,-4.432
 0.462,-4.450
 0.455,-4.445
 0.461,-4.433
 0.469,-4.418
 0.468,-4.410
 0.476,-4.409
 0.475,-4.395
 0.483,-4.376
 0.490,-4.385
 0.489,-4.374
 0.497,-4.373
 0.504,-4.382
 0.504,-4.368
 0.504,-4.385
 0.511,-4.377
 0.518,-4.372
 0.511,-4.377
 0.517,-4.364
 0.518,-4.354
 0.517,-4.337
 0.518,-4.344
 0.510,-4.335
 0.524,-4.332
 0.525,-4.339
 0.517,-4.327
 0.518,-4.327
 0.525,-4.322
 0.517,-4.295
 0.525,-4.284
 0.510,-4.263
 0.503,-4.244
 0.495,-4.208
 0.488,-4.185
 0.488,-4.175
 0.481,-4.152
 0.474,-4.137
 0.489,-4.127
 0.474,-4.106
 0.475,-4.113
 0.467,-4.097
 0.467,-4.101
 0.467,-4.098
 0.459,-4.085
 0.460,-4.082
 0.460,-4.065
 0.446,-4.068
 0.439,-4.049
 0.438,-4.032
 0.446,-4.013
 0.452,-3.984
 0.445,-3.982
 0.445,-3.968
 0.438,-3.960
 0.453,-3.942
 0.459,-3.930
 0.446,-3.923
 0.453,-3.915
 0.445,-3.913
 0.438,-3.908
 0.445,-3.896
 0.438,-3.891
 0.445,-3.858
 0.438,-3.863
 0.445,-3.848
 0.445,-3.831
 0.438,-3.843
 0.438,-3.843
 0.424,-3.839
 0.424,-3.856
 0.417,-3.844
 0.403,-3.858
 0.403,-3.875
 0.388,-3.885
 0.389,-3.889
 0.375,-3.885
 0.361,-3.888
 0.361,-3.916
 0.353,-3.917
 0.347,-3.929
 0.347,-3.940
 0.340,-3.976
 0.340,-3.993
 0.340,-4.014
 0.326,-4.034
 0.340,-4.041
 0.326,-4.045
 0.340,-4.058
 0.339,-4.062
 0.340,-4.058
 0.340,-4.055
 0.347,-4.067
 0.347,-4.057
 0.361,-4.053
 0.354,-4.052
 0.361,-4.053
 0.361,-4.064
 0.361,-4.074
 0.361,-4.057
 0.368,-4.069
 0.375,-4.060
 0.361,-4.054
 0.369,-4.065
 0.375,-4.050
 0.383,-4.062
 0.382,-4.055
 0.389,-4.050
 0.389,-4.064
 0.389,-4.047
 0.382,-4.045
 0.389,-4.036
 0.396,-4.031
 0.382,-4.035
 0.382,-4.028
 0.390,-4.026
 0.389,-4.009
 0.389,-4.023
 0.382,-4.017
 0.396,-4.014
 0.397,-4.021
 0.403,-4.009
 0.396,-4.004
 0.396,-4.004
 0.403,-4.009
 0.404,-4.013
 0.417,-4.020
 0.410,-4.028
 0.410,-4.045
 0.418,-4.064
 0.425,-4.094
 0.439,-4.101
 0.432,-4.127
 0.432,-4.154
 0.446,-4.171
 0.453,-4.190
 0.467,-4.187
 0.460,-4.199
 0.468,-4.211
 0.460,-4.199
 0.475,-4.210
 0.475,-4.202
 0.475,-4.220
 0.461,-4.233
 0.467,-4.249
 0.461,-4.271
 0.453,-4.286
 0.454,-4.304
 0.454,-4.321
 0.440,-4.331
 0.433,-4.343
 0.440,-4.331
 0.432,-4.339
 0.426,-4.321
 0.432,-4.308
 0.426,-4.307
 0.419,-4.312
 0.419,-4.302
 0.419,-4.302
 0.411,-4.303
 0.398,-4.320
 0.397,-4.303
 0.384,-4.307
 0.390,-4.312
 0.383,-4.309
 0.384,-4.306
 0.384,-4.306
 0.384,-4.324
 0.370,-4.327
 0.376,-4.315
 0.370,-4.310
 0.376,-4.297
 0.376,-4.280
 0.369,-4.261
 0.369,-4.230
 0.362,-4.219
 0.376,-4.188
 0.369,-4.169
 0.383,-4.145
 0.382,-4.124
 0.375,-4.108
 0.389,-4.078
 0.403,-4.068
 0.396,-4.049
 0.403,-4.023
 0.410,-4.021
 0.403,-4.019
 0.410,-4.014
 0.410,-4.004
 0.417,-4.020
 0.417,-4.013
 0.424,-4.018
 0.418,-4.030
 0.432,-4.044
 0.417,-4.051
 0.425,-4.059
 0.417,-4.061
 0.431,-4.064
 0.424,-4.073
 0.424,-4.066
 0.411,-4.076
 0.417,-4.078
 0.411,-4.100
 0.418,-4.095
 0.410,-4.083
 0.404,-4.081
 0.410,-4.086
 0.396,-4.090
 0.411,-4.093
 0.403,-4.092
 0.411,-4.100
 0.396,-4.107
 0.389,-4.115
 0.390,-4.119
 0.389,-4.115
 0.383,-4.117
 0.383,-4.127
 0.375,-4.136
 0.368,-4.145
 0.361,-4.132
 0.375,-4.136
 0.361,-4.132
 0.375,-4.129
 0.368,-4.114
 0.375,-4.091
 0.383,-4.093
 0.389,-4.067
 0.389,-4.067
 0.389,-4.054
 0.396,-4.042
 0.396,-4.045
 0.403,-4.019
 0.396,-4.014
 0.396,-4.007
 0.410,-3.990
 0.403,-3.989
 0.417,-3.985
 0.410,-3.990
 0.404,-3.985
 0.410,-3.973
 0.403,-3.982
 0.410,-3.973
 0.417,-3.982
 0.411,-3.980
 0.410,-3.963
 0.418,-3.975
 0.425,-3.966
 0.417,-3.985
 0.417,-3.985
 0.423,-3.984
 0.424,-4.004
 0.424,-3.987
 0.417,-3.996
 0.425,-3.994
 0.424,-4.004
 0.431,-3.999
 0.424,-4.004
 0.417,-4.013
 0.418,-4.016
 0.417,-4.009
 0.411,-4.035
 0.403,-4.023
 0.396,-4.032
 0.397,-4.049
 0.403,-4.051
 0.383,-4.062
 0.396,-4.059
 0.382,-4.073
 0.383,-4.090
 0.396,-4.097
 0.390,-4.109
 0.376,-4.133
 0.376,-4.150
 0.383,-4.159
 0.369,-4.169
 0.369,-4.186
 0.369,-4.200
 0.362,-4.219
 0.362,-4.229
 0.361,-4.232
 0.362,-4.239
 0.355,-4.234
 0.362,-4.219
 0.362,-4.226
 0.355,-4.227
 0.355,-4.234
 0.369,-4.224
 0.361,-4.225
 0.368,-4.230
 0.375,-4.204
 0.368,-4.206
 0.375,-4.201
 0.376,-4.191
 0.383,-4.200
 0.383,-4.193
 0.376,-4.205
 0.383,-4.210
 0.390,-4.215
 0.397,-4.224
 0.396,-4.217
 0.404,-4.247
 0.404,-4.229
 0.404,-4.229
 0.411,-4.238
 0.425,-4.234
 0.418,-4.233
 0.425,-4.238
 0.433,-4.261
 0.440,-4.266
 0.446,-4.267
 0.447,-4.275
 0.460,-4.267
 0.453,-4.276
 0.453,-4.266
 0.446,-4.253
 0.454,-4.252
 0.453,-4.248
 0.460,-4.230
 0.461,-4.223
 0.460,-4.202
 0.461,-4.209
 0.467,-4.197
 0.467,-4.170
 0.474,-4.165
 0.481,-4.138
 0.481,-4.129
 0.488,-4.106
 0.495,-4.098
 0.495,-4.087
 0.501,-4.075
 0.488,-4.068
 0.502,-4.055
 0.509,-4.046
 0.510,-4.053
 0.502,-4.051
 0.509,-4.046
 0.502,-4.038
 0.502,-4.038
 0.509,-4.050
 0.515,-4.034
 0.509,-4.050
 0.515,-4.038
 0.508,-4.043
 0.509,-4.050
 0.508,-4.043
 0.502,-4.044
 0.495,-4.063
 0.488,-4.068
 0.481,-4.077
 0.474,-4.078
 0.481,-4.091
 0.467,-4.097
 0.466,-4.108
 0.467,-4.115
 0.473,-4.130
 0.467,-4.132
 0.474,-4.137
 0.481,-4.156
 0.482,-4.163
 0.488,-4.161
 0.481,-4.184
 0.481,-4.194
 0.495,-4.190
 0.488,-4.203
 0.502,-4.199
 0.503,-4.234
 0.510,-4.225
 0.510,-4.239
 0.517,-4.237
 0.510,-4.235
 0.524,-4.239
 0.516,-4.216
 0.516,-4.213
 0.517,-4.206
 0.523,-4.194
 0.524,-4.187
 0.524,-4.187
 0.510,-4.184
 0.524,-4.187
 0.523,-4.180
 0.524,-4.187
 0.517,-4.179
 0.516,-4.189
 0.510,-4.184
 0.502,-4.185
 0.510,-4.201
 0.510,-4.211
 0.502,-4.230
 0.502,-4.230
 0.495,-4.235
 0.496,-4.225
 0.496,-4.225
 0.489,-4.230
 0.496,-4.228
 0.502,-4.202
 0.503,-4.192
 0.502,-4.175
 0.495,-4.156
 0.509,-4.132
 0.516,-4.117
 0.523,-4.101
 0.530,-4.093
 0.523,-4.084
 0.530,-4.069
 0.537,-4.043
 0.537,-4.033
 0.530,-4.013
 0.544,-4.000
 0.530,-4.003
 0.537,-3.978
 0.530,-3.976
 0.537,-3.981
 0.536,-3.964
 0.544,-3.973
 0.536,-3.960
 0.544,-3.973
 0.543,-3.955
 0.551,-3.936
 0.551,-3.926
 0.543,-3.900
 0.537,-3.885
 0.543,-3.890
 0.536,-3.881
 0.536,-3.868
 0.528,-3.842
 0.522,-3.843
 0.529,-3.821
 0.515,-3.824
 0.523,-3.805
 0.515,-3.807
 0.516,-3.814
 0.507,-3.798
 0.500,-3.801
 0.494,-3.799
 0.486,-3.787
 0.472,-3.793
 0.466,-3.788
 0.458,-3.779
 0.445,-3.769
 0.437,-3.770
 0.444,-3.765
 0.437,-3.760
 0.430,-3.765
 0.423,-3.773
 0.416,-3.762
 0.402,-3.765
 0.395,-3.759
 0.395,-3.756
 0.381,-3.763
 0.373,-3.747
 0.360,-3.751
 0.360,-3.750
 0.352,-3.728
 0.353,-3.718
 0.338,-3.684
 0.338,-3.663
 0.331,-3.654
 0.316,-3.640
 0.317,-3.630
 0.323,-3.618
 0.323,-3.607
 0.323,-3.607
 0.323,-3.607
 0.324,-3.614
 0.323,-3.607
 0.316,-3.605
 0.330,-3.591
 0.337,-3.604
 0.330,-3.599
 0.337,-3.598
 0.352,-3.608
 0.345,-3.602
 0.359,-3.599
 0.366,-3.597
 0.373,-3.586
 0.373,-3.603
 0.387,-3.600
 0.387,-3.600
 0.394,-3.608
 0.401,-3.597
 0.401,-3.603
 0.401,-3.586
 0.408,-3.594
 0.408,-3.598
 0.408,-3.591
 0.422,-3.595
 0.415,-3.600
 0.415,-3.610
 0.423,-3.625
 0.422,-3.633
 0.423,-3.639
 0.416,-3.644
 0.415,-3.641
 0.415,-3.658
 0.408,-3.646
 0.415,-3.658
 0.408,-3.657
 0.415,-3.665
 0.408,-3.663
 0.415,-3.665
 0.416,-3.661
 0.415,-3.658
 0.415,-3.658
 0.416,-3.647
 0.408,-3.646
 0.401,-3.627
 0.400,-3.610
 0.407,-3.588
 0.401,-3.572
 0.407,-3.550
 0.401,-3.551
 0.408,-3.556
 0.407,-3.539
 0.408,-3.529
 0.407,-3.523
 0.407,-3.512
 0.421,-3.482
 0.421,-3.482
 0.415,-3.465
 0.428,-3.446
 0.443,-3.438
 0.449,-3.416
 0.463,-3.402
 0.471,-3.370
 0.470,-3.350
 0.471,-3.326
 0.471,-3.315
 0.485,-3.301
 0.464,-3.285
 0.470,-3.273
 0.478,-3.254
 0.477,-3.249
 0.463,-3.232
 0.470,-3.219
 0.463,-3.207
 0.463,-3.213
 0.457,-3.207
 0.457,-3.207
 0.450,-3.205
 0.442,-3.215
 0.428,-3.229
 0.428,-3.240
 0.414,-3.270
 0.400,-3.273
 0.393,-3.289
 0.379,-3.309
 0.365,-3.336
 0.344,-3.355
 0.330,-3.385
 0.309,-3.415
 0.288,-3.451
 0.267,-3.486
 0.239,-3.510
 0.211,-3.554
 0.196,-3.589
 0.162,-3.628
 0.154,-3.674
 0.147,-3.704
 0.133,-3.735
 0.133,-3.742
 0.133,-3.748
 0.140,-3.757
 0.140,-3.757
 0.140,-3.774
 0.147,-3.790
 0.161,-3.793
 0.154,-3.809
 0.169,-3.833
 0.190,-3.849
 0.204,-3.856
 0.218,-3.876
 0.218,-3.876
 0.253,-3.882
 0.261,-3.880
 0.274,-3.873
 0.296,-3.868
 0.302,-3.857
 0.316,-3.843
 0.338,-3.841
 0.352,-3.835
 0.374,-3.837
 0.380,-3.814
 0.401,-3.806
 0.408,-3.790
 0.429,-3.792
 0.436,-3.774
 0.450,-3.760
 0.450,-3.757
 0.464,-3.746
 0.478,-3.726
 0.486,-3.727
 0.485,-3.711
 0.485,-3.711
 0.500,-3.714
 0.485,-3.710
 0.486,-3.728
 0.499,-3.724
 0.492,-3.730
 0.499,-3.728
 0.499,-3.721
 0.521,-3.733
 0.521,-3.733
 0.521,-3.733
 0.535,-3.736
 0.534,-3.730
 0.534,-3.730
 0.534,-3.730
 0.534,-3.716
 0.535,-3.709
 0.548,-3.692
 0.556,-3.690
 0.556,-3.662
 0.562,-3.651
 0.563,-3.637
 0.561,-3.617
 0.562,-3.596
 0.569,-3.546
 0.568,-3.519
 0.583,-3.494
 0.568,-3.464
 0.576,-3.448
 0.583,-3.439
 0.575,-3.431
 0.583,-3.415
 0.575,-3.414
 0.568,-3.412
 0.568,-3.412
 0.568,-3.412
 0.569,-3.429
 0.554,-3.433
 0.548,-3.461
 0.547,-3.472
 0.533,-3.485
 0.527,-3.508
 0.519,-3.510
 0.513,-3.549
 0.505,-3.568
 0.484,-3.587
 0.478,-3.612
 0.470,-3.624
 0.463,-3.664
 0.463,-3.663
 0.449,-3.660
 0.463,-3.664
 0.463,-3.657
 0.463,-3.664
 0.478,-3.664
 0.485,-3.658
 0.485,-3.675
 0.485,-3.669
 0.485,-3.675
 0.506,-3.664
 0.506,-3.675
 0.506,-3.675
 0.512,-3.649
 0.513,-3.656
 0.513,-3.628
 0.506,-3.636
 0.506,-3.626
 0.513,-3.615
 0.520,-3.612
 0.520,-3.595
 0.520,-3.595
 0.520,-3.609
 0.505,-3.603
 0.506,-3.609
 0.513,-3.614
 0.506,-3.609
 0.499,-3.618
 0.492,-3.633
 0.485,-3.645
 0.478,-3.664
 0.478,-3.675
 0.478,-3.691
 0.463,-3.699
 0.457,-3.724
 0.443,-3.755
 0.443,-3.765
 0.436,-3.790
 0.435,-3.811
 0.422,-3.832
 0.443,-3.861
 0.435,-3.890
 0.422,-3.938
 0.421,-3.959
 0.429,-3.988
 0.444,-4.019
 0.458,-4.044
 0.479,-4.052
 0.492,-4.059
 0.506,-4.056
 0.513,-4.048
 0.534,-4.029
 0.535,-4.008
 0.556,-4.000
 0.571,-3.979
 0.584,-3.962
 0.598,-3.959
 0.598,-3.949
 0.611,-3.939
 0.619,-3.937
 0.618,-3.920
 0.618,-3.906
 0.619,-3.899
 0.612,-3.890
 0.613,-3.897
 0.605,-3.885
 0.590,-3.882
 0.591,-3.871
 0.569,-3.859
 0.570,-3.866
 0.555,-3.862
 0.533,-3.840
 0.527,-3.852
 0.519,-3.826
 0.520,-3.815
 0.513,-3.821
 0.512,-3.804
 0.520,-3.805
 0.512,-3.790
 0.505,-3.785
 0.519,-3.771
 0.519,-3.771
 0.534,-3.764
 0.533,-3.757
 0.527,-3.745
 0.527,-3.717
 0.540,-3.714
 0.547,-3.692
 0.539,-3.680
 0.533,-3.678
 0.519,-3.661
 0.519,-3.661
 0.512,-3.659
 0.504,-3.633
 0.505,-3.639
 0.498,-3.617
 0.491,-3.622
 0.484,-3.631
 0.483,-3.641
 0.469,-3.645
 0.462,-3.650
 0.462,-3.660
 0.455,-3.658
 0.462,-3.660
 0.448,-3.663
 0.441,-3.669
 0.441,-3.682
 0.449,-3.708
 0.455,-3.696
 0.456,-3.700
 0.463,-3.705
 0.455,-3.696
 0.463,-3.705
 0.476,-3.702
 0.476,-3.702
 0.483,-3.707
 0.491,-3.716
 0.505,-3.736
 0.505,-3.733
 0.520,-3.753
 0.533,-3.760
 0.534,-3.774
 0.548,-3.778
 0.554,-3.787
 0.554,-3.804
 0.562,-3.812
 0.568,-3.818
 0.562,-3.830
 0.555,-3.835
 0.562,-3.847
 0.576,-3.843
 0.590,-3.840
 0.583,-3.838
 0.582,-3.832
 0.589,-3.826
 0.590,-3.827
 0.590,-3.827
 0.597,-3.828
 0.597,-3.808
 0.590,-3.806
 0.583,-3.794
 0.589,-3.799
 0.583,-3.783
 0.589,-3.771
 0.597,-3.770
 0.590,-3.750
 0.590,-3.733
 0.590,-3.723
 0.596,-3.697
 0.596,-3.711
 0.596,-3.694
 0.603,-3.675
 0.604,-3.668
 0.617,-3.651
 0.618,-3.641
 0.625,-3.635
 0.611,-3.618
 0.611,-3.618
 0.623,-3.609
 0.610,-3.612
 0.617,-3.607
 0.617,-3.607
 0.611,-3.594
 0.617,-3.596
 0.611,-3.591
 0.618,-3.585
 0.617,-3.596
 0.611,-3.608
 0.617,-3.607
 0.603,-3.610
 0.596,-3.604
 0.582,-3.601
 0.596,-3.604
 0.582,-3.612
 0.582,-3.618
 0.568,-3.632
 0.575,-3.634
 0.568,-3.659
 0.575,-3.661
 0.569,-3.687
 0.554,-3.700
 0.547,-3.706
 0.541,-3.731
 0.540,-3.735
 0.534,-3.774
 0.541,-3.796
 0.541,-3.796
 0.541,-3.813
 0.534,-3.802
 0.534,-3.805
 0.541,-3.796
 0.547,-3.798
 0.547,-3.799
 0.547,-3.792
 0.555,-3.780
 0.554,-3.766
 0.555,-3.755
 0.555,-3.759
 0.554,-3.749
 0.562,-3.747
 0.568,-3.725
 0.568,-3.725
 0.569,-3.717
 0.575,-3.689
 0.576,-3.685
 0.569,-3.673
 0.575,-3.661
 0.575,-3.651
 0.568,-3.639
 0.562,-3.626
 0.561,-3.609
 0.561,-3.609
 0.561,-3.599
 0.561,-3.593
 0.547,-3.585
 0.548,-3.571
 0.540,-3.573
 0.526,-3.576
 0.525,-3.570
 0.526,-3.576
 0.512,-3.590
 0.505,-3.598
 0.512,-3.607
 0.498,-3.614
 0.498,-3.648
 0.491,-3.650
 0.476,-3.674
 0.477,-3.691
 0.469,-3.707
 0.463,-3.732
 0.470,-3.741
 0.456,-3.765
 0.464,-3.791
 0.463,-3.812
 0.450,-3.828
 0.443,-3.864
 0.443,-3.889
 0.450,-3.911
 0.449,-3.932
 0.457,-3.947
 0.464,-3.935
 0.464,-3.935
 0.450,-3.939
 0.471,-3.927
 0.472,-3.934
 0.472,-3.933
 0.465,-3.939
 0.465,-3.928
 0.471,-3.944
 0.471,-3.944
 0.465,-3.939
 0.457,-3.941
 0.465,-3.936
 0.464,-3.932
 0.472,-3.930
 0.472,-3.934
 0.464,-3.925
 0.465,-3.918
 0.472,-3.933
 0.472,-3.934
 0.464,-3.949
 0.464,-3.949
 0.465,-3.966
 0.450,-3.973
 0.457,-3.985
 0.450,-3.994
 0.436,-4.018
 0.429,-4.033
 0.429,-4.040
 0.429,-4.043
 0.429,-4.054
 0.435,-4.042
 0.443,-4.023
 0.442,-4.006
 0.457,-3.989
 0.457,-3.961
 0.471,-3.947
 0.478,-3.942
 0.478,-3.935
 0.492,-3.939
 0.492,-3.922
 0.506,-3.908
 0.513,-3.889
 0.527,-3.858
 0.520,-3.857
 0.534,-3.833
 0.541,-3.824
 0.556,-3.811
 0.554,-3.787
 0.562,-3.788
 0.576,-3.775
 0.576,-3.775
 0.577,-3.781
 0.598,-3.770
 0.584,-3.773
 0.590,-3.772
 0.589,-3.755
 0.590,-3.744
 0.597,-3.736
 0.584,-3.728
 0.598,-3.715
 0.590,-3.706
 0.590,-3.696
 0.576,-3.692
 0.576,-3.709
 0.562,-3.706
 0.562,-3.716
 0.555,-3.728
 0.547,-3.730
 0.534,-3.750
 0.534,-3.778
 0.527,-3.797
 0.534,-3.833
 0.520,-3.857
 0.514,-3.907
 0.513,-3.945
 0.506,-3.977
 0.507,-4.022
 0.499,-4.051
 0.500,-4.082
 0.493,-4.118
 0.500,-4.165
 0.508,-4.191
 0.530,-4.220
 0.515,-4.234
 0.508,-4.249
 0.501,-4.240
 0.487,-4.234
 0.487,-4.216
 0.480,-4.232
 0.474,-4.227
 0.474,-4.199
 0.459,-4.195
 0.465,-4.176
 0.451,-4.169
 0.444,-4.143
 0.444,-4.129
 0.444,-4.109
 0.437,-4.073
 0.437,-4.080
 0.430,-4.061
 0.430,-4.061
 0.431,-4.078
 0.430,-4.081
 0.430,-4.109
 0.423,-4.155
 0.423,-4.189
 0.423,-4.224
 0.416,-4.267
 0.424,-4.324
 0.410,-4.365
 0.410,-4.407
 0.411,-4.452
 0.425,-4.499
 0.411,-4.558
 0.433,-4.591
 0.432,-4.601
 0.432,-4.573
 0.446,-4.552
 0.433,-4.536
 0.439,-4.523
 0.439,-4.509
 0.446,-4.509
 0.439,-4.496
 0.440,-4.493
 0.433,-4.498
 0.432,-4.494
 0.433,-4.498
 0.425,-4.499
 0.418,-4.508
 0.404,-4.501
 0.404,-4.501
 0.397,-4.499
 0.396,-4.491
 0.397,-4.489
 0.383,-4.503
 0.383,-4.485
 0.383,-4.489
 0.375,-4.476
 0.368,-4.475
 0.368,-4.457
 0.375,-4.466
 0.382,-4.461
 0.375,-4.449
 0.389,-4.439
 0.396,-4.430
 0.403,-4.408
 0.403,-4.415
 0.417,-4.394
 0.417,-4.402
 0.424,-4.389
 0.431,-4.394
 0.452,-4.417
 0.466,-4.413
 0.467,-4.421
 0.488,-4.426
 0.480,-4.427
 0.495,-4.431
 0.516,-4.423
 0.516,-4.430
 0.544,-4.403
 0.552,-4.398
 0.559,-4.389
 0.565,-4.377
 0.579,-4.363
 0.592,-4.332
 0.599,-4.310
 0.621,-4.295
 0.627,-4.283
 0.629,-4.280
 0.642,-4.276
 0.635,-4.271
 0.643,-4.266
 0.649,-4.254
 0.657,-4.252
 0.663,-4.257
 0.670,-4.276
 0.671,-4.294
 0.656,-4.300
 0.671,-4.331
 0.671,-4.359
 0.670,-4.397
 0.679,-4.423
 0.685,-4.434
 0.686,-4.442
 0.693,-4.451
 0.700,-4.456
 0.707,-4.465
 0.698,-4.458
 0.685,-4.452
 0.685,-4.424
 0.670,-4.420
 0.671,-4.400
 0.671,-4.355
 0.671,-4.335
 0.657,-4.321
 0.650,-4.302
 0.636,-4.288
 0.621,-4.267
 0.614,-4.262
 0.620,-4.250
 0.613,-4.228
 0.607,-4.240
 0.592,-4.222
 0.587,-4.242
 0.579,-4.229
 0.572,-4.238
 0.558,-4.251
 0.550,-4.253
 0.544,-4.265
 0.537,-4.280
 0.522,-4.294
 0.515,-4.302
 0.508,-4.304
 0.495,-4.339
 0.502,-4.357
 0.488,-4.371
 0.488,-4.388
 0.480,-4.390
 0.474,-4.402
 0.474,-4.398
 0.474,-4.408
 0.481,-4.407
 0.488,-4.422
 0.496,-4.421
 0.495,-4.404
 0.495,-4.386
 0.495,-4.376
 0.502,-4.350
 0.502,-4.330
 0.495,-4.311
 0.495,-4.311
 0.488,-4.282
 0.474,-4.264
 0.474,-4.251
 0.473,-4.233
 0.466,-4.211
 0.452,-4.197
 0.459,-4.171
 0.459,-4.154
 0.452,-4.131
 0.459,-4.126
 0.459,-4.099
 0.473,-4.095
 0.467,-4.108
 0.465,-4.087
 0.459,-4.109
 0.459,-4.126
 0.466,-4.128
 0.474,-4.158
 0.466,-4.173
 0.488,-4.206
 0.481,-4.228
 0.502,-4.244
 0.503,-4.251
 0.509,-4.239
 0.509,-4.211
 0.523,-4.215
 0.516,-4.202
 0.523,-4.215
 0.524,-4.201
 0.524,-4.201
 0.545,-4.193
 0.537,-4.191
 0.545,-4.193
 0.552,-4.184
 0.552,-4.174
 0.559,-4.186
 0.552,-4.174
 0.553,-4.181
 0.566,-4.160
 0.544,-4.148
 0.544,-4.138
 0.537,-4.098
 0.537,-4.091
 0.537,-4.074
 0.530,-4.055
 0.530,-4.045
 0.522,-4.032
 0.523,-4.012
 0.522,-4.008
 0.515,-3.986
 0.515,-3.975
 0.515,-3.969
 0.515,-3.975
 0.508,-3.981
 0.501,-3.972
 0.502,-3.975
 0.508,-3.974
 0.508,-3.981
 0.501,-3.989
 0.494,-3.994
 0.494,-3.994
 0.494,-3.991
 0.488,-3.989
 0.480,-3.991
 0.473,-3.985
 0.473,-3.975
 0.459,-3.954
 0.452,-3.953
 0.445,-3.958
 0.445,-3.947
 0.452,-3.942
 0.437,-3.925
 0.445,-3.923
 0.444,-3.920
 0.445,-3.923
 0.452,-3.915
 0.451,-3.904
 0.444,-3.916
 0.444,-3.899
 0.451,-3.908
 0.452,-3.901
 0.452,-3.898
 0.459,-3.909
 0.473,-3.923
 0.480,-3.942
 0.480,-3.970
 0.487,-3.982
 0.488,-4.017
 0.494,-4.032
 0.502,-4.055
 0.516,-4.072
 0.509,-4.087
 0.517,-4.086
 0.516,-4.096
 0.509,-4.087
 0.509,-4.077
 0.509,-4.060
 0.502,-4.058
 0.495,-4.036
 0.494,-4.022
 0.495,-4.012
 0.487,-3.999
 0.473,-3.975
 0.473,-3.958
 0.466,-3.939
 0.466,-3.939
 0.451,-3.918
 0.452,-3.915
 0.452,-3.897
 0.438,-3.901
 0.438,-3.904
 0.438,-3.901
 0.424,-3.904
 0.423,-3.897
 0.416,-3.885
 0.416,-3.889
 0.416,-3.871
 0.409,-3.873
 0.395,-3.870
 0.381,-3.873
 0.395,-3.876
 0.381,-3.883
 0.374,-3.909
 0.374,-3.916
 0.381,-3.938
 0.374,-3.960
 0.374,-3.967
 0.375,-4.002
 0.368,-4.021
 0.375,-4.057
