-0.039, 2.062
-0.023, 2.046
-0.023, 2.061
-0.023, 2.080
-0.031, 2.087
-0.047, 2.072
-0.063, 2.042
-0.095, 2.023
-0.087, 2.032
-0.087, 2.046
-0.087, 2.030
-0.087, 2.048
-0.111, 2.023
-0.112, 2.043
-0.103, 2.064
-0.087, 2.096
-0.080, 2.137
-0.088, 2.144
-0.088, 2.161
-0.079, 2.165
-0.088, 2.172
-0.080, 2.194
-0.088, 2.217
-0.112, 2.244
-0.128, 2.258
-0.120, 2.282
-0.120, 2.299
-0.128, 2.303
-0.128, 2.337
-0.128, 2.351
-0.120, 2.375
-0.112, 2.399
-0.096, 2.411
-0.072, 2.437
-0.056, 2.466
-0.048, 2.490
-0.049, 2.522
-0.032, 2.536
-0.032, 2.539
-0.025, 2.558
-0.009, 2.556
-0.000, 2.567
-0.001, 2.597
 0.015, 2.613
 0.007, 2.616
 0.023, 2.650
 0.055, 2.685
 0.063, 2.723
 0.071, 2.766
 0.079, 2.788
 0.087, 2.795
 0.087, 2.795
 0.095, 2.800
 0.111, 2.784
 0.119, 2.787
 0.119, 2.771
 0.119, 2.773
 0.127, 2.778
 0.151, 2.791
 0.175, 2.786
 0.175, 2.786
 0.191, 2.770
 0.191, 2.731
 0.207, 2.737
 0.215, 2.742
 0.231, 2.728
 0.232, 2.715
 0.247, 2.695
 0.231, 2.682
 0.239, 2.688
 0.247, 2.666
 0.247, 2.666
 0.239, 2.657
 0.223, 2.661
 0.231, 2.651
 0.215, 2.635
 0.207, 2.629
 0.199, 2.616
 0.191, 2.610
 0.207, 2.594
 0.175, 2.581
 0.168, 2.559
 0.159, 2.565
 0.144, 2.588
 0.136, 2.597
 0.128, 2.573
 0.119, 2.547
 0.119, 2.538
 0.111, 2.531
 0.111, 2.547
 0.111, 2.547
 0.103, 2.574
 0.087, 2.573
 0.080, 2.568
 0.063, 2.566
 0.047, 2.566
 0.055, 2.576
 0.056, 2.588
 0.047, 2.585
 0.031, 2.583
 0.023, 2.573
 0.023, 2.575
 0.007, 2.571
 0.023, 2.577
 0.007, 2.575
-0.001, 2.565
 0.015, 2.570
 0.015, 2.553
 0.007, 2.548
-0.001, 2.520
-0.001, 2.503
-0.017, 2.491
-0.000, 2.472
-0.016, 2.443
-0.008, 2.417
-0.000, 2.441
 0.007, 2.453
 0.016, 2.446
 0.008, 2.441
 0.016, 2.449
-0.000, 2.431
 0.016, 2.432
-0.000, 2.424
-0.008, 2.416
-0.000, 2.424
-0.000, 2.441
-0.008, 2.453
-0.016, 2.443
-0.016, 2.445
-0.025, 2.436
-0.025, 2.453
-0.041, 2.455
-0.033, 2.443
-0.016, 2.443
-0.017, 2.474
-0.025, 2.481
-0.025, 2.514
-0.025, 2.525
-0.017, 2.538
-0.001, 2.568
-0.001, 2.613
 0.015, 2.632
 0.031, 2.643
 0.031, 2.661
 0.031, 2.676
 0.039, 2.681
 0.055, 2.700
 0.055, 2.714
 0.047, 2.723
 0.063, 2.730
 0.063, 2.744
 0.055, 2.776
 0.063, 2.782
 0.055, 2.795
 0.063, 2.821
 0.071, 2.812
 0.063, 2.821
 0.071, 2.809
 0.047, 2.798
 0.055, 2.787
 0.055, 2.801
 0.055, 2.822
 0.055, 2.836
 0.039, 2.824
 0.047, 2.815
 0.039, 2.820
 0.031, 2.833
 0.015, 2.845
 0.007, 2.855
 0.007, 2.873
 0.015, 2.862
-0.009, 2.871
-0.009, 2.867
-0.009, 2.884
-0.018, 2.909
-0.017, 2.907
-0.026, 2.935
-0.034, 2.924
-0.026, 2.917
-0.026, 2.916
-0.026, 2.911
-0.034, 2.924
-0.034, 2.938
-0.050, 2.927
-0.050, 2.909
-0.049, 2.887
-0.050, 2.891
-0.049, 2.905
-0.041, 2.916
-0.042, 2.937
-0.042, 2.937
-0.042, 2.940
-0.026, 2.935
-0.026, 2.948
-0.026, 2.944
-0.026, 2.958
-0.026, 2.980
-0.026, 2.975
-0.033, 2.984
-0.034, 3.004
-0.034, 3.000
-0.042, 3.013
-0.034, 3.004
-0.042, 3.013
-0.034, 3.019
-0.034, 3.015
-0.026, 3.028
-0.034, 3.017
-0.034, 3.017
-0.034, 3.033
-0.034, 3.028
-0.010, 3.026
-0.010, 3.039
-0.034, 3.032
-0.010, 3.041
-0.010, 3.039
-0.018, 3.035
-0.026, 3.024
-0.034, 3.015
-0.042, 3.026
-0.042, 3.039
-0.034, 3.030
-0.034, 3.028
-0.042, 3.039
-0.042, 3.075
-0.050, 3.083
-0.051, 3.103
-0.042, 3.106
-0.058, 3.121
-0.051, 3.130
-0.058, 3.114
-0.074, 3.132
-0.075, 3.148
-0.074, 3.132
-0.066, 3.128
-0.042, 3.114
-0.059, 3.119
-0.066, 3.141
-0.075, 3.152
-0.059, 3.154
-0.050, 3.112
-0.050, 3.112
-0.050, 3.125
-0.050, 3.112
-0.050, 3.112
-0.050, 3.094
-0.050, 3.081
-0.050, 3.064
-0.050, 3.046
-0.058, 3.024
-0.042, 3.008
-0.034, 3.004
-0.042, 2.995
-0.017, 2.955
-0.026, 2.949
-0.017, 2.933
-0.009, 2.931
-0.017, 2.942
-0.033, 2.909
-0.017, 2.876
-0.025, 2.869
-0.025, 2.856
-0.026, 2.854
-0.041, 2.871
-0.049, 2.884
-0.041, 2.875
-0.050, 2.855
-0.058, 2.840
-0.065, 2.797
-0.089, 2.806
-0.081, 2.793
-0.098, 2.786
-0.098, 2.786
-0.089, 2.779
-0.074, 2.781
-0.057, 2.792
-0.066, 2.803
-0.058, 2.809
-0.066, 2.803
-0.050, 2.805
-0.058, 2.810
-0.049, 2.803
-0.065, 2.801
-0.066, 2.799
-0.050, 2.818
-0.050, 2.814
-0.042, 2.825
-0.042, 2.838
-0.042, 2.838
-0.050, 2.849
-0.050, 2.832
-0.042, 2.825
-0.034, 2.816
-0.034, 2.816
-0.033, 2.818
-0.018, 2.797
-0.009, 2.755
-0.025, 2.757
-0.017, 2.750
-0.001, 2.773
 0.015, 2.775
 0.007, 2.788
 0.031, 2.777
 0.023, 2.747
 0.039, 2.745
 0.031, 2.746
 0.031, 2.750
 0.047, 2.752
 0.039, 2.762
 0.039, 2.766
 0.039, 2.745
 0.031, 2.736
 0.031, 2.738
 0.015, 2.723
 0.007, 2.734
 0.015, 2.706
 0.007, 2.716
-0.009, 2.714
-0.017, 2.706
-0.033, 2.708
-0.033, 2.690
-0.049, 2.694
-0.057, 2.686
-0.065, 2.691
-0.065, 2.708
-0.073, 2.730
-0.097, 2.712
-0.105, 2.719
-0.113, 2.707
-0.113, 2.724
-0.113, 2.736
-0.129, 2.757
-0.137, 2.750
-0.145, 2.722
-0.161, 2.726
-0.169, 2.716
-0.169, 2.720
-0.162, 2.728
-0.178, 2.726
-0.194, 2.715
-0.177, 2.695
-0.185, 2.687
-0.185, 2.681
-0.192, 2.686
-0.201, 2.701
-0.193, 2.707
-0.193, 2.680
-0.185, 2.687
-0.185, 2.700
-0.185, 2.735
-0.178, 2.726
-0.169, 2.720
-0.177, 2.711
-0.169, 2.702
-0.170, 2.706
-0.169, 2.700
-0.161, 2.709
-0.153, 2.718
-0.145, 2.724
-0.145, 2.728
-0.137, 2.733
-0.129, 2.740
-0.129, 2.757
-0.129, 2.757
-0.122, 2.752
-0.121, 2.746
-0.121, 2.746
-0.122, 2.766
-0.113, 2.786
-0.105, 2.762
-0.097, 2.735
-0.105, 2.733
-0.089, 2.734
-0.089, 2.750
-0.082, 2.763
-0.081, 2.759
-0.081, 2.759
-0.073, 2.734
-0.081, 2.737
-0.081, 2.755
-0.073, 2.761
-0.081, 2.751
-0.065, 2.770
-0.081, 2.768
-0.049, 2.758
-0.057, 2.781
-0.065, 2.756
-0.057, 2.763
-0.057, 2.746
-0.073, 2.734
-0.065, 2.739
-0.073, 2.730
-0.073, 2.732
-0.081, 2.751
-0.073, 2.748
-0.073, 2.761
-0.081, 2.757
-0.097, 2.774
-0.097, 2.770
-0.105, 2.766
-0.113, 2.755
-0.121, 2.746
-0.137, 2.729
-0.137, 2.744
-0.129, 2.757
-0.145, 2.769
-0.153, 2.760
-0.162, 2.773
-0.177, 2.773
-0.178, 2.777
-0.186, 2.784
-0.178, 2.794
-0.170, 2.785
-0.177, 2.755
-0.193, 2.754
-0.185, 2.758
-0.185, 2.762
-0.177, 2.786
-0.201, 2.776
-0.218, 2.784
-0.210, 2.775
-0.218, 2.766
-0.210, 2.775
-0.217, 2.762
-0.226, 2.760
-0.233, 2.764
-0.225, 2.756
-0.226, 2.773
-0.218, 2.778
-0.210, 2.806
-0.202, 2.811
-0.210, 2.802
-0.178, 2.819
-0.178, 2.833
-0.162, 2.835
-0.146, 2.846
-0.130, 2.848
-0.122, 2.876
-0.106, 2.870
-0.090, 2.889
-0.073, 2.903
-0.066, 2.874
-0.050, 2.876
-0.050, 2.889
-0.042, 2.905
-0.018, 2.926
-0.010, 2.953
 0.014, 2.966
 0.030, 2.959
 0.030, 2.959
 0.038, 2.959
 0.046, 2.966
 0.062, 2.968
 0.086, 2.988
 0.078, 2.988
 0.086, 2.994
 0.078, 2.986
 0.102, 2.996
 0.102, 2.994
 0.102, 2.996
 0.102, 2.996
 0.110, 2.987
 0.102, 2.996
 0.110, 2.983
 0.086, 2.979
 0.094, 2.972
 0.086, 2.965
 0.086, 2.968
 0.086, 2.959
 0.070, 2.948
 0.070, 2.950
 0.062, 2.941
 0.054, 2.921
 0.046, 2.908
 0.030, 2.880
 0.014, 2.880
 0.006, 2.871
-0.001, 2.862
-0.001, 2.841
-0.010, 2.856
-0.025, 2.842
-0.033, 2.836
-0.034, 2.840
-0.041, 2.844
-0.057, 2.847
-0.066, 2.836
-0.065, 2.832
-0.081, 2.848
-0.097, 2.843
-0.105, 2.872
-0.105, 2.872
-0.121, 2.856
-0.121, 2.874
-0.121, 2.856
-0.145, 2.868
-0.146, 2.883
-0.153, 2.857
-0.169, 2.859
-0.177, 2.850
-0.201, 2.828
-0.225, 2.820
-0.225, 2.802
-0.233, 2.811
-0.241, 2.800
-0.241, 2.804
-0.258, 2.806
-0.257, 2.802
-0.281, 2.813
-0.281, 2.827
-0.290, 2.820
-0.306, 2.822
-0.322, 2.820
-0.314, 2.845
-0.313, 2.840
-0.322, 2.851
-0.329, 2.856
-0.329, 2.869
-0.338, 2.884
-0.322, 2.900
-0.331, 2.913
-0.338, 2.917
-0.330, 2.922
-0.330, 2.926
-0.322, 2.926
-0.322, 2.927
-0.313, 2.933
-0.313, 2.933
-0.298, 2.953
-0.282, 2.951
-0.282, 2.937
-0.298, 2.939
-0.298, 2.935
-0.289, 2.929
-0.281, 2.919
-0.273, 2.913
-0.274, 2.915
-0.289, 2.897
-0.274, 2.900
-0.273, 2.895
-0.289, 2.880
-0.297, 2.873
-0.305, 2.862
-0.314, 2.876
-0.305, 2.880
-0.305, 2.882
-0.321, 2.898
-0.321, 2.896
-0.314, 2.906
-0.330, 2.906
-0.338, 2.929
-0.346, 2.953
-0.354, 2.958
-0.362, 2.971
-0.370, 2.991
-0.377, 2.993
-0.378, 3.027
-0.370, 3.051
-0.355, 3.088
-0.356, 3.117
-0.348, 3.146
-0.333, 3.179
-0.340, 3.165
-0.316, 3.172
-0.315, 3.194
-0.298, 3.193
-0.283, 3.244
-0.291, 3.264
-0.276, 3.271
-0.267, 3.277
-0.267, 3.278
-0.251, 3.280
-0.251, 3.275
-0.244, 3.258
-0.243, 3.253
-0.243, 3.238
-0.252, 3.246
-0.251, 3.255
-0.243, 3.284
-0.252, 3.308
-0.268, 3.311
-0.252, 3.326
-0.260, 3.315
-0.252, 3.342
-0.228, 3.345
-0.236, 3.334
-0.212, 3.345
-0.220, 3.336
-0.221, 3.357
-0.205, 3.354
-0.196, 3.348
-0.181, 3.363
-0.172, 3.347
-0.164, 3.392
-0.140, 3.400
-0.140, 3.395
-0.116, 3.415
-0.124, 3.424
-0.108, 3.465
-0.085, 3.507
-0.093, 3.532
-0.061, 3.555
-0.069, 3.553
-0.061, 3.557
-0.061, 3.547
-0.044, 3.559
-0.061, 3.585
-0.061, 3.583
-0.061, 3.588
-0.053, 3.576
-0.045, 3.570
-0.045, 3.573
-0.053, 3.545
-0.053, 3.520
-0.045, 3.498
-0.052, 3.471
-0.044, 3.446
-0.036, 3.416
-0.020, 3.408
-0.012, 3.397
-0.036, 3.406
-0.028, 3.400
-0.020, 3.408
-0.012, 3.404
-0.004, 3.377
 0.012, 3.344
-0.003, 3.328
 0.004, 3.301
 0.013, 3.295
 0.021, 3.288
 0.029, 3.300
 0.021, 3.298
 0.013, 3.266
 0.005, 3.260
 0.005, 3.273
 0.005, 3.286
 0.005, 3.286
-0.011, 3.302
-0.036, 3.303
-0.044, 3.309
-0.044, 3.327
-0.044, 3.363
-0.052, 3.362
-0.084, 3.380
-0.092, 3.387
-0.108, 3.382
-0.116, 3.391
-0.116, 3.404
-0.140, 3.416
-0.140, 3.416
-0.140, 3.398
-0.164, 3.378
-0.164, 3.376
-0.156, 3.372
-0.164, 3.363
-0.180, 3.361
-0.180, 3.366
-0.188, 3.354
-0.188, 3.341
-0.196, 3.332
-0.188, 3.336
-0.204, 3.357
-0.196, 3.345
-0.204, 3.357
-0.212, 3.348
-0.196, 3.345
-0.196, 3.350
-0.180, 3.360
-0.188, 3.370
-0.164, 3.363
-0.148, 3.378
-0.148, 3.394
-0.140, 3.398
-0.148, 3.394
-0.140, 3.403
-0.148, 3.407
-0.156, 3.413
-0.132, 3.402
-0.148, 3.409
-0.149, 3.414
-0.148, 3.396
-0.156, 3.405
-0.140, 3.403
-0.149, 3.399
-0.140, 3.403
-0.148, 3.386
-0.156, 3.383
-0.140, 3.380
-0.148, 3.379
-0.148, 3.378
-0.156, 3.354
-0.172, 3.339
-0.164, 3.327
-0.172, 3.308
-0.181, 3.306
-0.172, 3.281
-0.180, 3.257
-0.196, 3.250
-0.180, 3.266
-0.196, 3.268
-0.188, 3.259
-0.212, 3.271
-0.212, 3.270
-0.212, 3.257
-0.221, 3.264
-0.228, 3.250
-0.228, 3.255
-0.220, 3.259
-0.220, 3.262
-0.212, 3.284
-0.212, 3.297
-0.213, 3.319
-0.204, 3.326
-0.205, 3.344
-0.196, 3.350
-0.189, 3.339
-0.180, 3.332
-0.179, 3.305
-0.180, 3.296
-0.188, 3.292
-0.164, 3.304
-0.165, 3.329
-0.156, 3.317
-0.148, 3.290
-0.148, 3.285
-0.131, 3.278
-0.140, 3.303
-0.116, 3.293
-0.140, 3.294
-0.148, 3.303
-0.140, 3.307
-0.132, 3.319
-0.124, 3.323
-0.132, 3.316
-0.132, 3.301
-0.124, 3.276
-0.124, 3.266
-0.132, 3.267
-0.140, 3.259
-0.132, 3.268
-0.132, 3.265
-0.132, 3.270
-0.124, 3.261
-0.132, 3.270
-0.116, 3.272
-0.116, 3.267
-0.116, 3.285
-0.100, 3.265
-0.107, 3.274
-0.108, 3.294
-0.116, 3.298
-0.108, 3.310
-0.108, 3.307
-0.108, 3.325
-0.116, 3.316
-0.124, 3.305
-0.124, 3.305
-0.115, 3.307
-0.132, 3.327
-0.124, 3.341
-0.124, 3.328
-0.133, 3.342
-0.116, 3.339
-0.116, 3.321
-0.132, 3.319
-0.124, 3.300
-0.123, 3.303
-0.123, 3.303
-0.124, 3.323
-0.124, 3.328
-0.132, 3.319
-0.116, 3.303
-0.132, 3.301
-0.148, 3.299
-0.148, 3.304
-0.132, 3.301
-0.140, 3.297
-0.132, 3.303
-0.140, 3.292
-0.140, 3.292
-0.139, 3.287
-0.156, 3.326
-0.140, 3.325
-0.148, 3.316
-0.148, 3.286
-0.163, 3.265
-0.156, 3.277
-0.164, 3.255
-0.180, 3.224
-0.188, 3.189
-0.204, 3.153
-0.204, 3.109
-0.204, 3.089
-0.219, 3.102
-0.219, 3.107
-0.219, 3.089
-0.219, 3.076
-0.227, 3.067
-0.235, 3.061
-0.220, 3.063
-0.220, 3.063
-0.228, 3.059
-0.243, 3.056
-0.244, 3.054
-0.252, 3.094
-0.243, 3.096
-0.243, 3.096
-0.235, 3.107
-0.243, 3.101
-0.252, 3.096
-0.259, 3.067
-0.267, 3.061
-0.251, 3.076
-0.259, 3.083
-0.268, 3.081
-0.275, 3.068
-0.283, 3.079
-0.283, 3.110
-0.299, 3.108
-0.284, 3.125
-0.291, 3.143
-0.300, 3.156
-0.292, 3.181
-0.307, 3.179
-0.316, 3.190
-0.332, 3.216
-0.324, 3.227
-0.332, 3.234
-0.332, 3.234
-0.349, 3.237
-0.348, 3.232
-0.356, 3.241
-0.364, 3.247
-0.356, 3.223
-0.356, 3.228
-0.363, 3.227
-0.371, 3.221
-0.364, 3.247
-0.356, 3.254
-0.356, 3.261
-0.364, 3.268
-0.365, 3.272
-0.357, 3.276
-0.364, 3.263
-0.356, 3.272
-0.355, 3.280
-0.356, 3.285
-0.348, 3.309
-0.348, 3.309
-0.348, 3.314
-0.331, 3.306
-0.332, 3.294
-0.316, 3.311
-0.308, 3.305
-0.309, 3.292
-0.300, 3.280
-0.284, 3.265
-0.284, 3.265
-0.284, 3.247
-0.268, 3.249
-0.251, 3.244
-0.244, 3.258
-0.236, 3.251
-0.227, 3.240
-0.220, 3.233
-0.211, 3.204
-0.203, 3.202
-0.187, 3.186
-0.203, 3.197
-0.195, 3.211
-0.179, 3.208
-0.188, 3.202
-0.195, 3.206
-0.203, 3.195
-0.203, 3.200
-0.195, 3.204
-0.195, 3.191
-0.203, 3.200
-0.212, 3.193
-0.205, 3.225
-0.212, 3.229
-0.196, 3.231
-0.204, 3.220
-0.212, 3.222
-0.212, 3.222
-0.203, 3.211
-0.204, 3.228
-0.204, 3.233
-0.188, 3.231
-0.188, 3.235
-0.180, 3.239
-0.172, 3.233
-0.173, 3.235
-0.164, 3.224
-0.164, 3.211
-0.164, 3.206
-0.148, 3.211
-0.140, 3.202
-0.139, 3.181
-0.132, 3.177
-0.123, 3.184
-0.124, 3.186
-0.116, 3.179
-0.115, 3.162
-0.116, 3.148
-0.115, 3.130
-0.099, 3.115
-0.099, 3.128
-0.099, 3.124
-0.108, 3.139
-0.108, 3.139
-0.107, 3.124
-0.099, 3.110
-0.107, 3.113
-0.132, 3.162
-0.132, 3.179
-0.116, 3.182
-0.132, 3.199
-0.124, 3.221
-0.133, 3.233
-0.148, 3.226
-0.156, 3.215
-0.148, 3.204
-0.148, 3.201
-0.156, 3.228
-0.156, 3.241
-0.172, 3.248
-0.180, 3.257
-0.188, 3.246
-0.189, 3.251
-0.172, 3.248
-0.180, 3.240
-0.173, 3.266
-0.172, 3.243
-0.172, 3.264
-0.173, 3.279
-0.173, 3.279
-0.148, 3.288
-0.156, 3.292
-0.164, 3.304
-0.148, 3.301
-0.148, 3.301
-0.132, 3.316
-0.140, 3.334
-0.140, 3.343
-0.133, 3.365
-0.140, 3.356
-0.124, 3.372
-0.108, 3.369
-0.108, 3.400
-0.100, 3.389
-0.108, 3.398
-0.108, 3.421
-0.100, 3.411
-0.125, 3.441
-0.125, 3.454
-0.125, 3.441
-0.133, 3.435
-0.140, 3.413
-0.148, 3.405
-0.156, 3.413
-0.156, 3.431
-0.165, 3.443
-0.164, 3.425
-0.164, 3.428
-0.180, 3.441
-0.180, 3.441
-0.189, 3.452
-0.180, 3.440
-0.189, 3.455
-0.181, 3.459
-0.188, 3.463
-0.204, 3.465
-0.204, 3.478
-0.197, 3.492
-0.205, 3.496
-0.212, 3.500
-0.196, 3.521
-0.220, 3.524
-0.221, 3.530
-0.220, 3.527
-0.228, 3.534
-0.236, 3.530
-0.252, 3.522
-0.260, 3.534
-0.252, 3.540
-0.244, 3.544
-0.253, 3.556
-0.269, 3.571
-0.261, 3.601
-0.269, 3.608
-0.286, 3.629
-0.286, 3.616
-0.293, 3.629
-0.285, 3.623
-0.276, 3.624
-0.284, 3.612
-0.269, 3.620
-0.277, 3.639
-0.269, 3.651
-0.277, 3.660
-0.277, 3.658
-0.270, 3.688
-0.277, 3.660
-0.285, 3.654
-0.285, 3.667
-0.285, 3.680
-0.286, 3.703
-0.301, 3.701
-0.301, 3.704
-0.309, 3.723
-0.309, 3.735
-0.318, 3.766
-0.333, 3.757
-0.350, 3.776
-0.358, 3.797
-0.358, 3.800
-0.334, 3.825
-0.334, 3.837
-0.342, 3.847
-0.334, 3.856
-0.326, 3.862
-0.326, 3.862
-0.316, 3.857
-0.309, 3.872
-0.326, 3.906
-0.318, 3.930
-0.319, 3.954
-0.318, 3.967
-0.327, 3.979
-0.326, 4.004
-0.318, 3.992
-0.318, 3.995
-0.325, 3.992
-0.294, 4.016
-0.302, 4.007
-0.294, 3.998
-0.294, 4.004
-0.286, 3.976
-0.270, 3.979
-0.287, 3.982
-0.271, 3.967
-0.262, 3.960
-0.254, 3.945
-0.262, 3.954
-0.262, 3.939
-0.270, 3.942
-0.254, 3.945
-0.253, 3.942
-0.270, 3.930
-0.262, 3.939
-0.246, 3.920
-0.237, 3.914
-0.245, 3.902
-0.254, 3.896
-0.246, 3.920
-0.246, 3.923
-0.238, 3.935
-0.222, 3.945
-0.230, 3.954
-0.230, 3.954
-0.221, 3.942
-0.222, 3.960
-0.214, 3.982
-0.214, 4.019
-0.190, 4.046
-0.207, 4.062
-0.223, 4.081
-0.223, 4.074
-0.230, 4.065
-0.223, 4.087
-0.230, 4.084
-0.238, 4.115
-0.238, 4.115
-0.255, 4.115
-0.247, 4.109
-0.254, 4.096
-0.271, 4.103
-0.279, 4.109
-0.279, 4.084
-0.279, 4.081
-0.286, 4.066
-0.287, 4.088
-0.286, 4.069
-0.279, 4.035
-0.287, 4.010
-0.278, 3.967
-0.286, 3.945
-0.278, 3.936
-0.287, 3.917
-0.287, 3.874
-0.270, 3.809
-0.262, 3.759
-0.237, 3.710
-0.229, 3.657
-0.229, 3.629
-0.245, 3.596
-0.245, 3.570
-0.237, 3.530
-0.229, 3.505
-0.212, 3.474
-0.204, 3.429
-0.195, 3.374
-0.195, 3.343
-0.212, 3.291
-0.196, 3.262
-0.180, 3.244
-0.164, 3.218
-0.163, 3.180
-0.171, 3.140
-0.171, 3.107
-0.194, 3.078
-0.195, 3.054
-0.219, 3.047
-0.243, 2.994
-0.235, 2.974
-0.243, 2.930
-0.251, 2.908
-0.251, 2.859
-0.250, 2.813
-0.251, 2.786
-0.266, 2.740
-0.266, 2.709
-0.274, 2.712
-0.282, 2.705
-0.282, 2.691
-0.282, 2.701
-0.266, 2.722
-0.258, 2.731
-0.259, 2.762
-0.275, 2.809
-0.275, 2.822
-0.283, 2.833
-0.267, 2.846
-0.274, 2.882
-0.275, 2.902
-0.266, 2.906
-0.275, 2.933
-0.291, 2.946
-0.307, 2.946
-0.307, 2.933
-0.306, 2.911
-0.323, 2.900
-0.323, 2.900
-0.323, 2.886
-0.332, 2.911
-0.339, 2.915
-0.356, 2.922
-0.364, 2.915
-0.380, 2.896
-0.396, 2.880
-0.394, 2.828
-0.419, 2.792
-0.411, 2.752
-0.418, 2.695
-0.410, 2.689
-0.377, 2.655
-0.362, 2.661
-0.346, 2.690
-0.346, 2.721
-0.339, 2.749
-0.315, 2.786
-0.298, 2.800
-0.282, 2.815
-0.274, 2.809
-0.266, 2.788
-0.274, 2.760
-0.274, 2.760
-0.257, 2.789
-0.249, 2.796
-0.242, 2.793
-0.233, 2.767
-0.217, 2.722
-0.217, 2.693
-0.225, 2.653
-0.233, 2.600
-0.265, 2.550
-0.281, 2.476
-0.297, 2.397
-0.320, 2.309
-0.320, 2.261
-0.319, 2.243
-0.311, 2.239
-0.312, 2.242
-0.328, 2.257
-0.329, 2.292
-0.345, 2.306
-0.345, 2.307
-0.344, 2.349
-0.343, 2.361
-0.352, 2.404
-0.376, 2.427
-0.392, 2.429
-0.401, 2.422
-0.401, 2.406
-0.426, 2.370
-0.432, 2.341
-0.433, 2.357
-0.441, 2.365
-0.457, 2.367
-0.474, 2.369
-0.473, 2.367
-0.465, 2.360
-0.465, 2.374
-0.456, 2.409
-0.449, 2.467
-0.433, 2.484
-0.442, 2.494
-0.433, 2.470
-0.433, 2.451
-0.433, 2.451
-0.424, 2.472
-0.441, 2.474
-0.449, 2.481
-0.449, 2.467
-0.458, 2.464
-0.465, 2.467
-0.465, 2.482
-0.449, 2.498
-0.457, 2.520
-0.466, 2.531
-0.482, 2.545
-0.490, 2.569
-0.459, 2.617
-0.475, 2.664
-0.476, 2.685
-0.459, 2.696
-0.459, 2.697
-0.442, 2.710
-0.442, 2.706
-0.450, 2.700
-0.449, 2.696
-0.457, 2.674
-0.450, 2.686
-0.434, 2.670
-0.434, 2.641
-0.433, 2.620
-0.442, 2.631
-0.467, 2.626
-0.450, 2.624
-0.466, 2.609
-0.466, 2.591
-0.465, 2.574
-0.466, 2.576
-0.473, 2.581
-0.483, 2.595
-0.483, 2.577
-0.474, 2.569
-0.474, 2.551
-0.473, 2.534
-0.475, 2.524
-0.498, 2.545
-0.499, 2.533
-0.491, 2.509
-0.490, 2.503
-0.515, 2.498
-0.513, 2.509
-0.514, 2.512
-0.499, 2.545
-0.498, 2.541
-0.499, 2.562
-0.483, 2.560
-0.483, 2.578
-0.461, 2.605
-0.436, 2.641
-0.429, 2.669
-0.436, 2.690
-0.404, 2.672
-0.387, 2.683
-0.354, 2.695
-0.322, 2.712
-0.282, 2.734
-0.282, 2.753
-0.275, 2.764
-0.250, 2.769
-0.226, 2.795
-0.210, 2.822
-0.194, 2.823
-0.170, 2.848
-0.170, 2.874
-0.178, 2.899
-0.170, 2.906
-0.162, 2.914
-0.154, 2.925
-0.170, 2.923
-0.179, 2.919
-0.195, 2.917
-0.186, 2.906
-0.195, 2.930
-0.187, 2.937
-0.203, 2.943
-0.187, 2.941
-0.203, 2.925
-0.203, 2.925
-0.211, 2.928
-0.211, 2.946
-0.227, 2.961
-0.219, 2.952
-0.211, 2.979
-0.219, 2.968
-0.235, 2.972
-0.252, 2.974
-0.268, 2.977
-0.268, 2.963
-0.284, 2.957
-0.283, 2.939
-0.291, 2.942
-0.307, 2.944
-0.316, 2.942
-0.332, 2.909
-0.356, 2.873
-0.363, 2.860
-0.355, 2.865
-0.356, 2.871
-0.364, 2.863
-0.381, 2.851
-0.373, 2.842
-0.364, 2.818
-0.356, 2.794
-0.355, 2.803
-0.363, 2.816
-0.340, 2.811
-0.356, 2.796
-0.348, 2.787
-0.331, 2.767
-0.331, 2.771
-0.331, 2.754
-0.347, 2.765
-0.331, 2.767
-0.339, 2.774
-0.331, 2.771
-0.323, 2.792
-0.331, 2.781
-0.331, 2.816
-0.331, 2.829
-0.332, 2.820
-0.324, 2.797
-0.331, 2.773
-0.324, 2.768
-0.323, 2.747
-0.323, 2.733
-0.315, 2.725
-0.314, 2.705
-0.323, 2.699
-0.314, 2.719
-0.339, 2.745
-0.339, 2.763
-0.340, 2.778
-0.356, 2.798
-0.347, 2.831
-0.348, 2.849
-0.348, 2.893
-0.348, 2.924
-0.364, 2.958
-0.364, 2.971
-0.372, 2.998
-0.380, 3.035
-0.380, 3.048
-0.381, 3.082
-0.380, 3.080
-0.397, 3.082
-0.372, 3.102
-0.380, 3.124
-0.397, 3.162
-0.380, 3.172
-0.380, 3.172
-0.388, 3.181
-0.380, 3.172
-0.364, 3.190
-0.371, 3.174
-0.364, 3.186
-0.356, 3.197
-0.357, 3.199
-0.349, 3.228
-0.333, 3.225
-0.317, 3.243
-0.309, 3.247
-0.307, 3.240
-0.308, 3.256
-0.291, 3.266
-0.292, 3.289
-0.293, 3.307
-0.285, 3.300
-0.293, 3.281
-0.308, 3.256
-0.316, 3.232
-0.316, 3.236
-0.316, 3.218
-0.325, 3.199
-0.332, 3.172
-0.333, 3.146
-0.341, 3.121
-0.380, 3.095
-0.397, 3.069
-0.412, 3.049
-0.453, 3.043
-0.461, 3.020
-0.477, 2.987
-0.485, 2.996
-0.501, 3.009
-0.501, 3.012
-0.501, 3.043
-0.501, 3.058
-0.494, 3.085
-0.468, 3.100
-0.444, 3.135
-0.420, 3.151
-0.397, 3.144
-0.381, 3.164
-0.365, 3.177
-0.342, 3.175
-0.309, 3.159
-0.284, 3.096
-0.267, 3.063
-0.251, 3.043
-0.226, 3.023
-0.211, 3.012
-0.210, 2.976
-0.195, 2.965
-0.170, 2.954
-0.178, 2.961
-0.163, 2.994
-0.171, 3.003
-0.171, 3.007
-0.187, 3.005
-0.187, 2.989
-0.195, 2.978
-0.186, 2.981
-0.179, 2.992
-0.171, 3.014
-0.163, 3.040
-0.140, 3.064
-0.139, 3.062
-0.139, 3.098
-0.123, 3.139
-0.115, 3.164
-0.116, 3.199
-0.115, 3.182
-0.107, 3.175
-0.107, 3.170
-0.091, 3.168
-0.099, 3.161
-0.115, 3.141
-0.115, 3.133
-0.116, 3.135
-0.124, 3.115
-0.140, 3.118
-0.148, 3.091
-0.139, 3.053
-0.155, 3.031
-0.163, 3.023
-0.171, 3.016
-0.171, 2.996
-0.180, 3.054
-0.164, 3.056
-0.156, 3.067
-0.148, 3.071
-0.147, 3.069
-0.148, 3.089
-0.156, 3.098
-0.140, 3.082
-0.131, 3.089
-0.139, 3.075
-0.139, 3.080
-0.148, 3.071
-0.156, 3.049
-0.147, 3.042
-0.163, 3.009
-0.156, 3.005
-0.163, 2.994
-0.163, 2.976
-0.172, 2.987
-0.172, 2.969
-0.179, 2.978
-0.179, 2.978
-0.179, 2.947
-0.180, 2.965
-0.179, 2.943
-0.171, 2.954
-0.179, 2.943
-0.171, 2.936
-0.180, 2.965
-0.179, 2.963
-0.204, 2.976
-0.204, 2.976
-0.196, 2.954
-0.204, 2.945
-0.203, 2.906
-0.227, 2.915
-0.227, 2.928
-0.236, 2.939
-0.260, 2.937
-0.260, 2.917
-0.260, 2.904
-0.252, 2.910
-0.276, 2.902
-0.268, 2.912
-0.260, 2.917
-0.268, 2.912
-0.276, 2.904
-0.275, 2.886
-0.268, 2.881
-0.259, 2.853
-0.267, 2.848
-0.275, 2.842
-0.275, 2.837
-0.275, 2.855
-0.275, 2.851
-0.284, 2.866
-0.275, 2.857
-0.267, 2.862
-0.260, 2.888
-0.251, 2.908
-0.243, 2.919
-0.235, 2.925
-0.259, 2.917
-0.251, 2.926
-0.235, 2.950
-0.235, 2.955
-0.227, 2.961
-0.227, 2.979
-0.228, 3.001
-0.236, 3.023
-0.252, 3.043
-0.244, 3.016
-0.243, 3.025
-0.252, 3.019
-0.251, 3.014
-0.259, 3.010
-0.276, 3.010
-0.284, 2.986
-0.316, 2.990
-0.316, 2.957
-0.333, 2.928
-0.341, 2.904
-0.348, 2.878
-0.349, 2.869
-0.356, 2.840
-0.365, 2.789
-0.357, 2.749
-0.348, 2.707
-0.339, 2.714
-0.323, 2.726
-0.331, 2.738
-0.308, 2.733
-0.316, 2.740
-0.316, 2.740
-0.300, 2.753
-0.276, 2.749
-0.259, 2.775
-0.243, 2.773
-0.243, 2.810
-0.227, 2.826
-0.220, 2.835
-0.219, 2.848
-0.203, 2.859
-0.203, 2.892
-0.187, 2.906
-0.195, 2.901
-0.187, 2.894
-0.211, 2.886
-0.188, 2.914
-0.188, 2.929
-0.180, 2.938
-0.180, 2.938
-0.187, 2.939
-0.179, 2.946
-0.187, 2.935
-0.188, 2.954
-0.187, 2.970
-0.203, 2.985
-0.204, 3.008
-0.211, 3.012
-0.220, 3.021
-0.236, 3.019
-0.235, 3.017
-0.236, 3.037
-0.236, 3.032
-0.244, 3.028
-0.253, 3.037
-0.260, 3.041
-0.260, 3.059
-0.252, 3.061
-0.268, 3.063
-0.252, 3.052
-0.292, 3.028
-0.301, 2.990
-0.316, 2.955
-0.324, 2.949
-0.357, 2.920
-0.381, 2.867
-0.405, 2.814
-0.436, 2.777
-0.429, 2.755
-0.437, 2.732
-0.437, 2.699
-0.453, 2.653
-0.443, 2.656
-0.428, 2.675
-0.380, 2.692
-0.348, 2.694
-0.333, 2.670
-0.316, 2.668
-0.316, 2.637
-0.291, 2.607
-0.282, 2.593
-0.290, 2.604
-0.291, 2.621
-0.291, 2.625
-0.300, 2.620
-0.283, 2.618
-0.275, 2.595
-0.291, 2.607
-0.307, 2.609
-0.324, 2.595
-0.348, 2.570
-0.332, 2.554
-0.323, 2.557
-0.315, 2.581
-0.323, 2.607
-0.323, 2.637
-0.340, 2.673
-0.348, 2.696
-0.348, 2.711
-0.324, 2.747
-0.331, 2.779
-0.324, 2.823
-0.324, 2.871
-0.308, 2.889
-0.276, 2.904
-0.267, 2.924
-0.252, 2.944
-0.243, 2.950
-0.227, 2.934
-0.219, 2.941
-0.202, 2.935
-0.195, 2.948
-0.195, 2.950
-0.179, 2.921
-0.187, 2.901
-0.195, 2.890
-0.220, 2.872
-0.220, 2.823
-0.227, 2.777
-0.218, 2.797
-0.218, 2.809
-0.210, 2.824
-0.227, 2.826
-0.235, 2.802
-0.235, 2.804
-0.226, 2.806
-0.227, 2.824
-0.250, 2.831
-0.267, 2.817
-0.276, 2.828
-0.291, 2.840
-0.292, 2.857
-0.275, 2.886
-0.276, 2.904
-0.276, 2.921
-0.308, 2.933
-0.300, 2.944
-0.284, 2.959
-0.276, 2.948
-0.267, 2.941
-0.259, 2.933
-0.284, 2.930
-0.284, 2.928
-0.276, 2.904
-0.275, 2.875
-0.275, 2.853
-0.283, 2.833
-0.291, 2.826
-0.291, 2.795
-0.291, 2.778
-0.298, 2.763
-0.299, 2.785
-0.299, 2.802
-0.299, 2.804
-0.308, 2.815
-0.315, 2.820
-0.316, 2.824
-0.308, 2.846
-0.316, 2.818
-0.307, 2.809
-0.306, 2.803
-0.307, 2.795
-0.299, 2.773
-0.315, 2.757
-0.315, 2.758
-0.323, 2.760
-0.339, 2.749
-0.340, 2.751
-0.348, 2.742
-0.357, 2.740
-0.356, 2.718
-0.364, 2.696
-0.355, 2.670
-0.363, 2.644
-0.372, 2.641
-0.372, 2.670
-0.388, 2.672
-0.379, 2.692
-0.363, 2.721
-0.364, 2.756
-0.363, 2.785
-0.356, 2.811
-0.356, 2.842
-0.356, 2.873
-0.348, 2.898
-0.316, 2.922
-0.307, 2.962
-0.307, 2.993
-0.292, 3.039
-0.284, 3.066
-0.284, 3.079
-0.276, 3.090
-0.260, 3.121
-0.260, 3.139
-0.261, 3.145
-0.245, 3.156
-0.245, 3.139
-0.244, 3.134
-0.236, 3.120
-0.236, 3.141
-0.236, 3.140
-0.228, 3.136
-0.228, 3.136
-0.212, 3.134
-0.220, 3.129
-0.220, 3.125
-0.220, 3.129
-0.212, 3.138
-0.188, 3.127
-0.188, 3.116
-0.180, 3.105
-0.180, 3.074
-0.179, 3.056
-0.195, 3.054
-0.180, 3.058
-0.172, 3.065
-0.163, 3.058
-0.171, 3.049
-0.171, 3.047
-0.172, 3.051
-0.172, 3.034
-0.179, 3.012
-0.188, 3.005
-0.187, 2.987
-0.195, 2.996
-0.227, 2.992
-0.227, 2.979
-0.219, 2.970
-0.227, 2.959
-0.220, 2.974
-0.219, 2.987
-0.236, 3.007
-0.229, 3.034
-0.236, 3.025
-0.228, 3.018
-0.219, 3.003
-0.227, 2.992
-0.243, 2.990
-0.235, 2.983
-0.235, 2.988
-0.227, 2.994
-0.227, 2.981
-0.236, 2.992
-0.243, 2.996
-0.268, 3.006
-0.275, 2.997
-0.292, 2.997
-0.308, 3.012
-0.323, 3.024
-0.324, 3.046
-0.332, 3.050
-0.348, 3.037
-0.372, 3.059
-0.356, 3.070
-0.348, 3.112
-0.364, 3.128
-0.364, 3.130
-0.365, 3.133
-0.356, 3.152
-0.341, 3.186
-0.332, 3.205
-0.348, 3.208
-0.348, 3.208
-0.356, 3.212
-0.349, 3.239
-0.331, 3.234
-0.332, 3.250
-0.349, 3.270
-0.356, 3.274
-0.349, 3.306
-0.365, 3.321
-0.357, 3.328
-0.365, 3.321
-0.373, 3.325
-0.373, 3.341
-0.372, 3.349
-0.365, 3.361
-0.373, 3.388
-0.365, 3.391
-0.357, 3.419
-0.357, 3.447
-0.357, 3.447
-0.365, 3.474
-0.365, 3.469
-0.357, 3.465
-0.357, 3.478
-0.365, 3.487
-0.373, 3.481
-0.373, 3.462
-0.357, 3.465
-0.357, 3.447
-0.364, 3.438
-0.365, 3.456
-0.381, 3.451
-0.398, 3.459
-0.374, 3.465
-0.373, 3.480
-0.365, 3.474
-0.365, 3.469
-0.365, 3.474
-0.389, 3.478
-0.389, 3.465
-0.374, 3.468
-0.364, 3.438
-0.356, 3.396
-0.364, 3.402
-0.364, 3.407
-0.366, 3.401
-0.366, 3.386
-0.374, 3.379
-0.373, 3.343
-0.365, 3.316
-0.373, 3.294
-0.372, 3.259
-0.372, 3.246
-0.365, 3.223
-0.380, 3.190
-0.372, 3.183
-0.363, 3.201
-0.381, 3.226
-0.381, 3.257
-0.381, 3.257
-0.365, 3.259
-0.372, 3.259
-0.372, 3.277
-0.380, 3.283
-0.389, 3.277
-0.389, 3.295
-0.396, 3.265
-0.389, 3.264
-0.380, 3.252
-0.388, 3.259
-0.389, 3.277
-0.372, 3.274
-0.373, 3.279
-0.381, 3.286
-0.372, 3.274
-0.357, 3.277
-0.348, 3.296
-0.333, 3.316
-0.332, 3.329
-0.324, 3.333
-0.308, 3.336
-0.300, 3.342
-0.285, 3.362
-0.269, 3.378
-0.253, 3.398
-0.246, 3.428
-0.221, 3.411
-0.205, 3.408
-0.220, 3.419
-0.204, 3.403
-0.189, 3.424
-0.180, 3.425
-0.180, 3.417
-0.164, 3.402
-0.156, 3.374
-0.156, 3.362
-0.156, 3.357
-0.149, 3.357
-0.149, 3.344
-0.140, 3.302
-0.140, 3.271
-0.140, 3.248
-0.140, 3.251
-0.140, 3.251
-0.156, 3.235
-0.148, 3.233
-0.148, 3.197
-0.140, 3.162
-0.140, 3.157
-0.156, 3.142
-0.164, 3.138
-0.172, 3.109
-0.180, 3.091
-0.164, 3.060
-0.171, 3.018
-0.179, 2.994
-0.171, 2.967
-0.163, 2.947
-0.155, 2.896
-0.155, 2.851
-0.163, 2.847
-0.187, 2.852
-0.187, 2.869
-0.195, 2.889
-0.187, 2.907
-0.211, 2.932
-0.211, 2.976
-0.220, 3.036
-0.212, 3.060
-0.220, 3.067
-0.228, 3.076
-0.244, 3.087
-0.244, 3.105
-0.252, 3.130
-0.260, 3.152
-0.245, 3.172
-0.252, 3.176
-0.253, 3.179
-0.268, 3.192
-0.276, 3.180
-0.268, 3.210
-0.285, 3.192
-0.284, 3.163
-0.292, 3.165
-0.291, 3.160
-0.292, 3.183
-0.276, 3.198
-0.284, 3.194
-0.293, 3.188
-0.293, 3.201
-0.276, 3.185
-0.267, 3.182
-0.259, 3.207
-0.252, 3.220
-0.244, 3.214
-0.261, 3.221
-0.260, 3.234
-0.261, 3.221
-0.277, 3.205
-0.267, 3.158
-0.283, 3.156
-0.283, 3.154
-0.300, 3.159
-0.316, 3.174
-0.316, 3.159
-0.308, 3.170
-0.324, 3.199
-0.333, 3.210
-0.341, 3.204
-0.349, 3.192
-0.333, 3.166
-0.324, 3.168
-0.324, 3.150
-0.308, 3.183
-0.316, 3.190
-0.333, 3.210
-0.324, 3.183
-0.325, 3.170
-0.325, 3.170
-0.316, 3.145
-0.308, 3.126
-0.292, 3.105
-0.292, 3.074
-0.267, 3.052
-0.250, 3.003
-0.234, 2.988
-0.226, 2.977
-0.202, 2.956
-0.186, 2.974
-0.186, 2.970
-0.186, 2.994
-0.194, 3.000
-0.219, 3.010
-0.227, 3.016
-0.243, 3.012
-0.259, 3.045
-0.267, 3.050
-0.291, 3.059
-0.307, 3.075
-0.332, 3.081
-0.324, 3.092
-0.332, 3.112
-0.332, 3.130
-0.341, 3.157
-0.356, 3.168
-0.373, 3.188
-0.381, 3.195
-0.372, 3.184
-0.381, 3.195
-0.388, 3.181
-0.388, 3.199
-0.388, 3.243
-0.388, 3.261
-0.373, 3.266
-0.372, 3.276
-0.373, 3.295
-0.357, 3.310
-0.348, 3.316
-0.356, 3.323
-0.348, 3.329
-0.349, 3.335
-0.332, 3.332
-0.331, 3.311
-0.340, 3.305
-0.332, 3.314
-0.333, 3.337
-0.341, 3.346
-0.349, 3.339
-0.341, 3.315
-0.356, 3.307
-0.348, 3.332
-0.348, 3.329
-0.356, 3.339
-0.357, 3.343
-0.348, 3.330
-0.356, 3.325
-0.348, 3.330
-0.348, 3.316
-0.349, 3.334
-0.364, 3.332
-0.349, 3.321
-0.348, 3.285
-0.340, 3.261
-0.356, 3.263
-0.372, 3.248
-0.365, 3.231
-0.372, 3.204
-0.364, 3.146
-0.348, 3.143
-0.354, 3.130
-0.340, 3.152
-0.356, 3.153
-0.364, 3.164
-0.348, 3.179
-0.363, 3.172
-0.380, 3.193
-0.372, 3.215
-0.389, 3.217
-0.389, 3.204
-0.387, 3.194
-0.380, 3.203
-0.388, 3.230
-0.397, 3.239
-0.398, 3.244
-0.397, 3.255
-0.373, 3.266
-0.365, 3.290
-0.357, 3.281
-0.357, 3.281
-0.348, 3.265
-0.333, 3.285
-0.317, 3.270
-0.300, 3.267
-0.284, 3.269
-0.284, 3.251
-0.269, 3.241
-0.236, 3.209
-0.212, 3.182
-0.211, 3.185
-0.203, 3.189
-0.204, 3.180
-0.188, 3.147
-0.195, 3.120
-0.163, 3.120
-0.163, 3.133
-0.179, 3.154
-0.172, 3.162
-0.188, 3.147
-0.188, 3.131
-0.187, 3.109
-0.187, 3.127
-0.204, 3.127
-0.203, 3.111
-0.204, 3.118
-0.220, 3.085
-0.220, 3.054
-0.211, 3.012
-0.228, 2.994
-0.228, 2.950
-0.235, 2.895
-0.252, 2.837
-0.260, 2.799
-0.252, 2.759
-0.260, 2.754
-0.267, 2.726
-0.251, 2.726
-0.251, 2.740
-0.242, 2.758
-0.227, 2.808
-0.219, 2.832
-0.227, 2.859
-0.220, 2.854
-0.228, 2.843
-0.227, 2.828
-0.235, 2.799
-0.211, 2.793
-0.203, 2.799
-0.203, 2.799
-0.195, 2.814
-0.187, 2.803
-0.171, 2.805
-0.179, 2.812
-0.170, 2.814
-0.163, 2.827
-0.170, 2.814
-0.163, 2.798
-0.163, 2.798
-0.162, 2.763
-0.162, 2.750
-0.178, 2.730
-0.170, 2.712
-0.178, 2.689
-0.186, 2.644
-0.218, 2.631
-0.218, 2.642
-0.218, 2.660
-0.235, 2.648
-0.243, 2.624
-0.235, 2.621
-0.218, 2.634
-0.211, 2.643
-0.195, 2.672
-0.194, 2.688
-0.170, 2.714
-0.170, 2.710
-0.154, 2.708
-0.154, 2.708
-0.154, 2.708
-0.154, 2.712
-0.138, 2.692
-0.138, 2.665
-0.146, 2.654
-0.137, 2.661
-0.138, 2.665
-0.121, 2.692
-0.129, 2.687
-0.129, 2.705
-0.137, 2.680
-0.161, 2.674
-0.161, 2.639
-0.194, 2.610
-0.210, 2.579
-0.257, 2.529
-0.298, 2.507
-0.330, 2.506
-0.331, 2.509
-0.347, 2.509
-0.347, 2.523
-0.331, 2.571
-0.323, 2.607
-0.291, 2.657
-0.283, 2.726
-0.259, 2.793
-0.267, 2.850
-0.267, 2.899
-0.244, 2.925
-0.235, 2.919
-0.235, 2.932
-0.236, 2.950
-0.244, 2.970
-0.252, 2.963
-0.244, 2.968
-0.259, 2.975
-0.251, 3.017
-0.259, 3.041
-0.268, 3.070
-0.277, 3.083
-0.292, 3.063
-0.292, 3.046
-0.291, 3.054
-0.300, 3.048
-0.308, 3.061
-0.308, 3.048
-0.301, 3.043
-0.276, 3.030
-0.284, 3.019
-0.283, 3.048
-0.275, 3.039
-0.260, 3.050
-0.276, 3.034
-0.268, 2.997
-0.259, 2.968
-0.242, 2.944
-0.251, 2.955
-0.234, 2.954
-0.243, 2.937
-0.244, 2.925
-0.243, 2.921
-0.251, 2.899
-0.243, 2.886
-0.250, 2.859
-0.250, 2.877
-0.250, 2.877
-0.259, 2.892
-0.252, 2.918
-0.276, 2.912
-0.284, 2.919
-0.292, 2.921
-0.299, 2.944
-0.307, 2.946
-0.307, 2.964
-0.316, 2.993
-0.323, 2.980
-0.317, 2.979
-0.300, 2.990
-0.308, 2.984
-0.300, 2.990
-0.300, 2.990
-0.284, 2.979
-0.268, 2.961
-0.251, 2.928
-0.243, 2.935
-0.250, 2.939
-0.235, 2.945
-0.251, 2.943
-0.235, 2.914
-0.227, 2.921
-0.226, 2.917
-0.219, 2.930
-0.227, 2.919
-0.227, 2.919
-0.227, 2.905
-0.218, 2.894
-0.210, 2.874
-0.202, 2.879
-0.218, 2.862
-0.226, 2.855
-0.226, 2.837
-0.235, 2.821
-0.227, 2.814
-0.250, 2.790
-0.243, 2.772
-0.267, 2.747
-0.283, 2.701
-0.282, 2.664
-0.306, 2.640
-0.322, 2.623
-0.329, 2.628
-0.330, 2.633
-0.338, 2.627
-0.355, 2.597
-0.355, 2.582
-0.362, 2.570
-0.362, 2.587
-0.370, 2.594
-0.362, 2.587
-0.363, 2.573
-0.370, 2.578
-0.379, 2.605
-0.379, 2.622
-0.395, 2.620
-0.403, 2.629
-0.402, 2.608
-0.403, 2.612
-0.379, 2.618
-0.371, 2.611
-0.362, 2.589
-0.354, 2.563
-0.362, 2.527
-0.362, 2.509
-0.370, 2.516
-0.370, 2.516
-0.369, 2.513
-0.369, 2.530
-0.370, 2.563
-0.354, 2.594
-0.354, 2.644
-0.363, 2.699
-0.348, 2.750
-0.347, 2.808
-0.331, 2.837
-0.323, 2.879
-0.307, 2.890
-0.323, 2.875
-0.314, 2.851
-0.322, 2.826
-0.307, 2.815
-0.297, 2.769
-0.306, 2.735
-0.322, 2.706
-0.306, 2.687
-0.290, 2.688
-0.290, 2.702
-0.290, 2.706
-0.274, 2.739
-0.282, 2.744
-0.274, 2.754
-0.281, 2.771
-0.266, 2.804
-0.258, 2.843
-0.274, 2.859
-0.259, 2.892
-0.258, 2.932
-0.259, 2.952
-0.259, 2.985
-0.267, 2.977
-0.275, 2.970
-0.266, 2.970
-0.274, 2.979
-0.258, 2.994
-0.274, 2.997
-0.267, 3.012
-0.259, 3.016
-0.267, 3.010
-0.275, 3.017
-0.267, 3.010
-0.259, 3.021
-0.267, 2.974
-0.282, 2.972
-0.282, 2.973
-0.290, 2.948
-0.299, 2.944
-0.298, 2.942
-0.307, 2.953
-0.307, 2.955
-0.339, 2.937
-0.323, 2.922
-0.331, 2.942
-0.331, 2.962
-0.324, 2.972
-0.340, 2.955
-0.332, 2.950
-0.340, 2.953
-0.340, 2.957
-0.331, 2.928
-0.346, 2.920
-0.338, 2.944
-0.330, 2.968
-0.340, 2.984
-0.348, 3.010
-0.340, 3.019
-0.357, 2.991
-0.348, 2.990
-0.347, 2.973
-0.347, 2.986
-0.355, 2.975
-0.356, 2.997
-0.340, 2.999
-0.332, 3.010
-0.341, 3.006
-0.340, 3.019
-0.340, 3.019
-0.332, 3.024
-0.316, 3.008
-0.316, 2.990
-0.307, 2.979
-0.324, 2.999
-0.307, 3.010
-0.308, 3.033
-0.300, 3.012
-0.299, 2.977
-0.291, 2.970
-0.307, 2.950
-0.299, 2.946
-0.316, 2.917
-0.307, 2.875
-0.307, 2.830
-0.298, 2.788
-0.306, 2.749
-0.306, 2.762
-0.289, 2.760
-0.298, 2.759
-0.306, 2.749
-0.330, 2.771
-0.355, 2.811
-0.363, 2.849
-0.347, 2.884
-0.355, 2.920
-0.355, 2.953
-0.364, 2.980
-0.363, 2.991
-0.371, 3.000
-0.363, 3.017
-0.363, 3.035
-0.356, 3.064
-0.364, 3.073
-0.349, 3.079
-0.340, 3.068
-0.348, 3.075
-0.348, 3.088
-0.347, 3.066
-0.339, 3.077
-0.339, 3.075
-0.347, 3.084
-0.356, 3.095
-0.347, 3.084
-0.355, 3.093
-0.355, 3.106
-0.363, 3.130
-0.364, 3.166
-0.364, 3.179
-0.373, 3.190
-0.372, 3.204
-0.388, 3.233
-0.380, 3.254
-0.388, 3.290
-0.390, 3.315
-0.397, 3.337
-0.398, 3.324
-0.381, 3.321
-0.380, 3.329
-0.381, 3.366
-0.381, 3.366
-0.381, 3.365
-0.382, 3.368
-0.389, 3.372
-0.365, 3.381
-0.356, 3.400
-0.348, 3.422
-0.365, 3.443
-0.349, 3.445
-0.350, 3.464
-0.334, 3.479
-0.342, 3.486
-0.342, 3.488
-0.333, 3.474
-0.342, 3.499
-0.332, 3.469
-0.325, 3.478
-0.317, 3.489
-0.316, 3.484
-0.309, 3.498
-0.309, 3.498
-0.285, 3.489
-0.293, 3.485
-0.276, 3.477
-0.269, 3.491
-0.278, 3.485
-0.277, 3.469
-0.261, 3.467
-0.252, 3.468
-0.261, 3.483
-0.253, 3.476
-0.253, 3.476
-0.245, 3.482
-0.228, 3.479
-0.237, 3.491
-0.253, 3.489
-0.244, 3.464
-0.245, 3.451
-0.236, 3.424
-0.229, 3.389
-0.236, 3.362
-0.244, 3.322
-0.252, 3.318
-0.244, 3.291
-0.244, 3.247
-0.252, 3.225
-0.252, 3.194
-0.260, 3.205
-0.284, 3.196
-0.285, 3.170
-0.277, 3.161
-0.292, 3.141
-0.284, 3.114
-0.299, 3.123
-0.283, 3.143
-0.284, 3.192
-0.300, 3.179
-0.292, 3.205
-0.292, 3.201
-0.276, 3.203
-0.284, 3.212
-0.292, 3.219
-0.308, 3.234
-0.308, 3.229
-0.309, 3.252
-0.316, 3.272
-0.332, 3.270
-0.349, 3.301
-0.349, 3.319
-0.357, 3.315
-0.341, 3.312
-0.349, 3.303
-0.349, 3.303
-0.348, 3.280
-0.341, 3.281
-0.341, 3.281
-0.357, 3.279
-0.357, 3.297
-0.341, 3.294
-0.349, 3.290
-0.348, 3.285
-0.332, 3.283
-0.333, 3.285
-0.348, 3.283
-0.341, 3.281
-0.333, 3.274
-0.325, 3.265
-0.309, 3.255
-0.301, 3.245
-0.301, 3.217
-0.284, 3.196
-0.283, 3.174
-0.283, 3.174
-0.284, 3.161
-0.268, 3.132
-0.260, 3.110
-0.268, 3.101
-0.260, 3.096
-0.243, 3.089
-0.244, 3.094
-0.236, 3.101
-0.244, 3.107
-0.252, 3.134
-0.227, 3.151
-0.212, 3.172
-0.204, 3.194
-0.220, 3.209
-0.212, 3.234
-0.195, 3.244
-0.212, 3.265
-0.196, 3.265
-0.204, 3.269
-0.196, 3.293
-0.196, 3.306
-0.188, 3.320
-0.188, 3.320
-0.212, 3.309
-0.204, 3.289
-0.203, 3.284
-0.212, 3.278
-0.219, 3.269
-0.227, 3.258
-0.244, 3.265
-0.228, 3.262
-0.244, 3.265
-0.261, 3.285
-0.261, 3.285
-0.261, 3.272
-0.260, 3.236
-0.267, 3.192
-0.275, 3.181
-0.291, 3.152
-0.324, 3.126
-0.348, 3.086
-0.356, 3.031
-0.372, 3.029
-0.395, 3.033
-0.372, 3.062
-0.372, 3.093
-0.381, 3.106
-0.381, 3.108
-0.373, 3.113
-0.373, 3.126
-0.388, 3.137
-0.397, 3.148
-0.405, 3.157
-0.404, 3.139
-0.412, 3.117
-0.395, 3.097
-0.396, 3.102
-0.396, 3.102
-0.388, 3.077
-0.396, 3.073
-0.379, 3.084
-0.380, 3.102
-0.388, 3.126
-0.396, 3.117
-0.388, 3.128
-0.387, 3.124
-0.379, 3.115
-0.379, 3.115
-0.379, 3.115
-0.388, 3.142
-0.396, 3.135
-0.381, 3.106
-0.380, 3.060
-0.380, 3.042
-0.379, 3.024
-0.370, 3.011
-0.371, 2.997
-0.388, 3.017
-0.387, 3.013
-0.388, 3.017
-0.387, 3.062
-0.396, 3.088
-0.388, 3.128
-0.420, 3.142
-0.413, 3.155
-0.413, 3.182
-0.413, 3.182
-0.412, 3.195
-0.419, 3.212
-0.421, 3.251
-0.429, 3.257
-0.421, 3.282
-0.413, 3.293
-0.413, 3.291
-0.421, 3.300
-0.412, 3.286
-0.413, 3.273
-0.421, 3.282
-0.420, 3.277
-0.421, 3.282
-0.404, 3.279
-0.421, 3.282
-0.414, 3.278
-0.412, 3.257
-0.420, 3.233
-0.403, 3.226
-0.412, 3.237
-0.405, 3.253
-0.397, 3.257
-0.413, 3.249
-0.422, 3.255
-0.406, 3.258
-0.405, 3.253
-0.412, 3.255
-0.412, 3.270
-0.404, 3.292
-0.404, 3.292
-0.405, 3.297
-0.405, 3.328
-0.406, 3.333
-0.397, 3.350
-0.405, 3.341
-0.405, 3.357
-0.421, 3.372
-0.422, 3.393
-0.438, 3.424
-0.422, 3.439
-0.438, 3.455
-0.445, 3.482
-0.446, 3.519
-0.438, 3.546
-0.439, 3.551
-0.439, 3.551
-0.438, 3.546
-0.439, 3.564
-0.446, 3.552
-0.447, 3.539
-0.447, 3.526
-0.447, 3.526
-0.432, 3.529
-0.422, 3.512
-0.429, 3.500
-0.429, 3.513
-0.428, 3.508
-0.414, 3.516
-0.414, 3.536
-0.399, 3.526
-0.376, 3.556
-0.351, 3.559
-0.359, 3.553
-0.342, 3.548
-0.309, 3.542
-0.285, 3.533
-0.284, 3.528
-0.261, 3.529
-0.261, 3.529
-0.253, 3.520
-0.245, 3.513
-0.236, 3.501
-0.221, 3.507
-0.197, 3.513
-0.229, 3.498
-0.230, 3.488
-0.229, 3.482
-0.213, 3.484
-0.197, 3.464
-0.205, 3.473
-0.189, 3.462
-0.197, 3.451
-0.189, 3.475
-0.173, 3.472
-0.173, 3.491
-0.173, 3.509
-0.164, 3.510
-0.165, 3.513
-0.157, 3.550
-0.157, 3.563
-0.173, 3.610
-0.181, 3.634
-0.174, 3.661
-0.166, 3.665
-0.181, 3.696
-0.166, 3.717
-0.166, 3.730
-0.174, 3.745
-0.166, 3.735
-0.182, 3.751
-0.174, 3.745
-0.198, 3.743
-0.198, 3.743
-0.182, 3.758
-0.190, 3.752
-0.190, 3.755
-0.198, 3.743
-0.230, 3.730
-0.206, 3.737
-0.222, 3.721
-0.222, 3.727
-0.222, 3.693
-0.222, 3.680
-0.238, 3.677
-0.229, 3.650
-0.238, 3.662
-0.254, 3.659
-0.278, 3.659
-0.270, 3.634
-0.278, 3.622
-0.278, 3.622
-0.270, 3.613
-0.286, 3.634
-0.294, 3.625
-0.310, 3.622
-0.302, 3.619
-0.286, 3.597
-0.278, 3.591
-0.293, 3.588
-0.301, 3.579
-0.302, 3.582
-0.317, 3.579
-0.310, 3.578
-0.294, 3.563
-0.277, 3.560
-0.286, 3.574
-0.278, 3.578
-0.286, 3.562
-0.270, 3.559
-0.261, 3.526
-0.253, 3.504
-0.236, 3.486
-0.228, 3.480
-0.236, 3.473
-0.236, 3.486
-0.236, 3.478
-0.228, 3.482
-0.228, 3.469
-0.236, 3.478
-0.236, 3.478
-0.245, 3.472
-0.252, 3.473
-0.261, 3.469
-0.277, 3.498
-0.293, 3.513
-0.301, 3.525
-0.317, 3.536
-0.301, 3.569
-0.302, 3.585
-0.317, 3.598
-0.326, 3.628
-0.334, 3.629
-0.341, 3.607
-0.334, 3.629
-0.342, 3.635
-0.334, 3.647
-0.342, 3.635
-0.358, 3.620
-0.358, 3.620
-0.349, 3.626
-0.351, 3.637
-0.358, 3.659
-0.367, 3.658
-0.359, 3.646
-0.350, 3.645
-0.341, 3.651
-0.349, 3.652
-0.342, 3.667
-0.350, 3.694
-0.358, 3.685
-0.351, 3.712
-0.366, 3.722
-0.350, 3.725
-0.358, 3.734
-0.374, 3.719
-0.391, 3.722
-0.390, 3.716
-0.406, 3.719
-0.414, 3.707
-0.422, 3.716
-0.439, 3.691
-0.446, 3.676
-0.462, 3.661
-0.454, 3.685
-0.454, 3.667
-0.462, 3.664
-0.462, 3.645
-0.463, 3.635
-0.471, 3.613
-0.470, 3.577
-0.462, 3.555
-0.444, 3.531
-0.429, 3.503
-0.421, 3.463
-0.421, 3.434
-0.413, 3.402
-0.429, 3.368
-0.421, 3.346
-0.421, 3.333
-0.421, 3.302
-0.414, 3.280
-0.420, 3.248
-0.428, 3.208
-0.428, 3.193
-0.428, 3.162
-0.429, 3.122
-0.429, 3.091
-0.444, 3.058
-0.436, 3.033
-0.427, 3.006
-0.420, 3.033
-0.403, 3.046
-0.396, 3.060
-0.397, 3.091
-0.404, 3.095
-0.405, 3.097
-0.420, 3.109
-0.421, 3.144
-0.413, 3.166
-0.404, 3.173
-0.405, 3.191
-0.428, 3.208
-0.429, 3.226
-0.422, 3.253
-0.405, 3.250
-0.389, 3.284
-0.388, 3.295
-0.389, 3.299
-0.389, 3.281
-0.388, 3.259
-0.404, 3.248
-0.397, 3.257
-0.413, 3.244
-0.422, 3.240
-0.414, 3.218
-0.398, 3.189
-0.381, 3.181
-0.357, 3.172
-0.348, 3.179
-0.332, 3.190
-0.308, 3.203
-0.291, 3.216
-0.268, 3.243
-0.236, 3.274
-0.227, 3.275
-0.227, 3.311
-0.195, 3.342
-0.187, 3.367
-0.171, 3.400
-0.171, 3.413
-0.172, 3.418
-0.179, 3.422
-0.171, 3.398
-0.179, 3.404
-0.179, 3.386
-0.195, 3.389
-0.219, 3.393
-0.236, 3.414
-0.236, 3.419
-0.252, 3.382
-0.285, 3.357
-0.316, 3.305
-0.356, 3.266
-0.389, 3.222
-0.436, 3.184
-0.469, 3.140
-0.493, 3.113
-0.509, 3.100
-0.502, 3.127
-0.501, 3.156
-0.503, 3.196
-0.487, 3.243
-0.495, 3.265
-0.479, 3.283
-0.469, 3.282
-0.462, 3.307
-0.468, 3.324
-0.461, 3.335
-0.454, 3.331
-0.453, 3.313
-0.453, 3.316
-0.445, 3.320
-0.437, 3.331
-0.437, 3.318
-0.469, 3.269
-0.478, 3.218
-0.501, 3.163
-0.517, 3.083
-0.574, 2.997
-0.613, 2.922
-0.654, 2.902
-0.654, 2.900
-0.653, 2.915
-0.646, 2.955
-0.630, 3.019
-0.599, 3.072
-0.575, 3.112
-0.567, 3.134
-0.551, 3.163
-0.549, 3.156
-0.533, 3.159
-0.533, 3.172
-0.508, 3.160
-0.500, 3.154
-0.500, 3.167
-0.493, 3.183
-0.486, 3.191
-0.478, 3.216
-0.463, 3.236
-0.462, 3.218
-0.446, 3.203
-0.445, 3.167
-0.452, 3.140
-0.461, 3.133
-0.452, 3.106
-0.469, 3.062
-0.476, 3.053
-0.469, 3.031
-0.454, 3.067
-0.438, 3.082
-0.430, 3.062
-0.413, 3.057
-0.412, 3.053
-0.389, 3.095
-0.364, 3.115
-0.349, 3.153
-0.324, 3.175
-0.316, 3.179
-0.300, 3.212
-0.259, 3.214
-0.227, 3.247
-0.219, 3.302
-0.220, 3.320
-0.212, 3.334
-0.196, 3.327
-0.180, 3.342
-0.163, 3.368
-0.155, 3.379
-0.164, 3.391
-0.163, 3.383
-0.147, 3.399
-0.140, 3.457
-0.140, 3.459
-0.140, 3.483
-0.148, 3.502
-0.149, 3.508
-0.132, 3.505
-0.156, 3.491
-0.132, 3.494
-0.139, 3.498
-0.148, 3.497
-0.148, 3.515
-0.140, 3.491
-0.140, 3.496
-0.132, 3.497
-0.140, 3.491
-0.156, 3.475
-0.180, 3.466
-0.196, 3.456
-0.220, 3.429
-0.244, 3.392
-0.260, 3.343
-0.292, 3.312
-0.326, 3.255
-0.365, 3.181
-0.381, 3.117
-0.397, 3.113
-0.404, 3.135
-0.406, 3.157
-0.429, 3.164
-0.430, 3.155
-0.406, 3.162
-0.397, 3.179
-0.381, 3.226
-0.388, 3.261
-0.365, 3.306
-0.365, 3.337
-0.348, 3.350
-0.333, 3.352
-0.324, 3.372
-0.317, 3.417
-0.317, 3.435
-0.318, 3.466
-0.310, 3.478
-0.317, 3.463
-0.325, 3.439
-0.316, 3.440
-0.308, 3.444
-0.316, 3.489
-0.324, 3.498
-0.333, 3.497
-0.342, 3.491
-0.348, 3.489
-0.349, 3.508
-0.348, 3.489
-0.357, 3.488
-0.382, 3.466
-0.405, 3.437
-0.390, 3.424
-0.405, 3.403
-0.421, 3.406
-0.429, 3.412
