 0.797, 0.601
 0.779, 0.601
 0.779, 0.601
 0.786, 0.593
 0.787, 0.610
 0.789, 0.627
 0.789, 0.627
 0.799, 0.635
 0.798, 0.635
 0.806, 0.627
 0.823, 0.626
 0.813, 0.618
 0.814, 0.618
 0.813, 0.618
 0.805, 0.626
 0.813, 0.635
 0.813, 0.635
 0.823, 0.643
 0.805, 0.643
 0.797, 0.635
 0.797, 0.635
 0.788, 0.627
 0.779, 0.618
 0.770, 0.626
 0.762, 0.618
 0.779, 0.618
 0.771, 0.610
 0.754, 0.610
 0.753, 0.627
 0.745, 0.635
 0.744, 0.652
 0.726, 0.652
 0.719, 0.661
 0.717, 0.677
 0.717, 0.677
 0.718, 0.694
 0.702, 0.712
 0.720, 0.729
 0.737, 0.728
 0.712, 0.737
 0.728, 0.737
 0.727, 0.736
 0.728, 0.736
 0.744, 0.753
 0.736, 0.762
 0.735, 0.778
 0.726, 0.770
 0.719, 0.796
 0.717, 0.795
 0.719, 0.796
 0.711, 0.804
 0.693, 0.804
 0.702, 0.796
 0.710, 0.804
 0.693, 0.788
 0.684, 0.796
 0.674, 0.787
 0.675, 0.804
 0.675, 0.804
 0.658, 0.804
 0.658, 0.838
 0.631, 0.830
 0.632, 0.830
 0.614, 0.846
 0.597, 0.847
 0.588, 0.855
 0.569, 0.838
 0.562, 0.864
 0.545, 0.898
 0.555, 0.907
 0.555, 0.907
 0.537, 0.924
 0.553, 0.923
 0.553, 0.922
 0.561, 0.931
 0.569, 0.956
 0.577, 0.981
 0.587, 1.006
 0.578, 1.031
 0.561, 1.049
 0.570, 1.075
 0.561, 1.083
 0.562, 1.100
 0.561, 1.099
 0.552, 1.091
 0.543, 1.083
 0.525, 1.082
 0.535, 1.091
 0.535, 1.074
 0.544, 1.066
 0.527, 1.050
 0.509, 1.032
 0.492, 1.034
 0.483, 1.007
 0.475, 0.983
 0.483, 0.974
 0.457, 0.948
 0.465, 0.923
 0.449, 0.940
 0.442, 0.934
 0.442, 0.934
 0.451, 0.925
 0.459, 0.917
 0.449, 0.891
 0.432, 0.908
 0.439, 0.898
 0.439, 0.915
 0.431, 0.940
 0.439, 0.965
 0.449, 0.992
 0.449, 1.026
 0.466, 1.043
 0.475, 1.069
 0.500, 1.076
 0.500, 1.076
 0.508, 1.083
 0.516, 1.074
 0.525, 1.066
 0.542, 1.048
 0.568, 1.024
 0.586, 1.006
 0.586, 0.973
 0.587, 0.957
 0.603, 0.905
 0.621, 0.872
 0.638, 0.838
 0.630, 0.779
 0.613, 0.729
 0.603, 0.653
 0.596, 0.611
 0.572, 0.570
 0.555, 0.502
 0.539, 0.435
 0.539, 0.351
 0.513, 0.258
 0.504, 0.199
 0.469, 0.150
 0.461, 0.124
 0.461, 0.091
 0.444, 0.057
 0.427, 0.006
 0.410,-0.027
 0.402,-0.036
 0.401,-0.069
 0.402,-0.103
 0.402,-0.120
 0.385,-0.154
 0.377,-0.179
 0.376,-0.212
 0.385,-0.239
 0.394,-0.280
 0.377,-0.297
 0.368,-0.323
 0.377,-0.347
 0.377,-0.382
 0.368,-0.406
 0.377,-0.414
 0.387,-0.425
 0.368,-0.422
 0.386,-0.440
 0.368,-0.423
 0.377,-0.432
 0.395,-0.417
 0.395,-0.400
 0.404,-0.393
 0.421,-0.408
 0.403,-0.389
 0.411,-0.398
 0.419,-0.387
 0.420,-0.373
 0.419,-0.371
 0.411,-0.363
 0.429,-0.348
 0.420,-0.338
 0.429,-0.332
 0.446,-0.314
 0.446,-0.314
 0.464,-0.281
 0.463,-0.280
 0.464,-0.281
 0.463,-0.264
 0.472,-0.273
 0.481,-0.265
 0.489,-0.255
 0.499,-0.232
 0.507,-0.206
 0.523,-0.188
 0.532,-0.163
 0.513,-0.161
 0.523,-0.154
 0.540,-0.137
 0.531,-0.145
 0.540,-0.153
 0.566,-0.129
 0.551,-0.097
 0.568,-0.081
 0.569,-0.064
 0.577,-0.056
 0.566,-0.045
 0.566,-0.079
 0.557,-0.053
 0.557,-0.036
 0.540,-0.020
 0.522,-0.002
 0.514, 0.023
 0.497, 0.040
 0.505, 0.048
 0.498, 0.039
 0.479, 0.057
 0.462, 0.056
 0.453, 0.065
 0.419, 0.049
 0.410, 0.056
 0.410, 0.057
 0.410, 0.056
 0.384, 0.065
 0.375, 0.074
 0.376, 0.074
 0.341, 0.075
 0.324, 0.074
 0.315, 0.066
 0.288, 0.075
 0.280, 0.083
 0.280, 0.084
 0.280, 0.084
 0.254, 0.092
 0.228, 0.100
 0.237, 0.125
 0.228, 0.133
 0.229, 0.150
 0.211, 0.150
 0.194, 0.151
 0.176, 0.168
 0.167, 0.177
 0.141, 0.186
 0.132, 0.211
 0.097, 0.212
 0.072, 0.236
 0.054, 0.254
 0.046, 0.262
 0.028, 0.279
 0.011, 0.279
-0.015, 0.287
-0.032, 0.271
-0.049, 0.254
-0.058, 0.246
-0.058, 0.246
-0.049, 0.238
-0.049, 0.238
-0.041, 0.212
-0.032, 0.203
-0.032, 0.187
-0.023, 0.178
-0.031, 0.137
-0.031, 0.120
-0.014, 0.119
-0.014, 0.086
-0.014, 0.069
-0.022, 0.077
-0.005, 0.059
-0.005, 0.042
 0.012, 0.042
 0.030, 0.025
 0.030, 0.009
 0.039, 0.001
 0.056, 0.001
 0.064,-0.007
 0.073, 0.000
 0.099, 0.010
 0.108, 0.017
 0.134, 0.008
 0.151, 0.008
 0.168, 0.008
 0.194, 0.017
 0.203, 0.024
 0.203, 0.007
 0.212, 0.016
 0.238, 0.007
 0.254, 0.008
 0.263,-0.001
 0.280,-0.001
 0.307,-0.009
 0.315,-0.002
 0.350,-0.001
 0.359, 0.006
 0.376,-0.010
 0.393,-0.010
 0.420, 0.014
 0.427, 0.007
 0.445, 0.006
 0.462, 0.023
 0.463, 0.056
 0.481, 0.072
 0.507, 0.080
 0.516, 0.088
 0.515, 0.106
 0.505, 0.098
 0.496, 0.107
 0.504, 0.116
 0.505, 0.132
 0.504, 0.133
 0.505, 0.149
 0.515, 0.174
 0.514, 0.174
 0.506, 0.182
 0.505, 0.216
 0.515, 0.207
 0.505, 0.216
 0.513, 0.225
 0.514, 0.224
 0.522, 0.233
 0.523, 0.233
 0.531, 0.241
 0.540, 0.266
 0.557, 0.283
 0.557, 0.283
 0.566, 0.291
 0.583, 0.308
 0.591, 0.317
 0.617, 0.325
 0.634, 0.325
 0.642, 0.316
 0.670, 0.324
 0.679, 0.349
 0.690, 0.340
 0.715, 0.349
 0.731, 0.332
 0.749, 0.315
 0.738, 0.307
 0.739, 0.307
 0.738, 0.324
 0.729, 0.332
 0.738, 0.324
 0.729, 0.332
 0.713, 0.349
 0.695, 0.366
 0.687, 0.375
 0.679, 0.383
 0.668, 0.358
 0.652, 0.375
 0.643, 0.384
 0.626, 0.367
 0.635, 0.392
 0.616, 0.375
 0.617, 0.375
 0.643, 0.367
 0.616, 0.375
 0.626, 0.367
 0.625, 0.367
 0.626, 0.367
 0.617, 0.358
 0.616, 0.359
 0.598, 0.325
 0.599, 0.342
 0.592, 0.333
 0.583, 0.358
 0.566, 0.342
 0.549, 0.342
 0.539, 0.334
 0.539, 0.334
 0.504, 0.334
 0.504, 0.334
 0.487, 0.334
 0.469, 0.335
 0.452, 0.351
 0.469, 0.368
 0.452, 0.368
 0.470, 0.368
 0.469, 0.385
 0.487, 0.385
 0.478, 0.376
 0.470, 0.368
 0.470, 0.368
 0.452, 0.368
 0.470, 0.368
 0.478, 0.376
 0.478, 0.393
 0.496, 0.410
 0.495, 0.410
 0.478, 0.410
 0.486, 0.418
 0.504, 0.418
 0.504, 0.435
 0.520, 0.435
 0.521, 0.435
 0.530, 0.443
 0.530, 0.460
 0.531, 0.494
 0.487, 0.503
 0.470, 0.520
 0.443, 0.545
 0.417, 0.554
 0.373, 0.579
 0.364, 0.588
 0.338, 0.613
 0.303, 0.630
 0.269, 0.664
 0.251, 0.698
 0.234, 0.715
 0.208, 0.741
 0.182, 0.783
 0.147, 0.800
 0.112, 0.835
 0.069, 0.843
 0.043, 0.868
 0.025, 0.902
-0.001, 0.944
-0.019, 0.979
-0.045, 1.020
-0.089, 1.063
-0.098, 1.105
-0.115, 1.122
-0.115, 1.156
-0.141, 1.180
-0.142, 1.198
-0.167, 1.205
-0.176, 1.197
-0.186, 1.241
-0.186, 1.258
-0.204, 1.294
-0.195, 1.302
-0.221, 1.327
-0.221, 1.327
-0.229, 1.332
-0.247, 1.333
-0.264, 1.366
-0.281, 1.383
-0.299, 1.401
-0.316, 1.434
-0.309, 1.444
-0.318, 1.452
-0.335, 1.470
-0.344, 1.480
-0.335, 1.469
-0.353, 1.470
-0.352, 1.469
-0.361, 1.477
-0.378, 1.478
-0.395, 1.478
-0.405, 1.504
-0.413, 1.496
-0.430, 1.513
-0.422, 1.555
-0.430, 1.596
-0.439, 1.622
-0.447, 1.662
-0.465, 1.697
-0.466, 1.733
-0.464, 1.744
-0.464, 1.762
-0.465, 1.798
-0.476, 1.826
-0.467, 1.836
-0.441, 1.844
-0.424, 1.828
-0.414, 1.816
-0.396, 1.797
-0.387, 1.771
-0.378, 1.778
-0.352, 1.771
-0.343, 1.779
-0.335, 1.772
-0.318, 1.739
-0.292, 1.729
-0.283, 1.723
-0.266, 1.688
-0.275, 1.647
-0.274, 1.613
-0.282, 1.585
-0.300, 1.537
-0.299, 1.519
-0.290, 1.494
-0.291, 1.495
-0.290, 1.494
-0.290, 1.478
-0.290, 1.460
-0.290, 1.460
-0.264, 1.452
-0.255, 1.424
-0.247, 1.419
-0.246, 1.399
-0.237, 1.374
-0.247, 1.401
-0.221, 1.393
-0.213, 1.387
-0.204, 1.395
-0.178, 1.369
-0.169, 1.360
-0.160, 1.365
-0.169, 1.358
-0.143, 1.332
-0.160, 1.333
-0.134, 1.308
-0.133, 1.307
-0.125, 1.299
-0.107, 1.282
-0.099, 1.274
-0.073, 1.250
-0.055, 1.231
-0.056, 1.215
-0.055, 1.215
-0.055, 1.197
-0.047, 1.189
-0.046, 1.188
-0.021, 1.198
-0.020, 1.197
-0.029, 1.189
-0.029, 1.173
-0.020, 1.163
-0.029, 1.139
-0.012, 1.138
-0.029, 1.122
-0.038, 1.131
-0.029, 1.105
-0.029, 1.088
-0.028, 1.069
-0.003, 1.062
 0.006, 1.072
 0.015, 1.064
 0.032, 1.048
 0.050, 1.030
 0.067, 0.978
 0.076, 0.952
 0.093, 0.934
 0.102, 0.910
 0.119, 0.893
 0.128, 0.867
 0.128, 0.868
 0.137, 0.842
 0.146, 0.817
 0.172, 0.809
 0.181, 0.783
 0.189, 0.775
 0.197, 0.766
 0.198, 0.766
 0.224, 0.757
 0.241, 0.758
 0.259, 0.741
 0.258, 0.740
 0.267, 0.732
 0.259, 0.724
 0.276, 0.707
 0.276, 0.690
 0.285, 0.681
 0.303, 0.648
 0.302, 0.647
 0.311, 0.639
 0.338, 0.613
 0.336, 0.596
 0.337, 0.596
 0.346, 0.605
 0.355, 0.614
 0.364, 0.622
 0.381, 0.622
 0.373, 0.614
 0.372, 0.596
 0.371, 0.563
 0.363, 0.554
 0.363, 0.537
 0.363, 0.537
 0.346, 0.537
 0.355, 0.529
 0.338, 0.529
 0.337, 0.512
 0.329, 0.521
 0.329, 0.504
 0.312, 0.504
 0.312, 0.487
 0.294, 0.471
 0.286, 0.462
 0.268, 0.462
 0.269, 0.446
 0.252, 0.446
 0.225, 0.437
 0.217, 0.429
 0.208, 0.421
 0.199, 0.412
 0.183, 0.396
 0.165, 0.379
 0.165, 0.379
 0.165, 0.362
 0.165, 0.345
 0.156, 0.337
 0.148, 0.345
 0.157, 0.353
 0.166, 0.345
 0.175, 0.336
 0.183, 0.328
 0.192, 0.303
 0.192, 0.303
 0.200, 0.278
 0.209, 0.269
 0.218, 0.277
 0.226, 0.269
 0.218, 0.277
 0.235, 0.277
 0.236, 0.260
 0.236, 0.277
 0.235, 0.277
 0.227, 0.285
 0.227, 0.286
 0.218, 0.277
 0.210, 0.286
 0.209, 0.303
 0.201, 0.294
 0.218, 0.294
 0.219, 0.294
 0.227, 0.302
 0.236, 0.294
 0.236, 0.277
 0.262, 0.285
 0.288, 0.277
 0.297, 0.268
 0.322, 0.260
 0.348, 0.234
 0.382, 0.235
 0.418, 0.234
 0.445, 0.241
 0.454, 0.216
 0.481, 0.190
 0.506, 0.181
 0.523, 0.131
 0.548, 0.123
 0.539, 0.099
 0.549, 0.073
 0.558, 0.081
 0.566, 0.056
 0.558, 0.047
 0.575, 0.030
 0.568, 0.021
 0.568, 0.021
 0.568, 0.004
 0.568, 0.004
 0.568,-0.012
 0.568,-0.030
 0.567,-0.029
 0.585,-0.046
 0.567,-0.029
 0.575,-0.037
 0.568,-0.029
 0.576,-0.038
 0.568,-0.046
 0.585,-0.029
 0.584,-0.045
 0.576,-0.054
 0.584,-0.062
 0.602,-0.063
 0.629,-0.055
 0.627,-0.071
 0.635,-0.079
 0.654,-0.063
 0.637,-0.064
 0.647,-0.040
 0.664,-0.040
 0.673,-0.015
 0.681,-0.039
 0.680,-0.038
 0.688,-0.046
 0.669,-0.028
 0.698,-0.005
 0.688,-0.012
 0.697,-0.004
 0.697, 0.012
 0.696, 0.029
 0.706, 0.037
 0.706, 0.037
 0.706, 0.037
 0.723, 0.037
 0.705, 0.021
 0.698, 0.029
 0.705, 0.021
 0.723, 0.021
 0.715, 0.028
 0.688, 0.021
 0.697, 0.012
 0.688, 0.021
 0.688, 0.021
 0.688, 0.021
 0.696, 0.029
 0.688, 0.037
 0.688, 0.021
 0.670, 0.038
 0.678, 0.047
 0.660, 0.047
 0.671, 0.071
 0.672, 0.087
 0.673, 0.104
 0.673, 0.120
 0.671, 0.105
 0.671, 0.122
 0.661, 0.114
 0.660, 0.115
 0.652, 0.139
 0.634, 0.174
 0.636, 0.190
 0.635, 0.207
 0.627, 0.215
 0.618, 0.240
 0.617, 0.241
 0.610, 0.232
 0.609, 0.232
 0.584, 0.224
 0.575, 0.232
 0.565, 0.241
 0.548, 0.241
 0.557, 0.249
 0.548, 0.241
 0.549, 0.258
 0.522, 0.267
 0.514, 0.258
 0.513, 0.275
 0.505, 0.283
 0.505, 0.283
 0.504, 0.284
 0.497, 0.292
 0.487, 0.317
 0.487, 0.301
 0.470, 0.317
 0.461, 0.343
 0.471, 0.368
 0.462, 0.393
 0.453, 0.402
 0.436, 0.419
 0.435, 0.436
 0.426, 0.461
 0.416, 0.486
 0.399, 0.520
 0.408, 0.545
 0.416, 0.570
 0.417, 0.604
 0.425, 0.596
 0.425, 0.596
 0.434, 0.604
 0.443, 0.613
 0.452, 0.621
 0.460, 0.629
 0.469, 0.604
 0.469, 0.621
 0.460, 0.612
 0.460, 0.613
 0.460, 0.612
 0.477, 0.612
 0.478, 0.629
 0.451, 0.638
 0.443, 0.647
 0.434, 0.638
 0.425, 0.646
 0.425, 0.663
 0.424, 0.663
 0.416, 0.655
 0.407, 0.663
 0.399, 0.672
 0.409, 0.698
 0.416, 0.706
 0.409, 0.715
 0.408, 0.697
 0.398, 0.689
 0.389, 0.680
 0.380, 0.705
 0.381, 0.723
 0.372, 0.731
 0.373, 0.748
 0.373, 0.765
 0.389, 0.764
 0.407, 0.782
 0.407, 0.798
 0.416, 0.790
 0.424, 0.798
 0.407, 0.798
 0.407, 0.782
 0.389, 0.798
 0.398, 0.790
 0.390, 0.799
 0.389, 0.798
 0.398, 0.790
 0.406, 0.781
 0.407, 0.764
 0.407, 0.764
 0.389, 0.764
 0.372, 0.748
 0.372, 0.748
 0.363, 0.739
 0.354, 0.748
 0.345, 0.773
 0.347, 0.791
 0.355, 0.816
 0.356, 0.817
 0.346, 0.842
 0.337, 0.816
 0.328, 0.824
 0.319, 0.832
 0.302, 0.849
 0.311, 0.858
 0.310, 0.874
 0.311, 0.909
 0.302, 0.916
 0.285, 0.917
 0.293, 0.943
 0.276, 0.959
 0.259, 0.977
 0.250, 0.985
 0.241, 0.993
 0.233, 1.002
 0.215, 1.001
 0.206, 1.027
 0.198, 1.052
 0.206, 1.061
 0.180, 1.070
 0.163, 1.069
 0.163, 1.087
 0.154, 1.111
 0.154, 1.129
 0.146, 1.137
 0.146, 1.136
 0.145, 1.170
 0.128, 1.203
 0.120, 1.231
 0.111, 1.274
 0.120, 1.299
 0.128, 1.326
 0.128, 1.340
 0.111, 1.357
 0.102, 1.381
 0.101, 1.413
 0.084, 1.449
 0.093, 1.473
 0.093, 1.508
 0.093, 1.542
 0.092, 1.558
 0.092, 1.593
 0.092, 1.609
 0.092, 1.627
 0.110, 1.644
 0.110, 1.643
 0.101, 1.653
 0.118, 1.667
 0.127, 1.676
 0.127, 1.694
 0.127, 1.692
 0.136, 1.720
 0.144, 1.725
 0.136, 1.736
 0.135, 1.751
 0.135, 1.767
 0.135, 1.786
 0.126, 1.793
 0.135, 1.801
 0.118, 1.817
 0.109, 1.843
 0.109, 1.864
 0.109, 1.864
 0.118, 1.874
 0.117, 1.873
 0.109, 1.861
 0.092, 1.863
 0.082, 1.850
 0.066, 1.853
 0.075, 1.845
 0.074, 1.843
 0.074, 1.846
 0.057, 1.828
 0.074, 1.812
 0.066, 1.788
 0.066, 1.770
 0.075, 1.763
 0.075, 1.728
 0.066, 1.702
 0.066, 1.669
 0.058, 1.642
 0.075, 1.626
 0.075, 1.608
 0.092, 1.593
 0.084, 1.568
 0.084, 1.550
 0.093, 1.526
 0.101, 1.515
 0.110, 1.490
 0.127, 1.475
 0.127, 1.457
 0.145, 1.440
 0.162, 1.404
 0.163, 1.389
 0.163, 1.391
 0.162, 1.374
 0.172, 1.351
 0.180, 1.341
 0.189, 1.298
 0.197, 1.271
 0.197, 1.236
 0.197, 1.220
 0.197, 1.220
 0.189, 1.212
 0.198, 1.204
 0.198, 1.170
 0.206, 1.163
 0.215, 1.153
 0.215, 1.138
 0.215, 1.138
 0.232, 1.103
 0.233, 1.087
 0.232, 1.086
 0.250, 1.052
 0.250, 1.052
 0.267, 1.035
 0.276, 1.027
 0.284, 1.017
 0.285, 1.001
 0.302, 0.985
 0.302, 0.967
 0.320, 0.951
 0.311, 0.942
 0.329, 0.926
 0.320, 0.917
 0.328, 0.890
 0.328, 0.891
 0.329, 0.891
 0.329, 0.892
 0.330, 0.893
 0.339, 0.901
 0.348, 0.876
 0.355, 0.866
 0.347, 0.858
 0.338, 0.866
 0.338, 0.866
 0.330, 0.892
 0.312, 0.891
 0.321, 0.917
 0.338, 0.916
 0.337, 0.916
 0.355, 0.933
 0.380, 0.940
 0.398, 0.957
 0.415, 0.974
 0.441, 0.965
 0.450, 0.975
 0.484, 0.974
 0.511, 0.966
 0.519, 0.957
 0.554, 0.957
 0.581, 0.966
 0.597, 0.982
 0.615, 0.982
 0.623, 0.973
 0.649, 0.981
 0.667, 0.982
 0.684, 0.981
 0.683, 0.964
 0.683, 0.964
 0.674, 0.972
 0.668, 0.983
 0.677, 0.991
 0.660, 0.992
 0.651, 0.983
 0.658, 0.973
 0.676, 0.956
 0.665, 0.963
 0.658, 0.956
 0.658, 0.973
 0.666, 0.981
 0.667, 0.982
 0.700, 0.980
 0.693, 0.973
 0.728, 0.973
 0.745, 0.989
 0.754, 0.998
 0.770, 1.014
 0.763, 1.006
 0.763, 1.006
 0.754, 0.998
 0.772, 1.032
 0.771, 1.048
 0.763, 1.058
 0.762, 1.074
 0.761, 1.073
 0.770, 1.098
 0.777, 1.088
 0.786, 1.081
 0.804, 1.081
 0.804, 1.064
 0.821, 1.047
 0.855, 1.012
 0.865, 0.988
 0.884, 0.972
 0.893, 0.946
 0.904, 0.905
 0.930, 0.846
 0.928, 0.777
 0.910, 0.727
 0.900, 0.667
 0.902, 0.634
 0.893, 0.592
 0.867, 0.567
 0.869, 0.533
 0.851, 0.500
 0.843, 0.475
 0.833, 0.449
 0.844, 0.424
 0.834, 0.399
 0.825, 0.373
 0.810, 0.323
 0.799, 0.281
 0.800, 0.230
 0.817, 0.197
 0.817, 0.163
 0.819, 0.129
 0.809, 0.104
 0.810, 0.087
 0.810, 0.053
 0.818, 0.028
 0.811, 0.002
 0.809,-0.013
 0.808,-0.030
 0.818,-0.039
 0.818,-0.056
 0.821,-0.041
 0.829,-0.032
 0.805,-0.025
 0.821,-0.024
 0.811,-0.048
 0.828,-0.031
 0.825,-0.030
 0.844,-0.014
 0.861, 0.003
 0.852,-0.006
 0.871, 0.010
 0.879, 0.019
 0.880, 0.018
 0.898, 0.035
 0.914, 0.035
 0.942, 0.026
 0.931, 0.002
 0.941,-0.007
 0.949,-0.015
 0.949,-0.032
 0.959,-0.042
 0.966,-0.032
 0.967,-0.016
 0.958,-0.024
 0.957,-0.006
 0.958, 0.010
 0.965, 0.019
 0.966, 0.018
 0.957,-0.006
 0.954,-0.005
 0.949, 0.001
 0.958, 0.010
 0.952, 0.017
 0.952, 0.017
 0.959, 0.026
 0.951, 0.001
 0.931, 0.002
 0.931, 0.002
 0.922, 0.028
 0.913, 0.053
 0.905, 0.061
 0.904, 0.078
 0.888, 0.078
 0.880, 0.086
 0.861, 0.087
 0.872, 0.094
 0.844, 0.104
 0.828, 0.086
 0.819, 0.095
 0.801, 0.112
 0.784, 0.112
 0.774, 0.104
 0.759, 0.104
 0.741, 0.104
 0.722, 0.088
 0.707, 0.087
 0.714, 0.097
 0.705, 0.088
 0.689, 0.088
 0.671, 0.088
 0.653, 0.072
 0.653, 0.089
 0.636, 0.105
 0.637, 0.122
 0.637, 0.104
 0.638, 0.104
 0.611, 0.097
 0.611, 0.097
 0.601, 0.089
 0.583, 0.089
 0.575, 0.114
 0.575, 0.098
 0.567, 0.089
 0.567, 0.072
 0.575, 0.081
 0.577, 0.080
 0.585, 0.071
 0.576, 0.063
 0.576, 0.063
 0.584, 0.039
 0.567, 0.038
 0.557, 0.031
 0.568, 0.038
 0.567, 0.038
 0.558, 0.030
 0.584, 0.055
 0.584, 0.055
 0.567, 0.038
 0.584, 0.038
 0.575, 0.014
 0.585, 0.038
 0.593, 0.013
 0.601, 0.005
 0.600, 0.022
 0.610, 0.030
 0.621, 0.037
 0.638, 0.037
 0.648, 0.044
 0.664, 0.028
 0.654, 0.021
 0.662, 0.012
 0.669, 0.005
 0.679,-0.004
 0.688,-0.013
 0.688,-0.012
 0.689,-0.013
 0.679,-0.021
 0.690,-0.031
 0.698,-0.039
 0.689,-0.047
 0.682,-0.056
 0.679,-0.055
 0.672,-0.064
 0.671,-0.080
 0.671,-0.080
 0.663,-0.072
 0.654,-0.063
 0.655,-0.081
 0.646,-0.089
 0.637,-0.080
 0.620,-0.080
 0.619,-0.079
 0.620,-0.080
 0.602,-0.046
 0.601,-0.062
 0.619,-0.046
 0.593,-0.020
 0.603, 0.003
 0.604, 0.020
 0.595, 0.028
 0.595, 0.028
 0.576, 0.013
 0.567, 0.005
 0.566, 0.005
 0.549, 0.023
 0.550, 0.038
 0.531, 0.039
 0.541, 0.047
 0.523, 0.064
 0.532, 0.056
 0.533, 0.072
 0.523, 0.064
 0.524, 0.063
 0.515, 0.056
 0.515, 0.039
 0.507, 0.030
 0.497, 0.039
 0.489, 0.013
 0.489, 0.014
 0.480, 0.023
 0.481, 0.022
 0.471, 0.014
 0.464, 0.005
 0.454,-0.003
 0.445,-0.011
 0.446,-0.012
 0.437,-0.035
 0.436,-0.052
 0.411,-0.044
 0.412,-0.045
 0.421,-0.038
 0.412,-0.063
 0.430,-0.063
 0.429,-0.079
 0.420,-0.104
 0.420,-0.104
 0.419,-0.103
 0.420,-0.104
 0.437,-0.103
 0.428,-0.095
 0.429,-0.096
 0.428,-0.095
 0.429,-0.097
 0.446,-0.096
 0.438,-0.104
 0.446,-0.096
 0.445,-0.095
 0.437,-0.087
 0.446,-0.079
 0.446,-0.079
 0.446,-0.062
 0.463,-0.045
 0.454,-0.037
 0.446,-0.028
 0.454,-0.036
 0.472,-0.020
 0.471,-0.019
 0.489,-0.020
 0.480,-0.028
 0.480,-0.044
 0.481,-0.029
 0.489,-0.037
 0.508,-0.039
 0.516,-0.031
 0.525,-0.038
 0.534,-0.064
 0.532,-0.062
 0.541,-0.071
 0.540,-0.054
 0.541,-0.037
 0.541,-0.021
 0.558,-0.003
 0.558, 0.013
 0.557, 0.031
 0.558, 0.013
 0.559, 0.046
 0.566, 0.039
 0.550, 0.021
 0.558, 0.013
 0.549,-0.012
 0.550,-0.012
 0.549,-0.028
 0.541,-0.037
 0.541,-0.037
 0.532,-0.046
 0.524,-0.037
 0.531,-0.045
 0.550,-0.063
 0.540,-0.054
 0.549,-0.079
 0.550,-0.080
 0.557,-0.104
 0.557,-0.137
 0.559,-0.122
 0.568,-0.115
 0.569,-0.116
 0.594,-0.124
 0.604,-0.150
 0.620,-0.165
 0.601,-0.197
 0.610,-0.206
 0.601,-0.196
 0.611,-0.207
 0.610,-0.206
 0.620,-0.198
 0.611,-0.207
 0.628,-0.223
 0.629,-0.224
 0.638,-0.233
 0.638,-0.233
 0.638,-0.250
 0.654,-0.265
 0.655,-0.283
 0.664,-0.292
 0.663,-0.308
 0.673,-0.318
 0.663,-0.324
 0.655,-0.334
 0.663,-0.342
 0.663,-0.342
 0.664,-0.326
 0.663,-0.324
 0.664,-0.326
 0.671,-0.316
 0.662,-0.307
 0.663,-0.290
 0.663,-0.274
 0.673,-0.251
 0.691,-0.218
 0.691,-0.218
 0.708,-0.218
 0.706,-0.215
 0.706,-0.215
 0.705,-0.198
 0.714,-0.189
 0.698,-0.173
 0.705,-0.147
 0.707,-0.148
 0.714,-0.140
 0.723,-0.148
 0.724,-0.132
 0.723,-0.131
 0.724,-0.132
 0.723,-0.115
 0.723,-0.115
 0.724,-0.098
 0.723,-0.097
 0.715,-0.090
 0.723,-0.081
 0.723,-0.081
 0.724,-0.065
 0.714,-0.055
 0.715,-0.039
 0.731,-0.021
 0.732,-0.005
 0.741, 0.020
 0.713, 0.047
 0.721, 0.055
 0.731, 0.096
 0.723, 0.104
 0.734, 0.129
 0.732, 0.129
 0.759, 0.137
 0.749, 0.129
 0.740, 0.121
 0.748, 0.147
 0.739, 0.156
 0.731, 0.180
 0.732, 0.197
 0.740, 0.222
 0.740, 0.239
 0.730, 0.248
 0.714, 0.265
 0.740, 0.307
 0.723, 0.324
 0.714, 0.349
 0.721, 0.358
 0.714, 0.366
 0.704, 0.391
 0.696, 0.383
 0.688, 0.391
 0.687, 0.408
 0.687, 0.425
 0.678, 0.450
 0.661, 0.467
 0.670, 0.493
 0.660, 0.518
 0.644, 0.535
 0.643, 0.586
 0.643, 0.602
 0.643, 0.619
 0.616, 0.645
 0.635, 0.679
 0.626, 0.704
 0.600, 0.746
 0.609, 0.772
 0.608, 0.839
 0.599, 0.881
 0.590, 0.906
 0.554, 0.939
 0.554, 0.990
 0.562, 1.032
 0.554, 1.075
 0.545, 1.134
 0.554, 1.159
 0.572, 1.193
 0.554, 1.226
 0.555, 1.262
 0.554, 1.278
 0.554, 1.278
 0.546, 1.270
 0.536, 1.259
 0.537, 1.243
 0.537, 1.243
 0.511, 1.236
 0.520, 1.244
 0.502, 1.244
 0.503, 1.245
 0.485, 1.244
 0.493, 1.253
 0.476, 1.236
 0.475, 1.235
 0.484, 1.210
 0.476, 1.219
 0.475, 1.201
 0.484, 1.176
 0.458, 1.167
 0.469, 1.162
 0.477, 1.170
 0.461, 1.155
 0.478, 1.138
 0.460, 1.102
 0.450, 1.076
 0.440, 1.067
 0.423, 1.067
 0.415, 1.076
 0.414, 1.075
 0.406, 1.101
 0.406, 1.117
 0.398, 1.127
 0.397, 1.127
 0.397, 1.127
 0.398, 1.129
 0.397, 1.127
 0.397, 1.110
 0.398, 1.094
 0.406, 1.067
 0.406, 1.035
 0.406, 1.017
 0.415, 0.992
 0.424, 0.967
 0.432, 0.941
 0.441, 0.916
 0.450, 0.873
 0.441, 0.832
 0.451, 0.789
 0.468, 0.755
 0.477, 0.731
 0.476, 0.679
 0.494, 0.629
 0.495, 0.629
 0.503, 0.604
 0.513, 0.579
 0.531, 0.595
 0.539, 0.570
 0.548, 0.544
 0.538, 0.536
 0.547, 0.527
 0.555, 0.502
 0.573, 0.502
 0.582, 0.493
 0.599, 0.493
 0.609, 0.485
 0.617, 0.459
 0.608, 0.468
 0.618, 0.459
 0.634, 0.442
 0.626, 0.434
 0.626, 0.417
 0.635, 0.392
 0.643, 0.400
 0.652, 0.392
 0.652, 0.409
 0.652, 0.392
 0.652, 0.375
 0.652, 0.375
 0.660, 0.366
 0.670, 0.358
 0.669, 0.358
 0.669, 0.341
 0.670, 0.358
 0.677, 0.350
 0.678, 0.349
 0.686, 0.375
 0.687, 0.375
 0.715, 0.399
 0.713, 0.400
 0.724, 0.374
 0.730, 0.366
 0.721, 0.357
 0.730, 0.349
 0.721, 0.341
 0.731, 0.349
 0.739, 0.340
 0.730, 0.332
 0.730, 0.332
 0.748, 0.315
 0.749, 0.315
 0.749, 0.315
 0.749, 0.281
 0.741, 0.273
 0.730, 0.248
 0.732, 0.231
 0.730, 0.214
 0.731, 0.180
 0.706, 0.155
 0.704, 0.156
 0.706, 0.138
 0.704, 0.122
 0.697, 0.096
 0.705, 0.071
 0.696, 0.046
 0.698,-0.006
 0.696,-0.021
 0.705,-0.063
 0.715,-0.073
 0.698,-0.090
 0.718,-0.108
 0.717,-0.125
 0.726,-0.184
 0.725,-0.200
 0.715,-0.257
 0.707,-0.266
 0.714,-0.273
 0.716,-0.292
 0.716,-0.309
 0.715,-0.325
 0.708,-0.318
 0.707,-0.317
 0.708,-0.335
 0.709,-0.336
 0.699,-0.343
 0.691,-0.369
 0.690,-0.367
 0.681,-0.376
 0.691,-0.385
 0.699,-0.393
 0.700,-0.394
 0.698,-0.409
 0.691,-0.418
 0.691,-0.436
 0.699,-0.426
 0.700,-0.461
 0.699,-0.459
 0.708,-0.485
 0.698,-0.509
 0.698,-0.509
 0.702,-0.497
 0.710,-0.505
 0.711,-0.507
 0.720,-0.516
 0.726,-0.520
 0.717,-0.529
 0.724,-0.534
 0.733,-0.543
 0.743,-0.536
 0.759,-0.519
 0.761,-0.504
 0.769,-0.478
 0.795,-0.487
 0.813,-0.470
 0.830,-0.453
 0.857,-0.446
 0.847,-0.437
 0.839,-0.429
 0.856,-0.429
 0.864,-0.436
 0.874,-0.429
 0.864,-0.402
 0.874,-0.412
 0.873,-0.394
 0.855,-0.393
 0.865,-0.386
 0.864,-0.368
 0.874,-0.362
 0.865,-0.352
 0.862,-0.367
 0.856,-0.360
 0.847,-0.335
 0.857,-0.328
 0.849,-0.321
 0.857,-0.295
 0.849,-0.287
 0.846,-0.284
 0.829,-0.284
 0.820,-0.258
 0.811,-0.249
 0.812,-0.217
 0.803,-0.191
 0.786,-0.192
 0.777,-0.166
 0.768,-0.157
 0.761,-0.150
 0.769,-0.107
 0.769,-0.125
 0.752,-0.074
 0.750,-0.073
 0.725,-0.047
 0.741,-0.030
 0.734,-0.022
 0.733,-0.006
 0.716, 0.012
 0.708, 0.002
 0.698, 0.012
 0.681,-0.005
 0.672, 0.004
 0.663, 0.012
 0.647, 0.012
 0.636, 0.005
 0.646, 0.012
 0.629, 0.012
 0.638, 0.020
 0.622, 0.037
 0.647, 0.045
 0.639, 0.019
 0.639, 0.037
 0.620, 0.021
 0.629, 0.012
 0.627, 0.014
 0.620, 0.004
 0.611, 0.013
 0.611, 0.013
 0.604, 0.004
 0.620, 0.021
 0.612,-0.005
 0.621, 0.004
 0.603,-0.013
 0.604,-0.014
 0.585,-0.013
 0.577,-0.038
 0.577,-0.038
 0.569,-0.046
 0.552,-0.047
 0.551,-0.063
 0.543,-0.072
 0.551,-0.063
 0.542,-0.054
 0.525,-0.054
 0.525,-0.071
 0.534,-0.063
 0.543,-0.072
 0.515,-0.095
 0.534,-0.096
 0.525,-0.071
 0.535,-0.064
 0.553,-0.065
 0.553,-0.065
 0.587,-0.065
 0.585,-0.063
 0.577,-0.088
 0.576,-0.071
 0.585,-0.079
 0.577,-0.072
 0.576,-0.071
 0.577,-0.072
 0.586,-0.097
 0.577,-0.088
 0.596,-0.090
 0.604,-0.098
 0.604,-0.114
 0.595,-0.123
 0.603,-0.113
 0.612,-0.106
 0.620,-0.080
 0.630,-0.072
 0.639,-0.064
 0.638,-0.047
 0.656,-0.014
 0.664,-0.005
 0.681, 0.012
 0.699, 0.012
 0.698, 0.012
 0.708, 0.036
 0.716, 0.046
 0.741, 0.054
 0.758, 0.071
 0.742, 0.104
 0.761, 0.137
 0.769, 0.162
 0.788, 0.179
 0.795, 0.204
 0.810, 0.205
 0.801, 0.214
 0.809, 0.222
 0.809, 0.239
 0.793, 0.239
 0.792, 0.256
 0.802, 0.264
 0.793, 0.239
 0.793, 0.239
 0.802, 0.247
 0.775, 0.256
 0.751, 0.264
 0.749, 0.264
 0.741, 0.273
 0.723, 0.273
 0.723, 0.273
 0.698, 0.281
 0.671, 0.290
 0.680, 0.282
 0.671, 0.307
 0.653, 0.307
 0.637, 0.324
 0.619, 0.324
 0.602, 0.324
 0.594, 0.333
 0.576, 0.333
 0.584, 0.325
 0.575, 0.333
 0.568, 0.358
 0.551, 0.375
 0.559, 0.384
 0.551, 0.375
 0.559, 0.367
 0.550, 0.375
 0.541, 0.384
 0.523, 0.384
 0.533, 0.392
 0.515, 0.410
 0.507, 0.435
 0.498, 0.460
 0.489, 0.452
 0.481, 0.477
 0.480, 0.494
 0.472, 0.503
 0.472, 0.520
 0.462, 0.511
 0.445, 0.511
 0.453, 0.520
 0.445, 0.528
 0.437, 0.537
 0.445, 0.562
 0.428, 0.579
 0.419, 0.587
 0.411, 0.596
 0.419, 0.604
 0.410, 0.613
 0.402, 0.621
 0.393, 0.630
 0.384, 0.638
 0.376, 0.647
 0.367, 0.655
 0.367, 0.638
 0.357, 0.646
 0.349, 0.655
 0.350, 0.689
 0.341, 0.698
 0.324, 0.715
 0.324, 0.715
 0.315, 0.723
 0.314, 0.723
 0.305, 0.731
 0.296, 0.757
 0.288, 0.782
 0.288, 0.816
 0.288, 0.850
 0.288, 0.883
 0.279, 0.892
 0.279, 0.875
 0.271, 0.884
 0.279, 0.892
 0.262, 0.892
 0.262, 0.893
 0.253, 0.884
 0.253, 0.867
 0.253, 0.850
 0.245, 0.841
 0.236, 0.817
 0.236, 0.800
 0.219, 0.766
 0.228, 0.774
 0.210, 0.741
 0.210, 0.724
 0.210, 0.741
 0.202, 0.716
 0.210, 0.707
 0.210, 0.707
 0.193, 0.690
 0.201, 0.698
 0.193, 0.707
 0.202, 0.716
 0.210, 0.741
 0.211, 0.742
 0.228, 0.724
 0.227, 0.724
 0.245, 0.706
 0.244, 0.689
 0.245, 0.706
 0.245, 0.723
 0.253, 0.749
 0.262, 0.757
 0.271, 0.766
 0.271, 0.783
 0.279, 0.791
 0.289, 0.817
 0.306, 0.833
 0.297, 0.825
 0.314, 0.825
 0.323, 0.832
 0.323, 0.850
 0.322, 0.866
 0.340, 0.883
 0.358, 0.900
 0.366, 0.908
 0.366, 0.942
 0.374, 0.967
 0.374, 0.967
 0.383, 0.976
 0.382, 0.958
 0.382, 0.942
 0.382, 0.942
 0.382, 0.925
 0.391, 0.899
 0.382, 0.857
 0.366, 0.841
 0.366, 0.808
 0.383, 0.790
 0.367, 0.774
 0.366, 0.740
 0.349, 0.689
 0.357, 0.664
 0.340, 0.647
 0.340, 0.647
 0.331, 0.655
 0.322, 0.664
 0.323, 0.681
 0.322, 0.681
 0.305, 0.698
 0.304, 0.698
 0.287, 0.698
 0.287, 0.715
 0.287, 0.698
 0.261, 0.690
 0.252, 0.681
 0.244, 0.690
 0.244, 0.690
 0.217, 0.682
 0.209, 0.691
 0.209, 0.673
 0.183, 0.665
 0.192, 0.674
 0.174, 0.657
 0.183, 0.648
 0.165, 0.648
 0.165, 0.632
 0.165, 0.631
 0.165, 0.631
 0.165, 0.649
 0.174, 0.657
 0.174, 0.658
 0.192, 0.674
 0.182, 0.666
 0.183, 0.666
 0.182, 0.648
 0.165, 0.665
 0.183, 0.682
 0.191, 0.691
 0.200, 0.682
 0.200, 0.682
 0.209, 0.674
 0.226, 0.657
 0.235, 0.631
 0.244, 0.623
 0.278, 0.606
 0.270, 0.581
 0.296, 0.572
 0.296, 0.521
 0.314, 0.504
 0.323, 0.479
 0.332, 0.436
 0.349, 0.419
 0.340, 0.394
 0.358, 0.360
 0.358, 0.327
 0.358, 0.293
 0.358, 0.276
 0.367, 0.234
 0.342, 0.225
 0.358, 0.175
 0.376, 0.141
 0.376, 0.108
 0.385, 0.099
 0.403, 0.081
 0.403, 0.047
 0.412, 0.004
 0.438,-0.020
 0.420,-0.070
 0.429,-0.112
 0.428,-0.128
 0.438,-0.155
 0.455,-0.188
 0.438,-0.205
 0.456,-0.240
 0.464,-0.248
 0.473,-0.257
 0.483,-0.266
 0.491,-0.274
 0.491,-0.291
 0.499,-0.298
 0.500,-0.299
 0.517,-0.316
 0.534,-0.316
 0.543,-0.325
 0.560,-0.325
 0.561,-0.309
 0.577,-0.324
 0.585,-0.332
 0.621,-0.334
 0.638,-0.334
 0.639,-0.335
 0.639,-0.317
 0.638,-0.316
 0.646,-0.308
 0.655,-0.283
 0.640,-0.252
 0.665,-0.209
 0.683,-0.176
 0.691,-0.150
 0.698,-0.123
 0.689,-0.115
 0.688,-0.097
 0.688,-0.080
 0.698,-0.072
 0.696,-0.054
 0.698,-0.056
 0.707,-0.030
 0.723,-0.030
 0.725,-0.031
 0.741,-0.014
 0.742,-0.031
 0.750,-0.039
 0.749,-0.056
 0.767,-0.073
 0.775,-0.081
 0.776,-0.099
 0.776,-0.098
 0.776,-0.116
 0.794,-0.133
 0.802,-0.141
 0.811,-0.150
 0.819,-0.174
 0.810,-0.183
 0.811,-0.184
 0.818,-0.207
 0.827,-0.216
 0.836,-0.208
 0.829,-0.218
 0.830,-0.219
 0.820,-0.226
 0.813,-0.236
 0.811,-0.234
 0.794,-0.250
 0.784,-0.242
 0.766,-0.257
 0.759,-0.250
 0.758,-0.249
 0.741,-0.233
 0.733,-0.242
 0.740,-0.232
 0.733,-0.226
 0.751,-0.209
 0.733,-0.226
 0.733,-0.226
 0.715,-0.241
 0.716,-0.242
 0.715,-0.259
 0.706,-0.250
 0.707,-0.250
 0.697,-0.258
 0.699,-0.242
 0.689,-0.250
 0.681,-0.241
 0.681,-0.241
 0.671,-0.215
 0.664,-0.208
 0.663,-0.207
 0.644,-0.189
 0.638,-0.165
 0.629,-0.140
 0.621,-0.116
 0.638,-0.116
 0.638,-0.132
 0.647,-0.141
 0.636,-0.131
 0.637,-0.148
 0.628,-0.139
 0.620,-0.131
 0.628,-0.123
 0.602,-0.097
 0.603,-0.081
 0.611,-0.072
 0.594,-0.072
 0.585,-0.064
 0.584,-0.063
 0.576,-0.055
 0.559,-0.038
 0.559,-0.038
 0.550,-0.046
 0.549,-0.029
 0.524,-0.021
 0.524,-0.004
 0.515, 0.005
 0.524, 0.013
 0.515, 0.022
 0.515, 0.038
 0.506, 0.081
 0.515, 0.089
 0.506, 0.097
 0.497, 0.106
 0.497, 0.090
 0.487, 0.116
 0.497, 0.157
 0.489, 0.181
 0.489, 0.182
 0.491, 0.198
 0.498, 0.190
 0.497, 0.190
 0.497, 0.191
 0.479, 0.191
 0.488, 0.216
 0.479, 0.225
 0.471, 0.250
 0.480, 0.275
 0.462, 0.275
 0.471, 0.283
 0.480, 0.325
 0.471, 0.351
 0.480, 0.359
 0.461, 0.376
 0.471, 0.385
 0.470, 0.418
 0.462, 0.427
 0.462, 0.427
 0.452, 0.452
 0.453, 0.469
 0.435, 0.486
 0.435, 0.503
 0.435, 0.520
 0.417, 0.537
 0.401, 0.554
 0.400, 0.571
 0.391, 0.596
 0.383, 0.621
 0.373, 0.646
 0.366, 0.672
 0.348, 0.723
 0.340, 0.749
 0.349, 0.792
 0.348, 0.808
 0.322, 0.816
 0.312, 0.824
 0.286, 0.833
 0.278, 0.841
 0.277, 0.858
 0.270, 0.867
 0.269, 0.901
 0.243, 0.926
 0.251, 0.935
 0.260, 0.959
 0.260, 0.977
 0.251, 1.002
 0.234, 0.986
 0.234, 0.986
 0.234, 0.968
 0.217, 0.969
 0.208, 0.977
 0.199, 0.986
 0.208, 0.995
 0.190, 0.994
 0.173, 0.978
 0.164, 0.969
 0.164, 0.986
 0.164, 0.986
 0.147, 1.002
 0.155, 0.994
 0.155, 1.028
 0.155, 1.011
 0.164, 1.019
 0.164, 1.036
 0.164, 1.055
 0.182, 1.071
 0.173, 1.063
 0.190, 1.063
 0.198, 1.053
 0.181, 1.053
 0.172, 1.044
 0.163, 1.053
 0.173, 1.062
 0.172, 1.061
 0.155, 1.046
 0.138, 1.045
 0.155, 1.045
 0.155, 1.029
 0.181, 1.036
 0.181, 1.037
 0.172, 1.045
 0.164, 1.037
 0.163, 1.037
 0.155, 1.028
 0.172, 1.029
 0.180, 1.036
 0.189, 1.045
 0.189, 1.045
 0.198, 1.036
 0.198, 1.037
 0.198, 1.037
 0.189, 1.012
 0.189, 1.012
 0.189, 1.011
 0.206, 1.011
 0.198, 0.985
 0.180, 0.969
 0.172, 0.943
 0.154, 0.943
 0.146, 0.937
 0.138, 0.928
 0.138, 0.912
 0.138, 0.878
 0.129, 0.834
 0.129, 0.801
 0.120, 0.791
 0.121, 0.758
 0.129, 0.767
 0.129, 0.750
 0.138, 0.742
 0.147, 0.733
 0.147, 0.700
 0.156, 0.691
 0.173, 0.674
 0.208, 0.674
 0.225, 0.640
 0.251, 0.597
 0.278, 0.572
 0.295, 0.555
 0.304, 0.530
 0.338, 0.495
 0.348, 0.436
 0.374, 0.411
 0.383, 0.385
 0.409, 0.360
 0.417, 0.335
 0.418, 0.318
 0.426, 0.292
 0.443, 0.292
 0.462, 0.275
 0.487, 0.250
 0.495, 0.225
 0.495, 0.224
 0.505, 0.216
 0.524, 0.232
 0.541, 0.232
 0.559, 0.231
 0.576, 0.198
 0.591, 0.199
 0.600, 0.173
 0.625, 0.165
 0.626, 0.165
 0.644, 0.164
 0.669, 0.173
 0.680, 0.197
 0.687, 0.206
 0.688, 0.189
 0.705, 0.206
 0.705, 0.206
 0.714, 0.197
 0.713, 0.197
 0.705, 0.205
 0.705, 0.206
 0.721, 0.189
 0.739, 0.189
 0.747, 0.180
 0.757, 0.172
 0.774, 0.188
 0.774, 0.188
 0.801, 0.196
 0.808, 0.188
 0.818, 0.163
 0.818, 0.163
 0.818, 0.163
 0.819, 0.146
 0.815, 0.130
 0.808, 0.121
 0.810, 0.137
 0.819, 0.146
 0.820, 0.145
 0.820, 0.128
 0.819, 0.111
 0.809, 0.104
 0.799, 0.113
 0.791, 0.104
 0.781, 0.113
 0.792, 0.121
 0.774, 0.138
 0.773, 0.121
 0.766, 0.129
 0.756, 0.121
 0.757, 0.104
 0.740, 0.121
 0.748, 0.112
 0.749, 0.095
 0.721, 0.071
 0.714, 0.045
 0.713, 0.029
 0.704,-0.013
 0.697,-0.022
 0.679,-0.056
 0.663,-0.073
 0.654,-0.115
 0.645,-0.173
 0.628,-0.208
 0.627,-0.240
 0.619,-0.266
 0.594,-0.292
 0.593,-0.324
 0.576,-0.358
 0.567,-0.349
 0.560,-0.359
 0.552,-0.335
 0.560,-0.343
 0.561,-0.361
 0.550,-0.367
 0.551,-0.383
 0.533,-0.400
 0.541,-0.407
 0.534,-0.418
 0.533,-0.416
 0.525,-0.426
 0.525,-0.426
 0.524,-0.459
 0.517,-0.468
 0.525,-0.477
 0.535,-0.487
 0.535,-0.503
 0.525,-0.527
 0.535,-0.536
 0.551,-0.568
 0.552,-0.569
 0.560,-0.561
 0.560,-0.578
 0.570,-0.605
 0.560,-0.611
 0.569,-0.621
 0.569,-0.637
 0.578,-0.662
 0.578,-0.680
 0.586,-0.670
 0.596,-0.697
 0.605,-0.690
 0.604,-0.705
 0.612,-0.712
 0.612,-0.727
 0.605,-0.740
 0.614,-0.750
 0.606,-0.742
 0.633,-0.769
 0.631,-0.783
 0.605,-0.789
 0.604,-0.805
 0.586,-0.804
 0.587,-0.806
 0.578,-0.796
 0.579,-0.798
 0.596,-0.797
 0.587,-0.805
 0.579,-0.798
 0.587,-0.806
 0.589,-0.809
 0.597,-0.800
 0.597,-0.815
 0.597,-0.833
 0.596,-0.831
 0.579,-0.832
 0.597,-0.849
 0.596,-0.865
 0.623,-0.858
 0.622,-0.856
 0.614,-0.866
 0.623,-0.857
 0.622,-0.856
 0.631,-0.866
 0.631,-0.881
 0.632,-0.883
 0.640,-0.891
 0.631,-0.900
 0.632,-0.917
 0.630,-0.913
 0.640,-0.925
 0.650,-0.918
 0.659,-0.911
 0.651,-0.888
 0.668,-0.904
 0.667,-0.903
 0.658,-0.908
 0.665,-0.898
 0.666,-0.916
 0.665,-0.898
 0.666,-0.899
 0.667,-0.884
 0.657,-0.874
 0.667,-0.868
 0.657,-0.856
 0.668,-0.852
 0.676,-0.860
 0.658,-0.859
 0.676,-0.860
 0.683,-0.849
 0.667,-0.868
 0.675,-0.842
 0.684,-0.833
 0.693,-0.843
 0.692,-0.824
 0.702,-0.834
 0.683,-0.815
 0.700,-0.814
 0.701,-0.816
 0.709,-0.805
 0.709,-0.806
 0.700,-0.814
 0.700,-0.814
 0.719,-0.818
 0.725,-0.805
 0.726,-0.823
 0.735,-0.798
 0.728,-0.809
 0.737,-0.785
 0.719,-0.784
 0.729,-0.778
 0.737,-0.785
 0.744,-0.791
 0.736,-0.783
 0.717,-0.779
 0.727,-0.774
 0.735,-0.765
 0.735,-0.765
 0.728,-0.741
 0.717,-0.730
 0.736,-0.715
 0.727,-0.690
 0.745,-0.691
 0.737,-0.683
 0.726,-0.672
 0.727,-0.673
 0.718,-0.664
 0.718,-0.664
 0.727,-0.656
 0.717,-0.646
 0.719,-0.648
 0.718,-0.630
 0.718,-0.630
 0.709,-0.605
 0.708,-0.587
 0.710,-0.589
 0.700,-0.580
 0.709,-0.572
 0.700,-0.563
 0.699,-0.544
 0.701,-0.530
 0.708,-0.536
 0.716,-0.527
 0.717,-0.495
 0.726,-0.487
 0.728,-0.473
 0.745,-0.456
 0.753,-0.446
 0.770,-0.463
 0.768,-0.460
 0.768,-0.444
 0.776,-0.418
 0.768,-0.410
 0.778,-0.386
 0.776,-0.351
 0.760,-0.335
 0.767,-0.326
 0.768,-0.310
 0.787,-0.294
 0.777,-0.268
 0.777,-0.252
 0.776,-0.251
 0.758,-0.233
 0.768,-0.209
 0.740,-0.199
 0.759,-0.184
 0.758,-0.166
 0.732,-0.174
 0.724,-0.166
 0.723,-0.148
 0.715,-0.141
 0.705,-0.131
 0.706,-0.149
 0.690,-0.132
 0.670,-0.097
 0.654,-0.081
 0.652,-0.063
 0.642,-0.037
 0.635, 0.004
 0.618, 0.055
 0.619, 0.104
 0.620, 0.137
 0.619, 0.155
 0.628, 0.163
 0.617, 0.173
 0.599, 0.156
 0.607, 0.182
 0.591, 0.232
 0.591, 0.266
 0.573, 0.283
 0.574, 0.282
 0.565, 0.291
 0.556, 0.283
 0.557, 0.300
 0.539, 0.317
 0.531, 0.291
 0.513, 0.291
 0.513, 0.291
 0.496, 0.309
 0.512, 0.292
 0.496, 0.309
 0.486, 0.317
 0.478, 0.326
 0.487, 0.334
 0.460, 0.326
 0.478, 0.326
 0.460, 0.326
 0.469, 0.300
 0.461, 0.309
 0.452, 0.317
 0.452, 0.317
 0.460, 0.292
 0.443, 0.309
 0.452, 0.317
 0.461, 0.292
 0.462, 0.308
 0.470, 0.317
 0.470, 0.283
 0.478, 0.258
 0.469, 0.250
 0.469, 0.250
 0.478, 0.259
 0.487, 0.250
 0.495, 0.258
 0.496, 0.241
 0.496, 0.224
 0.496, 0.207
 0.496, 0.174
 0.506, 0.148
 0.505, 0.132
 0.497, 0.089
 0.514, 0.055
 0.497, 0.005
 0.489,-0.021
 0.506,-0.054
 0.498,-0.097
 0.498,-0.147
 0.516,-0.215
 0.516,-0.249
 0.516,-0.265
 0.516,-0.283
 0.516,-0.299
 0.525,-0.325
 0.534,-0.351
 0.524,-0.356
 0.542,-0.375
 0.543,-0.358
 0.544,-0.360
 0.562,-0.345
 0.561,-0.344
 0.561,-0.361
 0.560,-0.342
 0.551,-0.350
 0.560,-0.325
 0.559,-0.324
 0.560,-0.308
 0.568,-0.299
 0.577,-0.291
 0.586,-0.283
 0.594,-0.291
 0.596,-0.276
 0.630,-0.259
 0.630,-0.259
 0.639,-0.251
 0.672,-0.249
 0.708,-0.251
 0.716,-0.242
 0.734,-0.242
 0.760,-0.235
 0.768,-0.225
 0.786,-0.226
 0.811,-0.217
 0.820,-0.209
 0.838,-0.210
 0.837,-0.208
 0.865,-0.219
 0.889,-0.226
 0.889,-0.242
 0.897,-0.251
 0.897,-0.267
 0.900,-0.253
 0.909,-0.245
 0.945,-0.246
 0.945,-0.246
 0.942,-0.277
 0.950,-0.285
 0.949,-0.302
 0.966,-0.301
 0.977,-0.311
 0.976,-0.311
 0.968,-0.320
 0.976,-0.311
 0.968,-0.320
 0.978,-0.329
 0.976,-0.328
 0.978,-0.330
 0.960,-0.346
 0.960,-0.363
 0.951,-0.371
 0.958,-0.361
 0.977,-0.362
 0.976,-0.344
 0.977,-0.346
 0.987,-0.355
 0.977,-0.362
 0.987,-0.355
 0.985,-0.353
 0.994,-0.345
 0.976,-0.328
 0.985,-0.336
 0.995,-0.329
 0.994,-0.311
 0.994,-0.311
 0.992,-0.310
 0.992,-0.310
 0.987,-0.288
 0.986,-0.270
 1.006,-0.272
 1.005,-0.255
 1.003,-0.270
 1.003,-0.253
 1.001,-0.235
 0.992,-0.243
 1.001,-0.218
 0.992,-0.193
 0.977,-0.177
 0.984,-0.168
 0.994,-0.160
 0.993,-0.143
 0.993,-0.143
 1.003,-0.118
 1.002,-0.101
 0.995,-0.110
 0.976,-0.109
 0.975,-0.108
 0.994,-0.126
 0.984,-0.117
 0.986,-0.118
 0.968,-0.118
 0.958,-0.109
 0.968,-0.118
 0.975,-0.108
 0.975,-0.109
 0.976,-0.109
 0.975,-0.109
 0.977,-0.093
 0.983,-0.066
 0.977,-0.076
 0.983,-0.066
 0.973,-0.073
 0.976,-0.042
 0.975,-0.024
 0.968, 0.000
 0.987, 0.016
 0.995, 0.042
 0.985, 0.051
 0.974, 0.061
 0.991, 0.077
 0.964, 0.103
 0.955, 0.112
 0.958, 0.144
 0.956, 0.178
 0.967, 0.186
 0.940, 0.195
 0.947, 0.204
 0.932, 0.220
 0.931, 0.238
 0.941, 0.246
 0.923, 0.229
 0.913, 0.255
 0.897, 0.255
 0.912, 0.272
 0.896, 0.288
 0.905, 0.297
 0.887, 0.314
 0.880, 0.339
 0.878, 0.356
 0.852, 0.399
 0.869, 0.449
 0.860, 0.474
 0.844, 0.491
 0.842, 0.525
 0.834, 0.517
 0.825, 0.542
 0.834, 0.551
 0.834, 0.551
 0.823, 0.542
 0.826, 0.559
 0.826, 0.576
 0.818, 0.585
 0.828, 0.593
 0.836, 0.602
 0.818, 0.619
 0.817, 0.618
 0.806, 0.610
 0.815, 0.618
 0.805, 0.643
 0.798, 0.652
 0.790, 0.678
 0.798, 0.686
 0.791, 0.678
 0.780, 0.686
 0.782, 0.686
 0.799, 0.703
 0.799, 0.703
 0.800, 0.720
 0.790, 0.711
 0.791, 0.712
 0.772, 0.695
 0.763, 0.703
 0.746, 0.703
 0.728, 0.703
 0.720, 0.695
 0.720, 0.695
 0.694, 0.687
 0.694, 0.704
 0.693, 0.703
 0.668, 0.712
 0.660, 0.721
 0.659, 0.721
 0.669, 0.729
 0.659, 0.721
 0.659, 0.721
 0.666, 0.712
 0.649, 0.712
 0.651, 0.746
 0.651, 0.746
 0.661, 0.755
 0.670, 0.764
 0.668, 0.746
 0.668, 0.746
 0.675, 0.737
 0.675, 0.737
 0.675, 0.737
 0.667, 0.746
 0.668, 0.763
 0.675, 0.771
 0.685, 0.780
 0.694, 0.788
 0.694, 0.788
 0.695, 0.806
 0.693, 0.822
 0.712, 0.839
 0.694, 0.873
 0.710, 0.872
 0.703, 0.898
 0.710, 0.905
 0.711, 0.906
 0.711, 0.940
 0.720, 0.914
 0.713, 0.924
 0.712, 0.923
 0.704, 0.932
 0.687, 0.932
 0.687, 0.932
 0.678, 0.958
 0.676, 0.956
 0.703, 0.982
 0.694, 1.007
 0.692, 1.023
 0.692, 1.023
 0.683, 1.031
 0.684, 1.033
 0.711, 1.041
 0.727, 1.024
 0.754, 1.033
 0.770, 1.048
 0.780, 1.041
 0.788, 1.031
 0.787, 1.014
 0.797, 1.024
 0.804, 1.014
 0.813, 1.006
 0.796, 1.006
 0.797, 0.989
 0.789, 0.982
 0.797, 0.972
 0.799, 0.957
 0.816, 0.923
 0.806, 0.914
 0.815, 0.888
 0.823, 0.846
 0.832, 0.838
 0.850, 0.821
 0.867, 0.803
 0.868, 0.787
 0.893, 0.778
 0.920, 0.753
 0.937, 0.736
 0.946, 0.710
 0.982, 0.693
 0.997, 0.676
 1.016, 0.642
 1.032, 0.642
 1.033, 0.625
 1.051, 0.608
 1.066, 0.607
 1.059, 0.599
 1.069, 0.608
 1.069, 0.608
 1.098, 0.600
 1.105, 0.591
 1.105, 0.591
 1.104, 0.591
 1.111, 0.582
 1.111, 0.582
 1.100, 0.573
 1.102, 0.574
 1.101, 0.574
 1.110, 0.565
 1.112, 0.565
 1.110, 0.548
 1.103, 0.540
 1.103, 0.540
 1.121, 0.523
 1.114, 0.515
 1.102, 0.489
 1.095, 0.481
 1.103, 0.456
 1.095, 0.430
 1.096, 0.413
 1.085, 0.405
 1.078, 0.397
 1.086, 0.388
 1.086, 0.355
 1.079, 0.329
 1.077, 0.329
 1.078, 0.312
 1.070, 0.287
 1.070, 0.287
 1.062, 0.262
 1.049, 0.237
 1.059, 0.228
 1.044, 0.228
 1.046, 0.228
 1.039, 0.219
 1.056, 0.219
 1.047, 0.210
 1.053, 0.203
 1.034, 0.186
 1.034, 0.186
 1.015, 0.187
 1.009, 0.195
 1.008, 0.212
 1.008, 0.212
 1.009, 0.195
 1.016, 0.204
 1.001, 0.203
 1.001, 0.203
 1.001, 0.203
 1.001, 0.203
 1.000, 0.186
 1.001, 0.169
 1.008, 0.178
 1.000, 0.186
 1.010, 0.194
 1.009, 0.195
 1.010, 0.194
 1.017, 0.203
 1.009, 0.195
 1.018, 0.186
 1.007, 0.161
 1.019, 0.152
 1.027, 0.144
 1.027, 0.144
 1.026, 0.127
 1.015, 0.120
 1.028, 0.127
 1.029, 0.143
 1.020, 0.152
 1.030, 0.143
 1.020, 0.135
 1.029, 0.109
 1.009, 0.077
 1.000, 0.069
 0.982, 0.052
 0.974, 0.044
 0.975, 0.043
 0.966, 0.035
 0.975, 0.043
 0.976, 0.026
 0.957, 0.010
 0.959, 0.009
 0.950, 0.001
 0.950, 0.001
 0.950,-0.016
 0.941,-0.024
 0.940,-0.041
 0.940,-0.041
 0.941,-0.058
 0.942,-0.042
 0.949,-0.050
 0.933,-0.067
 0.941,-0.058
 0.924,-0.075
 0.941,-0.092
 0.931,-0.100
 0.916,-0.101
 0.930,-0.116
 0.914,-0.133
 0.916,-0.117
 0.908,-0.126
 0.936,-0.136
 0.917,-0.135
 0.917,-0.152
 0.916,-0.168
 0.915,-0.184
 0.906,-0.193
 0.905,-0.209
 0.907,-0.210
 0.907,-0.210
 0.914,-0.201
 0.907,-0.210
 0.924,-0.210
 0.908,-0.228
 0.918,-0.220
 0.908,-0.228
 0.899,-0.253
 0.907,-0.260
 0.890,-0.294
 0.882,-0.286
 0.898,-0.302
 0.899,-0.303
 0.907,-0.311
 0.899,-0.320
 0.916,-0.337
 0.906,-0.344
 0.908,-0.345
 0.908,-0.345
 0.907,-0.361
 0.906,-0.378
 0.915,-0.369
 0.909,-0.363
 0.918,-0.338
 0.928,-0.348
 0.928,-0.332
 0.925,-0.345
 0.926,-0.329
 0.923,-0.327
 0.923,-0.344
 0.924,-0.328
 0.923,-0.310
 0.933,-0.303
 0.942,-0.294
 0.925,-0.312
 0.942,-0.295
 0.950,-0.303
 0.926,-0.313
 0.942,-0.329
 0.934,-0.337
 0.951,-0.354
 0.949,-0.353
 0.951,-0.354
 0.959,-0.362
 0.950,-0.371
 0.933,-0.370
 0.933,-0.387
 0.943,-0.380
 0.942,-0.396
 0.934,-0.404
 0.933,-0.420
 0.923,-0.427
 0.924,-0.429
 0.916,-0.421
 0.927,-0.415
 0.937,-0.408
 0.936,-0.407
 0.936,-0.424
 0.924,-0.429
 0.915,-0.437
 0.915,-0.437
 0.907,-0.445
 0.926,-0.430
 0.907,-0.429
 0.900,-0.422
 0.900,-0.422
 0.890,-0.412
 0.901,-0.423
 0.908,-0.413
 0.883,-0.422
 0.882,-0.422
 0.881,-0.420
 0.883,-0.422
 0.890,-0.412
 0.900,-0.405
 0.908,-0.396
 0.907,-0.378
 0.918,-0.371
 0.925,-0.379
 0.925,-0.379
 0.926,-0.362
 0.907,-0.361
 0.916,-0.353
 0.898,-0.335
 0.909,-0.312
 0.901,-0.304
 0.909,-0.278
 0.938,-0.272
 0.927,-0.262
 0.952,-0.253
 0.969,-0.253
 0.975,-0.226
 0.994,-0.210
 1.019,-0.168
 1.038,-0.152
 1.056,-0.136
 1.063,-0.109
 1.081,-0.093
 1.099,-0.076
 1.118,-0.061
 1.134,-0.043
 1.133,-0.026
 1.152,-0.010
 1.167,-0.009
 1.177,-0.001
 1.194, 0.015
 1.202, 0.041
 1.222, 0.057
 1.237, 0.074
 1.246, 0.083
 1.253, 0.092
 1.261, 0.100
 1.290, 0.124
 1.296, 0.133
 1.313, 0.167
 1.330, 0.184
 1.322, 0.192
 1.351, 0.234
 1.368, 0.267
 1.370, 0.284
 1.378, 0.292
 1.375, 0.293
 1.366, 0.301
 1.363, 0.302
 1.365, 0.335
 1.376, 0.343
 1.366, 0.352
 1.358, 0.377
 1.365, 0.369
 1.366, 0.352
 1.366, 0.369
 1.366, 0.369
 1.351, 0.369
 1.349, 0.369
 1.323, 0.344
 1.315, 0.352
 1.296, 0.353
 1.288, 0.361
 1.287, 0.378
 1.279, 0.403
 1.262, 0.404
 1.242, 0.421
 1.236, 0.463
 1.216, 0.480
 1.209, 0.488
 1.208, 0.505
 1.207, 0.505
 1.184, 0.514
 1.181, 0.548
 1.164, 0.531
 1.164, 0.548
 1.148, 0.582
 1.152, 0.616
 1.159, 0.624
 1.151, 0.633
 1.141, 0.658
 1.120, 0.658
 1.112, 0.666
 1.109, 0.683
 1.084, 0.708
 1.085, 0.759
 1.085, 0.759
 1.078, 0.785
 1.058, 0.801
 1.042, 0.802
 1.043, 0.819
 1.026, 0.803
 1.017, 0.794
 0.990, 0.786
 0.972, 0.786
 0.972, 0.786
 0.955, 0.769
 0.938, 0.769
 0.936, 0.769
 0.938, 0.769
 0.930, 0.778
 0.904, 0.753
 0.913, 0.744
 0.912, 0.744
 0.904, 0.753
 0.913, 0.761
 0.903, 0.769
 0.912, 0.795
 0.894, 0.795
 0.885, 0.820
 0.884, 0.837
 0.875, 0.845
 0.878, 0.863
 0.886, 0.905
 0.879, 0.914
 0.889, 0.940
 0.877, 0.947
 0.877, 0.947
 0.875, 0.963
 0.867, 0.971
 0.867, 0.989
 0.857, 1.013
 0.851, 1.023
 0.840, 1.048
 0.842, 1.048
 0.833, 1.074
 0.833, 1.074
 0.843, 1.100
 0.824, 1.082
 0.816, 1.091
 0.806, 1.099
 0.789, 1.082
 0.781, 1.092
 0.780, 1.091
 0.763, 1.125
 0.763, 1.125
 0.728, 1.125
 0.720, 1.134
 0.719, 1.150
 0.719, 1.151
 0.702, 1.151
 0.693, 1.159
 0.685, 1.168
 0.701, 1.184
 0.694, 1.194
