 0.870,-2.100
 0.848,-2.069
 0.815,-2.020
 0.807,-1.980
 0.816,-1.944
 0.815,-1.927
 0.840,-1.891
 0.815,-1.833
 0.790,-1.778
 0.758,-1.733
 0.726,-1.684
 0.694,-1.641
 0.654,-1.630
 0.629,-1.606
 0.605,-1.554
 0.588,-1.473
 0.605,-1.397
 0.589,-1.336
 0.605,-1.338
 0.606,-1.353
 0.620,-1.394
 0.653,-1.459
 0.710,-1.501
 0.759,-1.583
 0.833,-1.736
 0.882,-1.904
 0.897,-2.040
 0.910,-2.063
 0.918,-2.054
 0.935,-2.059
 0.926,-2.061
 0.903,-2.058
 0.887,-2.043
 0.847,-2.020
 0.831,-1.987
 0.797,-1.920
 0.759,-1.871
 0.743,-1.809
 0.728,-1.735
 0.721,-1.683
 0.718,-1.613
 0.727,-1.562
 0.734,-1.505
 0.758,-1.483
 0.783,-1.495
 0.789,-1.498
 0.807,-1.549
 0.831,-1.587
 0.846,-1.647
 0.870,-1.715
 0.900,-1.787
 0.952,-1.859
 0.985,-1.894
 0.985,-1.925
 1.010,-1.950
 1.025,-1.948
 1.010,-1.948
 1.007,-1.957
 1.006,-1.940
 1.016,-1.935
 1.008,-1.942
 1.001,-1.968
 0.961,-2.006
 0.929,-2.052
 0.922,-2.094
 0.904,-2.103
 0.897,-2.083
 0.888,-2.058
 0.882,-2.038
 0.889,-2.045
 0.903,-2.039
 0.904,-2.043
 0.888,-2.041
 0.882,-2.038
 0.876,-2.036
 0.858,-2.031
 0.835,-2.058
 0.824,-2.058
 0.799,-2.029
 0.790,-1.974
 0.790,-1.911
 0.785,-1.853
 0.777,-1.815
 0.769,-1.777
 0.761,-1.752
 0.768,-1.742
 0.760,-1.735
 0.750,-1.722
 0.742,-1.698
 0.751,-1.693
 0.750,-1.689
 0.751,-1.678
 0.749,-1.643
 0.758,-1.622
 0.791,-1.593
 0.782,-1.554
 0.792,-1.504
 0.791,-1.486
 0.807,-1.471
 0.822,-1.469
 0.836,-1.449
 0.861,-1.430
 0.900,-1.406
 0.910,-1.387
 0.895,-1.358
 0.877,-1.353
 0.878,-1.370
 0.852,-1.373
 0.828,-1.396
 0.843,-1.396
 0.843,-1.365
 0.829,-1.309
 0.829,-1.247
 0.813,-1.186
 0.797,-1.123
 0.771,-1.065
 0.748,-1.028
 0.729,-1.009
 0.722,-0.971
 0.698,-0.932
 0.673,-0.907
 0.659,-0.911
 0.650,-0.901
 0.659,-0.926
 0.659,-0.926
 0.667,-0.933
 0.692,-0.943
 0.708,-0.958
 0.732,-0.982
 0.756,-1.005
 0.763,-1.025
 0.764,-1.043
 0.771,-1.049
 0.787,-1.050
 0.788,-1.067
 0.795,-1.088
 0.796,-1.122
 0.804,-1.128
 0.804,-1.159
 0.803,-1.173
 0.810,-1.163
 0.828,-1.168
 0.813,-1.169
 0.806,-1.179
 0.797,-1.170
 0.805,-1.176
 0.797,-1.201
 0.803,-1.235
 0.804,-1.267
 0.813,-1.307
 0.763,-1.333
 0.733,-1.353
 0.724,-1.358
 0.716,-1.351
 0.693,-1.346
 0.685,-1.337
 0.678,-1.363
 0.676,-1.359
 0.669,-1.368
 0.660,-1.358
 0.667,-1.334
 0.677,-1.331
 0.693,-1.346
 0.694,-1.378
 0.693,-1.392
 0.708,-1.405
 0.733,-1.431
 0.740,-1.451
 0.741,-1.484
 0.725,-1.499
 0.732,-1.520
 0.781,-1.540
 0.763,-1.550
 0.780,-1.581
 0.805,-1.592
 0.813,-1.571
 0.839,-1.568
 0.854,-1.551
 0.871,-1.537
 0.863,-1.513
 0.869,-1.485
 0.877,-1.446
 0.875,-1.411
 0.868,-1.391
 0.869,-1.377
 0.853,-1.361
 0.862,-1.371
 0.844,-1.383
 0.829,-1.416
 0.829,-1.447
 0.813,-1.445
 0.806,-1.455
 0.797,-1.461
 0.813,-1.462
 0.797,-1.476
 0.788,-1.481
 0.806,-1.486
 0.813,-1.506
 0.822,-1.533
 0.814,-1.556
 0.797,-1.585
 0.789,-1.624
 0.788,-1.621
 0.789,-1.623
 0.781,-1.616
 0.781,-1.616
 0.766,-1.603
 0.773,-1.593
 0.782,-1.588
 0.781,-1.571
 0.748,-1.565
 0.733,-1.553
 0.708,-1.498
 0.694,-1.471
 0.686,-1.416
 0.678,-1.314
 0.702,-1.247
 0.716,-1.181
 0.709,-1.145
 0.702,-1.138
 0.682,-1.161
 0.674,-1.151
 0.674,-1.090
 0.668,-1.058
 0.653,-1.076
 0.645,-1.115
 0.654,-1.139
 0.660,-1.173
 0.668,-1.228
 0.676,-1.266
 0.684,-1.321
 0.710,-1.363
 0.749,-1.400
 0.781,-1.462
 0.804,-1.497
 0.795,-1.502
 0.821,-1.500
 0.829,-1.492
 0.830,-1.495
 0.829,-1.509
 0.821,-1.500
 0.830,-1.462
 0.820,-1.437
 0.805,-1.438
 0.805,-1.423
 0.805,-1.407
 0.814,-1.402
 0.821,-1.376
 0.811,-1.365
 0.795,-1.318
 0.796,-1.243
 0.791,-1.211
 0.789,-1.208
 0.798,-1.219
 0.790,-1.241
 0.787,-1.266
 0.779,-1.288
 0.795,-1.302
 0.806,-1.333
 0.821,-1.362
 0.829,-1.400
 0.829,-1.431
 0.851,-1.435
 0.861,-1.416
 0.878,-1.373
 0.878,-1.342
 0.879,-1.328
 0.876,-1.320
 0.860,-1.304
 0.850,-1.279
 0.851,-1.265
 0.837,-1.238
 0.828,-1.214
 0.829,-1.170
 0.844,-1.153
 0.851,-1.128
 0.875,-1.137
 0.898,-1.143
 0.908,-1.168
 0.914,-1.189
 0.907,-1.213
 0.901,-1.225
 0.922,-1.243
 0.921,-1.273
 0.939,-1.290
 0.932,-1.301
 0.950,-1.335
 0.924,-1.355
 0.910,-1.373
 0.918,-1.397
 0.902,-1.411
 0.884,-1.439
 0.882,-1.449
 0.908,-1.432
 0.899,-1.406
 0.883,-1.375
 0.870,-1.364
 0.836,-1.361
 0.829,-1.355
 0.829,-1.355
 0.797,-1.355
 0.765,-1.339
 0.763,-1.288
 0.740,-1.234
 0.732,-1.212
 0.716,-1.182
 0.717,-1.168
 0.723,-1.188
 0.725,-1.191
 0.724,-1.189
 0.716,-1.197
 0.693,-1.207
 0.690,-1.232
 0.675,-1.234
 0.691,-1.204
 0.699,-1.196
 0.723,-1.186
 0.706,-1.171
 0.708,-1.159
 0.716,-1.121
 0.701,-1.107
 0.684,-1.105
 0.667,-1.086
 0.652,-1.074
 0.620,-1.088
 0.644,-1.095
 0.676,-1.083
 0.691,-1.065
 0.708,-1.052
 0.723,-1.049
 0.739,-1.081
 0.747,-1.074
 0.762,-1.057
 0.764,-1.076
 0.787,-1.098
 0.795,-1.136
 0.811,-1.183
 0.850,-1.218
 0.867,-1.268
 0.883,-1.284
 0.892,-1.292
 0.885,-1.287
 0.868,-1.269
 0.877,-1.248
 0.876,-1.231
 0.860,-1.216
 0.851,-1.223
 0.849,-1.201
 0.858,-1.197
 0.834,-1.190
 0.802,-1.219
 0.786,-1.235
 0.777,-1.194
 0.795,-1.153
 0.811,-1.106
 0.788,-1.101
 0.788,-1.085
 0.787,-1.068
 0.779,-1.092
 0.770,-1.112
 0.762,-1.119
 0.762,-1.120
 0.777,-1.102
 0.778,-1.058
 0.809,-1.042
 0.849,-1.035
 0.890,-1.014
 0.946,-1.037
 0.986,-1.046
 1.027,-1.070
 1.042,-1.100
 1.074,-1.131
 1.088,-1.113
 1.114,-1.125
 1.144,-1.122
 1.170,-1.132
 1.186,-1.117
 1.185,-1.100
 1.194,-1.110
 1.231,-1.114
 1.217,-1.131
 1.217,-1.131
 1.209,-1.138
 1.218,-1.133
 1.208,-1.154
 1.192,-1.183
 1.215,-1.159
 1.184,-1.161
 1.162,-1.141
 1.130,-1.140
 1.108,-1.134
 1.108,-1.134
 1.065,-1.123
 1.058,-1.147
 1.024,-1.144
 1.001,-1.136
 0.994,-1.131
 0.960,-1.112
 0.946,-1.099
 0.952,-1.058
 0.922,-1.014
 0.923,-1.000
 0.921,-0.997
 0.922,-0.983
 0.922,-0.983
 0.930,-1.006
 0.954,-0.999
 0.961,-1.020
 0.971,-1.047
 0.953,-1.060
 0.938,-1.075
 0.922,-1.091
 0.921,-1.105
 0.898,-1.114
 0.890,-1.121
 0.875,-1.122
 0.859,-1.138
 0.857,-1.120
 0.834,-1.098
 0.818,-1.097
 0.786,-1.096
 0.784,-1.094
 0.768,-1.078
 0.738,-1.097
 0.731,-1.090
 0.724,-1.086
 0.733,-1.079
 0.723,-1.083
 0.715,-1.090
 0.729,-1.102
 0.729,-1.086
 0.739,-1.066
 0.729,-1.055
 0.730,-1.041
 0.713,-1.040
 0.739,-1.035
 0.755,-1.037
 0.771,-1.036
 0.756,-1.038
 0.762,-1.058
 0.754,-1.065
 0.754,-1.065
 0.753,-1.077
 0.738,-1.081
 0.738,-1.064
 0.755,-1.083
 0.780,-1.108
 0.794,-1.135
 0.811,-1.167
 0.842,-1.196
 0.851,-1.221
 0.860,-1.262
 0.875,-1.275
 0.892,-1.294
 0.890,-1.289
 0.898,-1.312
 0.908,-1.308
 0.917,-1.287
 0.895,-1.284
 0.869,-1.257
 0.820,-1.255
 0.796,-1.246
 0.763,-1.243
 0.732,-1.229
 0.730,-1.195
 0.708,-1.175
 0.716,-1.166
 0.715,-1.150
 0.716,-1.135
 0.699,-1.103
 0.684,-1.074
 0.676,-1.053
 0.667,-1.057
 0.691,-1.066
 0.739,-1.065
 0.755,-1.067
 0.803,-1.066
 0.803,-1.066
 0.827,-1.060
 0.843,-1.059
 0.867,-1.052
 0.867,-1.052
 0.858,-1.042
 0.843,-1.028
 0.849,-0.986
 0.850,-0.958
 0.849,-0.941
 0.864,-0.923
 0.857,-0.903
 0.882,-0.865
 0.884,-0.853
 0.885,-0.855
 0.893,-0.893
 0.915,-0.898
 0.913,-0.910
 0.921,-0.902
 0.938,-0.903
 0.969,-0.918
 0.962,-0.928
 0.962,-0.928
 0.979,-0.944
 1.003,-0.936
 1.003,-0.952
 1.005,-0.971
 1.012,-0.992
 0.996,-1.039
 0.987,-1.061
 0.986,-1.090
 0.979,-1.114
 0.977,-1.080
 0.955,-1.060
 0.979,-1.022
 0.971,-0.999
 0.973,-1.001
 0.947,-0.989
 0.938,-0.981
 0.931,-0.974
 0.922,-0.964
 0.938,-0.981
 0.938,-0.980
 0.924,-0.983
 0.924,-0.983
 0.909,-0.984
 0.878,-0.987
 0.862,-1.001
 0.846,-1.016
 0.837,-1.038
 0.836,-1.051
 0.836,-1.067
 0.819,-1.095
 0.827,-1.103
 0.851,-1.080
 0.851,-1.049
 0.884,-1.037
 0.908,-1.030
 0.933,-1.038
 0.941,-1.062
 0.948,-1.084
 0.964,-1.115
 0.954,-1.135
 0.948,-1.146
 0.931,-1.144
 0.931,-1.144
 0.940,-1.123
 0.954,-1.105
 0.971,-1.107
 0.996,-1.100
 1.012,-1.084
 1.027,-1.083
 1.032,-1.088
 1.042,-1.082
 1.051,-1.061
 1.044,-1.055
 1.062,-1.028
 1.052,-1.017
 1.085,-1.034
 1.115,-1.031
 1.113,-1.043
 1.145,-1.045
 1.144,-1.028
 1.153,-1.038
 1.153,-1.038
 1.153,-1.038
 1.138,-1.039
 1.137,-1.053
 1.108,-1.071
 1.099,-1.093
 1.059,-1.116
 1.019,-1.139
 0.986,-1.183
 0.987,-1.215
 0.994,-1.238
 1.001,-1.245
 1.003,-1.232
 0.986,-1.215
 0.979,-1.210
 0.970,-1.200
 0.978,-1.207
 0.986,-1.200
 0.993,-1.221
 1.001,-1.245
 1.001,-1.245
 0.978,-1.238
 0.973,-1.219
 0.964,-1.211
 0.957,-1.221
 0.981,-1.244
 0.971,-1.263
 0.995,-1.301
 0.985,-1.321
 1.001,-1.368
 1.001,-1.399
 0.984,-1.428
 0.993,-1.407
 0.977,-1.391
 0.980,-1.398
 0.933,-1.383
 0.940,-1.404
 0.923,-1.403
 0.921,-1.413
 0.915,-1.423
 0.914,-1.406
 0.891,-1.401
 0.868,-1.411
 0.819,-1.423
 0.787,-1.439
 0.795,-1.462
 0.763,-1.475
 0.707,-1.484
 0.690,-1.465
 0.675,-1.466
 0.658,-1.464
 0.659,-1.451
 0.644,-1.455
 0.645,-1.441
 0.646,-1.429
 0.637,-1.403
 0.628,-1.407
 0.644,-1.392
 0.667,-1.334
 0.676,-1.283
 0.682,-1.227
 0.690,-1.173
 0.707,-1.144
 0.746,-1.119
 0.763,-1.090
 0.779,-1.044
 0.779,-1.029
 0.787,-1.006
 0.825,-0.980
 0.866,-0.958
 0.914,-0.927
 0.961,-0.927
 1.019,-0.939
 1.042,-0.945
 1.059,-0.977
 1.090,-0.992
 1.089,-1.006
 1.089,-0.991
 1.072,-0.974
 1.051,-0.953
 1.034,-0.921
 1.048,-0.903
 1.073,-0.852
 1.082,-0.799
 1.075,-0.762
 1.067,-0.707
 1.050,-0.675
 1.026,-0.636
 0.991,-0.602
 0.975,-0.586
 0.990,-0.570
 0.998,-0.563
 1.007,-0.556
 0.998,-0.532
 1.016,-0.518
 1.040,-0.526
 1.032,-0.503
 1.033,-0.488
 1.038,-0.479
 1.056,-0.465
 1.047,-0.440
 1.039,-0.448
 1.039,-0.448
 1.021,-0.462
 1.015,-0.472
 1.014,-0.455
 1.008,-0.433
 1.008,-0.449
 0.997,-0.455
 0.984,-0.456
 0.967,-0.455
 0.950,-0.453
 0.950,-0.408
 0.942,-0.354
 0.945,-0.295
 0.937,-0.256
 0.946,-0.233
 0.921,-0.209
 0.911,-0.199
 0.911,-0.199
 0.934,-0.191
 0.934,-0.222
 0.934,-0.222
 0.941,-0.245
 0.960,-0.262
 0.967,-0.269
 0.968,-0.285
 0.969,-0.287
 0.976,-0.278
 0.984,-0.255
 0.975,-0.231
 0.959,-0.200
 0.968,-0.193
 0.950,-0.192
 0.944,-0.201
 0.943,-0.200
 0.927,-0.215
 0.928,-0.231
 0.926,-0.261
 0.919,-0.285
 0.903,-0.300
 0.887,-0.316
 0.893,-0.322
 0.885,-0.329
 0.904,-0.332
 0.896,-0.325
 0.897,-0.341
 0.913,-0.356
 0.897,-0.387
 0.904,-0.425
 0.911,-0.463
 0.919,-0.532
 0.920,-0.580
 0.910,-0.631
 0.921,-0.673
 0.936,-0.703
 0.952,-0.734
 0.952,-0.751
 0.944,-0.758
 0.930,-0.775
 0.921,-0.781
 0.904,-0.780
 0.904,-0.734
 0.903,-0.717
 0.890,-0.704
 0.897,-0.712
 0.905,-0.750
 0.905,-0.781
 0.904,-0.810
 0.921,-0.859
 0.921,-0.905
 0.929,-0.975
 0.922,-1.030
 0.913,-1.066
 0.922,-1.092
 0.927,-1.141
 0.936,-1.151
 0.946,-1.146
 0.954,-1.123
 0.948,-1.072
 0.939,-1.017
 0.931,-0.962
 0.931,-0.931
 0.929,-0.896
 0.945,-0.897
 0.944,-0.881
 0.961,-0.896
 0.970,-0.890
 0.993,-0.913
 0.986,-0.937
 0.993,-0.944
 0.994,-0.961
 0.986,-0.968
 0.985,-0.966
 0.970,-0.968
 0.978,-0.960
 0.954,-0.968
 0.955,-0.969
 0.969,-0.967
 0.971,-0.954
 0.969,-0.951
 0.962,-0.975
 0.953,-0.982
 0.945,-0.974
 0.963,-0.992
 0.970,-1.015
 0.946,-1.022
 0.938,-1.029
 0.921,-1.027
 0.914,-1.052
 0.904,-1.072
 0.889,-1.103
 0.890,-1.090
 0.874,-1.060
 0.868,-1.025
 0.860,-1.017
 0.860,-0.986
 0.844,-0.969
 0.825,-0.949
 0.842,-0.919
 0.825,-0.886
 0.832,-0.863
 0.818,-0.850
 0.826,-0.827
 0.819,-0.805
 0.810,-0.811
 0.803,-0.835
 0.818,-0.835
 0.817,-0.864
 0.810,-0.874
 0.809,-0.857
 0.794,-0.842
 0.786,-0.834
 0.801,-0.802
 0.810,-0.749
 0.801,-0.694
 0.803,-0.665
 0.795,-0.659
 0.787,-0.651
 0.802,-0.651
 0.814,-0.661
 0.838,-0.668
 0.870,-0.637
 0.879,-0.616
 0.889,-0.595
 0.896,-0.570
 0.927,-0.555
 0.968,-0.564
 1.000,-0.564
 1.027,-0.575
 1.035,-0.583
 1.052,-0.600
 1.060,-0.623
 1.056,-0.650
 1.063,-0.672
 1.086,-0.632
 1.103,-0.619
 1.112,-0.596
 1.095,-0.579
 1.090,-0.559
 1.095,-0.534
 1.105,-0.527
 1.114,-0.521
 1.107,-0.529
 1.076,-0.531
 1.049,-0.535
 1.022,-0.524
 1.021,-0.508
 1.021,-0.508
 1.015,-0.518
 1.030,-0.517
 1.041,-0.542
 1.024,-0.573
 1.015,-0.610
 1.008,-0.634
 0.998,-0.671
 0.975,-0.679
 0.959,-0.695
 0.942,-0.708
 0.935,-0.717
 0.934,-0.732
 0.952,-0.749
 0.970,-0.767
 0.962,-0.775
 0.947,-0.762
 0.938,-0.752
 0.930,-0.760
 0.914,-0.774
 0.920,-0.810
 0.913,-0.835
 0.920,-0.872
 0.905,-0.920
 0.890,-0.952
 0.881,-0.958
 0.875,-0.953
 0.866,-0.943
 0.843,-0.937
 0.859,-0.922
 0.850,-0.881
 0.858,-0.827
 0.865,-0.772
 0.874,-0.750
 0.865,-0.726
 0.857,-0.702
 0.858,-0.673
 0.865,-0.664
 0.858,-0.657
 0.850,-0.665
 0.848,-0.678
 0.842,-0.719
 0.832,-0.725
 0.825,-0.764
 0.840,-0.794
 0.856,-0.810
 0.866,-0.806
 0.882,-0.806
 0.884,-0.824
 0.875,-0.831
 0.883,-0.837
 0.906,-0.844
 0.920,-0.841
 0.920,-0.841
 0.937,-0.811
 0.953,-0.796
 0.970,-0.797
 0.976,-0.788
 1.001,-0.798
 0.986,-0.813
 0.993,-0.836
 0.995,-0.854
 0.994,-0.867
 0.994,-0.884
 0.995,-0.915
 0.993,-0.943
 0.987,-0.953
 0.977,-0.958
 0.970,-0.953
 0.970,-0.953
 0.993,-0.943
 1.003,-0.970
 0.993,-0.974
 0.993,-1.005
 0.978,-1.037
 0.962,-1.036
 0.955,-1.046
 0.945,-1.019
 0.947,-1.023
 0.931,-1.007
 0.922,-0.999
 0.908,-0.939
 0.915,-0.915
 0.916,-0.901
 0.900,-0.885
 0.906,-0.874
 0.915,-0.883
 0.921,-0.888
 0.913,-0.896
 0.938,-0.906
 0.938,-0.920
 0.931,-0.930
 0.938,-0.920
 0.939,-0.922
 0.922,-0.921
 0.913,-0.912
 0.923,-0.891
 0.906,-0.889
 0.907,-0.890
 0.915,-0.867
 0.914,-0.851
 0.907,-0.829
 0.898,-0.804
 0.891,-0.797
 0.873,-0.780
 0.849,-0.802
 0.834,-0.803
 0.849,-0.802
 0.843,-0.812
 0.827,-0.827
 0.825,-0.808
 0.834,-0.803
 0.849,-0.802
 0.836,-0.806
 0.852,-0.821
 0.852,-0.821
 0.868,-0.823
 0.843,-0.812
 0.859,-0.796
 0.874,-0.795
 0.857,-0.794
 0.859,-0.796
 0.858,-0.780
 0.868,-0.790
 0.884,-0.775
 0.867,-0.774
 0.875,-0.767
 0.873,-0.779
 0.866,-0.772
 0.881,-0.772
 0.890,-0.749
 0.907,-0.736
 0.923,-0.719
 0.948,-0.699
 0.963,-0.681
 0.954,-0.672
 0.963,-0.681
 0.978,-0.681
 0.971,-0.704
 0.962,-0.680
 0.938,-0.672
 0.923,-0.673
 0.920,-0.670
 0.930,-0.696
 0.947,-0.712
 0.971,-0.704
 0.972,-0.691
 0.987,-0.673
 0.988,-0.659
 0.980,-0.636
 1.003,-0.643
 1.019,-0.628
 1.032,-0.609
 1.057,-0.603
 1.050,-0.595
 1.057,-0.604
 1.059,-0.605
 1.057,-0.603
 1.058,-0.573
 1.066,-0.534
 1.074,-0.511
 1.098,-0.488
 1.104,-0.463
 1.138,-0.449
 1.154,-0.435
 1.163,-0.443
 1.171,-0.436
 1.178,-0.458
 1.164,-0.459
 1.153,-0.449
 1.176,-0.441
 1.200,-0.418
 1.223,-0.410
 1.231,-0.433
 1.231,-0.464
 1.232,-0.480
 1.227,-0.490
 1.219,-0.498
 1.189,-0.531
 1.173,-0.545
 1.147,-0.598
 1.123,-0.605
 1.097,-0.626
 1.059,-0.636
 1.034,-0.674
 0.994,-0.712
 0.947,-0.759
 0.890,-0.796
 0.828,-0.828
 0.771,-0.835
 0.746,-0.855
 0.739,-0.834
 0.738,-0.817
 0.740,-0.819
 0.731,-0.795
 0.740,-0.773
 0.740,-0.758
 0.739,-0.756
 0.740,-0.773
 0.731,-0.779
 0.730,-0.793
 0.754,-0.802
 0.777,-0.792
 0.795,-0.796
 0.810,-0.809
 0.835,-0.834
 0.867,-0.835
 0.890,-0.827
 0.925,-0.831
 0.949,-0.854
 0.965,-0.886
 0.981,-0.917
 0.987,-0.952
 0.979,-0.991
 1.003,-1.014
 1.019,-1.029
 1.043,-1.023
 1.042,-1.006
 1.029,-1.009
 1.020,-1.000
 1.011,-0.960
 1.004,-0.939
 0.995,-0.913
 0.980,-0.915
 0.987,-0.921
 0.986,-0.936
 0.987,-0.953
 0.978,-0.959
 0.956,-0.954
 0.956,-0.938
 0.956,-0.923
 0.971,-0.891
 0.961,-0.864
 0.948,-0.837
 0.922,-0.796
 0.921,-0.779
 0.939,-0.751
 0.938,-0.734
 0.947,-0.743
 0.964,-0.745
 0.941,-0.754
 0.909,-0.753
 0.883,-0.743
 0.884,-0.728
 0.891,-0.704
 0.898,-0.711
 0.914,-0.696
 0.905,-0.702
 0.898,-0.711
 0.898,-0.725
 0.898,-0.726
 0.907,-0.736
 0.914,-0.742
 0.924,-0.768
 0.915,-0.790
 0.931,-0.805
 0.931,-0.805
 0.937,-0.779
 0.939,-0.767
 0.938,-0.750
 0.947,-0.759
 0.938,-0.751
 0.953,-0.733
 0.962,-0.727
 0.953,-0.719
 0.945,-0.726
 0.954,-0.703
 0.952,-0.701
 0.979,-0.697
 1.002,-0.689
 1.012,-0.699
 1.013,-0.716
 1.019,-0.721
 1.005,-0.723
 0.996,-0.729
 0.979,-0.759
 0.986,-0.766
 0.985,-0.764
 0.994,-0.758
 0.986,-0.735
 0.994,-0.727
 1.003,-0.721
 0.994,-0.696
 0.987,-0.659
 0.986,-0.611
 0.978,-0.573
 0.971,-0.566
 0.969,-0.533
 0.977,-0.510
 0.978,-0.464
 0.987,-0.441
 0.986,-0.441
 0.985,-0.440
 1.003,-0.457
 0.994,-0.479
 0.986,-0.518
 0.987,-0.535
 0.978,-0.572
 0.979,-0.619
 0.968,-0.639
 0.969,-0.640
 0.994,-0.619
 0.987,-0.597
 0.990,-0.584
 0.973,-0.583
 0.973,-0.583
 0.972,-0.566
 0.977,-0.556
 0.994,-0.541
 1.001,-0.548
 0.993,-0.556
 0.986,-0.579
 0.969,-0.578
 0.962,-0.572
 0.978,-0.557
 0.980,-0.558
 0.980,-0.544
 0.971,-0.566
 0.971,-0.580
 0.945,-0.585
 0.954,-0.579
 0.947,-0.573
 0.947,-0.604
 0.933,-0.621
 0.938,-0.626
 0.930,-0.634
 0.914,-0.649
 0.921,-0.671
 0.924,-0.689
 0.923,-0.704
 0.931,-0.727
 0.930,-0.741
 0.930,-0.740
 0.948,-0.728
 0.956,-0.705
 0.949,-0.699
 0.958,-0.708
 0.955,-0.735
 0.930,-0.741
 0.953,-0.748
 0.953,-0.733
 0.971,-0.719
 0.962,-0.726
 0.964,-0.728
 0.963,-0.712
 0.972,-0.705
 0.973,-0.691
 0.965,-0.683
 0.965,-0.683
 0.963,-0.712
 0.939,-0.734
 0.931,-0.742
 0.924,-0.767
 0.925,-0.784
 0.940,-0.797
 0.940,-0.797
 0.932,-0.804
 0.931,-0.788
 0.932,-0.759
 0.923,-0.734
 0.924,-0.721
 0.916,-0.743
 0.914,-0.741
 0.923,-0.718
 0.940,-0.673
 0.958,-0.614
 0.975,-0.584
 0.981,-0.574
 1.005,-0.582
 1.011,-0.572
 1.002,-0.579
 1.025,-0.540
 1.033,-0.501
 1.051,-0.472
 1.050,-0.455
 1.050,-0.441
 1.051,-0.425
 1.067,-0.442
 1.069,-0.443
 1.067,-0.442
 1.083,-0.473
 1.083,-0.504
 1.105,-0.510
 1.115,-0.519
 1.098,-0.534
 1.092,-0.558
 1.076,-0.574
 1.075,-0.588
 1.092,-0.590
 1.114,-0.596
 1.115,-0.613
 1.130,-0.643
 1.121,-0.680
 1.114,-0.705
 1.113,-0.704
 1.100,-0.706
 1.086,-0.724
 1.077,-0.715
 1.069,-0.708
 1.059,-0.713
 1.060,-0.730
 1.052,-0.737
 1.027,-0.728
 1.012,-0.728
 1.010,-0.726
 1.011,-0.743
 1.011,-0.774
 1.010,-0.788
 1.011,-0.805
 1.018,-0.796
 1.013,-0.807
 1.013,-0.807
 0.996,-0.837
 0.980,-0.852
 0.979,-0.881
 0.972,-0.875
 0.940,-0.875
 0.932,-0.882
 0.909,-0.891
 0.914,-0.896
 0.908,-0.921
 0.908,-0.952
 0.907,-0.997
 0.923,-1.013
 0.914,-1.019
 0.908,-1.045
 0.917,-1.055
 0.893,-1.079
 0.887,-1.089
 0.885,-1.101
 0.869,-1.117
 0.884,-1.130
 0.890,-1.151
 0.899,-1.192
 0.899,-1.237
 0.900,-1.285
 0.907,-1.323
 0.899,-1.346
 0.909,-1.373
 0.924,-1.371
 0.933,-1.397
 0.939,-1.418
 0.955,-1.448
 0.980,-1.474
 0.995,-1.502
 1.019,-1.510
 1.052,-1.481
 1.068,-1.497
 1.077,-1.506
 1.084,-1.511
 1.076,-1.520
 1.060,-1.533
 1.010,-1.516
 1.004,-1.495
 0.993,-1.452
 0.972,-1.419
 0.972,-1.387
 0.964,-1.334
 0.974,-1.299
 0.949,-1.257
 0.933,-1.228
 0.940,-1.202
 0.923,-1.184
 0.939,-1.122
 0.945,-1.080
 0.955,-1.061
 0.963,-1.023
 0.963,-1.023
 0.988,-1.032
 1.002,-1.014
 1.027,-1.024
 1.035,-1.015
 1.035,-1.015
 1.052,-0.986
 1.066,-0.937
 1.075,-0.900
 1.099,-0.892
 1.130,-0.875
 1.140,-0.855
 1.153,-0.852
 1.179,-0.830
 1.170,-0.822
 1.154,-0.837
 1.131,-0.846
 1.122,-0.868
 1.113,-0.860
 1.129,-0.859
 1.138,-0.822
 1.147,-0.800
 1.147,-0.784
 1.150,-0.788
 1.133,-0.802
 1.099,-0.815
 1.067,-0.815
 1.057,-0.820
 1.050,-0.814
 1.057,-0.789
 1.065,-0.782
 1.075,-0.776
 1.082,-0.767
 1.099,-0.769
 1.091,-0.760
 1.092,-0.761
 1.100,-0.753
 1.089,-0.774
 1.099,-0.767
 1.107,-0.776
 1.115,-0.799
 1.133,-0.801
 1.139,-0.823
 1.140,-0.839
 1.139,-0.868
 1.129,-0.890
 1.122,-0.898
 1.113,-0.920
 1.084,-0.908
 1.067,-0.907
 1.035,-0.905
 1.026,-0.897
 1.026,-0.897
 1.021,-0.893
 1.013,-0.901
 0.989,-0.893
 0.989,-0.893
 0.988,-0.893
 0.980,-0.900
 0.979,-0.898
 0.995,-0.913
 1.002,-0.921
 1.017,-0.934
 1.019,-0.922
 1.018,-0.905
 1.019,-0.891
 1.027,-0.884
 1.035,-0.875
 1.021,-0.893
 1.011,-0.898
 1.011,-0.929
 0.996,-0.930
 1.002,-0.952
 1.019,-0.953
 1.020,-0.970
 1.012,-0.977
 1.037,-0.970
 1.027,-0.960
 1.037,-0.956
 1.034,-0.952
 1.010,-0.943
 1.009,-0.927
 1.000,-0.917
 1.002,-0.919
 1.010,-0.881
 1.043,-0.822
 1.069,-0.755
 1.069,-0.724
 1.063,-0.717
 1.076,-0.683
 1.091,-0.683
 1.099,-0.690
 1.112,-0.687
 1.130,-0.705
 1.137,-0.743
 1.123,-0.760
 1.132,-0.784
 1.122,-0.821
 1.141,-0.824
 1.131,-0.830
 1.131,-0.814
 1.132,-0.815
 1.123,-0.837
 1.124,-0.854
 1.107,-0.852
 1.107,-0.853
 1.108,-0.870
 1.107,-0.868
 1.099,-0.892
 1.090,-0.897
 1.075,-0.914
 1.075,-0.930
 1.058,-0.928
 1.068,-0.939
 1.066,-0.920
 1.066,-0.920
 1.083,-0.891
 1.067,-0.876
 1.053,-0.879
 1.045,-0.886
 1.029,-0.917
 1.021,-0.955
 1.011,-0.976
 1.019,-1.000
 1.027,-1.022
 1.019,-1.062
 1.036,-1.108
 1.050,-1.154
 1.069,-1.203
 1.067,-1.231
 1.060,-1.257
 1.052,-1.265
 1.051,-1.262
 1.051,-1.248
 1.075,-1.225
 1.052,-1.202
 1.060,-1.195
 1.067,-1.169
 1.076,-1.133
 1.067,-1.092
 1.060,-1.039
 1.061,-1.025
 1.051,-1.030
 1.059,-1.038
 1.067,-1.045
 1.060,-1.070
 1.051,-1.107
 1.034,-1.121
 1.044,-1.117
 1.052,-1.124
 1.021,-1.158
 1.005,-1.142
 0.989,-1.157
 0.990,-1.174
 0.964,-1.178
 0.955,-1.168
 0.932,-1.146
 0.914,-1.129
 0.900,-1.116
 0.907,-1.123
 0.900,-1.147
 0.916,-1.162
 0.891,-1.169
 0.892,-1.186
 0.892,-1.200
 0.892,-1.200
 0.884,-1.193
 0.883,-1.176
 0.892,-1.186
 0.899,-1.192
 0.908,-1.201
 0.915,-1.208
 0.914,-1.206
 0.916,-1.225
 0.916,-1.239
 0.907,-1.261
 0.932,-1.223
 0.955,-1.199
 0.965,-1.194
 0.986,-1.214
 1.012,-1.224
 1.036,-1.248
 1.044,-1.271
 1.094,-1.276
 1.102,-1.283
 1.111,-1.292
 1.126,-1.321
 1.131,-1.325
 1.124,-1.287
 1.130,-1.277
 1.139,-1.286
 1.148,-1.280
 1.146,-1.293
 1.173,-1.289
 1.164,-1.280
 1.165,-1.297
 1.157,-1.306
 1.139,-1.318
 1.140,-1.304
 1.154,-1.286
 1.164,-1.280
 1.157,-1.273
 1.140,-1.272
 1.149,-1.282
 1.131,-1.263
 1.124,-1.257
 1.140,-1.242
 1.123,-1.240
 1.100,-1.249
 1.066,-1.246
 1.051,-1.247
 1.051,-1.247
 1.034,-1.245
 1.028,-1.241
 1.020,-1.232
 1.005,-1.220
 0.998,-1.213
 0.988,-1.232
 0.998,-1.244
 0.988,-1.248
 0.972,-1.294
 0.996,-1.302
 1.003,-1.291
 1.012,-1.286
 1.027,-1.285
 1.029,-1.288
 1.045,-1.288
 1.045,-1.303
 1.046,-1.289
 1.068,-1.295
 1.078,-1.305
 1.093,-1.319
 1.099,-1.308
 1.116,-1.279
 1.123,-1.255
 1.133,-1.251
 1.141,-1.242
 1.172,-1.256
 1.190,-1.275
 1.187,-1.286
 1.197,-1.296
 1.205,-1.289
 1.203,-1.271
 1.204,-1.272
 1.194,-1.261
 1.220,-1.272
 1.238,-1.260
 1.239,-1.277
 1.241,-1.280
 1.231,-1.285
 1.223,-1.308
 1.197,-1.327
 1.179,-1.340
 1.156,-1.350
 1.130,-1.369
 1.117,-1.373
 1.101,-1.373
 1.100,-1.372
 1.084,-1.356
 1.083,-1.339
 1.086,-1.328
 1.093,-1.319
 1.084,-1.311
 1.109,-1.304
 1.107,-1.301
 1.093,-1.288
 1.100,-1.264
 1.092,-1.240
 1.085,-1.219
 1.083,-1.185
 1.084,-1.171
 1.076,-1.147
 1.075,-1.130
 1.051,-1.107
 1.034,-1.120
 1.019,-1.121
 1.019,-1.121
 1.013,-1.101
 0.997,-1.118
 1.005,-1.109
 1.006,-1.112
 1.006,-1.111
 0.981,-1.132
 0.973,-1.156
 0.971,-1.167
 0.963,-1.145
 0.972,-1.122
 0.956,-1.123
 0.949,-1.132
 0.939,-1.137
 0.924,-1.139
 0.908,-1.154
 0.900,-1.161
 0.909,-1.170
 0.924,-1.168
 0.925,-1.171
 0.917,-1.178
 0.909,-1.201
 0.909,-1.201
 0.899,-1.206
 0.892,-1.200
 0.900,-1.223
 0.891,-1.244
 0.885,-1.255
 0.868,-1.268
 0.861,-1.293
 0.860,-1.307
 0.869,-1.285
 0.886,-1.273
 0.900,-1.254
 0.911,-1.266
 0.918,-1.273
 0.911,-1.297
 0.919,-1.321
 0.902,-1.333
 0.886,-1.349
 0.892,-1.370
 0.884,-1.392
 0.877,-1.402
 0.868,-1.423
 0.862,-1.450
 0.869,-1.457
 0.861,-1.466
 0.847,-1.483
 0.836,-1.485
 0.837,-1.457
 0.859,-1.414
 0.868,-1.392
 0.885,-1.364
 0.901,-1.363
 0.910,-1.359
 0.909,-1.356
 0.907,-1.353
 0.915,-1.315
 0.915,-1.299
 0.940,-1.294
 0.939,-1.307
 0.948,-1.331
 0.957,-1.341
 0.972,-1.339
 0.975,-1.346
 0.966,-1.337
 0.958,-1.359
 0.958,-1.375
 0.956,-1.386
 0.964,-1.410
 0.972,-1.402
 0.972,-1.402
 0.982,-1.396
 0.995,-1.393
 0.980,-1.395
 0.988,-1.386
 0.989,-1.403
 0.973,-1.420
 0.964,-1.441
 0.981,-1.474
 0.972,-1.479
 0.981,-1.457
 0.996,-1.410
 0.980,-1.395
 0.982,-1.398
 0.973,-1.388
 0.988,-1.386
 0.972,-1.386
 0.964,-1.377
 0.957,-1.372
 0.948,-1.331
 0.955,-1.322
 0.965,-1.318
 0.964,-1.301
 0.983,-1.306
 0.999,-1.306
 0.999,-1.322
 0.999,-1.337
 0.972,-1.324
 0.998,-1.334
 1.004,-1.324
 1.028,-1.331
 1.029,-1.317
 1.035,-1.307
 1.054,-1.312
 1.045,-1.335
 1.014,-1.350
 1.006,-1.327
 1.021,-1.326
 1.014,-1.320
 1.013,-1.303
 1.021,-1.295
 1.013,-1.288
 1.020,-1.278
 1.030,-1.274
 1.029,-1.257
 1.021,-1.264
 1.027,-1.238
 1.011,-1.221
 1.030,-1.226
 1.029,-1.240
 1.020,-1.262
 1.037,-1.264
 1.036,-1.278
 1.039,-1.298
 1.063,-1.307
 1.062,-1.321
 1.088,-1.330
 1.093,-1.334
 1.102,-1.342
 1.100,-1.341
 1.093,-1.349
 1.102,-1.358
 1.076,-1.363
 1.070,-1.357
 1.045,-1.364
 1.039,-1.376
 1.031,-1.352
 1.021,-1.355
 1.030,-1.350
 1.037,-1.340
 1.029,-1.348
 1.029,-1.348
 1.019,-1.354
 1.030,-1.366
 1.030,-1.397
 1.005,-1.435
 1.013,-1.442
 0.988,-1.462
 0.957,-1.479
 0.923,-1.506
 0.907,-1.522
 0.934,-1.505
 0.926,-1.511
 0.929,-1.518
 0.944,-1.548
 0.929,-1.579
 0.927,-1.607
 0.925,-1.648
 0.926,-1.634
 0.925,-1.617
 0.926,-1.572
 0.926,-1.525
 0.933,-1.486
 0.928,-1.484
 0.918,-1.458
 0.887,-1.444
 0.886,-1.395
 0.861,-1.371
 0.863,-1.359
 0.861,-1.338
 0.837,-1.316
 0.830,-1.293
 0.837,-1.268
 0.823,-1.272
 0.821,-1.253
 0.805,-1.207
 0.820,-1.160
 0.827,-1.135
 0.844,-1.137
 0.859,-1.149
 0.891,-1.151
 0.892,-1.123
 0.893,-1.109
 0.903,-1.073
 0.927,-1.066
 0.950,-1.072
 0.965,-1.102
 0.988,-1.138
 1.013,-1.163
 1.036,-1.185
 1.037,-1.202
 1.061,-1.195
 1.068,-1.185
 1.070,-1.188
 1.092,-1.163
 1.101,-1.157
 1.117,-1.126
 1.124,-1.116
 1.133,-1.095
 1.147,-1.077
 1.140,-1.040
 1.133,-1.033
 1.115,-1.015
 1.101,-1.017
 1.099,-0.999
 1.067,-0.999
 1.052,-0.969
 1.051,-0.983
 1.028,-0.991
 1.026,-1.004
 1.029,-1.008
 1.028,-0.993
 1.036,-0.985
 1.047,-0.981
 1.022,-0.987
 1.006,-0.971
 1.013,-0.978
 1.003,-0.983
 1.022,-1.002
 1.019,-1.045
 1.020,-1.093
 1.012,-1.146
 1.020,-1.216
 0.998,-1.320
 0.972,-1.418
 0.957,-1.498
 0.980,-1.488
 1.003,-1.479
 1.029,-1.474
 1.052,-1.480
 1.070,-1.483
 1.094,-1.461
 1.100,-1.451
 1.118,-1.470
 1.108,-1.504
 1.100,-1.558
 1.093,-1.582
 1.084,-1.589
 1.084,-1.589
 1.083,-1.587
 1.094,-1.568
 1.110,-1.553
 1.086,-1.546
 1.088,-1.549
 1.070,-1.530
 1.055,-1.547
 1.045,-1.521
 1.036,-1.511
 1.044,-1.504
 1.028,-1.502
 1.005,-1.512
 0.980,-1.503
 0.964,-1.519
 0.949,-1.551
 0.925,-1.558
 0.926,-1.575
 0.925,-1.558
 0.925,-1.558
 0.925,-1.558
 0.923,-1.554
 0.949,-1.551
 0.942,-1.544
 0.949,-1.550
 0.959,-1.546
 0.948,-1.532
 0.948,-1.563
 0.957,-1.541
 0.973,-1.526
 0.974,-1.496
 0.979,-1.453
 0.989,-1.434
 1.013,-1.412
 0.997,-1.396
 0.991,-1.377
 0.990,-1.360
 0.983,-1.353
 0.980,-1.334
 0.971,-1.339
 0.965,-1.349
 0.963,-1.346
 0.949,-1.365
 0.949,-1.382
 0.948,-1.379
 0.965,-1.380
 0.964,-1.394
 0.965,-1.398
 0.981,-1.381
 0.973,-1.388
 0.957,-1.372
 0.932,-1.347
 0.941,-1.327
 0.941,-1.295
 0.940,-1.263
 0.957,-1.218
 0.964,-1.208
 0.956,-1.216
 0.955,-1.168
 0.964,-1.146
 0.973,-1.109
 0.988,-1.107
 1.012,-1.070
 1.037,-1.032
 1.053,-1.017
 1.062,-1.011
 1.077,-1.024
 1.071,-1.019
 1.079,-1.011
 1.077,-1.041
 1.069,-1.017
 1.067,-1.014
 1.076,-1.023
 1.076,-1.038
 1.084,-1.047
 1.093,-1.071
 1.107,-1.053
 1.117,-1.048
 1.093,-1.040
 1.093,-1.040
 1.101,-1.064
 1.130,-1.076
 1.133,-1.094
 1.117,-1.078
 1.092,-1.086
 1.095,-1.073
 1.093,-1.071
 1.094,-1.057
 1.085,-1.062
 1.076,-1.054
 1.076,-1.054
 1.051,-1.030
 1.062,-1.010
 1.068,-0.999
 1.084,-0.983
 1.094,-0.932
 1.110,-0.918
 1.113,-0.906
 1.120,-0.912
 1.118,-0.910
 1.117,-0.924
 1.114,-0.905
 1.124,-0.868
 1.140,-0.853
 1.116,-0.861
 1.101,-0.862
 1.084,-0.876
 1.084,-0.876
 1.091,-0.852
 1.069,-0.846
 1.055,-0.848
 1.028,-0.868
 0.997,-0.869
 0.979,-0.867
 0.965,-0.883
 0.973,-0.876
 0.971,-0.874
 0.949,-0.868
 0.932,-0.866
 0.916,-0.882
 0.917,-0.883
 0.900,-0.882
 0.917,-0.883
 0.908,-0.875
 0.916,-0.912
 0.924,-0.936
 0.940,-0.951
 0.942,-0.970
 0.942,-0.970
 0.975,-0.988
 1.000,-1.027
 1.006,-1.063
 1.022,-1.063
 1.021,-1.077
 1.029,-1.053
 1.037,-1.046
 1.036,-1.030
 1.038,-1.032
 1.045,-1.039
 1.045,-1.039
 1.054,-1.048
 1.021,-1.031
 1.022,-1.033
 0.998,-1.025
 0.981,-1.023
 0.973,-1.015
 0.980,-1.021
 0.989,-1.032
 0.989,-1.030
 0.989,-1.031
 1.006,-1.032
 1.005,-1.046
 0.981,-1.069
 0.982,-1.085
 0.973,-1.077
 0.988,-1.076
 0.988,-1.074
 0.990,-1.063
 1.013,-1.055
 1.031,-1.073
 1.040,-1.083
 1.063,-1.119
 1.064,-1.136
 1.078,-1.148
 1.070,-1.171
 1.071,-1.188
 1.075,-1.191
 1.094,-1.195
 1.102,-1.187
 1.111,-1.197
 1.120,-1.221
 1.118,-1.234
 1.128,-1.228
 1.102,-1.218
 1.087,-1.235
 1.078,-1.242
 1.045,-1.255
 1.031,-1.243
 1.014,-1.241
 1.023,-1.265
 1.014,-1.272
 1.014,-1.286
 1.022,-1.295
 1.022,-1.309
 1.031,-1.304
 1.039,-1.297
 1.044,-1.299
 1.078,-1.302
 1.094,-1.287
 1.103,-1.297
 1.096,-1.306
 1.103,-1.328
 1.105,-1.362
 1.112,-1.399
 1.112,-1.430
 1.104,-1.468
 1.100,-1.463
 1.110,-1.442
 1.102,-1.418
 1.096,-1.430
 1.088,-1.453
 1.094,-1.473
 1.080,-1.492
 1.078,-1.520
 1.071,-1.544
 1.063,-1.552
 1.054,-1.542
 1.056,-1.514
 1.064,-1.506
 1.048,-1.521
 1.048,-1.521
 1.031,-1.519
 1.014,-1.488
 1.013,-1.471
 0.998,-1.473
 0.992,-1.483
 0.991,-1.497
 0.990,-1.511
 0.989,-1.524
 0.998,-1.535
 1.015,-1.536
 1.008,-1.530
 1.018,-1.526
 1.017,-1.540
 0.994,-1.548
 0.984,-1.538
 0.974,-1.526
 0.983,-1.536
 0.973,-1.540
 0.974,-1.557
 0.959,-1.543
 0.959,-1.526
 0.961,-1.484
 0.943,-1.465
 0.919,-1.458
 0.912,-1.451
 0.926,-1.432
 0.919,-1.411
 0.895,-1.387
 0.879,-1.357
 0.871,-1.333
 0.870,-1.301
 0.879,-1.248
 0.878,-1.230
 0.887,-1.240
 0.871,-1.254
 0.870,-1.237
 0.879,-1.232
 0.902,-1.206
 0.902,-1.206
 0.943,-1.201
 0.958,-1.200
 0.992,-1.204
 1.024,-1.219
 1.034,-1.246
 1.041,-1.268
 1.064,-1.305
 1.096,-1.337
 1.127,-1.334
 1.160,-1.351
 1.175,-1.350
 1.190,-1.303
 1.217,-1.284
 1.239,-1.290
 1.256,-1.291
 1.264,-1.283
 1.270,-1.289
 1.271,-1.290
 1.278,-1.265
 1.296,-1.252
 1.312,-1.237
 1.286,-1.242
 1.286,-1.242
 1.293,-1.217
 1.270,-1.226
 1.270,-1.226
 1.254,-1.242
 1.232,-1.236
 1.214,-1.217
 1.199,-1.219
 1.190,-1.240
 1.172,-1.254
 1.176,-1.260
 1.167,-1.250
 1.154,-1.223
 1.154,-1.224
 1.138,-1.238
 1.130,-1.262
 1.110,-1.287
 1.103,-1.296
 1.094,-1.303
 1.078,-1.318
 1.056,-1.343
 1.054,-1.340
 1.041,-1.345
 1.025,-1.360
 1.024,-1.390
 1.017,-1.414
 1.007,-1.417
 1.016,-1.412
 1.032,-1.395
 1.031,-1.411
 1.041,-1.421
 1.039,-1.402
 1.008,-1.388
 1.008,-1.357
 1.000,-1.350
 1.008,-1.343
 1.014,-1.331
 1.015,-1.317
 0.999,-1.300
 1.006,-1.276
 1.000,-1.241
 1.015,-1.193
 1.025,-1.142
 1.019,-1.074
 1.011,-1.067
 1.004,-1.060
 1.001,-1.055
 1.008,-1.045
 1.046,-1.004
 1.069,-0.949
 1.089,-0.908
 1.113,-0.900
 1.163,-0.903
 1.202,-0.895
 1.242,-0.872
 1.266,-0.833
 1.287,-0.791
 1.297,-0.771
 1.296,-0.785
 1.288,-0.808
 1.298,-0.833
 1.288,-0.839
 1.290,-0.841
 1.314,-0.818
 1.306,-0.826
 1.321,-0.825
 1.302,-0.822
 1.296,-0.847
 1.287,-0.869
 1.310,-0.876
 1.337,-0.902
 1.369,-0.903
 1.378,-0.897
 1.378,-0.881
 1.370,-0.889
 1.364,-0.899
 1.345,-0.895
 1.362,-0.897
 1.367,-0.870
 1.359,-0.848
 1.359,-0.817
 1.358,-0.769
 1.360,-0.740
 1.360,-0.709
 1.344,-0.693
 1.328,-0.710
 1.318,-0.699
 1.304,-0.701
 1.271,-0.715
 1.254,-0.714
 1.240,-0.732
 1.222,-0.776
 1.207,-0.808
 1.208,-0.855
 1.183,-0.908
 1.176,-0.963
 1.142,-0.991
 1.120,-1.016
 1.103,-1.015
 1.063,-1.023
 1.057,-1.034
 1.032,-1.024
 1.009,-1.049
 0.986,-1.042
 0.938,-1.041
 0.906,-1.041
 0.873,-1.055
 0.849,-1.079
 0.832,-1.091
 0.840,-1.130
 0.824,-1.162
 0.831,-1.197
 0.841,-1.209
 0.856,-1.240
 0.848,-1.264
 0.864,-1.279
 0.863,-1.276
 0.881,-1.280
 0.912,-1.294
 0.944,-1.294
 0.962,-1.282
 1.009,-1.310
 1.034,-1.336
 1.064,-1.333
 1.104,-1.325
 1.120,-1.310
 1.144,-1.303
 1.162,-1.306
 1.175,-1.333
 1.206,-1.347
 1.233,-1.344
 1.264,-1.359
 1.284,-1.395
 1.300,-1.442
 1.299,-1.487
 1.308,-1.543
 1.298,-1.608
 1.325,-1.683
 1.347,-1.735
 1.354,-1.769
 1.363,-1.811
 1.369,-1.861
 1.355,-1.865
 1.314,-1.855
 1.299,-1.857
 1.276,-1.835
 1.266,-1.808
 1.259,-1.819
 1.242,-1.817
 1.228,-1.850
 1.204,-1.858
 1.186,-1.854
 1.171,-1.841
 1.163,-1.816
 1.154,-1.792
 1.131,-1.771
 1.114,-1.753
 1.107,-1.716
 1.121,-1.696
 1.121,-1.621
 1.139,-1.593
 1.146,-1.569
 1.148,-1.573
 1.156,-1.564
 1.148,-1.573
 1.157,-1.597
 1.139,-1.609
 1.156,-1.640
 1.161,-1.643
 1.161,-1.659
 1.162,-1.661
 1.169,-1.668
 1.163,-1.678
 1.155,-1.654
 1.155,-1.656
 1.147,-1.631
 1.146,-1.629
 1.139,-1.624
 1.129,-1.628
 1.122,-1.622
 1.107,-1.624
 1.098,-1.598
 1.075,-1.577
 1.058,-1.560
 1.034,-1.566
 1.010,-1.559
 0.977,-1.573
 0.970,-1.552
 0.952,-1.517
 0.961,-1.495
 0.962,-1.451
 0.962,-1.436
 0.972,-1.417
 0.971,-1.415
 0.979,-1.407
 0.979,-1.407
 0.992,-1.402
 1.017,-1.395
 1.039,-1.370
 1.049,-1.364
 1.057,-1.373
 1.073,-1.403
 1.083,-1.446
 1.099,-1.461
 1.124,-1.501
 1.123,-1.515
 1.153,-1.512
 1.171,-1.500
 1.169,-1.497
 1.179,-1.492
 1.195,-1.478
 1.202,-1.483
 1.204,-1.487
 1.225,-1.475
 1.241,-1.475
 1.233,-1.466
 1.240,-1.458
 1.250,-1.468
 1.239,-1.472
 1.240,-1.503
 1.249,-1.482
 1.251,-1.485
 1.270,-1.490
 1.263,-1.483
 1.253,-1.489
 1.260,-1.494
 1.281,-1.498
 1.274,-1.506
 1.264,-1.480
 1.273,-1.444
 1.283,-1.423
 1.289,-1.429
 1.283,-1.423
 1.282,-1.422
 1.267,-1.423
 1.283,-1.392
 1.281,-1.375
 1.275,-1.354
 1.257,-1.335
 1.266,-1.344
 1.257,-1.335
 1.265,-1.328
 1.267,-1.331
 1.265,-1.359
 1.241,-1.413
 1.232,-1.418
 1.216,-1.418
 1.210,-1.430
 1.201,-1.435
 1.203,-1.438
 1.195,-1.431
 1.194,-1.445
 1.220,-1.471
 1.194,-1.476
 1.196,-1.493
 1.196,-1.493
 1.186,-1.483
 1.172,-1.502
 1.179,-1.523
 1.178,-1.537
 1.194,-1.552
 1.186,-1.590
 1.188,-1.640
 1.171,-1.669
 1.179,-1.694
 1.188,-1.734
 1.172,-1.796
 1.173,-1.860
 1.161,-1.892
 1.138,-1.918
 1.146,-1.956
 1.145,-1.969
 1.155,-1.980
 1.161,-1.969
 1.162,-1.956
 1.163,-1.943
 1.146,-1.909
 1.140,-1.920
 1.121,-1.914
 1.138,-1.885
 1.131,-1.864
 1.131,-1.864
 1.118,-1.886
 1.117,-1.915
 1.101,-1.946
 1.084,-1.975
 1.082,-2.002
 1.076,-2.044
 1.066,-2.077
 1.035,-2.142
 1.026,-2.148
 1.010,-2.179
 0.987,-2.205
 0.977,-2.207
 0.986,-2.172
 0.995,-2.137
 1.011,-2.121
 1.011,-2.075
 1.034,-2.064
 1.059,-2.059
 1.067,-2.051
 1.082,-2.064
 1.108,-2.075
 1.114,-2.095
 1.114,-2.127
 1.129,-2.140
 1.160,-2.092
 1.185,-2.025
 1.184,-1.976
 1.210,-1.943
 1.234,-1.874
 1.250,-1.843
 1.274,-1.774
 1.257,-1.725
 1.267,-1.674
 1.266,-1.643
 1.257,-1.601
 1.248,-1.561
 1.246,-1.527
 1.248,-1.530
 1.239,-1.506
 1.239,-1.506
 1.240,-1.492
 1.214,-1.450
 1.217,-1.440
 1.193,-1.446
 1.184,-1.453
 1.185,-1.471
 1.183,-1.481
 1.176,-1.491
 1.184,-1.452
 1.177,-1.445
 1.170,-1.424
 1.168,-1.421
 1.160,-1.427
 1.144,-1.412
 1.128,-1.396
 1.104,-1.373
 1.095,-1.379
 1.104,-1.373
 1.096,-1.382
 1.105,-1.359
 1.099,-1.340
 1.091,-1.316
 1.091,-1.302
 1.090,-1.283
 1.089,-1.297
 1.096,-1.304
 1.111,-1.301
 1.136,-1.327
 1.129,-1.335
 1.152,-1.358
 1.154,-1.361
 1.161,-1.367
 1.162,-1.353
 1.144,-1.365
 1.160,-1.350
 1.152,-1.358
 1.153,-1.374
 1.139,-1.392
 1.161,-1.398
 1.153,-1.407
 1.163,-1.432
 1.152,-1.451
 1.130,-1.508
 1.120,-1.529
 1.120,-1.529
 1.122,-1.531
 1.127,-1.501
 1.127,-1.457
 1.127,-1.441
 1.120,-1.420
 1.138,-1.408
 1.131,-1.401
 1.132,-1.387
 1.130,-1.339
 1.130,-1.306
 1.131,-1.292
 1.121,-1.296
 1.121,-1.297
 1.128,-1.303
 1.137,-1.281
 1.153,-1.282
 1.153,-1.296
 1.146,-1.306
 1.137,-1.313
 1.144,-1.303
 1.153,-1.282
 1.153,-1.250
 1.147,-1.230
 1.121,-1.204
 1.113,-1.180
 1.113,-1.149
 1.096,-1.132
 1.089,-1.095
 1.080,-1.085
 1.064,-1.038
 1.048,-1.023
 1.038,-0.996
 1.030,-0.958
 1.040,-0.922
 1.041,-0.877
 1.043,-0.834
 1.027,-0.787
 1.027,-0.772
 1.041,-0.754
 1.049,-0.746
 1.056,-0.736
 1.078,-0.743
 1.104,-0.752
 1.111,-0.760
 1.138,-0.739
 1.145,-0.715
 1.160,-0.699
 1.163,-0.671
 1.177,-0.654
 1.193,-0.638
 1.184,-0.614
 1.182,-0.581
 1.169,-0.553
 1.177,-0.545
 1.152,-0.536
 1.145,-0.530
 1.120,-0.536
 1.113,-0.575
 1.078,-0.603
 1.054,-0.596
 1.046,-0.573
 1.031,-0.573
 1.025,-0.583
 1.032,-0.606
 1.016,-0.606
 1.018,-0.607
 1.008,-0.614
 1.002,-0.623
 0.984,-0.621
 0.968,-0.636
 0.969,-0.637
 0.976,-0.613
 0.969,-0.637
 0.967,-0.666
 0.959,-0.720
 0.983,-0.759
 0.991,-0.782
 1.002,-0.824
 1.001,-0.838
 1.009,-0.894
 1.026,-0.909
 1.031,-0.914
 1.042,-0.894
 1.041,-0.877
 1.033,-0.885
 1.033,-0.885
 1.024,-0.907
 1.008,-0.922
 1.000,-0.945
 1.001,-0.993
 0.984,-1.022
 0.959,-1.043
 0.969,-1.087
 0.969,-1.118
 0.954,-1.150
 0.939,-1.183
 0.914,-1.219
 0.900,-1.269
 0.882,-1.326
 0.874,-1.366
 0.866,-1.388
 0.850,-1.402
 0.850,-1.404
 0.849,-1.385
 0.842,-1.349
 0.850,-1.326
 0.842,-1.302
 0.851,-1.298
 0.874,-1.302
 0.866,-1.311
 0.882,-1.295
 0.873,-1.270
 0.906,-1.242
 0.913,-1.185
 0.922,-1.164
 0.946,-1.126
 0.961,-1.093
 0.970,-1.056
 0.968,-1.022
 0.953,-0.992
 0.954,-0.962
 0.952,-0.960
 0.978,-0.940
 0.976,-0.938
 0.962,-0.909
 0.955,-0.887
 0.953,-0.854
 0.931,-0.833
 0.914,-0.831
 0.930,-0.831
 0.929,-0.830
 0.927,-0.781
 0.928,-0.752
 0.935,-0.712
 0.944,-0.705
 0.952,-0.667
 0.951,-0.635
 0.953,-0.607
 0.943,-0.582
 0.927,-0.566
 0.926,-0.550
 0.925,-0.518
 0.935,-0.512
 0.933,-0.511
 0.934,-0.527
 0.926,-0.550
 0.918,-0.588
 0.918,-0.605
 0.901,-0.587
 0.878,-0.581
 0.878,-0.581
 0.877,-0.579
 0.895,-0.550
 0.877,-0.518
 0.854,-0.481
 0.838,-0.435
 0.822,-0.388
 0.808,-0.389
 0.798,-0.410
 0.806,-0.434
 0.829,-0.456
 0.852,-0.494
 0.878,-0.550
 0.909,-0.611
 0.926,-0.659
 0.951,-0.683
 0.934,-0.697
 0.944,-0.707
 0.944,-0.722
 0.952,-0.761
 0.960,-0.769
 0.943,-0.766
 0.944,-0.753
 0.926,-0.766
 0.943,-0.783
 0.920,-0.807
 0.903,-0.821
 0.903,-0.838
 0.919,-0.836
 0.920,-0.838
 0.919,-0.837
 0.918,-0.850
 0.911,-0.844
 0.910,-0.844
 0.937,-0.839
 0.930,-0.833
 0.937,-0.825
 0.946,-0.802
 0.944,-0.800
 0.952,-0.791
 0.959,-0.782
 0.957,-0.781
 0.967,-0.744
 0.974,-0.751
 0.975,-0.783
 0.967,-0.806
 0.965,-0.819
 0.974,-0.828
 0.971,-0.840
 0.974,-0.859
 0.962,-0.849
 0.954,-0.857
 0.953,-0.840
 1.006,-0.843
 1.015,-0.853
 1.048,-0.870
 1.094,-0.868
 1.152,-0.848
 1.184,-0.848
 1.192,-0.841
 1.191,-0.824
 1.197,-0.815
 1.190,-0.808
 1.150,-0.785
 1.104,-0.755
 1.087,-0.708
 1.055,-0.646
 1.000,-0.576
 0.949,-0.495
 0.886,-0.449
 0.829,-0.409
 0.798,-0.394
 0.782,-0.364
 0.788,-0.354
 0.782,-0.348
 0.804,-0.323
 0.812,-0.315
 0.822,-0.309
 0.821,-0.324
 0.823,-0.357
 0.814,-0.379
 0.822,-0.417
 0.822,-0.448
 0.821,-0.463
 0.838,-0.495
 0.846,-0.518
 0.854,-0.511
 0.855,-0.496
 0.869,-0.479
 0.895,-0.474
 0.902,-0.480
 0.918,-0.465
 0.926,-0.472
 0.940,-0.471
 0.960,-0.459
 0.975,-0.458
 1.007,-0.458
 1.040,-0.444
 1.070,-0.442
 1.079,-0.436
 1.070,-0.442
 1.085,-0.442
 1.093,-0.435
 1.091,-0.433
 1.094,-0.451
 1.102,-0.474
 1.087,-0.490
 1.072,-0.507
 1.056,-0.537
 1.041,-0.569
 1.030,-0.590
 1.015,-0.590
 0.991,-0.598
 0.959,-0.612
 0.944,-0.630
 0.927,-0.629
 0.895,-0.643
 0.911,-0.627
 0.900,-0.601
 0.926,-0.565
 0.935,-0.543
 0.926,-0.534
 0.941,-0.565
 0.909,-0.564
 0.910,-0.582
 0.927,-0.582
 0.911,-0.598
 0.921,-0.623
 0.918,-0.636
 0.928,-0.660
 0.943,-0.675
 0.952,-0.684
 0.968,-0.699
 0.965,-0.712
 0.967,-0.714
 0.974,-0.721
 0.990,-0.737
 1.008,-0.754
 1.007,-0.769
 1.009,-0.802
 1.008,-0.816
 1.015,-0.823
 1.016,-0.823
 1.007,-0.815
 1.025,-0.832
 1.040,-0.831
 1.056,-0.847
 1.072,-0.863
 1.061,-0.882
 1.070,-0.890
 1.078,-0.883
 1.094,-0.899
 1.111,-0.931
 1.151,-0.954
 1.177,-0.965
 1.201,-0.988
 1.218,-1.021
 1.235,-1.054
 1.217,-1.097
 1.218,-1.114
 1.224,-1.103
 1.224,-1.119
 1.225,-1.150
 1.238,-1.177
 1.225,-1.212
 1.240,-1.242
 1.257,-1.306
 1.260,-1.402
 1.251,-1.485
 1.228,-1.525
 1.217,-1.528
 1.203,-1.500
 1.171,-1.500
 1.154,-1.498
 1.155,-1.484
 1.163,-1.462
 1.140,-1.486
 1.139,-1.484
 1.096,-1.441
 1.074,-1.404
 1.064,-1.349
 1.041,-1.311
 1.024,-1.294
 1.024,-1.262
 1.018,-1.229
 1.027,-1.175
 1.036,-1.154
 1.020,-1.154
 1.034,-1.150
 1.043,-1.143
 1.041,-1.124
 1.049,-1.102
 1.065,-1.086
 1.079,-1.068
 1.082,-1.057
 1.105,-1.078
 1.113,-1.102
 1.131,-1.121
 1.146,-1.090
 1.140,-1.084
 1.145,-1.072
 1.129,-1.056
 1.120,-1.047
 1.111,-1.038
 1.121,-1.018
 1.129,-0.978
 1.137,-0.925
 1.152,-0.846
 1.165,-0.797
 1.184,-0.754
 1.193,-0.700
 1.217,-0.678
 1.239,-0.652
 1.261,-0.628
 1.265,-0.569
 1.280,-0.507
 1.292,-0.471
 1.292,-0.471
 1.272,-0.484
 1.288,-0.500
 1.316,-0.497
 1.335,-0.500
 1.344,-0.492
 1.334,-0.530
 1.344,-0.554
 1.359,-0.600
 1.369,-0.672
 1.369,-0.734
 1.383,-0.809
 1.394,-0.898
 1.408,-0.958
 1.442,-1.022
 1.441,-1.051
 1.465,-1.059
 1.482,-1.091
 1.496,-1.104
 1.514,-1.123
 1.514,-1.154
 1.512,-1.198
 1.507,-1.254
 1.489,-1.315
 1.488,-1.406
 1.480,-1.491
 1.464,-1.537
 1.459,-1.518
 1.434,-1.494
 1.414,-1.476
 1.390,-1.453
 1.365,-1.458
 1.340,-1.465
 1.327,-1.434
 1.304,-1.413
 1.303,-1.396
 1.303,-1.396
 1.298,-1.392
 1.289,-1.415
 1.283,-1.409
 1.267,-1.409
 1.242,-1.385
 1.235,-1.347
 1.218,-1.314
 1.211,-1.308
 1.178,-1.275
 1.154,-1.267
 1.139,-1.237
 1.112,-1.210
 1.089,-1.173
 1.081,-1.149
 1.065,-1.133
 1.064,-1.117
 1.054,-1.091
 1.065,-1.072
 1.073,-1.064
 1.078,-1.068
 1.087,-1.047
 1.096,-1.024
 1.090,-1.004
 1.099,-1.030
 1.091,-1.021
 1.083,-1.029
 1.072,-1.017
 1.056,-1.017
 1.055,-1.016
 1.038,-1.014
 1.039,-1.016
 1.046,-0.992
 1.057,-1.003
 1.063,-0.977
 1.064,-0.963
 1.089,-0.926
 1.087,-0.893
 1.097,-0.887
 1.096,-0.901
 1.095,-0.916
 1.120,-0.910
 1.135,-0.909
 1.145,-0.903
 1.168,-0.894
 1.174,-0.869
 1.192,-0.856
 1.205,-0.821
 1.223,-0.793
 1.240,-0.763
 1.255,-0.762
 1.265,-0.756
 1.278,-0.753
 1.310,-0.754
 1.328,-0.741
 1.336,-0.748
 1.355,-0.751
 1.369,-0.765
 1.370,-0.750
 1.377,-0.758
 1.368,-0.748
 1.361,-0.741
 1.358,-0.708
 1.352,-0.686
 1.351,-0.670
 1.327,-0.662
 1.343,-0.662
 1.335,-0.638
 1.321,-0.593
 1.305,-0.562
 1.289,-0.547
 1.297,-0.538
 1.286,-0.528
 1.288,-0.546
 1.288,-0.515
 1.264,-0.507
 1.257,-0.515
 1.256,-0.530
 1.233,-0.569
 1.224,-0.607
 1.207,-0.637
 1.193,-0.701
 1.175,-0.761
 1.168,-0.770
 1.160,-0.778
 1.158,-0.775
 1.168,-0.770
 1.167,-0.754
 1.178,-0.733
 1.186,-0.710
 1.194,-0.702
 1.218,-0.680
 1.215,-0.661
 1.217,-0.631
 1.231,-0.599
 1.230,-0.614
 1.239,-0.607
 1.238,-0.621
 1.231,-0.645
 1.231,-0.645
 1.216,-0.631
 1.219,-0.633
 1.209,-0.655
 1.218,-0.663
 1.193,-0.669
 1.169,-0.662
 1.169,-0.662
 1.160,-0.653
 1.161,-0.670
 1.168,-0.676
 1.159,-0.668
 1.160,-0.653
 1.158,-0.651
 1.153,-0.677
 1.144,-0.700
 1.120,-0.738
 1.129,-0.746
 1.126,-0.790
 1.119,-0.829
 1.121,-0.847
 1.138,-0.880
 1.141,-0.899
 1.140,-0.928
 1.149,-0.953
 1.138,-0.988
 1.130,-1.026
 1.139,-1.035
 1.137,-1.032
 1.161,-1.039
 1.158,-1.021
 1.152,-1.000
 1.146,-0.980
 1.129,-0.947
 1.139,-0.896
 1.131,-0.857
 1.139,-0.849
 1.138,-0.832
 1.152,-0.815
 1.146,-0.794
 1.154,-0.801
 1.161,-0.793
 1.185,-0.770
 1.184,-0.769
 1.178,-0.762
 1.168,-0.768
 1.169,-0.785
 1.186,-0.786
