-0.828, 0.421
-0.809, 0.440
-0.802, 0.449
-0.793, 0.440
-0.802, 0.392
-0.823, 0.373
-0.840, 0.354
-0.888, 0.307
-0.897, 0.297
-0.926, 0.288
-0.938, 0.298
-0.937, 0.279
-0.967, 0.250
-0.967, 0.250
-0.975, 0.241
-0.977, 0.241
-0.968, 0.250
-0.958, 0.279
-0.959, 0.298
-0.940, 0.317
-0.921, 0.316
-0.891, 0.345
-0.891, 0.345
-0.872, 0.345
-0.850, 0.364
-0.801, 0.354
-0.780, 0.392
-0.760, 0.392
-0.760, 0.430
-0.740, 0.449
-0.733, 0.459
-0.722, 0.468
-0.702, 0.449
-0.702, 0.430
-0.711, 0.401
-0.713, 0.401
-0.691, 0.382
-0.691, 0.363
-0.681, 0.353
-0.671, 0.343
-0.683, 0.334
-0.663, 0.334
-0.653, 0.305
-0.664, 0.295
-0.681, 0.257
-0.702, 0.238
-0.701, 0.239
-0.730, 0.229
-0.741, 0.258
-0.741, 0.258
-0.762, 0.258
-0.781, 0.277
-0.762, 0.296
-0.743, 0.296
-0.721, 0.315
-0.713, 0.324
-0.722, 0.353
-0.722, 0.353
-0.712, 0.382
-0.682, 0.372
-0.694, 0.362
-0.682, 0.334
-0.711, 0.325
-0.713, 0.324
-0.721, 0.315
-0.723, 0.276
-0.732, 0.267
-0.743, 0.219
-0.732, 0.209
-0.760, 0.201
-0.751, 0.172
-0.751, 0.172
-0.781, 0.162
-0.771, 0.153
-0.781, 0.124
-0.772, 0.095
-0.762, 0.066
-0.772, 0.056
-0.762, 0.027
-0.761,-0.010
-0.771,-0.021
-0.761,-0.030
-0.761,-0.068
-0.761,-0.068
-0.770,-0.077
-0.771,-0.078
-0.770,-0.078
-0.770,-0.096
-0.771,-0.097
-0.780,-0.106
-0.772,-0.117
-0.751,-0.117
-0.781,-0.126
-0.801,-0.165
-0.800,-0.163
-0.801,-0.165
-0.801,-0.164
-0.810,-0.173
-0.801,-0.183
-0.779,-0.201
-0.781,-0.202
-0.770,-0.193
-0.760,-0.202
-0.762,-0.165
-0.741,-0.164
-0.722,-0.165
-0.702,-0.165
-0.690,-0.173
-0.692,-0.174
-0.680,-0.183
-0.662,-0.165
-0.652,-0.175
-0.642,-0.203
-0.642,-0.184
-0.631,-0.193
-0.632,-0.213
-0.632,-0.232
-0.631,-0.251
-0.642,-0.260
-0.651,-0.270
-0.652,-0.252
-0.663,-0.243
-0.672,-0.270
-0.663,-0.262
-0.691,-0.269
-0.692,-0.271
-0.702,-0.261
-0.710,-0.250
-0.712,-0.213
-0.710,-0.212
-0.721,-0.202
-0.711,-0.193
-0.730,-0.192
-0.723,-0.184
-0.731,-0.174
-0.743,-0.165
-0.733,-0.156
-0.731,-0.135
-0.712,-0.136
-0.711,-0.135
-0.701,-0.145
-0.692,-0.136
-0.692,-0.136
-0.683,-0.127
-0.672,-0.117
-0.683,-0.127
-0.672,-0.155
-0.681,-0.164
-0.682,-0.184
-0.701,-0.182
-0.723,-0.184
-0.722,-0.203
-0.740,-0.221
-0.742,-0.223
-0.761,-0.241
-0.762,-0.261
-0.763,-0.281
-0.772,-0.289
-0.791,-0.308
-0.790,-0.307
-0.800,-0.297
-0.791,-0.288
-0.789,-0.287
-0.791,-0.288
-0.809,-0.307
-0.820,-0.316
-0.811,-0.308
-0.820,-0.316
-0.831,-0.327
-0.840,-0.317
-0.850,-0.345
-0.849,-0.365
-0.859,-0.393
-0.830,-0.404
-0.820,-0.412
-0.850,-0.422
-0.850,-0.422
-0.838,-0.392
-0.840,-0.394
-0.828,-0.402
-0.820,-0.375
-0.791,-0.366
-0.790,-0.345
-0.801,-0.317
-0.790,-0.308
-0.762,-0.299
-0.763,-0.281
-0.761,-0.319
-0.772,-0.329
-0.741,-0.356
-0.750,-0.346
-0.750,-0.346
-0.731,-0.327
-0.750,-0.346
-0.750,-0.326
-0.750,-0.326
-0.751,-0.327
-0.740,-0.317
-0.752,-0.310
-0.731,-0.289
-0.721,-0.261
-0.742,-0.261
-0.750,-0.249
-0.732,-0.232
-0.721,-0.203
-0.722,-0.184
-0.712,-0.155
-0.681,-0.126
-0.682,-0.069
-0.671,-0.039
-0.652,-0.002
-0.633, 0.055
-0.611, 0.094
-0.562, 0.180
-0.523, 0.275
-0.484, 0.370
-0.456, 0.456
-0.416, 0.533
-0.406, 0.619
-0.376, 0.686
-0.325, 0.752
-0.286, 0.847
-0.246, 0.904
-0.228, 0.982
-0.217, 1.029
-0.207, 1.077
-0.189, 1.135
-0.178, 1.162
-0.189, 1.193
-0.188, 1.191
-0.178, 1.200
-0.188, 1.249
-0.188, 1.267
-0.189, 1.307
-0.179, 1.335
-0.189, 1.345
-0.189, 1.346
-0.189, 1.344
-0.209, 1.345
-0.209, 1.345
-0.228, 1.325
-0.239, 1.297
-0.248, 1.306
-0.258, 1.278
-0.278, 1.278
-0.288, 1.269
-0.308, 1.251
-0.328, 1.212
-0.348, 1.194
-0.348, 1.174
-0.367, 1.135
-0.397, 1.107
-0.386, 1.096
-0.387, 1.079
-0.397, 1.069
-0.397, 1.050
-0.387, 1.040
-0.386, 1.039
-0.377, 1.050
-0.377, 1.030
-0.367, 1.040
-0.358, 1.050
-0.347, 1.039
-0.367, 1.040
-0.347, 1.021
-0.356, 1.030
-0.347, 1.040
-0.346, 1.020
-0.327, 1.021
-0.317, 1.030
-0.326, 1.039
-0.316, 1.049
-0.316, 1.048
-0.316, 1.049
-0.307, 1.059
-0.307, 1.039
-0.307, 1.021
-0.326, 1.000
-0.327, 1.002
-0.336, 0.973
-0.346, 0.963
-0.346, 0.926
-0.366, 0.906
-0.386, 0.849
-0.385, 0.829
-0.385, 0.791
-0.406, 0.734
-0.415, 0.686
-0.435, 0.609
-0.455, 0.533
-0.484, 0.447
-0.525, 0.332
-0.534, 0.246
-0.534, 0.151
-0.544, 0.064
-0.544,-0.013
-0.555,-0.080
-0.533,-0.137
-0.524,-0.146
-0.503,-0.165
-0.482,-0.222
-0.474,-0.253
-0.443,-0.262
-0.384,-0.244
-0.354,-0.235
-0.334,-0.254
-0.325,-0.246
-0.305,-0.246
-0.305,-0.266
-0.304,-0.264
-0.323,-0.281
-0.344,-0.243
-0.354,-0.215
-0.385,-0.187
-0.396,-0.159
-0.415,-0.120
-0.436,-0.121
-0.455,-0.099
-0.474,-0.080
-0.495,-0.080
-0.513,-0.098
-0.524,-0.089
-0.524,-0.089
-0.555,-0.100
-0.544,-0.108
-0.553,-0.117
-0.565,-0.128
-0.564,-0.108
-0.564,-0.108
-0.565,-0.090
-0.544,-0.089
-0.546,-0.090
-0.515,-0.080
-0.496,-0.080
-0.495,-0.061
-0.475,-0.060
-0.466,-0.071
-0.455,-0.080
-0.435,-0.061
-0.417,-0.043
-0.415,-0.079
-0.416,-0.080
-0.416,-0.062
-0.416,-0.062
-0.397,-0.024
-0.377,-0.024
-0.377,-0.044
-0.377,-0.062
-0.406,-0.071
-0.406,-0.071
-0.396,-0.061
-0.396,-0.081
-0.406,-0.090
-0.396,-0.119
-0.406,-0.129
-0.396,-0.118
-0.387,-0.130
-0.387,-0.130
-0.397,-0.138
-0.387,-0.130
-0.387,-0.110
-0.367,-0.130
-0.357,-0.120
-0.347,-0.129
-0.338,-0.101
-0.317,-0.081
-0.308,-0.053
-0.298,-0.043
-0.308,-0.034
-0.288,-0.015
-0.288, 0.005
-0.279, 0.033
-0.279, 0.071
-0.279, 0.091
-0.289, 0.119
-0.288, 0.158
-0.308, 0.158
-0.298, 0.206
-0.297, 0.244
-0.288, 0.292
-0.287, 0.331
-0.288, 0.350
-0.297, 0.379
-0.287, 0.388
-0.308, 0.407
-0.298, 0.417
-0.298, 0.436
-0.278, 0.455
-0.278, 0.455
-0.269, 0.426
-0.258, 0.417
-0.249, 0.407
-0.218, 0.378
-0.228, 0.368
-0.219, 0.339
-0.218, 0.301
-0.219, 0.262
-0.208, 0.234
-0.218, 0.206
-0.209, 0.176
-0.198, 0.186
-0.189, 0.157
-0.189, 0.157
-0.199, 0.147
-0.199, 0.128
-0.189, 0.099
-0.208, 0.099
-0.208, 0.100
-0.208, 0.119
-0.188, 0.100
-0.198, 0.110
-0.179, 0.109
-0.179, 0.109
-0.179, 0.089
-0.179, 0.070
-0.179, 0.071
-0.159, 0.070
-0.149, 0.080
-0.149, 0.061
-0.149, 0.060
-0.159, 0.071
-0.140, 0.070
-0.119, 0.070
-0.129, 0.042
-0.120, 0.032
-0.119, 0.052
-0.109, 0.061
-0.119, 0.051
-0.119, 0.051
-0.140, 0.070
-0.140, 0.089
-0.159, 0.108
-0.169, 0.137
-0.179, 0.128
-0.169, 0.137
-0.189, 0.157
-0.209, 0.176
-0.209, 0.195
-0.209, 0.196
-0.209, 0.215
-0.199, 0.224
-0.219, 0.224
-0.219, 0.243
-0.229, 0.234
-0.249, 0.234
-0.238, 0.225
-0.238, 0.205
-0.248, 0.215
-0.248, 0.196
-0.258, 0.167
-0.278, 0.167
-0.288, 0.138
-0.288, 0.138
-0.277, 0.130
-0.268, 0.119
-0.267, 0.120
-0.277, 0.110
-0.268, 0.099
-0.267, 0.062
-0.267, 0.023
-0.277, 0.015
-0.267, 0.023
-0.267, 0.042
-0.277, 0.033
-0.278, 0.012
-0.287, 0.003
-0.268,-0.016
-0.287,-0.015
-0.286,-0.033
-0.306,-0.033
-0.316,-0.042
-0.336,-0.081
-0.346,-0.091
-0.335,-0.100
-0.336,-0.120
-0.346,-0.129
-0.346,-0.148
-0.346,-0.168
-0.355,-0.176
-0.346,-0.207
-0.336,-0.215
-0.336,-0.235
-0.336,-0.255
-0.326,-0.264
-0.327,-0.323
-0.316,-0.351
-0.315,-0.388
-0.315,-0.427
-0.325,-0.473
-0.325,-0.475
-0.315,-0.524
-0.305,-0.551
-0.305,-0.571
-0.325,-0.590
-0.335,-0.602
-0.335,-0.640
-0.315,-0.659
-0.335,-0.678
-0.314,-0.713
-0.315,-0.716
-0.334,-0.714
-0.324,-0.725
-0.324,-0.725
-0.314,-0.752
-0.304,-0.744
-0.314,-0.772
-0.314,-0.772
-0.305,-0.765
-0.294,-0.753
-0.305,-0.745
-0.285,-0.725
-0.304,-0.743
-0.304,-0.744
-0.314,-0.752
-0.315,-0.736
-0.315,-0.754
-0.314,-0.793
-0.324,-0.784
-0.314,-0.811
-0.334,-0.812
-0.324,-0.821
-0.333,-0.846
-0.334,-0.849
-0.324,-0.839
-0.325,-0.841
-0.314,-0.831
-0.324,-0.821
-0.325,-0.803
-0.294,-0.792
-0.305,-0.784
-0.295,-0.774
-0.285,-0.783
-0.305,-0.784
-0.314,-0.790
-0.324,-0.782
-0.324,-0.782
-0.304,-0.781
-0.315,-0.756
-0.305,-0.763
-0.325,-0.764
-0.324,-0.782
-0.334,-0.790
-0.325,-0.764
-0.324,-0.762
-0.324,-0.782
-0.335,-0.793
-0.354,-0.791
-0.363,-0.801
-0.363,-0.799
-0.363,-0.819
-0.334,-0.831
-0.304,-0.840
-0.284,-0.842
-0.263,-0.838
-0.254,-0.830
-0.254,-0.833
-0.234,-0.832
-0.235,-0.835
-0.234,-0.794
-0.214,-0.813
-0.224,-0.803
-0.243,-0.800
-0.254,-0.774
-0.254,-0.754
-0.264,-0.745
-0.264,-0.725
-0.254,-0.695
-0.254,-0.697
-0.264,-0.687
-0.265,-0.707
-0.245,-0.688
-0.245,-0.668
-0.255,-0.660
-0.245,-0.668
-0.255,-0.678
-0.245,-0.668
-0.255,-0.658
-0.245,-0.650
-0.245,-0.629
-0.235,-0.619
-0.235,-0.619
-0.244,-0.628
-0.235,-0.640
-0.235,-0.619
-0.245,-0.629
-0.245,-0.629
-0.234,-0.637
-0.236,-0.641
-0.245,-0.629
-0.246,-0.631
-0.236,-0.623
-0.265,-0.610
-0.245,-0.611
-0.245,-0.610
-0.235,-0.600
-0.245,-0.572
-0.235,-0.562
-0.245,-0.534
-0.236,-0.544
-0.255,-0.563
-0.246,-0.554
-0.245,-0.571
-0.245,-0.573
-0.235,-0.562
-0.245,-0.572
-0.255,-0.563
-0.245,-0.551
-0.246,-0.554
-0.255,-0.542
-0.255,-0.524
-0.256,-0.506
-0.255,-0.504
-0.266,-0.496
-0.285,-0.495
-0.285,-0.495
-0.275,-0.466
-0.285,-0.456
-0.286,-0.458
-0.286,-0.458
-0.296,-0.467
-0.306,-0.476
-0.315,-0.465
-0.306,-0.477
-0.326,-0.458
-0.336,-0.486
-0.326,-0.477
-0.335,-0.484
-0.345,-0.495
-0.344,-0.493
-0.355,-0.503
-0.355,-0.506
-0.345,-0.513
-0.335,-0.524
-0.354,-0.522
-0.363,-0.511
-0.364,-0.475
-0.383,-0.435
-0.375,-0.409
-0.375,-0.370
-0.384,-0.340
-0.375,-0.294
-0.375,-0.234
-0.375,-0.197
-0.355,-0.178
-0.375,-0.158
-0.385,-0.130
-0.375,-0.100
-0.375,-0.081
-0.375,-0.081
-0.375,-0.062
-0.376,-0.044
-0.385,-0.033
-0.366,-0.034
-0.386,-0.014
-0.395,-0.023
-0.405,-0.014
-0.395,-0.004
-0.405, 0.005
-0.376, 0.014
-0.375,-0.005
-0.386, 0.004
-0.385, 0.005
-0.376, 0.015
-0.395, 0.015
-0.395, 0.034
-0.396, 0.033
-0.395, 0.034
-0.405, 0.044
-0.395, 0.034
-0.405, 0.025
-0.416, 0.033
-0.415, 0.034
-0.425, 0.024
-0.415, 0.014
-0.444,-0.033
-0.454,-0.042
-0.464,-0.051
-0.455,-0.081
-0.465,-0.091
-0.474,-0.099
-0.465,-0.110
-0.474,-0.099
-0.464,-0.109
-0.465,-0.091
-0.474,-0.099
-0.475,-0.062
-0.483,-0.070
-0.484,-0.071
-0.495,-0.062
-0.494,-0.061
-0.496,-0.063
-0.475,-0.062
-0.505,-0.071
-0.494,-0.061
-0.514,-0.061
-0.515,-0.062
-0.504,-0.051
-0.494,-0.061
-0.495,-0.081
-0.494,-0.118
-0.494,-0.138
-0.474,-0.138
-0.484,-0.148
-0.485,-0.149
-0.484,-0.147
-0.495,-0.158
-0.484,-0.147
-0.485,-0.167
-0.475,-0.177
-0.474,-0.176
-0.465,-0.187
-0.474,-0.176
-0.465,-0.187
-0.465,-0.187
-0.454,-0.195
-0.445,-0.187
-0.455,-0.197
-0.454,-0.215
-0.444,-0.224
-0.454,-0.214
-0.455,-0.216
-0.455,-0.234
-0.445,-0.264
-0.446,-0.284
-0.435,-0.292
-0.425,-0.322
-0.424,-0.340
-0.424,-0.359
-0.416,-0.390
-0.394,-0.426
-0.424,-0.456
-0.404,-0.455
-0.404,-0.455
-0.404,-0.456
-0.384,-0.455
-0.404,-0.457
-0.384,-0.437
-0.383,-0.436
-0.384,-0.418
-0.403,-0.417
-0.385,-0.419
-0.395,-0.409
-0.404,-0.418
-0.395,-0.409
-0.403,-0.416
-0.404,-0.418
-0.394,-0.408
-0.394,-0.427
-0.394,-0.428
-0.403,-0.454
-0.394,-0.446
-0.414,-0.446
-0.414,-0.446
-0.425,-0.458
-0.414,-0.466
-0.425,-0.476
-0.424,-0.475
-0.464,-0.494
-0.454,-0.504
-0.473,-0.483
-0.474,-0.485
-0.473,-0.503
-0.473,-0.521
-0.484,-0.552
-0.492,-0.579
-0.494,-0.563
-0.493,-0.581
-0.483,-0.629
-0.494,-0.639
-0.482,-0.665
-0.473,-0.657
-0.463,-0.648
-0.463,-0.648
-0.464,-0.650
-0.462,-0.684
-0.473,-0.694
-0.463,-0.704
-0.443,-0.724
-0.444,-0.726
-0.424,-0.725
-0.414,-0.755
-0.423,-0.764
-0.413,-0.770
-0.403,-0.780
-0.403,-0.742
-0.404,-0.745
-0.414,-0.716
-0.404,-0.725
-0.395,-0.718
-0.404,-0.706
-0.414,-0.696
-0.404,-0.666
-0.413,-0.675
-0.414,-0.678
-0.393,-0.676
-0.403,-0.686
-0.394,-0.715
-0.403,-0.723
-0.384,-0.726
-0.393,-0.733
-0.394,-0.717
-0.384,-0.726
-0.383,-0.743
-0.394,-0.755
-0.384,-0.763
-0.394,-0.774
-0.383,-0.782
-0.383,-0.781
-0.383,-0.782
-0.373,-0.791
-0.404,-0.782
-0.394,-0.774
-0.394,-0.773
-0.405,-0.784
-0.373,-0.770
-0.394,-0.754
-0.394,-0.736
-0.394,-0.754
-0.396,-0.758
-0.404,-0.764
-0.404,-0.764
-0.414,-0.734
-0.403,-0.761
-0.403,-0.724
-0.413,-0.714
-0.414,-0.696
-0.404,-0.706
-0.404,-0.705
-0.394,-0.695
-0.403,-0.684
-0.394,-0.677
-0.404,-0.688
-0.403,-0.686
-0.414,-0.696
-0.413,-0.693
-0.423,-0.705
-0.434,-0.697
-0.453,-0.695
-0.464,-0.689
-0.453,-0.676
-0.473,-0.694
-0.453,-0.676
-0.452,-0.656
-0.454,-0.658
-0.453,-0.656
-0.453,-0.638
-0.454,-0.640
-0.472,-0.638
-0.454,-0.640
-0.454,-0.620
-0.464,-0.609
-0.464,-0.609
-0.483,-0.608
-0.493,-0.581
-0.464,-0.571
-0.473,-0.561
-0.474,-0.562
-0.473,-0.542
-0.484,-0.533
-0.483,-0.531
-0.474,-0.523
-0.464,-0.514
-0.463,-0.512
-0.474,-0.523
-0.464,-0.533
-0.473,-0.542
-0.444,-0.553
-0.463,-0.551
-0.454,-0.581
-0.444,-0.590
-0.453,-0.599
-0.474,-0.620
-0.463,-0.628
-0.453,-0.638
-0.453,-0.617
-0.453,-0.617
-0.433,-0.619
-0.443,-0.608
-0.444,-0.611
-0.444,-0.611
-0.444,-0.611
-0.434,-0.621
-0.443,-0.608
-0.464,-0.609
-0.483,-0.590
-0.483,-0.589
-0.474,-0.581
-0.493,-0.580
-0.503,-0.571
-0.503,-0.571
-0.493,-0.559
-0.494,-0.562
-0.493,-0.559
-0.475,-0.563
-0.484,-0.552
-0.484,-0.552
-0.474,-0.543
-0.474,-0.561
-0.474,-0.561
-0.454,-0.542
-0.463,-0.551
-0.455,-0.544
-0.453,-0.541
-0.463,-0.551
-0.463,-0.551
-0.463,-0.530
-0.465,-0.573
-0.444,-0.590
-0.455,-0.621
-0.454,-0.620
-0.443,-0.647
-0.444,-0.667
-0.433,-0.694
-0.454,-0.716
-0.444,-0.726
-0.453,-0.734
-0.454,-0.737
-0.473,-0.753
-0.474,-0.774
-0.473,-0.791
-0.492,-0.789
-0.483,-0.782
-0.482,-0.780
-0.503,-0.782
-0.504,-0.764
-0.513,-0.735
-0.514,-0.755
-0.512,-0.732
-0.513,-0.753
-0.532,-0.733
-0.532,-0.713
-0.544,-0.687
-0.533,-0.677
-0.544,-0.687
-0.534,-0.696
-0.542,-0.702
-0.513,-0.714
-0.523,-0.704
-0.513,-0.735
-0.503,-0.744
-0.511,-0.750
-0.503,-0.744
-0.502,-0.742
-0.513,-0.773
-0.504,-0.785
-0.513,-0.812
-0.494,-0.813
-0.473,-0.828
-0.492,-0.828
-0.493,-0.830
-0.493,-0.809
-0.483,-0.802
-0.463,-0.783
-0.453,-0.772
-0.453,-0.772
-0.443,-0.761
-0.444,-0.746
-0.424,-0.744
-0.434,-0.755
-0.424,-0.765
-0.423,-0.762
-0.424,-0.744
-0.404,-0.743
-0.404,-0.764
-0.424,-0.765
-0.413,-0.791
-0.434,-0.811
-0.413,-0.810
-0.423,-0.839
-0.423,-0.839
-0.433,-0.847
-0.434,-0.851
-0.424,-0.860
-0.404,-0.861
-0.425,-0.863
-0.414,-0.889
-0.425,-0.900
-0.414,-0.907
-0.423,-0.878
-0.414,-0.870
-0.393,-0.868
-0.384,-0.880
-0.393,-0.869
-0.393,-0.869
-0.393,-0.869
-0.393,-0.869
-0.384,-0.881
-0.374,-0.888
-0.383,-0.897
-0.383,-0.918
-0.373,-0.927
-0.384,-0.958
-0.393,-0.965
-0.403,-0.974
-0.393,-0.984
-0.393,-1.002
-0.393,-1.023
-0.413,-1.042
-0.403,-1.053
-0.393,-1.082
-0.403,-1.089
-0.413,-1.101
-0.423,-1.112
-0.433,-1.120
-0.444,-1.152
-0.433,-1.157
-0.433,-1.178
-0.452,-1.176
-0.471,-1.194
-0.463,-1.188
-0.501,-1.185
-0.522,-1.186
-0.532,-1.176
-0.512,-1.157
-0.513,-1.139
-0.511,-1.116
-0.523,-1.092
-0.523,-1.092
-0.513,-1.100
-0.523,-1.113
-0.522,-1.109
-0.522,-1.109
-0.502,-1.090
-0.492,-1.118
-0.493,-1.120
-0.482,-1.127
-0.482,-1.148
-0.482,-1.148
-0.481,-1.146
-0.472,-1.159
-0.462,-1.146
-0.462,-1.167
-0.452,-1.176
-0.451,-1.175
-0.443,-1.169
-0.432,-1.155
-0.433,-1.159
-0.433,-1.159
-0.443,-1.148
-0.444,-1.150
-0.433,-1.119
-0.443,-1.129
-0.434,-1.120
-0.433,-1.117
-0.443,-1.129
-0.423,-1.127
-0.414,-1.140
-0.404,-1.150
-0.403,-1.168
-0.404,-1.171
-0.384,-1.187
-0.403,-1.206
-0.384,-1.208
-0.383,-1.205
-0.365,-1.209
-0.354,-1.198
-0.354,-1.198
-0.354,-1.198
-0.363,-1.224
-0.344,-1.247
-0.334,-1.235
-0.354,-1.254
-0.333,-1.254
-0.332,-1.287
-0.333,-1.291
-0.353,-1.293
-0.364,-1.305
-0.354,-1.316
-0.364,-1.344
-0.364,-1.344
-0.363,-1.340
-0.373,-1.329
-0.383,-1.320
-0.383,-1.320
-0.374,-1.315
-0.383,-1.282
-0.393,-1.273
-0.413,-1.275
-0.423,-1.243
-0.414,-1.217
-0.404,-1.189
-0.413,-1.159
-0.433,-1.140
-0.422,-1.107
-0.433,-1.063
-0.434,-1.024
-0.424,-0.996
-0.424,-0.996
-0.423,-0.993
-0.434,-0.986
-0.433,-0.984
-0.452,-1.003
-0.434,-0.986
-0.442,-1.011
-0.453,-1.024
-0.452,-1.003
-0.463,-1.014
-0.474,-1.008
-0.463,-1.013
-0.463,-1.034
-0.473,-1.041
-0.481,-1.029
-0.472,-1.022
-0.492,-1.001
-0.493,-1.004
-0.493,-0.984
-0.482,-0.973
-0.483,-0.956
-0.482,-0.935
-0.493,-0.889
-0.483,-0.879
-0.493,-0.870
-0.494,-0.852
-0.493,-0.849
-0.493,-0.831
-0.493,-0.811
-0.482,-0.800
-0.464,-0.803
-0.472,-0.771
-0.474,-0.735
-0.463,-0.725
-0.463,-0.725
-0.464,-0.744
-0.472,-0.712
-0.453,-0.696
-0.454,-0.677
-0.453,-0.657
-0.464,-0.630
-0.454,-0.601
-0.464,-0.591
-0.464,-0.571
-0.473,-0.540
-0.464,-0.494
-0.463,-0.474
-0.464,-0.456
-0.474,-0.466
-0.474,-0.484
-0.484,-0.495
-0.463,-0.512
-0.475,-0.524
-0.494,-0.523
-0.493,-0.541
-0.504,-0.551
-0.514,-0.580
-0.514,-0.600
-0.524,-0.629
-0.523,-0.647
-0.525,-0.708
-0.533,-0.752
-0.524,-0.803
-0.504,-0.822
-0.512,-0.867
-0.513,-0.869
-0.513,-0.868
-0.514,-0.889
-0.494,-0.910
-0.503,-0.918
-0.504,-0.920
-0.513,-0.926
-0.503,-0.936
-0.503,-0.936
-0.502,-0.954
-0.503,-0.995
-0.472,-0.965
-0.452,-0.984
-0.473,-0.947
-0.471,-0.944
-0.463,-0.919
-0.452,-0.909
-0.453,-0.891
-0.453,-0.871
-0.452,-0.869
-0.453,-0.832
-0.452,-0.811
-0.472,-0.792
-0.463,-0.783
-0.482,-0.781
-0.474,-0.775
-0.473,-0.754
-0.482,-0.763
-0.483,-0.745
-0.482,-0.781
-0.492,-0.791
-0.492,-0.811
-0.503,-0.841
-0.523,-0.843
-0.522,-0.878
-0.533,-0.892
-0.542,-0.937
-0.551,-0.964
-0.572,-0.984
-0.580,-0.990
-0.602,-0.995
-0.612,-0.984
-0.621,-0.993
-0.611,-1.003
-0.600,-0.991
-0.611,-1.003
-0.601,-1.012
-0.612,-1.024
-0.613,-1.026
-0.611,-1.040
-0.622,-1.052
-0.610,-1.021
-0.621,-1.031
-0.641,-1.033
-0.650,-1.021
-0.662,-1.034
-0.651,-1.042
-0.660,-1.050
-0.671,-1.061
-0.659,-1.066
-0.670,-1.078
-0.651,-1.080
-0.650,-1.098
-0.651,-1.101
-0.640,-1.127
-0.631,-1.159
-0.641,-1.148
-0.620,-1.164
-0.600,-1.186
-0.600,-1.184
-0.591,-1.216
-0.580,-1.205
-0.589,-1.193
-0.590,-1.195
-0.590,-1.173
-0.572,-1.140
-0.572,-1.140
-0.590,-1.156
-0.592,-1.121
-0.601,-1.128
-0.602,-1.110
-0.602,-1.110
-0.591,-1.098
-0.602,-1.072
-0.600,-1.088
-0.611,-1.081
-0.601,-1.052
-0.620,-1.051
-0.611,-1.042
-0.620,-1.051
-0.622,-1.052
-0.611,-1.042
-0.610,-1.040
-0.622,-1.035
-0.631,-1.022
-0.641,-1.014
-0.631,-1.023
-0.620,-1.011
-0.632,-1.005
-0.620,-0.991
-0.630,-1.002
-0.621,-0.993
-0.610,-1.000
-0.612,-0.986
-0.622,-0.975
-0.612,-0.986
-0.632,-1.005
-0.630,-1.002
-0.631,-0.984
-0.611,-0.944
-0.611,-0.926
-0.612,-0.888
-0.611,-0.867
-0.622,-0.860
-0.621,-0.839
-0.601,-0.839
-0.591,-0.828
-0.590,-0.808
-0.602,-0.783
-0.593,-0.812
-0.593,-0.812
-0.573,-0.814
-0.583,-0.821
-0.573,-0.832
-0.572,-0.850
-0.581,-0.859
-0.581,-0.859
-0.580,-0.856
-0.592,-0.869
-0.591,-0.867
-0.600,-0.857
-0.612,-0.849
-0.612,-0.849
-0.612,-0.870
-0.621,-0.858
-0.621,-0.858
-0.622,-0.840
-0.621,-0.820
-0.632,-0.793
-0.621,-0.781
-0.621,-0.781
-0.623,-0.784
-0.631,-0.771
-0.621,-0.781
-0.631,-0.771
-0.632,-0.792
-0.622,-0.823
-0.631,-0.849
-0.633,-0.871
-0.632,-0.889
-0.641,-0.898
-0.632,-0.928
-0.640,-0.934
-0.661,-0.956
-0.660,-0.935
-0.660,-0.935
-0.670,-0.926
-0.679,-0.933
-0.670,-0.926
-0.682,-0.918
-0.680,-0.877
-0.681,-0.859
-0.671,-0.868
-0.702,-0.860
-0.701,-0.840
-0.691,-0.849
-0.683,-0.823
-0.671,-0.830
-0.692,-0.831
-0.701,-0.801
-0.700,-0.799
-0.692,-0.792
-0.700,-0.799
-0.700,-0.819
-0.682,-0.803
-0.692,-0.831
-0.702,-0.860
-0.701,-0.878
-0.692,-0.869
-0.691,-0.887
-0.679,-0.895
-0.701,-0.897
-0.710,-0.886
-0.721,-0.918
-0.731,-0.946
-0.729,-0.943
-0.742,-0.956
-0.720,-0.973
-0.721,-0.994
-0.701,-0.975
-0.700,-0.954
-0.702,-0.957
-0.671,-0.945
-0.652,-0.947
-0.632,-0.928
-0.631,-0.945
-0.652,-0.947
-0.651,-0.965
-0.632,-0.966
-0.622,-0.975
-0.610,-1.000
-0.612,-1.024
-0.600,-1.030
-0.591,-1.041
-0.602,-1.054
-0.582,-1.053
-0.583,-1.056
-0.572,-1.063
-0.582,-1.053
-0.592,-1.081
-0.570,-1.097
-0.581,-1.109
-0.571,-1.081
-0.562,-1.072
-0.563,-1.074
-0.571,-1.079
-0.582,-1.091
-0.580,-1.088
-0.581,-1.109
-0.572,-1.121
-0.581,-1.128
-0.582,-1.151
-0.561,-1.168
-0.571,-1.196
-0.582,-1.207
-0.580,-1.203
-0.591,-1.216
-0.591,-1.214
-0.590,-1.252
-0.601,-1.243
-0.600,-1.241
-0.601,-1.265
-0.601,-1.264
-0.610,-1.271
-0.612,-1.275
-0.610,-1.271
-0.591,-1.273
-0.592,-1.256
-0.592,-1.254
-0.592,-1.237
-0.591,-1.233
-0.581,-1.243
-0.581,-1.244
-0.591,-1.235
-0.572,-1.237
-0.601,-1.224
-0.591,-1.235
-0.591,-1.235
-0.601,-1.224
-0.602,-1.208
-0.602,-1.207
-0.592,-1.217
-0.592,-1.217
-0.591,-1.214
-0.581,-1.205
-0.590,-1.173
-0.591,-1.175
-0.581,-1.145
-0.580,-1.125
-0.581,-1.128
-0.561,-1.107
-0.572,-1.100
-0.562,-1.091
-0.572,-1.082
-0.572,-1.082
-0.572,-1.061
-0.563,-1.035
-0.563,-1.035
-0.562,-1.032
-0.573,-1.044
-0.571,-1.002
-0.572,-0.985
-0.573,-0.965
-0.552,-0.964
-0.563,-0.956
-0.542,-0.936
-0.563,-0.937
-0.564,-0.900
-0.552,-0.888
-0.553,-0.871
-0.543,-0.859
-0.543,-0.841
-0.543,-0.841
-0.562,-0.839
-0.553,-0.832
-0.553,-0.811
-0.553,-0.832
-0.573,-0.851
-0.572,-0.867
-0.553,-0.871
-0.561,-0.875
-0.562,-0.878
-0.563,-0.860
-0.563,-0.860
-0.575,-0.873
-0.574,-0.852
-0.573,-0.870
-0.573,-0.870
-0.572,-0.867
-0.593,-0.851
-0.582,-0.820
-0.583,-0.802
-0.574,-0.793
-0.572,-0.771
-0.564,-0.765
-0.563,-0.762
-0.563,-0.764
-0.544,-0.746
-0.494,-0.735
-0.465,-0.747
-0.445,-0.726
-0.464,-0.726
-0.455,-0.717
-0.474,-0.716
-0.494,-0.698
-0.504,-0.687
-0.534,-0.696
-0.563,-0.706
-0.562,-0.704
-0.574,-0.716
-0.573,-0.714
-0.562,-0.742
-0.563,-0.745
-0.563,-0.762
-0.584,-0.765
-0.604,-0.765
-0.623,-0.784
-0.633,-0.812
-0.642,-0.800
-0.643,-0.802
-0.652,-0.810
-0.662,-0.800
-0.673,-0.812
-0.682,-0.819
-0.683,-0.822
-0.672,-0.830
-0.672,-0.830
-0.683,-0.822
-0.691,-0.828
-0.693,-0.831
-0.703,-0.841
-0.722,-0.839
-0.723,-0.860
-0.751,-0.867
-0.754,-0.891
-0.734,-0.910
-0.733,-0.928
-0.722,-0.936
-0.739,-0.950
-0.740,-0.952
-0.750,-0.962
-0.730,-0.961
-0.732,-0.985
-0.702,-1.013
-0.713,-1.025
-0.702,-1.051
-0.700,-1.088
-0.683,-1.092
-0.702,-1.090
-0.682,-1.109
-0.682,-1.109
-0.680,-1.106
-0.691,-1.118
-0.680,-1.106
-0.691,-1.118
-0.681,-1.108
-0.690,-1.097
-0.682,-1.071
-0.681,-1.089
-0.683,-1.092
-0.683,-1.092
-0.702,-1.090
-0.683,-1.092
-0.681,-1.089
-0.672,-1.080
-0.682,-1.071
-0.671,-1.059
-0.673,-1.062
-0.662,-1.050
-0.662,-1.052
-0.643,-1.054
-0.652,-1.061
-0.642,-1.089
-0.641,-1.089
-0.633,-1.101
-0.623,-1.112
-0.622,-1.091
-0.623,-1.112
-0.612,-1.100
-0.633,-1.101
-0.642,-1.110
-0.651,-1.117
-0.643,-1.092
-0.652,-1.080
-0.642,-1.110
-0.632,-1.119
-0.640,-1.124
-0.642,-1.110
-0.622,-1.091
-0.622,-1.091
-0.624,-1.094
-0.641,-1.089
-0.643,-1.092
-0.632,-1.080
-0.642,-1.071
-0.653,-1.043
-0.642,-1.012
-0.662,-1.013
-0.652,-1.022
-0.672,-1.003
-0.673,-1.024
-0.681,-1.029
-0.673,-1.045
-0.673,-1.024
-0.673,-1.062
-0.663,-1.073
-0.662,-1.090
-0.683,-1.131
-0.662,-1.129
-0.671,-1.136
-0.662,-1.110
-0.661,-1.108
-0.642,-1.110
-0.642,-1.110
-0.632,-1.119
-0.653,-1.120
-0.632,-1.099
-0.634,-1.122
-0.623,-1.112
-0.642,-1.110
-0.642,-1.110
-0.631,-1.079
-0.653,-1.082
-0.632,-1.082
-0.642,-1.089
-0.632,-1.082
-0.631,-1.079
-0.642,-1.091
-0.651,-1.119
-0.651,-1.136
-0.652,-1.140
-0.642,-1.168
-0.652,-1.180
-0.643,-1.210
-0.632,-1.217
-0.622,-1.247
-0.650,-1.252
-0.651,-1.254
-0.651,-1.234
-0.641,-1.224
-0.641,-1.245
-0.640,-1.241
-0.641,-1.262
-0.641,-1.262
-0.631,-1.254
-0.633,-1.257
-0.652,-1.255
-0.662,-1.266
-0.662,-1.283
-0.681,-1.281
-0.692,-1.276
-0.671,-1.253
-0.672,-1.274
-0.692,-1.255
-0.699,-1.260
-0.701,-1.283
-0.680,-1.262
-0.671,-1.253
-0.680,-1.262
-0.680,-1.262
-0.682,-1.266
-0.690,-1.253
-0.692,-1.257
-0.702,-1.285
-0.680,-1.300
-0.701,-1.302
-0.700,-1.281
-0.690,-1.292
-0.691,-1.274
-0.669,-1.269
-0.670,-1.273
-0.680,-1.262
-0.690,-1.253
-0.691,-1.236
-0.671,-1.217
-0.673,-1.220
-0.671,-1.217
-0.661,-1.225
-0.672,-1.236
-0.670,-1.213
-0.682,-1.188
-0.671,-1.176
-0.671,-1.178
-0.662,-1.169
-0.661,-1.204
-0.662,-1.208
-0.661,-1.187
-0.671,-1.196
-0.651,-1.196
-0.650,-1.192
-0.642,-1.189
-0.652,-1.197
-0.663,-1.190
-0.663,-1.192
-0.681,-1.206
-0.671,-1.217
-0.680,-1.243
-0.699,-1.241
-0.700,-1.244
-0.689,-1.251
-0.700,-1.283
-0.680,-1.281
-0.700,-1.300
-0.710,-1.313
-0.719,-1.319
-0.711,-1.334
-0.721,-1.323
-0.720,-1.341
-0.731,-1.351
-0.718,-1.337
-0.720,-1.341
-0.720,-1.341
-0.730,-1.368
-0.730,-1.370
-0.719,-1.358
-0.711,-1.371
-0.720,-1.379
-0.718,-1.414
-0.720,-1.418
-0.709,-1.405
-0.711,-1.411
-0.711,-1.450
-0.730,-1.448
-0.720,-1.458
-0.708,-1.442
-0.709,-1.446
-0.709,-1.446
-0.719,-1.435
-0.729,-1.426
-0.729,-1.386
-0.710,-1.388
-0.720,-1.360
-0.730,-1.368
-0.721,-1.362
-0.731,-1.351
-0.722,-1.344
-0.711,-1.332
-0.709,-1.328
-0.700,-1.322
-0.689,-1.309
-0.700,-1.322
-0.700,-1.322
-0.690,-1.330
-0.681,-1.324
-0.668,-1.327
-0.680,-1.302
-0.670,-1.292
-0.677,-1.295
-0.684,-1.334
-0.687,-1.365
-0.666,-1.381
-0.657,-1.355
-0.672,-1.320
-0.670,-1.253
-0.682,-1.231
-0.663,-1.250
-0.629,-1.310
-0.636,-1.347
-0.617,-1.332
-0.627,-1.285
-0.638,-1.259
-0.657,-1.255
-0.666,-1.242
-0.657,-1.218
-0.658,-1.162
-0.672,-1.141
-0.654,-1.087
-0.682,-1.053
-0.682,-1.015
-0.692,-0.966
-0.692,-0.927
-0.700,-0.914
-0.699,-0.893
-0.714,-0.854
-0.716,-0.817
-0.712,-0.868
-0.728,-0.939
-0.719,-0.968
-0.757,-0.934
-0.731,-0.874
-0.724,-0.831
-0.714,-0.801
-0.702,-0.807
-0.713,-0.819
-0.701,-0.825
-0.679,-0.862
-0.701,-0.866
-0.683,-0.870
-0.685,-0.912
-0.693,-0.938
-0.679,-1.038
-0.681,-1.129
-0.704,-1.200
-0.718,-1.198
-0.740,-1.127
-0.773,-1.124
-0.784,-1.117
-0.773,-1.124
-0.753,-1.183
-0.731,-1.197
-0.750,-1.235
-0.729,-1.272
-0.738,-1.258
-0.758,-1.259
-0.757,-1.258
-0.794,-1.271
-0.804,-1.260
-0.793,-1.248
-0.817,-1.219
-0.779,-1.184
-0.781,-1.207
-0.742,-1.228
-0.730,-1.214
-0.731,-1.235
-0.713,-1.220
-0.694,-1.202
-0.665,-1.176
-0.634,-1.162
-0.625,-1.156
-0.604,-1.154
-0.581,-1.166
-0.561,-1.202
-0.559,-1.198
-0.561,-1.184
-0.570,-1.172
-0.580,-1.161
-0.592,-1.138
-0.592,-1.138
-0.594,-1.124
-0.595,-1.107
-0.613,-1.122
-0.612,-1.140
-0.641,-1.145
-0.661,-1.148
-0.651,-1.157
-0.650,-1.154
-0.661,-1.166
-0.649,-1.173
-0.652,-1.178
-0.642,-1.187
-0.642,-1.189
-0.613,-1.180
-0.612,-1.157
-0.632,-1.157
-0.634,-1.122
-0.644,-1.113
-0.644,-1.096
-0.634,-1.083
-0.633,-1.064
-0.632,-1.042
-0.630,-1.058
-0.642,-1.071
-0.671,-1.061
-0.683,-1.055
-0.684,-1.037
-0.693,-1.044
-0.713,-1.064
-0.741,-1.069
-0.752,-1.081
-0.772,-1.081
-0.790,-1.058
-0.801,-1.070
-0.811,-1.059
-0.812,-1.082
-0.824,-1.075
-0.822,-1.071
-0.842,-1.073
-0.831,-1.080
-0.832,-1.062
-0.801,-1.033
-0.791,-0.982
-0.782,-0.917
-0.791,-0.867
-0.781,-0.800
-0.772,-0.772
-0.752,-0.713
-0.733,-0.639
-0.723,-0.590
-0.705,-0.555
-0.675,-0.487
-0.654,-0.448
-0.626,-0.401
-0.625,-0.361
-0.595,-0.351
-0.574,-0.331
-0.563,-0.320
-0.546,-0.304
-0.535,-0.294
-0.515,-0.293
-0.486,-0.303
-0.474,-0.292
-0.425,-0.302
-0.395,-0.311
-0.355,-0.311
-0.326,-0.321
-0.295,-0.311
-0.286,-0.302
-0.267,-0.264
-0.237,-0.275
-0.228,-0.266
-0.218,-0.257
-0.199,-0.240
-0.199,-0.239
-0.169,-0.268
-0.159,-0.278
-0.139,-0.296
-0.129,-0.287
-0.129,-0.285
-0.129,-0.287
-0.129,-0.326
-0.118,-0.314
-0.149,-0.306
-0.168,-0.324
-0.188,-0.344
-0.209,-0.345
-0.208,-0.363
-0.228,-0.363
-0.238,-0.392
-0.247,-0.401
-0.257,-0.411
-0.276,-0.390
-0.317,-0.412
-0.327,-0.402
-0.356,-0.428
-0.365,-0.458
-0.395,-0.485
-0.396,-0.487
-0.406,-0.498
-0.406,-0.536
-0.426,-0.555
-0.444,-0.571
-0.455,-0.582
-0.454,-0.600
-0.464,-0.591
-0.476,-0.604
-0.464,-0.609
-0.455,-0.621
-0.455,-0.621
-0.455,-0.621
-0.445,-0.613
-0.444,-0.611
-0.425,-0.612
-0.424,-0.630
-0.434,-0.658
-0.465,-0.650
-0.454,-0.639
-0.445,-0.631
-0.455,-0.621
-0.473,-0.639
-0.494,-0.659
-0.504,-0.649
-0.505,-0.652
-0.506,-0.672
-0.495,-0.700
-0.516,-0.701
-0.514,-0.737
-0.534,-0.756
-0.524,-0.785
-0.523,-0.822
-0.533,-0.813
-0.522,-0.819
-0.523,-0.840
-0.523,-0.841
-0.523,-0.840
-0.515,-0.834
-0.514,-0.832
-0.524,-0.844
-0.534,-0.834
-0.533,-0.831
-0.534,-0.834
-0.533,-0.813
-0.544,-0.823
-0.533,-0.813
-0.532,-0.828
-0.553,-0.811
-0.533,-0.792
-0.534,-0.795
-0.534,-0.796
-0.534,-0.795
-0.534,-0.796
-0.514,-0.794
-0.514,-0.795
-0.514,-0.795
-0.513,-0.813
-0.503,-0.824
-0.512,-0.869
-0.512,-0.889
-0.503,-0.880
-0.482,-0.879
-0.474,-0.873
-0.473,-0.852
-0.463,-0.880
-0.463,-0.901
-0.452,-0.908
-0.444,-0.903
-0.424,-0.901
-0.423,-0.921
-0.413,-0.931
-0.412,-0.927
-0.433,-0.910
-0.423,-0.900
-0.432,-0.928
-0.432,-0.928
-0.442,-0.937
-0.453,-0.950
-0.463,-0.940
-0.484,-0.941
-0.473,-0.931
-0.463,-0.920
-0.473,-0.969
-0.482,-0.976
-0.502,-1.015
-0.493,-1.027
-0.501,-1.032
-0.493,-1.027
-0.492,-1.045
-0.492,-1.045
-0.493,-1.065
-0.501,-1.092
-0.493,-1.104
-0.493,-1.104
-0.502,-1.111
-0.502,-1.113
-0.500,-1.127
-0.501,-1.148
-0.501,-1.130
-0.482,-1.152
-0.493,-1.144
-0.501,-1.132
-0.492,-1.125
-0.491,-1.122
-0.491,-1.122
-0.482,-1.134
-0.490,-1.139
-0.501,-1.171
-0.490,-1.197
-0.511,-1.218
-0.521,-1.248
-0.519,-1.283
-0.540,-1.284
-0.540,-1.267
-0.549,-1.293
-0.530,-1.295
-0.529,-1.310
-0.540,-1.323
-0.540,-1.323
-0.529,-1.351
-0.551,-1.355
-0.549,-1.370
-0.550,-1.372
-0.560,-1.402
-0.579,-1.400
-0.589,-1.391
-0.598,-1.376
-0.589,-1.391
-0.599,-1.419
-0.579,-1.438
-0.590,-1.470
-0.589,-1.505
-0.599,-1.535
-0.599,-1.535
-0.608,-1.562
-0.600,-1.575
-0.607,-1.579
-0.608,-1.601
-0.609,-1.622
-0.637,-1.628
-0.629,-1.663
-0.658,-1.652
-0.639,-1.672
-0.648,-1.661
-0.657,-1.647
-0.659,-1.652
-0.657,-1.647
-0.648,-1.661
-0.648,-1.661
-0.637,-1.628
-0.649,-1.622
-0.628,-1.620
-0.648,-1.622
-0.649,-1.605
-0.648,-1.600
-0.649,-1.584
-0.637,-1.551
-0.649,-1.547
-0.659,-1.536
-0.659,-1.536
-0.669,-1.528
-0.658,-1.515
-0.659,-1.536
-0.659,-1.536
-0.648,-1.504
-0.658,-1.478
-0.668,-1.465
-0.678,-1.457
-0.659,-1.420
-0.648,-1.408
-0.640,-1.384
-0.639,-1.363
-0.630,-1.373
-0.620,-1.365
-0.619,-1.361
-0.620,-1.365
-0.609,-1.372
-0.610,-1.374
-0.610,-1.354
-0.598,-1.359
-0.579,-1.363
-0.569,-1.333
-0.560,-1.325
-0.570,-1.316
-0.549,-1.293
-0.570,-1.256
-0.559,-1.207
-0.560,-1.188
-0.540,-1.150
-0.538,-1.125
-0.539,-1.092
-0.559,-1.034
-0.550,-1.025
-0.551,-1.007
-0.540,-0.995
-0.561,-0.998
-0.560,-0.997
-0.590,-0.986
-0.591,-0.930
-0.589,-0.888
-0.601,-0.882
-0.610,-0.890
-0.619,-0.898
-0.620,-0.881
-0.638,-0.858
-0.661,-0.843
-0.670,-0.852
-0.690,-0.871
-0.701,-0.843
-0.699,-0.840
-0.721,-0.862
-0.740,-0.860
-0.739,-0.840
-0.721,-0.823
-0.719,-0.820
-0.740,-0.822
-0.740,-0.822
-0.739,-0.801
-0.741,-0.784
-0.719,-0.781
-0.730,-0.774
-0.730,-0.774
-0.750,-0.793
-0.741,-0.784
-0.760,-0.783
-0.761,-0.804
-0.780,-0.802
-0.789,-0.811
-0.811,-0.833
-0.819,-0.840
-0.849,-0.850
-0.860,-0.861
-0.848,-0.867
-0.859,-0.877
-0.867,-0.904
-0.868,-0.924
-0.858,-0.954
-0.827,-1.019
-0.778,-1.069
-0.748,-1.078
-0.709,-1.099
-0.650,-1.063
-0.612,-1.007
-0.584,-0.943
-0.542,-0.882
-0.503,-0.826
-0.493,-0.738
-0.482,-0.685
-0.473,-0.659
-0.454,-0.621
-0.425,-0.594
-0.425,-0.575
-0.425,-0.554
-0.436,-0.546
-0.425,-0.516
-0.435,-0.526
-0.445,-0.496
-0.455,-0.486
-0.475,-0.487
-0.474,-0.485
-0.505,-0.496
-0.505,-0.478
-0.515,-0.486
-0.525,-0.497
-0.524,-0.515
-0.525,-0.534
-0.545,-0.553
-0.543,-0.551
-0.545,-0.574
-0.566,-0.573
-0.585,-0.593
-0.584,-0.630
-0.574,-0.639
-0.585,-0.670
-0.583,-0.685
-0.583,-0.687
-0.584,-0.688
-0.584,-0.707
-0.566,-0.710
-0.565,-0.728
-0.555,-0.756
-0.535,-0.737
-0.543,-0.743
-0.535,-0.737
-0.534,-0.718
-0.554,-0.737
-0.544,-0.746
-0.553,-0.755
-0.554,-0.737
-0.553,-0.736
-0.574,-0.737
-0.575,-0.738
-0.583,-0.726
-0.585,-0.728
-0.583,-0.706
-0.593,-0.697
-0.604,-0.650
-0.614,-0.621
-0.625,-0.612
-0.643,-0.571
-0.653,-0.562
-0.663,-0.551
-0.652,-0.540
-0.644,-0.514
-0.654,-0.505
-0.644,-0.496
-0.655,-0.506
-0.663,-0.533
-0.684,-0.573
-0.693,-0.580
-0.683,-0.591
-0.684,-0.573
-0.672,-0.560
-0.663,-0.572
-0.682,-0.570
-0.673,-0.581
-0.673,-0.562
-0.683,-0.571
-0.705,-0.574
-0.684,-0.572
-0.703,-0.571
-0.705,-0.573
-0.713,-0.562
-0.714,-0.582
-0.713,-0.562
-0.723,-0.590
-0.743,-0.591
-0.713,-0.599
-0.714,-0.602
-0.723,-0.590
-0.711,-0.598
-0.694,-0.602
-0.723,-0.629
-0.714,-0.642
-0.694,-0.621
-0.672,-0.619
-0.664,-0.631
-0.662,-0.628
-0.663,-0.649
-0.653,-0.639
-0.653,-0.619
-0.634,-0.621
-0.653,-0.619
-0.654,-0.640
-0.633,-0.639
-0.632,-0.657
-0.624,-0.650
-0.593,-0.639
-0.595,-0.640
-0.584,-0.630
-0.574,-0.640
-0.566,-0.652
-0.574,-0.658
-0.564,-0.688
-0.564,-0.688
-0.573,-0.697
-0.575,-0.699
-0.554,-0.716
-0.553,-0.755
-0.573,-0.753
-0.583,-0.744
-0.595,-0.757
-0.594,-0.757
-0.605,-0.767
-0.614,-0.776
-0.612,-0.792
-0.623,-0.822
-0.623,-0.802
-0.624,-0.805
-0.624,-0.805
-0.641,-0.820
-0.643,-0.822
-0.632,-0.849
-0.643,-0.842
-0.654,-0.853
-0.652,-0.850
-0.644,-0.862
-0.652,-0.850
-0.653,-0.833
-0.644,-0.862
-0.663,-0.861
-0.664,-0.881
-0.663,-0.861
-0.683,-0.880
-0.673,-0.890
-0.652,-0.889
-0.664,-0.920
-0.662,-0.936
-0.663,-0.938
-0.654,-0.930
-0.643,-0.957
-0.644,-0.960
-0.643,-0.957
-0.632,-0.985
-0.643,-0.978
-0.651,-0.963
-0.653,-0.948
-0.663,-0.938
-0.663,-0.938
-0.653,-0.929
-0.661,-0.935
-0.643,-0.919
-0.632,-0.908
-0.653,-0.910
-0.644,-0.901
-0.623,-0.900
-0.644,-0.901
-0.632,-0.908
-0.643,-0.919
-0.634,-0.931
-0.622,-0.917
-0.623,-0.938
-0.602,-0.937
-0.612,-0.946
-0.604,-0.940
-0.602,-0.955
-0.614,-0.968
-0.604,-0.978
-0.603,-0.998
-0.594,-0.989
-0.583,-0.996
-0.603,-0.998
-0.593,-0.986
-0.583,-0.977
-0.593,-0.968
-0.582,-0.975
-0.584,-0.959
-0.583,-0.956
-0.582,-0.937
-0.573,-0.949
-0.582,-0.937
-0.564,-0.921
-0.574,-0.931
-0.583,-0.940
-0.584,-0.940
-0.582,-0.937
-0.583,-0.979
-0.583,-0.958
-0.582,-0.937
-0.593,-0.949
-0.602,-0.956
-0.613,-0.987
-0.603,-0.977
-0.613,-0.987
-0.613,-0.989
-0.621,-0.993
-0.643,-0.997
-0.643,-1.017
-0.673,-1.027
-0.655,-1.050
-0.663,-1.055
-0.683,-1.095
-0.692,-1.102
-0.701,-1.090
-0.713,-1.085
-0.719,-1.069
-0.720,-1.088
-0.709,-1.057
-0.728,-1.017
-0.710,-0.983
-0.720,-0.973
-0.722,-0.977
-0.723,-0.998
-0.713,-1.007
-0.712,-1.027
-0.711,-1.004
-0.712,-1.025
-0.702,-1.036
-0.720,-1.051
-0.693,-1.065
-0.700,-1.071
-0.681,-1.073
-0.681,-1.034
-0.691,-1.023
-0.693,-1.027
-0.662,-0.997
-0.652,-1.006
-0.641,-1.014
-0.631,-0.965
-0.612,-0.910
-0.591,-0.890
-0.573,-0.873
-0.553,-0.854
-0.541,-0.841
-0.522,-0.804
-0.512,-0.775
-0.493,-0.776
-0.494,-0.758
-0.473,-0.757
-0.463,-0.767
-0.463,-0.766
-0.453,-0.777
-0.444,-0.768
-0.433,-0.756
-0.425,-0.769
-0.424,-0.768
-0.444,-0.787
-0.435,-0.778
-0.464,-0.785
-0.475,-0.798
-0.483,-0.804
-0.513,-0.813
-0.523,-0.804
-0.543,-0.783
-0.544,-0.767
-0.533,-0.736
-0.554,-0.718
-0.564,-0.709
-0.562,-0.706
-0.543,-0.688
-0.502,-0.648
-0.514,-0.622
-0.484,-0.574
-0.463,-0.553
-0.445,-0.518
-0.455,-0.469
-0.445,-0.441
-0.416,-0.393
-0.424,-0.362
-0.405,-0.324
-0.395,-0.276
-0.394,-0.237
-0.375,-0.199
-0.373,-0.178
-0.374,-0.141
-0.384,-0.093
-0.375,-0.064
-0.355,-0.026
-0.365, 0.003
-0.386, 0.022
-0.395, 0.051
-0.405, 0.061
-0.415, 0.071
-0.434, 0.072
-0.465, 0.062
-0.464, 0.062
-0.484, 0.043
-0.494, 0.033
-0.524, 0.024
-0.565, 0.024
-0.564, 0.005
-0.584, 0.005
-0.605, 0.004
-0.605, 0.004
-0.616,-0.025
-0.625,-0.053
-0.643,-0.071
-0.663,-0.090
-0.672,-0.099
-0.704,-0.110
-0.684,-0.129
-0.683,-0.148
-0.703,-0.187
-0.721,-0.205
-0.743,-0.225
-0.743,-0.244
-0.753,-0.253
-0.754,-0.274
-0.752,-0.292
-0.783,-0.321
-0.773,-0.330
-0.771,-0.330
-0.784,-0.341
-0.782,-0.339
-0.783,-0.360
-0.773,-0.369
-0.773,-0.369
-0.763,-0.379
-0.731,-0.367
-0.713,-0.389
-0.714,-0.370
-0.703,-0.399
-0.685,-0.382
-0.674,-0.409
-0.645,-0.420
-0.634,-0.410
-0.643,-0.418
-0.645,-0.420
-0.614,-0.428
-0.604,-0.438
-0.594,-0.447
-0.592,-0.465
-0.574,-0.486
-0.584,-0.476
-0.575,-0.487
-0.575,-0.487
-0.564,-0.495
-0.555,-0.507
-0.534,-0.506
-0.534,-0.506
-0.515,-0.507
-0.514,-0.505
-0.505,-0.516
-0.474,-0.505
-0.455,-0.506
-0.435,-0.487
-0.444,-0.475
-0.436,-0.469
-0.426,-0.478
-0.426,-0.479
-0.436,-0.489
-0.436,-0.508
-0.446,-0.518
-0.435,-0.526
-0.445,-0.516
-0.456,-0.527
-0.454,-0.525
-0.455,-0.545
-0.445,-0.554
-0.454,-0.563
-0.445,-0.555
-0.445,-0.554
-0.436,-0.567
-0.435,-0.585
-0.425,-0.594
-0.415,-0.584
-0.415,-0.602
-0.425,-0.594
-0.415,-0.584
-0.415,-0.584
-0.416,-0.566
-0.414,-0.544
-0.405,-0.556
-0.415,-0.545
-0.424,-0.573
-0.454,-0.564
-0.464,-0.593
-0.465,-0.595
-0.495,-0.623
-0.514,-0.642
-0.545,-0.671
-0.533,-0.697
-0.564,-0.709
-0.562,-0.725
-0.582,-0.744
-0.583,-0.786
-0.602,-0.821
-0.623,-0.880
-0.612,-0.909
-0.632,-0.928
-0.613,-0.950
-0.622,-0.938
-0.634,-0.952
-0.633,-0.950
-0.621,-0.956
-0.622,-0.957
-0.611,-0.926
-0.623,-0.919
-0.633,-0.910
-0.642,-0.919
-0.643,-0.922
-0.632,-0.929
-0.653,-0.969
-0.652,-0.987
-0.651,-1.005
-0.653,-1.008
-0.651,-1.005
-0.661,-1.033
-0.662,-1.015
-0.662,-0.997
-0.653,-0.990
-0.673,-0.988
-0.653,-0.990
-0.653,-1.008
-0.662,-1.015
-0.662,-1.017
-0.660,-0.975
-0.673,-0.988
-0.682,-0.997
-0.690,-0.985
-0.692,-0.988
-0.681,-0.976
-0.672,-0.969
-0.683,-0.979
-0.702,-0.978
-0.693,-1.009
-0.681,-1.015
-0.681,-1.015
-0.682,-0.997
-0.680,-0.994
-0.681,-1.017
-0.681,-1.015
-0.671,-1.026
-0.642,-1.036
-0.641,-1.054
-0.642,-1.075
-0.640,-1.071
-0.642,-1.075
-0.643,-1.057
-0.640,-1.071
-0.651,-1.120
-0.641,-1.131
-0.632,-1.143
-0.623,-1.173
-0.612,-1.180
-0.612,-1.201
-0.611,-1.236
-0.611,-1.236
-0.611,-1.236
-0.610,-1.215
-0.592,-1.238
-0.591,-1.256
-0.591,-1.277
-0.602,-1.268
-0.610,-1.294
-0.621,-1.287
-0.601,-1.286
-0.611,-1.296
-0.621,-1.287
-0.630,-1.294
-0.651,-1.296
-0.630,-1.294
-0.641,-1.266
-0.642,-1.249
-0.631,-1.255
-0.622,-1.268
-0.621,-1.266
-0.622,-1.268
-0.622,-1.268
-0.611,-1.236
-0.612,-1.219
-0.610,-1.215
-0.620,-1.207
-0.622,-1.191
-0.611,-1.198
-0.612,-1.203
-0.612,-1.201
-0.632,-1.201
-0.642,-1.212
-0.630,-1.196
-0.641,-1.189
-0.641,-1.189
-0.651,-1.180
-0.642,-1.171
-0.650,-1.176
-0.641,-1.189
-0.651,-1.180
-0.641,-1.189
-0.643,-1.192
-0.671,-1.199
-0.653,-1.222
-0.662,-1.229
-0.662,-1.227
-0.672,-1.201
-0.660,-1.187
-0.662,-1.190
-0.661,-1.208
-0.671,-1.197
-0.662,-1.190
-0.661,-1.169
-0.661,-1.169
-0.651,-1.159
-0.651,-1.141
-0.672,-1.143
-0.671,-1.122
-0.672,-1.104
-0.662,-1.113
-0.671,-1.101
-0.671,-1.083
-0.671,-1.043
-0.682,-1.036
-0.692,-1.007
-0.691,-1.004
-0.682,-0.978
-0.680,-0.955
-0.692,-0.948
-0.692,-0.948
-0.682,-0.918
-0.683,-0.902
-0.681,-0.899
-0.683,-0.901
-0.673,-0.911
-0.691,-0.927
-0.692,-0.948
-0.692,-0.948
-0.692,-0.969
-0.702,-0.997
-0.721,-0.995
-0.702,-0.997
-0.701,-1.015
-0.711,-1.024
-0.711,-1.006
-0.702,-0.997
-0.713,-1.009
-0.692,-1.008
-0.692,-1.008
-0.683,-0.999
-0.682,-0.996
-0.682,-0.978
-0.671,-0.966
-0.672,-0.987
-0.682,-0.978
-0.650,-0.984
-0.653,-0.969
-0.662,-0.976
-0.653,-0.989
-0.643,-0.978
-0.662,-0.997
-0.654,-0.971
-0.652,-0.987
-0.642,-1.017
-0.642,-1.017
-0.652,-1.024
-0.653,-1.027
-0.652,-1.024
-0.672,-1.025
-0.662,-0.997
-0.671,-0.985
-0.672,-0.968
-0.663,-0.959
-0.653,-0.950
-0.672,-0.929
-0.661,-0.917
-0.654,-0.913
-0.663,-0.902
-0.663,-0.902
-0.674,-0.913
-0.651,-0.928
-0.653,-0.931
-0.652,-0.948
-0.672,-0.948
-0.673,-0.950
-0.662,-0.938
-0.673,-0.930
-0.672,-0.927
-0.662,-0.938
-0.663,-0.920
-0.662,-0.938
-0.664,-0.923
-0.674,-0.913
-0.673,-0.930
-0.673,-0.930
-0.682,-0.938
-0.682,-0.939
-0.682,-0.939
-0.692,-0.929
-0.683,-0.921
-0.682,-0.918
-0.682,-0.920
-0.663,-0.920
-0.672,-0.929
-0.653,-0.931
-0.651,-0.928
-0.642,-0.920
-0.623,-0.920
-0.643,-0.922
-0.654,-0.932
-0.672,-0.966
-0.673,-0.969
-0.632,-0.987
-0.612,-0.986
-0.623,-0.959
-0.622,-0.938
-0.613,-0.950
-0.633,-0.950
-0.632,-0.929
-0.632,-0.931
-0.652,-0.910
-0.654,-0.913
-0.662,-0.901
-0.671,-0.908
-0.692,-0.910
-0.681,-0.917
-0.702,-0.901
-0.712,-0.892
-0.732,-0.909
-0.733,-0.912
-0.752,-0.890
-0.782,-0.882
-0.772,-0.891
-0.801,-0.880
-0.801,-0.880
-0.810,-0.868
-0.812,-0.871
-0.841,-0.880
-0.849,-0.868
-0.851,-0.871
-0.849,-0.868
-0.871,-0.852
-0.890,-0.850
-0.878,-0.875
-0.881,-0.880
-0.890,-0.850
-0.871,-0.852
-0.872,-0.834
-0.872,-0.872
-0.872,-0.872
-0.869,-0.887
-0.870,-0.869
-0.870,-0.869
-0.869,-0.849
-0.871,-0.852
-0.839,-0.839
-0.831,-0.831
-0.821,-0.842
-0.810,-0.830
-0.803,-0.825
-0.801,-0.822
-0.782,-0.824
-0.771,-0.812
-0.750,-0.811
-0.762,-0.804
-0.751,-0.793
-0.733,-0.775
-0.743,-0.766
-0.722,-0.764
-0.723,-0.746
-0.711,-0.715
-0.712,-0.697
-0.733,-0.698
-0.722,-0.706
-0.703,-0.690
-0.713,-0.679
-0.703,-0.651
-0.694,-0.642
-0.712,-0.659
-0.714,-0.661
-0.714,-0.660
-0.723,-0.669
-0.714,-0.660
-0.732,-0.639
-0.734,-0.640
-0.732,-0.638
-0.722,-0.648
-0.703,-0.650
-0.692,-0.658
-0.693,-0.660
-0.683,-0.669
-0.693,-0.697
-0.683,-0.669
-0.683,-0.669
-0.684,-0.690
-0.683,-0.708
-0.662,-0.707
-0.674,-0.699
-0.673,-0.717
-0.674,-0.737
-0.654,-0.718
-0.674,-0.719
-0.674,-0.719
-0.682,-0.726
-0.684,-0.728
-0.694,-0.718
-0.683,-0.708
-0.694,-0.718
-0.682,-0.726
-0.694,-0.718
-0.693,-0.697
-0.694,-0.679
-0.704,-0.670
-0.712,-0.659
-0.695,-0.661
-0.693,-0.639
-0.712,-0.619
-0.713,-0.620
-0.702,-0.609
-0.704,-0.593
-0.704,-0.593
-0.714,-0.583
-0.735,-0.583
-0.733,-0.581
-0.724,-0.612
-0.734,-0.602
-0.743,-0.611
-0.744,-0.593
-0.752,-0.580
-0.754,-0.582
-0.754,-0.582
-0.773,-0.581
-0.774,-0.564
-0.763,-0.553
-0.763,-0.553
-0.763,-0.533
-0.783,-0.533
-0.785,-0.497
-0.774,-0.485
-0.786,-0.478
-0.785,-0.458
-0.783,-0.456
-0.784,-0.438
-0.792,-0.426
-0.784,-0.399
-0.784,-0.399
-0.782,-0.397
-0.774,-0.408
-0.762,-0.417
-0.763,-0.437
-0.775,-0.429
-0.763,-0.437
-0.775,-0.429
-0.783,-0.417
-0.783,-0.456
-0.774,-0.486
-0.783,-0.495
-0.784,-0.515
-0.783,-0.514
-0.783,-0.533
-0.763,-0.553
-0.762,-0.571
-0.764,-0.592
-0.763,-0.610
-0.744,-0.631
-0.743,-0.630
-0.742,-0.648
-0.744,-0.650
-0.723,-0.649
-0.744,-0.652
-0.725,-0.652
-0.723,-0.649
-0.714,-0.680
-0.723,-0.667
-0.713,-0.639
-0.714,-0.621
-0.723,-0.630
-0.724,-0.631
-0.722,-0.648
-0.703,-0.669
-0.703,-0.650
-0.722,-0.648
-0.734,-0.661
-0.733,-0.658
-0.723,-0.669
-0.724,-0.651
-0.733,-0.658
-0.744,-0.689
-0.763,-0.688
-0.752,-0.677
-0.744,-0.689
-0.742,-0.706
-0.744,-0.728
-0.743,-0.746
-0.752,-0.755
-0.732,-0.774
-0.732,-0.774
-0.734,-0.777
-0.724,-0.786
-0.724,-0.786
-0.744,-0.805
-0.732,-0.813
-0.734,-0.815
-0.723,-0.804
-0.723,-0.804
-0.724,-0.786
-0.722,-0.783
-0.712,-0.794
-0.722,-0.783
-0.702,-0.764
-0.703,-0.746
-0.693,-0.716
-0.695,-0.720
-0.674,-0.719
-0.674,-0.718
-0.674,-0.719
-0.673,-0.736
-0.674,-0.737
-0.664,-0.746
-0.673,-0.736
-0.674,-0.737
-0.683,-0.745
-0.674,-0.737
-0.664,-0.746
-0.652,-0.754
-0.654,-0.757
-0.653,-0.736
-0.655,-0.739
-0.654,-0.739
-0.664,-0.767
-0.684,-0.767
-0.693,-0.774
-0.693,-0.795
-0.703,-0.804
-0.723,-0.823
-0.735,-0.836
-0.721,-0.859
-0.731,-0.869
-0.751,-0.888
-0.722,-0.880
-0.734,-0.854
-0.733,-0.872
-0.724,-0.903
-0.732,-0.930
-0.732,-0.928
-0.723,-0.921
-0.732,-0.909
-0.732,-0.930
-0.743,-0.940
-0.741,-0.937
-0.742,-0.958
-0.741,-0.937
-0.763,-0.959
-0.752,-0.949
-0.761,-0.956
-0.773,-0.970
-0.782,-0.958
-0.792,-0.987
-0.793,-0.989
-0.801,-0.995
-0.813,-1.008
-0.801,-1.015
-0.802,-1.015
-0.802,-1.015
-0.801,-0.995
-0.791,-1.007
-0.791,-1.005
-0.801,-1.035
-0.783,-1.058
-0.791,-1.082
-0.792,-1.103
-0.781,-1.112
-0.791,-1.121
-0.801,-1.131
