-0.565, 0.037
-0.550, 0.024
-0.551,-0.004
-0.537,-0.018
-0.536,-0.044
-0.524,-0.087
-0.508,-0.100
-0.550,-0.113
-0.550,-0.113
-0.590,-0.125
-0.592,-0.127
-0.590,-0.125
-0.619,-0.125
-0.648,-0.098
-0.661,-0.084
-0.677,-0.045
-0.705,-0.017
-0.734, 0.010
-0.734, 0.037
-0.760, 0.066
-0.748, 0.079
-0.746, 0.107
-0.761, 0.120
-0.763, 0.174
-0.760, 0.202
-0.763, 0.229
-0.747, 0.270
-0.732, 0.283
-0.733, 0.310
-0.718, 0.324
-0.690, 0.351
-0.676, 0.392
-0.663, 0.405
-0.636, 0.432
-0.620, 0.446
-0.608, 0.459
-0.606, 0.459
-0.607, 0.486
-0.608, 0.514
-0.579, 0.513
-0.595, 0.527
-0.594, 0.554
-0.635, 0.568
-0.595, 0.582
-0.593, 0.581
-0.595, 0.582
-0.607, 0.595
-0.622, 0.582
-0.636, 0.595
-0.634, 0.595
-0.635, 0.622
-0.634, 0.649
-0.634, 0.649
-0.649, 0.691
-0.648, 0.717
-0.666, 0.759
-0.665, 0.786
-0.651, 0.800
-0.637, 0.813
-0.636, 0.840
-0.637, 0.868
-0.636, 0.894
-0.664, 0.922
-0.637, 0.976
-0.664, 0.976
-0.666, 1.032
-0.651, 1.044
-0.665, 1.058
-0.666, 1.086
-0.678, 1.098
-0.652, 1.127
-0.679, 1.126
-0.666, 1.140
-0.652, 1.127
-0.650, 1.125
-0.651, 1.099
-0.664, 1.085
-0.679, 1.072
-0.693, 1.031
-0.706, 1.017
-0.694, 1.005
-0.706, 0.962
-0.707, 0.936
-0.693, 0.923
-0.678, 0.881
-0.693, 0.868
-0.706, 0.854
-0.734, 0.827
-0.721, 0.841
-0.747, 0.813
-0.721, 0.787
-0.733, 0.773
-0.748, 0.732
-0.748, 0.732
-0.746, 0.705
-0.735, 0.692
-0.749, 0.705
-0.735, 0.692
-0.750, 0.678
-0.747, 0.678
-0.763, 0.665
-0.747, 0.678
-0.762, 0.664
-0.763, 0.665
-0.803, 0.651
-0.791, 0.638
-0.818, 0.638
-0.833, 0.624
-0.874, 0.611
-0.887, 0.597
-0.904, 0.557
-0.915, 0.570
-0.943, 0.543
-0.945, 0.571
-0.942, 0.543
-0.960, 0.557
-0.957, 0.557
-0.971, 0.571
-0.958, 0.584
-0.971, 0.625
-0.946, 0.625
-0.930, 0.639
-0.930, 0.639
-0.903, 0.638
-0.886, 0.624
-0.875, 0.666
-0.860, 0.679
-0.846, 0.665
-0.847, 0.693
-0.845, 0.692
-0.832, 0.706
-0.818, 0.692
-0.816, 0.692
-0.803, 0.705
-0.787, 0.718
-0.777, 0.733
-0.762, 0.746
-0.763, 0.719
-0.764, 0.747
-0.734, 0.718
-0.735, 0.746
-0.706, 0.745
-0.719, 0.732
-0.707, 0.719
-0.677, 0.745
-0.679, 0.746
-0.691, 0.759
-0.678, 0.718
-0.678, 0.718
-0.662, 0.731
-0.651, 0.718
-0.663, 0.704
-0.649, 0.691
-0.637, 0.677
-0.621, 0.663
-0.636, 0.650
-0.635, 0.677
-0.606, 0.676
-0.580, 0.704
-0.593, 0.690
-0.580, 0.704
-0.579, 0.731
-0.565, 0.717
-0.566, 0.745
-0.565, 0.744
-0.566, 0.745
-0.565, 0.772
-0.565, 0.772
-0.566, 0.799
-0.579, 0.785
-0.595, 0.772
-0.607, 0.785
-0.622, 0.772
-0.623, 0.800
-0.648, 0.798
-0.665, 0.786
-0.691, 0.813
-0.719, 0.786
-0.735, 0.801
-0.747, 0.814
-0.793, 0.829
-0.832, 0.815
-0.833, 0.815
-0.861, 0.815
-0.886, 0.814
-0.874, 0.801
-0.887, 0.842
-0.887, 0.842
-0.875, 0.856
-0.902, 0.856
-0.875, 0.856
-0.889, 0.870
-0.902, 0.856
-0.875, 0.856
-0.900, 0.828
-0.903, 0.829
-0.889, 0.815
-0.859, 0.815
-0.861, 0.788
-0.856, 0.786
-0.859, 0.787
-0.844, 0.773
-0.874, 0.774
-0.875, 0.802
-0.858, 0.787
-0.847, 0.774
-0.846, 0.801
-0.846, 0.801
-0.875, 0.802
-0.874, 0.828
-0.862, 0.816
-0.846, 0.855
-0.874, 0.856
-0.875, 0.856
-0.872, 0.855
-0.887, 0.842
-0.873, 0.828
-0.902, 0.829
-0.903, 0.829
-0.917, 0.843
-0.919, 0.816
-0.931, 0.802
-0.943, 0.734
-0.945, 0.707
-0.970, 0.679
-0.988, 0.667
-0.958, 0.666
-1.001, 0.653
-1.001, 0.653
-1.027, 0.653
-1.029, 0.626
-1.013, 0.639
-1.029, 0.626
-1.030, 0.599
-1.041, 0.612
-1.028, 0.571
-0.999, 0.571
-1.027, 0.544
-1.014, 0.558
-1.012, 0.530
-1.014, 0.503
-0.986, 0.476
-1.001, 0.462
-0.973, 0.435
-0.969, 0.381
-0.971, 0.353
-0.971, 0.353
-0.972, 0.326
-0.959, 0.312
-0.956, 0.312
-0.959, 0.285
-0.958, 0.258
-0.956, 0.258
-0.958, 0.258
-0.956, 0.258
-0.959, 0.230
-0.944, 0.244
-0.946, 0.216
-0.974, 0.189
-0.956, 0.177
-0.972, 0.162
-0.985, 0.149
-1.027, 0.136
-1.015, 0.149
-1.026, 0.136
-1.014, 0.149
-1.041, 0.150
-1.041, 0.150
-1.071, 0.149
-1.068, 0.150
-1.071, 0.149
-1.069, 0.177
-1.097, 0.150
-1.112, 0.163
-1.108, 0.164
-1.097, 0.150
-1.110, 0.191
-1.110, 0.191
-1.099, 0.231
-1.083, 0.245
-1.099, 0.259
-1.082, 0.273
-1.096, 0.286
-1.084, 0.300
-1.082, 0.327
-1.071, 0.313
-1.056, 0.326
-1.054, 0.300
-1.056, 0.327
-1.053, 0.327
-1.042, 0.313
-1.025, 0.354
-1.011, 0.340
-1.015, 0.367
-0.985, 0.367
-0.989, 0.367
-0.959, 0.366
-0.959, 0.366
-0.959, 0.367
-0.926, 0.367
-0.929, 0.366
-0.914, 0.380
-0.916, 0.407
-0.903, 0.421
-0.886, 0.407
-0.903, 0.421
-0.886, 0.407
-0.887, 0.434
-0.888, 0.489
-0.871, 0.475
-0.888, 0.489
-0.873, 0.502
-0.872, 0.502
-0.875, 0.502
-0.887, 0.516
-0.860, 0.516
-0.888, 0.543
-0.888, 0.543
-0.902, 0.557
-0.915, 0.543
-0.931, 0.557
-0.944, 0.543
-0.930, 0.530
-0.974, 0.544
-0.971, 0.544
-1.000, 0.544
-0.985, 0.557
-0.999, 0.571
-1.001, 0.571
-0.997, 0.598
-0.999, 0.571
-0.984, 0.584
-0.971, 0.598
-0.987, 0.639
-0.972, 0.625
-1.004, 0.599
-1.000, 0.598
-1.014, 0.558
-1.000, 0.544
-1.025, 0.517
-1.028, 0.517
-1.014, 0.503
-1.014, 0.503
-1.015, 0.476
-1.012, 0.476
-1.001, 0.462
-1.014, 0.449
-1.014, 0.449
-1.015, 0.476
-1.012, 0.476
-1.029, 0.490
-1.014, 0.503
-1.027, 0.490
-1.044, 0.503
-1.040, 0.503
-1.044, 0.504
-1.057, 0.517
-1.055, 0.517
-1.085, 0.517
-1.068, 0.531
-1.072, 0.531
-1.098, 0.531
-1.098, 0.531
-1.086, 0.545
-1.070, 0.558
-1.057, 0.544
-1.070, 0.558
-1.068, 0.531
-1.057, 0.544
-1.053, 0.544
-1.027, 0.544
-1.044, 0.558
-1.057, 0.544
-1.059, 0.545
-1.056, 0.544
-1.044, 0.558
-1.057, 0.544
-1.042, 0.531
-1.072, 0.531
-1.040, 0.558
-1.044, 0.558
-1.014, 0.558
-1.014, 0.558
-1.015, 0.530
-0.999, 0.544
-0.988, 0.558
-1.000, 0.544
-0.972, 0.516
-0.974, 0.544
-0.956, 0.530
-0.973, 0.544
-0.973, 0.544
-0.956, 0.530
-0.973, 0.544
-0.984, 0.557
-0.959, 0.530
-0.971, 0.571
-0.971, 0.571
-0.973, 0.544
-0.955, 0.557
-0.958, 0.557
-0.945, 0.571
-0.959, 0.584
-0.945, 0.571
-0.942, 0.570
-0.943, 0.543
-0.943, 0.543
-0.914, 0.543
-0.929, 0.530
-0.914, 0.543
-0.932, 0.530
-0.918, 0.516
-0.918, 0.516
-0.905, 0.530
-0.915, 0.516
-0.930, 0.503
-0.915, 0.516
-0.930, 0.503
-0.931, 0.503
-0.915, 0.516
-0.931, 0.503
-0.945, 0.516
-0.928, 0.502
-0.960, 0.503
-0.971, 0.516
-0.987, 0.503
-0.987, 0.503
-1.014, 0.503
-1.029, 0.490
-1.040, 0.503
-1.070, 0.504
-1.055, 0.544
-1.096, 0.558
-1.128, 0.586
-1.126, 0.613
-1.128, 0.640
-1.156, 0.668
-1.126, 0.667
-1.115, 0.681
-1.111, 0.681
-1.127, 0.667
-1.098, 0.694
-1.098, 0.694
-1.085, 0.681
-1.082, 0.680
-1.070, 0.667
-1.057, 0.681
-1.057, 0.681
-1.046, 0.695
-1.016, 0.694
-1.003, 0.708
-1.016, 0.694
-0.986, 0.693
-0.973, 0.707
-0.972, 0.680
-0.960, 0.694
-0.930, 0.693
-0.902, 0.666
-0.919, 0.680
-0.901, 0.638
-0.917, 0.652
-0.917, 0.598
-0.928, 0.611
-0.917, 0.598
-0.902, 0.584
-0.889, 0.570
-0.915, 0.570
-0.886, 0.570
-0.889, 0.570
-0.887, 0.543
-0.890, 0.543
-0.876, 0.529
-0.874, 0.529
-0.876, 0.529
-0.886, 0.516
-0.889, 0.516
-0.902, 0.502
-0.887, 0.489
-0.917, 0.489
-0.914, 0.462
-0.930, 0.448
-0.931, 0.448
-0.958, 0.421
-0.961, 0.421
-0.945, 0.407
-0.974, 0.353
-1.001, 0.353
-0.999, 0.326
-0.985, 0.312
-0.999, 0.326
-1.029, 0.326
-1.000, 0.299
-1.027, 0.299
-1.000, 0.299
-1.012, 0.286
-1.014, 0.258
-1.000, 0.244
-1.027, 0.245
-1.016, 0.231
-0.999, 0.217
-0.986, 0.231
-0.986, 0.231
-0.999, 0.217
-0.987, 0.230
-0.984, 0.231
-0.972, 0.217
-0.987, 0.230
-0.986, 0.231
-0.987, 0.203
-0.971, 0.217
-1.000, 0.190
-0.987, 0.203
-0.984, 0.177
-1.015, 0.149
-1.025, 0.164
-1.042, 0.177
-1.014, 0.149
-1.026, 0.137
-1.030, 0.108
-1.042, 0.095
-1.059, 0.135
-1.044, 0.122
-1.042, 0.150
-1.031, 0.135
-1.026, 0.137
-1.029, 0.136
-1.029, 0.136
-1.014, 0.149
-1.002, 0.135
-0.999, 0.136
-0.988, 0.121
-0.958, 0.122
-0.985, 0.122
-0.988, 0.121
-0.958, 0.122
-0.945, 0.135
-0.945, 0.135
-0.915, 0.162
-0.902, 0.176
-0.929, 0.176
-0.917, 0.189
-0.904, 0.203
-0.887, 0.189
-0.874, 0.203
-0.859, 0.216
-0.847, 0.202
-0.847, 0.202
-0.831, 0.189
-0.847, 0.202
-0.833, 0.189
-0.861, 0.162
-0.861, 0.162
-0.858, 0.162
-0.891, 0.161
-0.901, 0.149
-0.901, 0.149
-0.901, 0.149
-0.901, 0.149
-0.919, 0.189
-0.917, 0.217
-0.933, 0.202
-0.933, 0.202
-0.930, 0.203
-0.918, 0.216
-0.914, 0.244
-0.930, 0.258
-0.917, 0.244
-0.915, 0.271
-0.918, 0.271
-0.900, 0.285
-0.902, 0.312
-0.889, 0.325
-0.887, 0.298
-0.905, 0.311
-0.887, 0.298
-0.875, 0.311
-0.890, 0.298
-0.915, 0.271
-0.890, 0.298
-0.887, 0.298
-0.903, 0.339
-0.903, 0.339
-0.903, 0.339
-0.904, 0.366
-0.902, 0.339
-0.890, 0.353
-0.889, 0.380
-0.887, 0.353
-0.890, 0.352
-0.887, 0.353
-0.874, 0.339
-0.889, 0.325
-0.888, 0.325
-0.904, 0.312
-0.886, 0.326
-0.887, 0.298
-0.904, 0.312
-0.915, 0.326
-0.918, 0.325
-0.930, 0.312
-0.934, 0.312
-0.960, 0.312
-0.956, 0.285
-0.973, 0.299
-0.970, 0.299
-0.973, 0.299
-1.003, 0.299
-0.999, 0.299
-1.003, 0.271
-0.987, 0.258
-1.002, 0.244
-0.988, 0.231
-0.985, 0.231
-0.988, 0.231
-0.985, 0.231
-0.999, 0.190
-1.014, 0.177
-0.970, 0.163
-0.988, 0.176
-0.985, 0.177
-0.973, 0.162
-0.988, 0.176
-0.973, 0.190
-0.988, 0.176
-0.971, 0.163
-0.973, 0.162
-0.988, 0.176
-0.986, 0.149
-0.974, 0.162
-0.984, 0.150
-0.986, 0.149
-0.985, 0.122
-0.998, 0.136
-1.016, 0.149
-1.016, 0.149
-1.018, 0.176
-1.031, 0.162
-1.027, 0.163
-1.016, 0.149
-1.013, 0.150
-1.014, 0.122
-1.002, 0.135
-1.000, 0.109
-1.016, 0.094
-1.001, 0.081
-1.016, 0.040
-1.003,-0.002
-1.028,-0.027
-1.016,-0.069
-1.027,-0.082
-1.014,-0.123
-1.016,-0.151
-0.998,-0.162
-1.001,-0.164
-0.998,-0.162
-1.014,-0.177
-1.001,-0.164
-1.013,-0.149
-0.988,-0.124
-1.014,-0.123
-1.001,-0.110
-1.017,-0.069
-1.041,-0.067
-1.029,-0.055
-1.041,-0.013
-1.056, 0.000
-1.057, 0.027
-1.056, 0.000
-1.073, 0.013
-1.057, 0.027
-1.061, 0.026
-1.074,-0.015
-1.069,-0.040
-1.057,-0.028
-1.056,-0.054
-1.071,-0.068
-1.057,-0.082
-1.056,-0.081
-1.074,-0.070
-1.071,-0.095
-1.043,-0.123
-1.056,-0.136
-1.041,-0.149
-1.045,-0.151
-1.041,-0.122
-1.043,-0.123
-1.044,-0.124
-1.028,-0.109
-1.017,-0.124
-1.002,-0.110
-1.015,-0.123
-1.002,-0.110
-1.000,-0.082
-1.003,-0.083
-0.958,-0.069
-0.988,-0.070
-0.988,-0.070
-0.972,-0.055
-0.988,-0.070
-0.985,-0.068
-1.000,-0.082
-0.987,-0.069
-0.970,-0.081
-0.987,-0.069
-0.985,-0.068
-0.988,-0.070
-0.975,-0.056
-0.971,-0.082
-0.960,-0.097
-0.972,-0.109
-0.987,-0.123
-0.987,-0.123
-0.985,-0.122
-0.990,-0.098
-0.973,-0.083
-0.973,-0.083
-0.960,-0.097
-0.957,-0.095
-0.960,-0.097
-0.959,-0.096
-0.958,-0.123
-0.988,-0.124
-0.957,-0.122
-0.958,-0.123
-0.944,-0.137
-0.944,-0.137
-0.961,-0.124
-0.972,-0.109
-0.988,-0.124
-0.958,-0.123
-0.973,-0.137
-0.973,-0.137
-0.985,-0.122
-1.002,-0.110
-1.015,-0.068
-1.001,-0.083
-1.031,-0.056
-1.026,-0.054
-1.044,-0.014
-1.028, 0.000
-1.043, 0.014
-1.058,-0.000
-1.041,-0.013
-1.045, 0.040
-1.057, 0.027
-1.044, 0.013
-1.046, 0.012
-1.058,-0.000
-1.031,-0.029
-1.043,-0.041
-1.071,-0.068
-1.059,-0.083
-1.056,-0.081
-1.073,-0.069
-1.043,-0.068
-1.056,-0.081
-1.058,-0.055
-1.055,-0.053
-1.045,-0.042
-1.043,-0.014
-1.058,-0.000
-1.031,-0.001
-1.043, 0.014
-1.044, 0.040
-1.043, 0.068
-1.015, 0.095
-1.003, 0.108
-1.028, 0.136
-1.031, 0.135
-1.016, 0.149
-1.001, 0.135
-0.975, 0.135
-1.000, 0.109
-0.990, 0.121
-1.001, 0.135
-1.001, 0.135
-0.988, 0.121
-1.000, 0.109
-1.001, 0.135
-0.998, 0.136
-0.985, 0.122
-0.972, 0.136
-0.972, 0.136
-0.961, 0.175
-0.947, 0.162
-0.947, 0.162
-0.961, 0.175
-0.929, 0.176
-0.930, 0.149
-0.944, 0.163
-0.945, 0.135
-0.919, 0.134
-0.945, 0.135
-0.919, 0.134
-0.945, 0.135
-0.917, 0.108
-0.932, 0.094
-0.929, 0.040
-0.932, 0.039
-0.945, 0.026
-0.945, 0.026
-0.946,-0.001
-0.929,-0.014
-0.946,-0.002
-0.958,-0.014
-0.986,-0.014
-0.988,-0.015
-0.985,-0.013
-0.973,-0.001
-0.986, 0.040
-0.986, 0.040
-1.003, 0.053
-1.000, 0.054
-1.016, 0.040
-1.014, 0.068
-1.041, 0.069
-1.057, 0.054
-1.041, 0.069
-1.070, 0.068
-1.055, 0.082
-1.057, 0.054
-1.074, 0.067
-1.057, 0.054
-1.058, 0.026
-1.057,-0.000
-1.070,-0.041
-1.085,-0.055
-1.054,-0.080
-1.072,-0.069
-1.070,-0.095
-1.057,-0.082
-1.044,-0.096
-1.068,-0.122
-1.085,-0.109
-1.055,-0.109
-1.071,-0.122
-1.044,-0.096
-1.026,-0.108
-1.029,-0.110
-1.014,-0.096
-1.043,-0.095
-1.044,-0.096
-1.041,-0.122
-1.044,-0.124
-1.043,-0.095
-1.042,-0.150
-1.044,-0.178
-1.055,-0.163
-1.030,-0.193
-1.042,-0.204
-1.029,-0.219
-1.029,-0.219
-1.024,-0.243
-1.013,-0.259
-1.027,-0.245
-1.013,-0.259
-1.045,-0.261
-1.029,-0.273
-1.030,-0.302
-1.029,-0.301
-1.042,-0.314
-1.057,-0.300
-1.040,-0.312
-1.058,-0.329
-1.028,-0.328
-1.015,-0.370
-1.015,-0.370
-0.997,-0.407
-1.028,-0.437
-1.042,-0.423
-1.042,-0.477
-1.043,-0.451
-1.027,-0.463
-1.015,-0.479
-1.029,-0.464
-1.055,-0.490
-1.043,-0.506
-1.040,-0.503
-1.045,-0.535
-1.057,-0.546
-1.029,-0.573
-1.030,-0.575
-1.026,-0.517
-1.056,-0.519
-1.042,-0.532
-1.026,-0.517
-1.056,-0.519
-1.053,-0.516
-1.056,-0.519
-1.055,-0.490
-1.070,-0.504
-1.058,-0.493
-1.070,-0.504
-1.086,-0.520
-1.084,-0.546
-1.084,-0.546
-1.084,-0.546
-1.082,-0.571
-1.099,-0.560
-1.099,-0.560
-1.084,-0.600
-1.099,-0.615
-1.096,-0.611
-1.099,-0.615
-1.112,-0.573
-1.110,-0.598
-1.086,-0.575
-1.109,-0.570
-1.099,-0.560
-1.084,-0.546
-1.070,-0.559
-1.058,-0.548
-1.026,-0.517
-1.030,-0.520
-1.000,-0.519
-0.985,-0.532
-0.973,-0.521
-0.956,-0.531
-0.959,-0.534
-0.944,-0.547
-0.944,-0.547
-0.931,-0.561
-0.928,-0.558
-0.931,-0.561
-0.928,-0.560
-0.928,-0.558
-0.916,-0.547
-0.929,-0.533
-0.902,-0.534
-0.904,-0.509
-0.888,-0.520
-0.890,-0.522
-0.873,-0.533
-0.861,-0.522
-0.845,-0.506
-0.859,-0.492
-0.861,-0.494
-0.844,-0.450
-0.862,-0.440
-0.845,-0.397
-0.845,-0.397
-0.848,-0.345
-0.844,-0.314
-0.860,-0.275
-0.861,-0.247
-0.846,-0.233
-0.863,-0.222
-0.844,-0.205
-0.847,-0.207
-0.846,-0.179
-0.861,-0.193
-0.862,-0.221
-0.859,-0.219
-0.875,-0.234
-0.875,-0.234
-0.875,-0.234
-0.862,-0.221
-0.874,-0.233
-0.889,-0.220
-0.859,-0.219
-0.874,-0.206
-0.890,-0.194
-0.886,-0.163
-0.903,-0.151
-0.917,-0.138
-0.945,-0.110
-0.934,-0.071
-0.945,-0.056
-0.947,-0.084
-0.960,-0.097
-0.972,-0.109
-0.975,-0.111
-0.985,-0.122
-1.003,-0.138
-0.986,-0.150
-0.987,-0.178
-0.988,-0.206
-0.971,-0.217
-0.973,-0.246
-0.988,-0.261
-0.973,-0.301
-0.975,-0.330
-0.972,-0.354
-0.973,-0.383
-0.958,-0.423
-0.957,-0.422
-0.945,-0.410
-0.944,-0.436
-0.932,-0.425
-0.932,-0.397
-0.930,-0.396
-0.932,-0.397
-0.902,-0.369
-0.918,-0.330
-0.932,-0.316
-0.929,-0.313
-0.945,-0.274
-0.943,-0.246
-0.959,-0.260
-0.958,-0.232
-0.972,-0.218
-0.989,-0.207
-0.986,-0.205
-1.004,-0.221
-1.016,-0.233
-1.029,-0.246
-1.031,-0.274
-1.013,-0.231
-1.029,-0.246
-1.045,-0.205
-1.042,-0.204
-1.046,-0.207
-1.042,-0.204
-1.029,-0.191
-1.029,-0.191
-1.029,-0.191
-1.031,-0.165
-1.028,-0.163
-1.029,-0.191
-1.029,-0.191
-1.000,-0.191
-1.001,-0.164
-0.985,-0.177
-1.004,-0.165
-0.974,-0.165
-1.001,-0.164
-0.975,-0.166
-0.972,-0.164
-0.945,-0.165
-0.932,-0.152
-0.930,-0.151
-0.917,-0.138
-0.929,-0.123
-0.917,-0.138
-0.917,-0.138
-0.931,-0.124
-0.933,-0.098
-0.917,-0.083
-0.947,-0.084
-0.932,-0.097
-0.944,-0.082
-0.961,-0.070
-0.944,-0.082
-0.975,-0.056
-0.960,-0.042
-0.974,-0.028
-0.947,-0.029
-0.972,-0.055
-0.960,-0.042
-0.974,-0.028
-0.944,-0.028
-0.947,-0.029
-0.958,-0.014
-0.946,-0.002
-0.945,-0.001
-0.944,-0.028
-0.961,-0.015
-0.958,-0.014
-0.932,-0.015
-0.932,-0.015
-0.930,-0.042
-0.932,-0.015
-0.958,-0.014
-0.932,-0.015
-0.917,-0.029
-0.943,-0.055
-0.932,-0.070
-0.929,-0.068
-0.945,-0.056
-0.932,-0.070
-0.944,-0.082
-0.932,-0.070
-0.902,-0.069
-0.919,-0.057
-0.905,-0.071
-0.917,-0.083
-0.891,-0.084
-0.930,-0.096
-0.917,-0.083
-0.888,-0.083
-0.902,-0.069
-0.891,-0.084
-0.917,-0.083
-0.904,-0.125
-0.904,-0.125
-0.903,-0.151
-0.919,-0.166
-0.916,-0.164
-0.917,-0.192
-0.904,-0.179
-0.917,-0.192
-0.932,-0.206
-0.916,-0.191
-0.947,-0.193
-0.960,-0.179
-0.931,-0.178
-0.931,-0.179
-0.944,-0.191
-0.960,-0.179
-0.947,-0.193
-0.973,-0.192
-0.947,-0.193
-0.931,-0.233
-0.959,-0.260
-0.959,-0.260
-0.972,-0.273
-0.974,-0.274
-0.985,-0.258
-0.959,-0.260
-0.973,-0.246
-0.973,-0.246
-0.976,-0.249
-0.960,-0.233
-0.960,-0.233
-0.975,-0.220
-0.987,-0.232
-0.975,-0.220
-0.988,-0.205
-0.975,-0.220
-0.960,-0.233
-0.959,-0.260
-0.932,-0.261
-0.957,-0.286
-0.960,-0.288
-0.960,-0.288
-0.946,-0.301
-0.932,-0.316
-0.930,-0.342
-0.917,-0.329
-0.917,-0.329
-0.916,-0.355
-0.919,-0.357
-0.916,-0.355
-0.904,-0.370
-0.904,-0.370
-0.903,-0.396
-0.891,-0.385
-0.901,-0.368
-0.905,-0.372
-0.889,-0.356
-0.902,-0.369
-0.919,-0.357
-0.916,-0.355
-0.904,-0.343
-0.904,-0.370
-0.916,-0.355
-0.889,-0.356
-0.902,-0.369
-0.889,-0.356
-0.890,-0.385
-0.890,-0.385
-0.893,-0.387
-0.903,-0.396
-0.890,-0.385
-0.890,-0.385
-0.889,-0.411
-0.904,-0.425
-0.901,-0.422
-0.904,-0.425
-0.904,-0.425
-0.916,-0.436
-0.919,-0.439
-0.916,-0.409
-0.904,-0.425
-0.917,-0.383
-0.916,-0.409
-0.919,-0.439
-0.902,-0.424
-0.890,-0.439
-0.876,-0.453
-0.901,-0.477
-0.889,-0.465
-0.887,-0.491
-0.904,-0.480
-0.877,-0.481
-0.874,-0.478
-0.905,-0.454
-0.874,-0.451
-0.876,-0.453
-0.861,-0.438
-0.873,-0.423
-0.875,-0.425
-0.916,-0.409
-0.904,-0.398
-0.902,-0.424
-0.901,-0.422
-0.904,-0.425
-0.904,-0.425
-0.934,-0.426
-0.919,-0.412
-0.944,-0.436
-0.947,-0.439
-0.944,-0.436
-0.973,-0.437
-1.001,-0.410
-1.001,-0.410
-1.003,-0.384
-1.014,-0.368
-1.030,-0.382
-1.030,-0.382
-1.043,-0.368
-1.044,-0.369
-1.043,-0.341
-1.058,-0.355
-1.029,-0.355
-1.028,-0.354
-1.029,-0.355
-1.014,-0.368
-1.044,-0.369
-1.044,-0.369
-1.043,-0.368
-1.031,-0.356
-1.028,-0.354
-1.029,-0.355
-1.016,-0.342
-1.014,-0.368
-1.003,-0.357
-1.030,-0.328
-1.002,-0.355
-0.987,-0.341
-0.999,-0.353
-0.975,-0.357
-0.973,-0.328
-0.961,-0.317
-0.949,-0.304
-0.945,-0.301
-0.961,-0.317
-0.957,-0.286
-0.960,-0.288
-0.947,-0.275
-0.946,-0.247
-0.920,-0.222
-0.918,-0.220
-0.919,-0.248
-0.876,-0.261
-0.860,-0.301
-0.863,-0.303
-0.860,-0.301
-0.848,-0.316
-0.834,-0.331
-0.833,-0.357
-0.834,-0.385
-0.817,-0.396
-0.820,-0.398
-0.820,-0.398
-0.790,-0.397
-0.806,-0.413
-0.803,-0.410
-0.803,-0.410
-0.805,-0.384
-0.804,-0.356
-0.806,-0.358
-0.818,-0.343
-0.833,-0.302
-0.832,-0.330
-0.830,-0.300
-0.849,-0.318
-0.861,-0.329
-0.834,-0.331
-0.850,-0.346
-0.846,-0.370
-0.862,-0.412
-0.860,-0.410
-0.875,-0.424
-0.891,-0.412
-0.875,-0.424
-0.891,-0.412
-0.888,-0.409
-0.904,-0.425
-0.904,-0.425
-0.931,-0.423
-0.932,-0.452
-0.931,-0.423
-0.960,-0.425
-0.932,-0.397
-0.972,-0.409
-0.947,-0.412
-0.958,-0.423
-0.960,-0.425
-0.947,-0.439
-0.959,-0.450
-0.934,-0.481
-0.931,-0.478
-0.945,-0.520
-0.932,-0.507
-0.915,-0.518
-0.947,-0.521
-0.915,-0.518
-0.945,-0.520
-0.945,-0.520
-0.942,-0.517
-0.945,-0.520
-0.929,-0.504
-0.932,-0.507
-0.933,-0.536
-0.945,-0.520
-0.933,-0.536
-0.931,-0.533
-0.932,-0.561
-0.932,-0.561
-0.929,-0.558
-0.947,-0.576
-0.945,-0.574
-0.945,-0.574
-0.932,-0.616
-0.943,-0.600
-0.946,-0.603
-0.945,-0.601
-0.932,-0.616
-0.946,-0.603
-0.973,-0.601
-0.960,-0.588
-0.971,-0.572
-0.973,-0.547
-1.003,-0.548
-0.987,-0.532
-0.990,-0.535
-1.001,-0.519
-1.001,-0.519
-0.988,-0.506
-0.986,-0.505
-1.003,-0.493
-0.973,-0.492
-0.988,-0.506
-0.976,-0.495
-0.943,-0.545
-0.932,-0.561
-0.959,-0.560
-0.945,-0.574
-0.946,-0.601
-0.929,-0.613
-0.947,-0.630
-0.932,-0.643
-0.934,-0.618
-0.920,-0.632
-0.917,-0.629
-0.932,-0.616
-0.930,-0.587
-0.930,-0.587
-0.919,-0.549
-0.917,-0.520
-0.934,-0.481
-0.917,-0.438
-0.932,-0.397
-0.932,-0.397
-0.931,-0.369
-0.934,-0.371
-0.932,-0.343
-0.946,-0.328
-0.919,-0.303
-0.930,-0.287
-0.947,-0.275
-0.931,-0.233
-0.933,-0.234
-0.932,-0.206
-0.929,-0.204
-0.906,-0.153
-0.890,-0.138
-0.919,-0.111
-0.906,-0.098
-0.888,-0.083
-0.876,-0.043
-0.890,-0.029
-0.890,-0.029
-0.904,-0.016
-0.887,-0.000
-0.889,-0.002
-0.888, 0.026
-0.902,-0.014
-0.889,-0.002
-0.875,-0.015
-0.863,-0.003
-0.863,-0.003
-0.862,-0.057
-0.834,-0.085
-0.847,-0.097
-0.833,-0.111
-0.833,-0.111
-0.848,-0.125
-0.821,-0.126
-0.832,-0.138
-0.820,-0.153
-0.820,-0.153
-0.820,-0.153
-0.806,-0.167
-0.818,-0.179
-0.834,-0.194
-0.818,-0.206
-0.833,-0.220
-0.819,-0.235
-0.831,-0.247
-0.848,-0.236
-0.861,-0.247
-0.874,-0.288
-0.862,-0.276
-0.874,-0.260
-0.877,-0.290
-0.889,-0.274
-0.904,-0.289
-0.917,-0.302
-0.916,-0.300
-0.905,-0.317
-0.902,-0.315
-0.915,-0.328
-0.902,-0.315
-0.928,-0.340
-0.918,-0.330
-0.918,-0.330
-0.933,-0.344
-0.933,-0.344
-0.929,-0.368
-0.918,-0.385
-0.930,-0.369
-0.930,-0.369
-0.946,-0.357
-0.943,-0.355
-0.932,-0.370
-0.945,-0.383
-0.945,-0.438
-0.932,-0.425
-0.957,-0.449
-0.961,-0.481
-0.958,-0.478
-0.959,-0.506
-0.975,-0.521
-0.957,-0.531
-0.988,-0.561
-0.959,-0.560
-0.959,-0.560
-0.988,-0.561
-0.972,-0.545
-0.990,-0.535
-0.988,-0.506
-0.975,-0.521
-0.960,-0.507
-0.970,-0.489
-0.975,-0.466
-0.986,-0.450
-0.986,-0.450
-0.986,-0.450
-0.957,-0.449
-0.989,-0.453
-0.960,-0.452
-0.990,-0.480
-0.961,-0.481
-0.959,-0.505
-0.975,-0.521
-0.945,-0.520
-0.945,-0.520
-0.947,-0.494
-0.958,-0.478
-0.934,-0.481
-0.932,-0.452
-0.931,-0.478
-0.918,-0.467
-0.916,-0.464
-0.931,-0.479
-0.903,-0.451
-0.918,-0.467
-0.890,-0.494
-0.887,-0.491
-0.890,-0.494
-0.903,-0.507
-0.889,-0.520
-0.892,-0.523
-0.859,-0.519
-0.904,-0.534
-0.889,-0.520
-0.889,-0.520
-0.892,-0.523
-0.873,-0.504
-0.890,-0.494
-0.861,-0.493
-0.902,-0.478
-0.890,-0.467
-0.887,-0.464
-0.888,-0.438
-0.873,-0.424
-0.902,-0.424
-0.890,-0.385
-0.889,-0.356
-0.878,-0.373
-0.890,-0.385
-0.889,-0.411
-0.903,-0.452
-0.916,-0.464
-0.890,-0.494
-0.903,-0.507
-0.889,-0.520
-0.876,-0.507
-0.902,-0.533
-0.890,-0.549
-0.876,-0.562
-0.876,-0.562
-0.876,-0.562
-0.873,-0.559
-0.876,-0.562
-0.861,-0.575
-0.861,-0.575
-0.876,-0.562
-0.873,-0.559
-0.891,-0.576
-0.861,-0.575
-0.861,-0.548
-0.849,-0.564
-0.859,-0.573
-0.848,-0.589
-0.832,-0.575
-0.845,-0.588
-0.848,-0.591
-0.831,-0.601
-0.849,-0.618
-0.832,-0.630
-0.846,-0.615
-0.860,-0.602
-0.845,-0.586
-0.847,-0.589
-0.832,-0.575
-0.833,-0.548
-0.863,-0.551
-0.846,-0.560
-0.849,-0.564
-0.847,-0.562
-0.861,-0.548
-0.862,-0.576
-0.845,-0.588
-0.834,-0.604
-0.847,-0.617
-0.832,-0.630
-0.805,-0.632
-0.817,-0.615
-0.820,-0.619
-0.819,-0.590
-0.832,-0.575
-0.835,-0.578
-0.832,-0.573
-0.847,-0.589
-0.832,-0.575
-0.832,-0.575
-0.834,-0.549
-0.859,-0.573
-0.877,-0.591
-0.847,-0.589
-0.874,-0.588
-0.862,-0.604
-0.874,-0.588
-0.890,-0.604
-0.876,-0.616
-0.917,-0.602
-0.903,-0.616
-0.915,-0.627
-0.903,-0.616
-0.903,-0.616
-0.901,-0.642
-0.918,-0.631
-0.901,-0.642
-0.918,-0.631
-0.918,-0.631
-0.918,-0.631
-0.906,-0.620
-0.916,-0.629
-0.904,-0.645
-0.931,-0.643
-0.931,-0.643
-0.918,-0.631
-0.930,-0.642
-0.933,-0.645
-0.888,-0.629
-0.917,-0.602
-0.933,-0.590
-0.915,-0.573
-0.931,-0.589
-0.930,-0.560
-0.930,-0.560
-0.946,-0.521
-0.930,-0.505
-0.947,-0.494
-0.931,-0.479
-0.958,-0.478
-0.945,-0.465
-0.944,-0.491
-0.931,-0.479
-0.916,-0.465
-0.917,-0.492
-0.905,-0.481
-0.887,-0.491
-0.903,-0.507
-0.889,-0.520
-0.902,-0.533
-0.875,-0.535
-0.886,-0.571
-0.874,-0.560
-0.861,-0.548
-0.848,-0.535
-0.850,-0.538
-0.848,-0.535
-0.849,-0.564
-0.819,-0.562
-0.846,-0.560
-0.834,-0.577
-0.818,-0.588
-0.821,-0.591
-0.805,-0.575
-0.818,-0.588
-0.806,-0.604
-0.805,-0.575
-0.778,-0.577
-0.806,-0.550
-0.790,-0.561
-0.806,-0.550
-0.789,-0.532
-0.777,-0.548
-0.762,-0.534
-0.791,-0.534
-0.778,-0.495
-0.775,-0.492
-0.793,-0.509
-0.791,-0.481
-0.818,-0.479
-0.806,-0.468
-0.790,-0.452
-0.791,-0.481
-0.791,-0.453
-0.790,-0.452
-0.820,-0.453
-0.816,-0.423
-0.818,-0.452
-0.805,-0.439
-0.833,-0.411
-0.835,-0.414
-0.847,-0.398
-0.864,-0.386
-0.862,-0.385
-0.847,-0.398
-0.862,-0.385
-0.859,-0.383
-0.863,-0.359
-0.862,-0.330
-0.860,-0.357
-0.862,-0.330
-0.873,-0.314
-0.875,-0.289
-0.861,-0.247
-0.846,-0.233
-0.862,-0.221
-0.874,-0.206
-0.861,-0.194
-0.847,-0.207
-0.834,-0.194
-0.820,-0.208
-0.831,-0.165
-0.806,-0.167
-0.791,-0.153
-0.791,-0.153
-0.778,-0.140
-0.775,-0.138
-0.778,-0.140
-0.750,-0.113
-0.748,-0.139
-0.750,-0.113
-0.760,-0.124
-0.735,-0.099
-0.749,-0.085
-0.734,-0.098
-0.723,-0.059
-0.707,-0.044
-0.695,-0.032
-0.708,-0.045
-0.692,-0.085
-0.665,-0.086
-0.678,-0.098
-0.679,-0.127
-0.693,-0.113
-0.664,-0.113
-0.651,-0.155
-0.621,-0.181
-0.637,-0.223
-0.636,-0.249
-0.621,-0.262
-0.608,-0.305
-0.607,-0.303
-0.609,-0.333
-0.579,-0.359
-0.606,-0.357
-0.609,-0.387
-0.606,-0.412
-0.608,-0.415
-0.623,-0.429
-0.636,-0.440
-0.623,-0.429
-0.649,-0.453
-0.636,-0.442
-0.650,-0.427
-0.663,-0.440
-0.651,-0.456
-0.664,-0.467
-0.664,-0.469
-0.650,-0.482
-0.677,-0.480
-0.664,-0.467
-0.676,-0.451
-0.691,-0.467
-0.693,-0.441
-0.706,-0.427
-0.723,-0.415
-0.705,-0.398
-0.722,-0.386
-0.735,-0.399
-0.733,-0.425
-0.750,-0.413
-0.733,-0.425
-0.749,-0.441
-0.721,-0.468
-0.748,-0.494
-0.734,-0.508
-0.733,-0.534
-0.749,-0.577
-0.748,-0.605
-0.747,-0.630
-0.748,-0.632
-0.745,-0.627
-0.747,-0.630
-0.761,-0.616
-0.774,-0.629
-0.777,-0.577
-0.774,-0.574
-0.777,-0.577
-0.806,-0.578
-0.817,-0.561
-0.805,-0.550
-0.802,-0.546
-0.819,-0.535
-0.805,-0.550
-0.817,-0.561
-0.834,-0.551
-0.832,-0.548
-0.833,-0.577
-0.832,-0.548
-0.859,-0.546
-0.846,-0.535
-0.828,-0.518
-0.832,-0.493
-0.833,-0.467
-0.861,-0.440
-0.851,-0.402
-0.848,-0.400
-0.820,-0.427
-0.805,-0.440
-0.818,-0.452
-0.804,-0.466
-0.761,-0.479
-0.777,-0.468
-0.736,-0.483
-0.734,-0.508
-0.734,-0.508
-0.705,-0.507
-0.706,-0.536
-0.706,-0.536
-0.677,-0.535
-0.694,-0.552
-0.678,-0.562
-0.664,-0.577
-0.665,-0.605
-0.663,-0.602
-0.650,-0.646
-0.649,-0.644
-0.635,-0.659
-0.636,-0.633
-0.649,-0.644
-0.636,-0.631
-0.635,-0.604
-0.637,-0.606
-0.636,-0.578
-0.649,-0.589
-0.650,-0.564
-0.648,-0.561
-0.650,-0.564
-0.650,-0.564
-0.649,-0.589
-0.637,-0.578
-0.634,-0.575
-0.651,-0.565
-0.624,-0.540
-0.637,-0.524
-0.609,-0.525
-0.608,-0.522
-0.608,-0.522
-0.608,-0.522
-0.607,-0.548
-0.608,-0.551
-0.593,-0.535
-0.594,-0.564
-0.594,-0.564
-0.606,-0.603
-0.622,-0.646
-0.608,-0.659
-0.594,-0.674
-0.594,-0.674
-0.607,-0.684
-0.622,-0.701
-0.621,-0.672
-0.650,-0.673
-0.664,-0.660
-0.677,-0.671
-0.666,-0.662
-0.664,-0.631
-0.678,-0.646
-0.693,-0.633
-0.677,-0.616
-0.680,-0.620
-0.706,-0.589
-0.707,-0.618
-0.721,-0.605
-0.734,-0.616
-0.734,-0.618
-0.747,-0.629
-0.735,-0.645
-0.749,-0.632
-0.748,-0.658
-0.751,-0.688
-0.734,-0.700
-0.734,-0.754
-0.734,-0.754
-0.733,-0.780
-0.721,-0.796
-0.734,-0.809
-0.720,-0.822
-0.706,-0.837
-0.691,-0.820
-0.734,-0.809
-0.719,-0.794
-0.734,-0.809
-0.748,-0.767
-0.733,-0.780
-0.736,-0.784
-0.746,-0.792
-0.749,-0.796
-0.749,-0.796
-0.746,-0.847
-0.749,-0.851
-0.748,-0.849
-0.734,-0.864
-0.734,-0.864
-0.733,-0.889
-0.749,-0.851
-0.733,-0.834
-0.762,-0.836
-0.747,-0.822
-0.760,-0.778
-0.777,-0.769
-0.788,-0.750
-0.790,-0.725
-0.777,-0.714
-0.790,-0.725
-0.792,-0.728
-0.792,-0.728
-0.778,-0.741
-0.791,-0.754
-0.789,-0.779
-0.791,-0.754
-0.774,-0.765
-0.776,-0.767
-0.777,-0.769
-0.761,-0.752
-0.749,-0.742
-0.733,-0.725
-0.748,-0.712
-0.721,-0.714
-0.720,-0.712
-0.693,-0.715
-0.677,-0.726
-0.678,-0.755
-0.665,-0.742
-0.635,-0.766
-0.637,-0.770
-0.635,-0.766
-0.636,-0.795
-0.623,-0.785
-0.621,-0.781
-0.595,-0.785
-0.608,-0.768
-0.608,-0.768
-0.609,-0.770
-0.620,-0.779
-0.594,-0.755
-0.593,-0.726
-0.608,-0.741
-0.608,-0.713
-0.621,-0.724
-0.608,-0.713
-0.593,-0.699
-0.609,-0.688
-0.610,-0.690
-0.594,-0.701
-0.595,-0.730
-0.608,-0.741
-0.594,-0.755
-0.594,-0.755
-0.593,-0.726
-0.595,-0.730
-0.580,-0.715
-0.580,-0.715
-0.581,-0.716
-0.565,-0.699
-0.567,-0.703
-0.565,-0.699
-0.580,-0.686
-0.552,-0.688
-0.580,-0.686
-0.596,-0.675
-0.580,-0.686
-0.580,-0.714
-0.594,-0.701
-0.607,-0.712
-0.624,-0.702
-0.622,-0.699
-0.651,-0.700
-0.623,-0.673
-0.649,-0.697
-0.636,-0.686
-0.663,-0.684
-0.636,-0.686
-0.665,-0.687
-0.678,-0.698
-0.665,-0.740
-0.650,-0.726
-0.651,-0.755
-0.653,-0.759
-0.665,-0.769
-0.666,-0.799
-0.650,-0.810
-0.636,-0.822
-0.664,-0.850
-0.663,-0.848
-0.651,-0.839
-0.649,-0.835
-0.649,-0.835
-0.651,-0.839
-0.648,-0.860
-0.665,-0.879
-0.664,-0.850
-0.678,-0.891
-0.665,-0.879
-0.663,-0.875
-0.678,-0.891
-0.677,-0.917
-0.706,-0.916
-0.693,-0.906
-0.692,-0.931
-0.721,-0.933
-0.692,-0.931
-0.720,-0.958
-0.693,-0.961
-0.692,-0.986
-0.679,-0.973
-0.692,-0.986
-0.705,-0.998
-0.664,-1.013
-0.662,-1.009
-0.664,-1.013
-0.664,-1.013
-0.665,-1.043
-0.666,-1.018
-0.650,-1.056
-0.665,-1.098
-0.664,-1.123
-0.692,-1.123
-0.664,-1.150
-0.691,-1.147
-0.678,-1.138
-0.678,-1.137
-0.693,-1.152
-0.678,-1.138
-0.705,-1.135
-0.679,-1.167
-0.692,-1.150
-0.707,-1.165
-0.693,-1.152
-0.690,-1.175
-0.707,-1.165
-0.692,-1.177
-0.707,-1.192
-0.694,-1.180
-0.706,-1.162
-0.707,-1.137
-0.705,-1.135
-0.721,-1.095
-0.721,-1.097
-0.747,-1.092
-0.736,-1.055
-0.721,-1.040
-0.749,-1.067
-0.721,-1.040
-0.703,-1.076
-0.707,-1.110
-0.692,-1.122
-0.693,-1.152
-0.679,-1.167
-0.678,-1.192
-0.680,-1.249
-0.664,-1.259
-0.664,-1.314
-0.665,-1.317
-0.635,-1.339
-0.665,-1.372
-0.637,-1.344
-0.650,-1.357
-0.651,-1.387
-0.620,-1.379
-0.651,-1.384
-0.635,-1.394
-0.663,-1.366
-0.692,-1.369
-0.677,-1.354
-0.680,-1.359
-0.692,-1.341
-0.721,-1.341
-0.720,-1.314
-0.719,-1.311
-0.721,-1.289
-0.720,-1.259
-0.735,-1.274
-0.749,-1.261
-0.734,-1.244
-0.750,-1.207
-0.735,-1.192
-0.748,-1.177
-0.763,-1.164
-0.761,-1.132
-0.762,-1.134
-0.761,-1.105
-0.791,-1.079
-0.779,-1.044
-0.777,-1.040
-0.766,-1.032
-0.778,-1.015
-0.764,-1.027
-0.779,-1.044
-0.763,-1.052
-0.764,-1.027
-0.778,-1.012
-0.777,-0.985
-0.778,-0.933
-0.762,-0.916
-0.779,-0.905
-0.777,-0.849
-0.778,-0.821
-0.765,-0.811
-0.776,-0.765
-0.778,-0.714
-0.749,-0.658
-0.749,-0.630
-0.750,-0.605
-0.733,-0.560
-0.707,-0.536
-0.694,-0.496
-0.679,-0.482
-0.653,-0.457
-0.622,-0.453
-0.624,-0.456
-0.624,-0.456
-0.623,-0.482
-0.624,-0.483
-0.608,-0.495
-0.594,-0.510
-0.623,-0.509
-0.608,-0.550
-0.608,-0.551
-0.592,-0.561
-0.607,-0.577
-0.593,-0.535
-0.608,-0.522
-0.623,-0.511
-0.594,-0.510
-0.610,-0.498
-0.580,-0.469
-0.580,-0.441
-0.581,-0.415
-0.593,-0.399
-0.581,-0.360
-0.566,-0.346
-0.566,-0.346
-0.567,-0.320
-0.579,-0.304
-0.566,-0.293
-0.566,-0.291
-0.552,-0.306
-0.539,-0.293
-0.524,-0.332
-0.525,-0.361
-0.524,-0.387
-0.523,-0.441
-0.495,-0.470
-0.494,-0.495
-0.496,-0.552
-0.482,-0.565
-0.495,-0.578
-0.510,-0.621
-0.522,-0.631
-0.495,-0.662
-0.510,-0.647
-0.538,-0.674
-0.538,-0.676
-0.551,-0.685
-0.566,-0.701
-0.579,-0.714
-0.565,-0.727
-0.594,-0.728
-0.634,-0.739
-0.636,-0.741
-0.635,-0.713
-0.650,-0.728
-0.665,-0.689
-0.664,-0.715
-0.665,-0.744
-0.664,-0.770
-0.691,-0.767
-0.692,-0.797
-0.690,-0.793
-0.678,-0.811
-0.692,-0.851
-0.691,-0.877
-0.679,-0.894
-0.663,-0.904
-0.679,-0.948
-0.664,-0.988
-0.677,-1.028
-0.678,-1.058
-0.661,-1.093
-0.677,-1.138
-0.664,-1.180
-0.662,-1.232
-0.649,-1.220
-0.648,-1.190
-0.677,-1.192
-0.662,-1.177
-0.676,-1.162
-0.678,-1.113
-0.690,-1.095
-0.707,-1.085
-0.705,-1.055
-0.719,-1.040
-0.736,-1.030
-0.746,-1.011
-0.762,-1.000
-0.747,-0.985
-0.761,-0.971
-0.777,-0.960
-0.761,-0.916
-0.763,-0.920
-0.763,-0.893
-0.763,-0.893
-0.763,-0.893
-0.774,-0.874
-0.762,-0.864
-0.762,-0.863
-0.775,-0.849
-0.777,-0.823
-0.789,-0.807
-0.792,-0.783
-0.777,-0.769
-0.804,-0.739
-0.792,-0.728
-0.790,-0.725
-0.777,-0.714
-0.791,-0.699
-0.776,-0.685
-0.779,-0.661
-0.776,-0.630
-0.749,-0.577
-0.734,-0.563
-0.734,-0.561
-0.736,-0.537
-0.719,-0.549
-0.694,-0.552
-0.679,-0.538
-0.665,-0.551
-0.651,-0.565
-0.620,-0.561
-0.623,-0.566
-0.580,-0.579
-0.594,-0.619
-0.567,-0.621
-0.550,-0.658
-0.537,-0.672
-0.523,-0.687
-0.509,-0.702
-0.498,-0.720
-0.496,-0.744
-0.511,-0.758
-0.482,-0.786
-0.495,-0.824
-0.496,-0.826
-0.481,-0.836
-0.482,-0.840
-0.467,-0.826
-0.481,-0.866
-0.482,-0.895
-0.466,-0.906
-0.482,-0.895
-0.468,-0.908
-0.481,-0.891
-0.481,-0.866
-0.481,-0.836
-0.496,-0.826
-0.525,-0.798
-0.524,-0.769
-0.525,-0.745
-0.537,-0.727
-0.524,-0.716
-0.552,-0.743
-0.552,-0.741
-0.540,-0.760
-0.551,-0.769
-0.552,-0.798
-0.552,-0.798
-0.565,-0.808
-0.567,-0.812
-0.564,-0.836
-0.580,-0.880
-0.580,-0.880
-0.606,-0.903
-0.594,-0.920
-0.622,-0.944
-0.637,-0.961
-0.622,-0.947
-0.622,-0.947
-0.639,-0.966
-0.649,-0.944
-0.665,-0.934
-0.693,-0.906
-0.706,-0.918
-0.708,-0.893
-0.707,-0.864
-0.721,-0.851
-0.707,-0.809
-0.707,-0.809
-0.735,-0.784
-0.720,-0.767
-0.736,-0.756
-0.736,-0.756
-0.720,-0.767
-0.736,-0.756
-0.720,-0.767
-0.734,-0.754
-0.721,-0.742
-0.735,-0.727
-0.736,-0.729
-0.734,-0.698
-0.736,-0.701
-0.736,-0.701
-0.720,-0.712
-0.693,-0.715
-0.691,-0.711
-0.693,-0.715
-0.693,-0.715
-0.678,-0.700
-0.665,-0.687
-0.663,-0.684
-0.665,-0.687
-0.678,-0.645
-0.664,-0.658
-0.665,-0.633
-0.662,-0.655
-0.651,-0.646
-0.637,-0.660
-0.636,-0.686
-0.625,-0.677
-0.624,-0.702
-0.609,-0.715
-0.595,-0.730
-0.608,-0.741
-0.610,-0.744
-0.580,-0.714
-0.566,-0.728
-0.566,-0.728
-0.580,-0.714
-0.553,-0.716
-0.565,-0.699
-0.567,-0.703
-0.539,-0.676
-0.537,-0.672
-0.526,-0.663
-0.524,-0.659
-0.525,-0.689
-0.511,-0.703
-0.510,-0.727
-0.497,-0.745
-0.482,-0.754
-0.482,-0.784
-0.482,-0.811
-0.453,-0.837
-0.455,-0.841
-0.468,-0.851
-0.469,-0.881
-0.454,-0.866
-0.468,-0.906
-0.468,-0.908
-0.468,-0.906
-0.482,-0.893
-0.496,-0.880
-0.523,-0.876
-0.538,-0.863
-0.523,-0.849
-0.539,-0.867
-0.553,-0.854
-0.539,-0.867
-0.555,-0.856
-0.552,-0.878
-0.581,-0.907
-0.566,-0.892
-0.579,-0.903
-0.567,-0.894
-0.580,-0.877
-0.581,-0.907
-0.581,-0.907
-0.565,-0.915
-0.566,-0.920
-0.565,-0.918
-0.567,-0.922
-0.580,-0.962
-0.580,-0.932
-0.567,-0.949
-0.579,-0.957
-0.580,-0.932
-0.566,-0.920
-0.565,-0.918
-0.552,-0.907
-0.566,-0.892
-0.581,-0.907
-0.595,-0.894
-0.593,-0.890
-0.595,-0.894
-0.579,-0.905
-0.595,-0.894
-0.608,-0.907
-0.621,-0.917
-0.608,-0.907
-0.620,-0.888
-0.621,-0.863
-0.651,-0.839
-0.650,-0.837
-0.652,-0.786
-0.652,-0.784
-0.666,-0.769
-0.651,-0.755
-0.650,-0.726
-0.679,-0.729
-0.664,-0.713
-0.665,-0.742
-0.666,-0.717
-0.665,-0.742
-0.652,-0.784
-0.636,-0.795
-0.623,-0.812
-0.623,-0.812
-0.621,-0.808
-0.580,-0.825
-0.608,-0.795
-0.608,-0.795
-0.595,-0.785
-0.608,-0.768
-0.595,-0.730
-0.608,-0.713
-0.609,-0.688
-0.608,-0.659
-0.622,-0.646
-0.609,-0.633
-0.622,-0.591
-0.609,-0.579
-0.609,-0.578
-0.621,-0.562
-0.595,-0.538
-0.608,-0.522
-0.623,-0.509
-0.609,-0.524
-0.608,-0.550
-0.581,-0.551
-0.594,-0.564
-0.582,-0.580
-0.553,-0.581
-0.567,-0.564
-0.553,-0.579
-0.552,-0.550
-0.552,-0.550
-0.540,-0.511
-0.524,-0.523
-0.512,-0.486
-0.510,-0.483
-0.511,-0.512
-0.497,-0.470
-0.481,-0.482
-0.483,-0.485
-0.467,-0.442
-0.469,-0.443
-0.454,-0.429
-0.467,-0.442
-0.440,-0.389
-0.440,-0.389
-0.440,-0.389
-0.440,-0.389
-0.453,-0.400
-0.469,-0.444
-0.453,-0.455
-0.468,-0.470
-0.483,-0.485
-0.496,-0.496
-0.482,-0.539
-0.481,-0.536
-0.496,-0.551
-0.482,-0.592
-0.481,-0.589
-0.497,-0.608
-0.468,-0.607
-0.483,-0.621
-0.484,-0.650
-0.482,-0.647
-0.483,-0.676
-0.482,-0.647
-0.468,-0.662
-0.482,-0.647
-0.467,-0.633
-0.483,-0.621
-0.439,-0.606
-0.454,-0.620
-0.425,-0.620
-0.425,-0.619
-0.412,-0.637
-0.426,-0.647
-0.398,-0.649
-0.413,-0.664
-0.397,-0.701
-0.399,-0.732
-0.425,-0.728
-0.425,-0.757
-0.440,-0.744
-0.439,-0.742
-0.455,-0.733
-0.454,-0.729
-0.454,-0.729
-0.454,-0.704
-0.481,-0.727
-0.483,-0.731
-0.468,-0.715
-0.496,-0.687
-0.483,-0.674
-0.495,-0.712
-0.497,-0.716
-0.495,-0.714
-0.496,-0.743
-0.483,-0.760
-0.468,-0.744
-0.469,-0.773
-0.453,-0.784
-0.453,-0.839
-0.454,-0.868
-0.439,-0.851
-0.426,-0.868
-0.439,-0.851
-0.426,-0.839
-0.427,-0.813
-0.425,-0.809
-0.454,-0.813
-0.439,-0.797
-0.425,-0.811
-0.440,-0.826
-0.467,-0.824
-0.441,-0.801
-0.467,-0.824
-0.467,-0.824
-0.467,-0.826
-0.495,-0.822
-0.497,-0.855
-0.495,-0.851
-0.510,-0.838
-0.496,-0.825
-0.495,-0.851
-0.510,-0.867
-0.523,-0.878
-0.509,-0.893
-0.524,-0.907
-0.523,-0.903
-0.523,-0.933
-0.523,-0.903
-0.524,-0.907
-0.538,-0.895
-0.537,-0.920
-0.511,-0.897
-0.523,-0.878
-0.509,-0.893
-0.509,-0.893
-0.523,-0.903
-0.497,-0.910
-0.495,-0.908
-0.495,-0.933
-0.496,-0.935
-0.480,-0.946
-0.509,-0.948
-0.510,-0.920
-0.510,-0.922
-0.524,-0.910
-0.523,-0.905
-0.538,-0.895
-0.509,-0.863
-0.538,-0.865
-0.552,-0.852
-0.565,-0.863
-0.567,-0.867
-0.538,-0.865
-0.538,-0.920
-0.566,-0.892
-0.537,-0.890
-0.538,-0.895
-0.538,-0.865
-0.538,-0.865
-0.524,-0.853
-0.523,-0.849
-0.538,-0.838
-0.524,-0.823
-0.524,-0.853
-0.510,-0.868
-0.509,-0.893
-0.483,-0.925
-0.495,-0.960
-0.510,-0.975
-0.524,-0.962
-0.509,-0.945
-0.511,-0.950
-0.496,-0.880
-0.524,-0.878
-0.497,-0.855
-0.495,-0.851
-0.510,-0.868
-0.495,-0.851
-0.510,-0.865
-0.524,-0.853
-0.509,-0.836
-0.496,-0.826
-0.496,-0.825
-0.496,-0.826
-0.525,-0.798
-0.496,-0.796
-0.511,-0.785
-0.510,-0.783
-0.510,-0.783
-0.482,-0.786
-0.495,-0.769
-0.482,-0.786
-0.482,-0.784
-0.510,-0.784
-0.496,-0.771
-0.495,-0.767
-0.482,-0.756
-0.496,-0.742
-0.524,-0.769
-0.496,-0.771
-0.496,-0.796
-0.511,-0.787
-0.510,-0.813
-0.497,-0.855
-0.497,-0.855
-0.523,-0.878
-0.511,-0.895
-0.495,-0.905
-0.538,-0.893
-0.525,-0.882
-0.523,-0.878
-0.524,-0.853
-0.538,-0.838
-0.538,-0.838
-0.539,-0.812
-0.523,-0.794
-0.567,-0.758
-0.539,-0.758
-0.567,-0.756
-0.553,-0.716
-0.509,-0.700
-0.567,-0.703
-0.510,-0.674
-0.524,-0.661
-0.525,-0.636
-0.510,-0.619
-0.526,-0.608
-0.511,-0.594
-0.510,-0.592
-0.511,-0.594
-0.496,-0.551
-0.511,-0.594
-0.510,-0.565
-0.525,-0.552
-0.526,-0.553
-0.510,-0.536
-0.539,-0.566
-0.524,-0.578
-0.510,-0.591
-0.496,-0.579
-0.524,-0.578
-0.540,-0.568
-0.554,-0.553
-0.539,-0.566
-0.568,-0.567
-0.580,-0.577
-0.581,-0.551
-0.568,-0.539
-0.582,-0.524
-0.569,-0.513
-0.552,-0.495
-0.554,-0.498
-0.553,-0.470
-0.566,-0.482
-0.526,-0.471
-0.524,-0.468
-0.539,-0.484
-0.525,-0.497
-0.525,-0.497
-0.511,-0.484
-0.510,-0.481
-0.525,-0.497
-0.510,-0.483
-0.525,-0.497
-0.511,-0.512
-0.510,-0.483
-0.497,-0.499
-0.497,-0.470
-0.483,-0.457
-0.498,-0.444
-0.482,-0.454
-0.497,-0.470
-0.482,-0.456
-0.495,-0.469
-0.497,-0.415
-0.508,-0.426
-0.468,-0.414
-0.468,-0.414
-0.482,-0.401
-0.484,-0.378
-0.483,-0.375
-0.498,-0.418
-0.496,-0.441
-0.482,-0.456
-0.496,-0.496
-0.522,-0.522
-0.511,-0.567
-0.524,-0.579
-0.510,-0.592
-0.510,-0.621
-0.537,-0.645
-0.524,-0.661
-0.538,-0.674
-0.537,-0.729
-0.538,-0.758
-0.537,-0.781
-0.538,-0.811
-0.551,-0.823
-0.551,-0.878
-0.581,-0.909
-0.566,-0.947
-0.566,-0.977
-0.565,-1.002
-0.593,-1.029
-0.580,-1.071
-0.579,-1.069
-0.594,-1.059
-0.593,-1.056
-0.579,-1.069
-0.608,-1.071
-0.579,-1.069
-0.593,-1.084
-0.579,-1.069
-0.593,-1.084
-0.580,-1.074
-0.579,-1.069
-0.553,-1.074
-0.552,-1.101
-0.537,-1.139
-0.537,-1.139
-0.536,-1.164
-0.566,-1.196
-0.538,-1.223
-0.537,-1.248
-0.523,-1.236
-0.536,-1.273
-0.523,-1.291
-0.522,-1.288
-0.536,-1.303
-0.523,-1.291
-0.507,-1.300
-0.551,-1.290
-0.536,-1.303
-0.508,-1.276
-0.537,-1.278
-0.536,-1.273
-0.537,-1.278
-0.537,-1.278
-0.551,-1.290
-0.551,-1.290
-0.536,-1.273
-0.537,-1.278
-0.565,-1.275
-0.550,-1.288
-0.551,-1.291
-0.549,-1.285
-0.566,-1.305
-0.566,-1.305
-0.578,-1.342
-0.565,-1.330
-0.564,-1.355
-0.551,-1.345
-0.537,-1.333
-0.551,-1.318
-0.566,-1.308
-0.565,-1.275
-0.579,-1.263
-0.579,-1.263
-0.564,-1.248
-0.565,-1.223
-0.579,-1.208
-0.593,-1.196
-0.593,-1.166
-0.578,-1.178
-0.594,-1.141
-0.593,-1.138
-0.594,-1.141
-0.593,-1.111
-0.593,-1.111
-0.608,-1.126
-0.592,-1.081
-0.594,-1.086
-0.608,-1.071
-0.593,-1.056
-0.622,-1.058
-0.607,-1.041
-0.622,-1.004
-0.636,-0.989
-0.649,-0.946
-0.651,-0.921
-0.635,-0.904
-0.651,-0.921
-0.664,-0.906
-0.650,-0.892
-0.679,-0.893
-0.649,-0.889
-0.651,-0.866
-0.650,-0.837
-0.650,-0.837
-0.638,-0.799
-0.650,-0.782
-0.653,-0.759
-0.651,-0.757
-0.636,-0.741
-0.624,-0.702
-0.622,-0.701
-0.609,-0.690
-0.609,-0.688
-0.609,-0.688
-0.553,-0.663
-0.580,-0.632
-0.566,-0.646
-0.538,-0.619
-0.538,-0.619
-0.525,-0.636
-0.509,-0.647
-0.511,-0.650
-0.496,-0.636
-0.509,-0.647
-0.482,-0.649
-0.481,-0.645
-0.482,-0.649
-0.482,-0.649
-0.481,-0.674
-0.483,-0.678
-0.467,-0.687
-0.468,-0.716
-0.481,-0.729
-0.495,-0.769
-0.482,-0.786
-0.495,-0.824
-0.510,-0.868
-0.524,-0.880
-0.508,-0.891
-0.509,-0.893
-0.522,-0.876
-0.539,-0.869
-0.554,-0.857
-0.567,-0.869
-0.581,-0.854
-0.579,-0.850
-0.580,-0.880
-0.594,-0.867
-0.607,-0.877
-0.594,-0.867
-0.579,-0.850
-0.594,-0.867
-0.581,-0.852
-0.594,-0.865
-0.596,-0.869
-0.566,-0.892
-0.581,-0.909
-0.594,-0.919
-0.579,-0.959
-0.566,-0.977
-0.564,-1.000
-0.595,-1.004
-0.580,-0.989
-0.580,-0.989
-0.581,-0.964
-0.579,-0.960
-0.594,-0.922
-0.608,-0.907
-0.608,-0.907
-0.609,-0.881
-0.579,-0.850
-0.608,-0.852
-0.622,-0.837
-0.622,-0.837
-0.623,-0.839
-0.621,-0.808
-0.622,-0.837
-0.622,-0.837
-0.608,-0.852
-0.610,-0.856
-0.595,-0.839
-0.596,-0.869
-0.580,-0.880
-0.566,-0.892
-0.567,-0.922
-0.551,-0.905
-0.538,-0.895
-0.538,-0.895
-0.523,-0.905
-0.497,-0.910
-0.495,-0.905
-0.496,-0.880
-0.481,-0.866
-0.496,-0.853
-0.497,-0.855
-0.495,-0.851
-0.496,-0.853
-0.453,-0.839
-0.467,-0.824
-0.454,-0.813
-0.453,-0.809
-0.441,-0.801
-0.440,-0.826
-0.425,-0.812
-0.412,-0.801
-0.411,-0.770
-0.426,-0.786
-0.439,-0.770
-0.439,-0.769
-0.454,-0.758
-0.466,-0.767
-0.439,-0.799
-0.468,-0.771
-0.468,-0.771
-0.469,-0.775
-0.496,-0.771
-0.511,-0.787
-0.511,-0.787
-0.510,-0.783
-0.511,-0.787
-0.524,-0.769
-0.539,-0.785
-0.524,-0.771
-0.538,-0.756
-0.538,-0.758
-0.538,-0.756
-0.553,-0.772
-0.553,-0.772
-0.537,-0.783
-0.539,-0.785
-0.522,-0.767
-0.524,-0.771
-0.539,-0.730
-0.510,-0.729
-0.524,-0.716
-0.552,-0.659
-0.539,-0.648
-0.539,-0.621
-0.538,-0.619
-0.539,-0.594
-0.551,-0.577
-0.539,-0.594
-0.538,-0.565
-0.565,-0.536
-0.567,-0.566
-0.538,-0.565
-0.510,-0.592
-0.524,-0.607
-0.509,-0.647
-0.511,-0.650
-0.509,-0.647
-0.511,-0.705
-0.497,-0.718
-0.496,-0.798
-0.496,-0.828
-0.481,-0.866
-0.510,-0.922
-0.495,-0.908
-0.523,-0.933
-0.510,-0.922
-0.523,-0.933
-0.524,-0.962
-0.510,-0.977
-0.537,-0.975
-0.511,-1.007
-0.481,-1.030
-0.495,-1.072
-0.481,-1.114
-0.466,-1.124
-0.453,-1.115
-0.466,-1.124
-0.481,-1.142
-0.466,-1.154
-0.479,-1.137
-0.496,-1.102
-0.494,-1.097
-0.524,-1.129
-0.523,-1.154
-0.523,-1.154
-0.538,-1.169
-0.550,-1.151
-0.551,-1.181
-0.551,-1.181
-0.564,-1.191
-0.579,-1.208
-0.577,-1.203
-0.579,-1.208
-0.580,-1.183
-0.593,-1.195
-0.609,-1.213
-0.621,-1.223
-0.621,-1.278
-0.635,-1.262
-0.647,-1.299
-0.663,-1.290
-0.647,-1.299
-0.650,-1.277
-0.649,-1.275
-0.662,-1.259
-0.664,-1.235
-0.676,-1.217
-0.664,-1.235
-0.692,-1.207
-0.676,-1.217
-0.679,-1.195
-0.676,-1.162
-0.692,-1.152
-0.693,-1.127
-0.677,-1.135
-0.693,-1.127
-0.691,-1.123
-0.679,-1.140
-0.664,-1.153
-0.663,-1.150
-0.652,-1.198
-0.648,-1.217
-0.636,-1.235
-0.608,-1.263
-0.593,-1.302
-0.594,-1.333
-0.565,-1.330
-0.551,-1.345
-0.536,-1.358
-0.535,-1.352
-0.551,-1.345
-0.536,-1.303
-0.538,-1.308
-0.539,-1.281
-0.565,-1.303
-0.552,-1.293
-0.536,-1.273
-0.565,-1.275
-0.565,-1.248
-0.565,-1.220
-0.552,-1.208
-0.537,-1.191
-0.551,-1.263
-0.551,-1.263
-0.537,-1.275
-0.524,-1.266
-0.537,-1.248
-0.538,-1.251
-0.523,-1.236
-0.522,-1.231
-0.523,-1.236
-0.537,-1.191
-0.524,-1.211
-0.538,-1.196
-0.523,-1.181
-0.539,-1.171
-0.523,-1.151
-0.538,-1.166
-0.509,-1.139
-0.523,-1.151
-0.538,-1.114
-0.538,-1.111
-0.538,-1.111
-0.538,-1.111
-0.536,-1.109
