-0.044,-3.325
-0.044,-3.306
-0.055,-3.287
-0.067,-3.288
-0.055,-3.269
-0.067,-3.260
-0.067,-3.237
-0.079,-3.245
-0.079,-3.250
-0.067,-3.232
-0.091,-3.255
-0.091,-3.283
-0.102,-3.264
-0.103,-3.301
-0.114,-3.282
-0.126,-3.296
-0.115,-3.315
-0.114,-3.324
-0.103,-3.343
-0.103,-3.361
-0.091,-3.370
-0.091,-3.375
-0.090,-3.393
-0.091,-3.404
-0.067,-3.399
-0.067,-3.371
-0.078,-3.380
-0.066,-3.361
-0.079,-3.371
-0.079,-3.343
-0.079,-3.371
-0.055,-3.371
-0.054,-3.385
-0.102,-3.412
-0.173,-3.425
-0.220,-3.447
-0.245,-3.434
-0.256,-3.438
-0.257,-3.448
-0.233,-3.443
-0.209,-3.490
-0.173,-3.528
-0.126,-3.541
-0.079,-3.575
-0.043,-3.584
-0.019,-3.608
 0.028,-3.614
 0.076,-3.604
 0.112,-3.647
 0.147,-3.651
 0.159,-3.688
 0.183,-3.694
 0.206,-3.660
 0.207,-3.699
 0.195,-3.680
 0.171,-3.674
 0.159,-3.670
 0.123,-3.645
 0.123,-3.656
 0.123,-3.627
 0.088,-3.641
 0.064,-3.646
 0.040,-3.658
 0.028,-3.701
 0.016,-3.728
 0.004,-3.742
-0.019,-3.793
-0.043,-3.834
-0.055,-3.877
-0.055,-3.935
-0.091,-4.036
-0.103,-4.080
-0.116,-4.134
-0.104,-4.184
-0.080,-4.208
-0.092,-4.257
-0.081,-4.278
-0.080,-4.312
-0.081,-4.335
-0.068,-4.338
-0.068,-4.367
-0.057,-4.388
-0.080,-4.399
-0.092,-4.420
-0.081,-4.422
-0.093,-4.436
-0.081,-4.451
-0.069,-4.430
-0.058,-4.435
-0.046,-4.420
-0.033,-4.406
-0.010,-4.389
 0.003,-4.338
 0.026,-4.328
 0.038,-4.284
 0.026,-4.229
 0.050,-4.189
 0.062,-4.145
 0.050,-4.119
 0.074,-4.067
 0.098,-4.021
 0.110,-3.949
 0.110,-3.896
 0.122,-3.841
 0.122,-3.818
 0.110,-3.803
 0.134,-3.781
 0.122,-3.760
 0.133,-3.734
 0.122,-3.725
 0.134,-3.711
 0.134,-3.693
 0.157,-3.677
 0.157,-3.660
 0.146,-3.604
 0.134,-3.623
 0.134,-3.611
 0.122,-3.619
 0.110,-3.634
 0.110,-3.646
 0.074,-3.673
 0.062,-3.705
 0.039,-3.699
 0.039,-3.716
 0.027,-3.701
 0.027,-3.701
 0.015,-3.715
 0.015,-3.704
 0.015,-3.692
-0.009,-3.640
-0.009,-3.640
 0.003,-3.654
-0.009,-3.611
-0.020,-3.631
-0.008,-3.617
-0.008,-3.617
 0.015,-3.622
 0.015,-3.589
 0.003,-3.608
 0.015,-3.594
 0.004,-3.585
 0.003,-3.590
 0.003,-3.579
 0.003,-3.613
 0.015,-3.617
 0.003,-3.626
 0.003,-3.626
 0.015,-3.635
 0.015,-3.622
 0.015,-3.599
 0.003,-3.580
 0.028,-3.590
 0.027,-3.556
 0.027,-3.585
 0.028,-3.551
 0.015,-3.537
 0.027,-3.515
 0.051,-3.492
 0.039,-3.493
 0.051,-3.503
 0.051,-3.539
 0.051,-3.567
 0.063,-3.584
 0.051,-3.608
 0.063,-3.617
 0.051,-3.626
 0.063,-3.646
 0.074,-3.673
 0.063,-3.692
 0.063,-3.710
 0.051,-3.771
 0.051,-3.817
 0.039,-3.867
 0.028,-3.915
 0.039,-3.965
 0.027,-3.997
 0.015,-3.988
 0.016,-3.982
 0.028,-3.980
 0.039,-3.988
 0.028,-3.997
 0.051,-3.980
 0.063,-3.983
 0.063,-3.994
 0.087,-4.012
 0.075,-4.020
 0.075,-4.050
 0.075,-4.038
 0.099,-4.027
 0.087,-4.035
 0.087,-4.030
 0.087,-4.030
 0.087,-4.030
 0.099,-4.009
 0.075,-4.009
 0.075,-3.986
 0.087,-3.954
 0.087,-3.913
 0.075,-3.887
 0.087,-3.850
 0.075,-3.812
 0.087,-3.762
 0.063,-3.728
 0.075,-3.725
 0.087,-3.716
 0.099,-3.720
 0.098,-3.725
 0.086,-3.728
 0.087,-3.763
 0.086,-3.785
 0.074,-3.818
 0.075,-3.870
 0.051,-3.881
 0.039,-3.942
 0.051,-3.980
 0.039,-3.982
 0.015,-3.994
 0.026,-4.020
 0.002,-4.049
-0.010,-4.080
 0.002,-4.136
 0.002,-4.165
 0.014,-4.167
 0.026,-4.188
 0.049,-4.165
 0.062,-4.151
 0.085,-4.110
 0.097,-4.056
 0.109,-4.029
 0.145,-3.975
 0.145,-3.934
 0.145,-3.899
 0.157,-3.879
 0.181,-3.862
 0.193,-3.842
 0.192,-3.813
 0.204,-3.799
 0.193,-3.784
 0.181,-3.763
 0.170,-3.772
 0.169,-3.744
 0.157,-3.758
 0.145,-3.738
 0.146,-3.749
 0.146,-3.749
 0.122,-3.771
 0.122,-3.800
 0.086,-3.798
 0.051,-3.841
 0.039,-3.867
 0.027,-3.881
-0.009,-3.900
-0.021,-3.927
-0.044,-3.961
-0.056,-3.987
-0.115,-4.019
-0.092,-4.054
-0.115,-4.065
-0.128,-4.109
-0.139,-4.088
-0.127,-4.103
-0.151,-4.132
-0.139,-4.135
-0.163,-4.158
-0.150,-4.143
-0.150,-4.143
-0.139,-4.147
-0.139,-4.117
-0.140,-4.129
-0.127,-4.132
-0.115,-4.141
-0.115,-4.141
-0.115,-4.129
-0.127,-4.149
-0.139,-4.135
-0.103,-4.127
-0.116,-4.124
-0.103,-4.120
-0.104,-4.156
-0.104,-4.179
-0.092,-4.187
-0.068,-4.194
-0.056,-4.190
-0.068,-4.211
-0.056,-4.219
-0.056,-4.220
-0.032,-4.226
-0.032,-4.214
-0.044,-4.188
-0.020,-4.165
-0.020,-4.136
-0.021,-4.119
 0.016,-4.098
 0.039,-4.087
 0.039,-4.058
 0.039,-4.058
 0.040,-4.064
 0.040,-4.052
 0.064,-4.041
 0.063,-4.030
 0.075,-4.039
 0.063,-4.035
 0.063,-4.029
 0.040,-4.047
 0.063,-4.047
 0.052,-4.102
 0.039,-4.117
 0.039,-4.122
 0.016,-4.174
 0.028,-4.160
 0.016,-4.145
 0.027,-4.119
 0.016,-4.098
 0.027,-4.119
 0.027,-4.119
 0.028,-4.113
 0.004,-4.102
 0.016,-4.099
 0.015,-4.110
 0.003,-4.095
-0.008,-4.104
-0.008,-4.110
-0.008,-4.098
-0.020,-4.095
-0.032,-4.104
-0.055,-4.127
-0.068,-4.142
-0.055,-4.144
-0.055,-4.127
-0.055,-4.144
-0.067,-4.159
-0.067,-4.188
-0.079,-4.167
-0.091,-4.194
-0.079,-4.179
-0.091,-4.199
-0.103,-4.190
-0.115,-4.175
-0.115,-4.170
-0.115,-4.170
-0.115,-4.170
-0.103,-4.185
-0.091,-4.182
-0.103,-4.173
-0.103,-4.190
-0.103,-4.213
-0.103,-4.196
-0.103,-4.213
-0.103,-4.243
-0.103,-4.242
-0.104,-4.295
-0.104,-4.324
-0.080,-4.306
-0.080,-4.342
-0.056,-4.336
-0.056,-4.353
-0.056,-4.336
-0.045,-4.315
-0.033,-4.296
-0.033,-4.296
-0.044,-4.275
-0.032,-4.272
-0.044,-4.246
-0.021,-4.235
-0.008,-4.220
-0.008,-4.220
-0.009,-4.203
 0.015,-4.168
 0.039,-4.174
 0.039,-4.151
 0.063,-4.128
 0.075,-4.102
 0.098,-4.067
 0.087,-4.059
 0.110,-4.024
 0.134,-3.984
 0.158,-3.972
 0.170,-3.958
 0.171,-3.969
 0.158,-3.972
 0.170,-4.004
 0.182,-4.013
 0.158,-4.024
 0.158,-4.036
 0.158,-4.019
 0.122,-4.027
 0.123,-4.033
 0.122,-4.015
 0.111,-4.036
 0.087,-4.012
 0.087,-4.012
 0.075,-4.015
 0.063,-3.989
 0.051,-4.009
 0.063,-4.012
 0.039,-4.000
 0.027,-4.003
 0.016,-3.983
 0.016,-3.994
 0.016,-3.994
-0.008,-3.988
-0.020,-3.979
-0.020,-3.996
-0.044,-4.003
-0.055,-3.993
-0.055,-4.011
-0.055,-3.994
-0.079,-4.005
-0.079,-3.987
-0.091,-3.996
-0.091,-3.996
-0.115,-3.984
-0.103,-3.981
-0.091,-3.996
-0.103,-4.010
-0.103,-4.010
-0.115,-4.013
-0.103,-3.993
-0.115,-4.036
-0.103,-4.039
-0.091,-4.048
-0.103,-4.062
-0.115,-4.059
-0.103,-4.063
-0.103,-4.063
-0.079,-4.057
-0.103,-4.063
-0.079,-4.057
-0.103,-4.063
-0.091,-4.048
-0.079,-4.057
-0.079,-4.086
-0.079,-4.057
-0.091,-4.048
-0.079,-4.057
-0.079,-4.057
-0.056,-4.063
-0.043,-4.066
-0.044,-4.072
-0.044,-4.072
-0.020,-4.095
-0.020,-4.095
-0.008,-4.075
 0.028,-4.096
 0.039,-4.087
 0.015,-4.081
 0.039,-4.087
 0.039,-4.075
 0.051,-4.096
 0.051,-4.096
 0.063,-4.105
 0.075,-4.102
 0.063,-4.104
 0.075,-4.120
 0.075,-4.090
 0.062,-4.076
 0.063,-4.070
 0.063,-4.064
 0.075,-4.085
 0.075,-4.056
 0.087,-4.059
 0.087,-4.088
 0.098,-4.085
 0.098,-4.068
 0.122,-4.045
 0.122,-4.044
 0.111,-4.065
 0.111,-4.053
 0.111,-4.065
 0.111,-4.065
 0.110,-4.059
 0.111,-4.065
 0.111,-4.053
 0.098,-4.050
 0.110,-4.059
 0.110,-4.105
 0.087,-4.088
 0.086,-4.099
 0.074,-4.126
 0.075,-4.119
 0.075,-4.137
 0.087,-4.157
 0.075,-4.137
 0.075,-4.120
 0.063,-4.134
 0.075,-4.137
 0.087,-4.134
 0.075,-4.137
 0.087,-4.175
 0.075,-4.166
 0.051,-4.143
 0.027,-4.148
 0.063,-4.122
 0.039,-4.122
 0.028,-4.113
 0.015,-4.081
 0.039,-4.052
 0.039,-4.041
 0.040,-4.047
 0.027,-4.026
 0.004,-4.043
 0.004,-4.043
 0.015,-4.023
-0.020,-4.032
-0.020,-4.002
-0.032,-4.011
-0.056,-4.017
-0.056,-4.005
-0.044,-4.025
-0.032,-4.011
-0.032,-4.011
-0.056,-3.999
-0.044,-3.979
-0.032,-3.994
-0.055,-3.964
-0.044,-3.973
-0.032,-3.947
-0.021,-3.927
-0.021,-3.909
 0.015,-3.872
 0.074,-3.835
 0.087,-3.832
 0.110,-3.798
 0.110,-3.804
 0.122,-3.789
 0.122,-3.789
 0.110,-3.809
 0.110,-3.780
 0.098,-3.777
 0.110,-3.791
 0.087,-3.780
 0.075,-3.766
 0.075,-3.743
 0.051,-3.730
 0.040,-3.721
 0.004,-3.706
-0.008,-3.721
 0.016,-3.733
 0.016,-3.734
 0.016,-3.733
 0.028,-3.719
 0.051,-3.730
 0.051,-3.719
 0.064,-3.763
 0.051,-3.765
 0.039,-3.780
 0.028,-3.799
 0.016,-3.802
 0.027,-3.823
 0.016,-3.831
 0.003,-3.817
 0.039,-3.832
 0.039,-3.820
 0.016,-3.831
 0.016,-3.831
 0.015,-3.826
 0.027,-3.823
 0.027,-3.811
 0.039,-3.808
 0.039,-3.809
 0.039,-3.780
 0.051,-3.800
 0.051,-3.789
 0.051,-3.800
 0.075,-3.794
 0.075,-3.812
 0.075,-3.823
 0.098,-3.812
 0.087,-3.803
 0.063,-3.808
 0.063,-3.780
 0.074,-3.771
 0.086,-3.769
 0.086,-3.780
 0.086,-3.762
 0.110,-3.763
 0.134,-3.774
 0.145,-3.771
 0.158,-3.815
 0.145,-3.818
 0.134,-3.845
 0.134,-3.874
 0.110,-3.868
 0.098,-3.893
 0.086,-3.902
 0.075,-3.910
 0.050,-3.939
 0.050,-3.956
 0.038,-3.971
 0.038,-3.971
 0.027,-3.980
 0.027,-3.991
 0.015,-3.988
 0.003,-4.003
 0.015,-3.988
-0.009,-3.982
-0.009,-3.994
-0.021,-3.996
-0.045,-4.031
-0.069,-4.025
-0.080,-4.034
-0.092,-4.054
-0.092,-4.042
-0.092,-4.054
-0.068,-4.072
-0.068,-4.095
-0.056,-4.115
-0.080,-4.126
-0.068,-4.141
-0.068,-4.141
-0.068,-4.135
-0.068,-4.124
-0.068,-4.112
-0.068,-4.118
-0.044,-4.112
-0.044,-4.083
-0.032,-4.081
 0.003,-4.066
 0.003,-4.061
 0.027,-4.037
 0.051,-4.049
 0.062,-4.041
 0.074,-4.015
 0.086,-4.036
 0.110,-4.012
 0.134,-3.990
 0.158,-3.996
 0.169,-3.976
 0.181,-3.996
 0.193,-3.981
 0.205,-3.967
 0.206,-3.979
 0.228,-3.967
 0.216,-3.982
 0.217,-3.976
 0.217,-3.976
 0.205,-3.973
 0.204,-3.961
 0.193,-3.981
 0.181,-3.972
 0.157,-3.966
 0.158,-3.996
 0.134,-4.007
 0.122,-4.004
 0.122,-4.027
 0.098,-4.021
 0.086,-4.018
 0.051,-4.020
 0.027,-4.026
 0.015,-4.017
-0.009,-4.011
-0.044,-4.008
-0.020,-3.973
-0.044,-3.979
-0.044,-3.973
-0.032,-3.953
-0.044,-3.950
-0.020,-3.903
-0.009,-3.906
 0.004,-3.903
 0.016,-3.906
 0.015,-3.912
 0.027,-3.910
 0.039,-3.924
 0.027,-3.927
 0.039,-3.913
 0.051,-3.916
 0.051,-3.904
 0.039,-3.878
 0.039,-3.878
 0.039,-3.896
 0.027,-3.893
 0.015,-3.872
 0.015,-3.878
-0.009,-3.877
 0.003,-3.886
-0.008,-3.901
-0.032,-3.889
-0.008,-3.895
 0.003,-3.886
 0.003,-3.886
 0.015,-3.883
 0.003,-3.858
 0.015,-3.855
 0.027,-3.863
 0.027,-3.858
 0.051,-3.823
 0.063,-3.826
 0.087,-3.832
 0.098,-3.794
 0.098,-3.794
 0.098,-3.823
 0.110,-3.827
 0.110,-3.850
 0.122,-3.859
 0.098,-3.882
 0.110,-3.907
 0.145,-3.900
 0.133,-3.897
 0.146,-3.911
 0.133,-3.879
 0.146,-3.876
 0.157,-3.873
 0.157,-3.885
 0.145,-3.870
 0.169,-3.859
 0.169,-3.888
 0.157,-3.845
 0.146,-3.847
 0.146,-3.847
 0.158,-3.850
 0.158,-3.862
 0.146,-3.859
 0.134,-3.856
 0.134,-3.856
 0.134,-3.856
 0.134,-3.838
 0.134,-3.827
 0.146,-3.824
 0.134,-3.827
 0.110,-3.804
 0.098,-3.824
 0.098,-3.812
 0.086,-3.809
 0.086,-3.809
 0.074,-3.817
 0.074,-3.800
 0.074,-3.789
 0.063,-3.791
 0.063,-3.762
 0.051,-3.742
 0.063,-3.762
 0.051,-3.742
 0.051,-3.753
 0.039,-3.744
 0.039,-3.733
 0.063,-3.721
 0.051,-3.701
 0.051,-3.683
 0.063,-3.669
 0.075,-3.632
 0.063,-3.623
 0.075,-3.598
 0.075,-3.580
 0.075,-3.567
 0.063,-3.535
 0.087,-3.522
 0.075,-3.498
 0.063,-3.507
 0.063,-3.507
 0.063,-3.497
 0.075,-3.516
 0.063,-3.497
 0.051,-3.493
 0.051,-3.474
 0.051,-3.492
 0.039,-3.483
 0.039,-3.501
 0.016,-3.530
-0.008,-3.529
-0.008,-3.547
-0.008,-3.604
 0.016,-3.617
 0.004,-3.660
 0.003,-3.683
 0.004,-3.700
 0.004,-3.729
-0.008,-3.709
-0.008,-3.738
-0.009,-3.715
 0.004,-3.718
 0.016,-3.762
 0.027,-3.765
 0.027,-3.794
 0.016,-3.831
 0.039,-3.826
 0.027,-3.823
 0.027,-3.811
 0.039,-3.808
 0.063,-3.808
 0.075,-3.794
 0.099,-3.800
 0.110,-3.780
 0.123,-3.795
 0.110,-3.780
 0.122,-3.784
 0.135,-3.763
 0.158,-3.734
 0.146,-3.736
 0.146,-3.736
 0.158,-3.740
 0.146,-3.754
 0.170,-3.738
 0.158,-3.752
 0.182,-3.758
 0.170,-3.767
 0.158,-3.763
 0.158,-3.781
 0.146,-3.777
 0.146,-3.777
 0.158,-3.781
 0.158,-3.810
 0.158,-3.809
 0.158,-3.809
 0.158,-3.809
 0.146,-3.813
 0.158,-3.856
 0.158,-3.845
 0.146,-3.870
 0.158,-3.856
 0.158,-3.873
 0.159,-3.885
 0.158,-3.874
 0.146,-3.870
 0.182,-3.879
 0.170,-3.864
 0.171,-3.870
 0.170,-3.859
 0.159,-3.851
 0.158,-3.827
 0.158,-3.827
 0.158,-3.838
 0.146,-3.836
 0.147,-3.865
 0.147,-3.841
 0.135,-3.845
 0.135,-3.838
 0.135,-3.827
 0.123,-3.852
 0.099,-3.847
 0.099,-3.864
 0.064,-3.907
 0.075,-3.905
 0.040,-3.919
 0.051,-3.928
 0.028,-3.951
 0.028,-3.962
 0.016,-3.965
 0.016,-3.994
 0.027,-4.032
 0.027,-4.049
 0.039,-4.093
 0.051,-4.113
 0.039,-4.128
 0.051,-4.142
 0.075,-4.137
 0.087,-4.157
 0.087,-4.145
 0.098,-4.166
 0.123,-4.166
 0.134,-4.175
 0.146,-4.196
 0.170,-4.207
 0.194,-4.213
 0.230,-4.228
 0.229,-4.245
 0.241,-4.266
 0.277,-4.269
 0.289,-4.267
 0.289,-4.267
 0.300,-4.246
 0.325,-4.253
 0.336,-4.232
 0.348,-4.247
 0.360,-4.238
 0.348,-4.218
 0.360,-4.186
 0.347,-4.171
 0.360,-4.169
 0.372,-4.160
 0.360,-4.151
 0.361,-4.157
 0.348,-4.130
 0.336,-4.145
 0.324,-4.154
 0.300,-4.148
 0.277,-4.136
 0.265,-4.115
 0.253,-4.141
 0.217,-4.144
 0.193,-4.138
 0.182,-4.158
 0.170,-4.160
 0.158,-4.181
 0.146,-4.195
 0.111,-4.198
 0.111,-4.210
 0.111,-4.198
 0.087,-4.250
 0.087,-4.267
 0.075,-4.252
 0.075,-4.311
 0.075,-4.299
 0.075,-4.311
 0.075,-4.311
 0.063,-4.313
 0.087,-4.320
 0.111,-4.308
 0.111,-4.291
 0.147,-4.236
 0.159,-4.222
 0.159,-4.234
 0.183,-4.198
 0.171,-4.190
 0.183,-4.181
 0.182,-4.170
 0.207,-4.159
 0.183,-4.129
 0.195,-4.121
 0.207,-4.106
 0.183,-4.100
 0.183,-4.095
 0.195,-4.103
 0.183,-4.118
 0.195,-4.150
 0.170,-4.167
 0.171,-4.173
 0.146,-4.178
 0.158,-4.199
 0.158,-4.199
 0.135,-4.221
 0.123,-4.242
 0.122,-4.253
 0.123,-4.282
 0.111,-4.343
 0.111,-4.360
 0.111,-4.373
 0.122,-4.352
 0.146,-4.329
 0.123,-4.329
 0.146,-4.323
 0.159,-4.321
 0.158,-4.314
 0.170,-4.329
 0.170,-4.329
 0.170,-4.347
 0.182,-4.368
 0.158,-4.378
 0.170,-4.399
 0.170,-4.399
 0.194,-4.393
 0.194,-4.406
 0.205,-4.355
 0.217,-4.376
 0.241,-4.353
 0.253,-4.339
 0.266,-4.336
 0.265,-4.278
 0.253,-4.269
 0.241,-4.254
 0.241,-4.231
 0.254,-4.188
 0.265,-4.197
 0.278,-4.194
 0.277,-4.165
 0.277,-4.153
 0.265,-4.145
 0.276,-4.095
 0.277,-4.083
 0.265,-4.052
 0.264,-4.022
 0.277,-4.026
 0.288,-4.000
 0.277,-4.043
 0.277,-4.043
 0.276,-4.060
 0.265,-4.081
 0.253,-4.083
 0.241,-4.075
 0.241,-4.074
 0.241,-4.063
 0.230,-4.066
 0.229,-4.054
 0.206,-4.089
 0.206,-4.089
 0.194,-4.097
 0.194,-4.127
 0.182,-4.129
 0.170,-4.120
 0.170,-4.120
 0.146,-4.097
 0.170,-4.103
 0.170,-4.091
 0.158,-4.106
 0.146,-4.097
 0.134,-4.082
 0.134,-4.094
 0.134,-4.076
 0.110,-4.105
 0.134,-4.111
 0.122,-4.096
 0.147,-4.109
 0.134,-4.111
 0.111,-4.163
 0.134,-4.164
 0.122,-4.189
 0.146,-4.196
 0.145,-4.207
 0.158,-4.251
 0.158,-4.251
 0.158,-4.268
 0.134,-4.297
 0.157,-4.291
 0.146,-4.335
 0.158,-4.350
 0.146,-4.352
 0.158,-4.350
 0.169,-4.346
 0.158,-4.338
 0.181,-4.315
 0.170,-4.323
 0.182,-4.321
 0.169,-4.294
 0.182,-4.298
 0.181,-4.298
 0.181,-4.315
 0.206,-4.304
 0.205,-4.291
 0.217,-4.283
 0.217,-4.306
 0.217,-4.300
 0.217,-4.313
 0.205,-4.292
 0.229,-4.298
 0.217,-4.283
 0.217,-4.254
 0.217,-4.266
 0.217,-4.231
 0.217,-4.260
 0.217,-4.237
 0.229,-4.222
 0.229,-4.234
 0.228,-4.193
 0.228,-4.193
 0.241,-4.191
 0.241,-4.173
 0.253,-4.147
 0.277,-4.136
 0.253,-4.142
 0.265,-4.127
 0.253,-4.130
 0.253,-4.136
 0.240,-4.115
 0.241,-4.127
 0.241,-4.127
 0.253,-4.136
 0.253,-4.136
 0.240,-4.138
 0.241,-4.144
 0.229,-4.159
 0.241,-4.144
 0.229,-4.118
 0.228,-4.129
 0.229,-4.136
 0.217,-4.120
 0.205,-4.129
 0.205,-4.135
 0.205,-4.130
 0.205,-4.159
 0.193,-4.173
 0.181,-4.152
 0.170,-4.196
 0.169,-4.230
 0.170,-4.260
 0.181,-4.275
 0.157,-4.291
 0.169,-4.312
 0.169,-4.300
 0.158,-4.297
 0.158,-4.298
 0.170,-4.277
 0.158,-4.274
 0.181,-4.268
 0.181,-4.251
 0.170,-4.260
 0.169,-4.265
 0.170,-4.277
 0.170,-4.254
 0.194,-4.243
 0.206,-4.211
 0.194,-4.149
 0.206,-4.164
 0.206,-4.106
 0.218,-4.121
 0.230,-4.107
 0.229,-4.100
 0.206,-4.118
 0.218,-4.121
 0.194,-4.144
 0.206,-4.129
 0.182,-4.146
 0.170,-4.120
 0.193,-4.091
 0.194,-4.080
 0.194,-4.080
 0.206,-4.089
 0.182,-4.095
 0.182,-4.100
 0.182,-4.112
 0.206,-4.135
 0.194,-4.144
 0.206,-4.182
 0.194,-4.213
 0.182,-4.228
 0.182,-4.274
 0.170,-4.277
 0.206,-4.298
 0.182,-4.291
 0.194,-4.289
 0.194,-4.289
 0.205,-4.291
 0.194,-4.312
 0.193,-4.300
 0.194,-4.330
 0.194,-4.330
 0.194,-4.347
 0.182,-4.361
 0.193,-4.370
 0.194,-4.376
 0.181,-4.367
 0.182,-4.344
 0.182,-4.327
 0.170,-4.306
 0.194,-4.330
 0.193,-4.306
 0.170,-4.277
 0.182,-4.275
 0.193,-4.254
 0.194,-4.266
 0.206,-4.251
 0.193,-4.237
 0.206,-4.252
 0.205,-4.245
 0.217,-4.243
 0.217,-4.243
 0.205,-4.245
 0.205,-4.228
 0.217,-4.254
 0.217,-4.260
 0.217,-4.243
 0.217,-4.213
 0.205,-4.211
 0.241,-4.190
 0.217,-4.214
 0.252,-4.199
 0.240,-4.184
 0.241,-4.190
 0.265,-4.168
 0.276,-4.159
 0.253,-4.159
 0.264,-4.161
 0.253,-4.165
 0.264,-4.138
 0.253,-4.159
 0.265,-4.150
 0.241,-4.144
 0.265,-4.151
 0.253,-4.176
 0.265,-4.168
 0.265,-4.168
 0.252,-4.199
 0.229,-4.223
 0.241,-4.225
 0.241,-4.267
 0.253,-4.275
 0.241,-4.290
 0.241,-4.319
 0.229,-4.368
 0.229,-4.444
 0.241,-4.423
 0.204,-4.448
 0.217,-4.493
 0.228,-4.471
 0.217,-4.516
 0.205,-4.554
 0.205,-4.594
 0.193,-4.615
 0.181,-4.610
 0.169,-4.638
 0.169,-4.638
 0.145,-4.631
 0.146,-4.661
 0.133,-4.662
 0.133,-4.692
 0.133,-4.693
 0.134,-4.686
 0.122,-4.684
 0.122,-4.671
 0.110,-4.669
 0.121,-4.677
 0.133,-4.656
 0.121,-4.661
 0.109,-4.646
 0.133,-4.653
 0.133,-4.623
 0.109,-4.616
 0.120,-4.591
 0.121,-4.555
 0.156,-4.553
 0.168,-4.522
 0.180,-4.477
 0.204,-4.437
 0.192,-4.399
 0.204,-4.374
 0.204,-4.321
 0.228,-4.286
 0.216,-4.237
 0.251,-4.187
 0.251,-4.153
 0.264,-4.104
 0.251,-4.089
 0.276,-4.054
 0.275,-4.043
 0.264,-4.034
 0.299,-4.020
 0.276,-3.991
 0.287,-3.982
 0.287,-3.953
 0.287,-3.936
 0.311,-3.912
 0.287,-3.884
 0.275,-3.880
 0.287,-3.866
 0.276,-3.857
 0.276,-3.839
 0.252,-3.810
 0.265,-3.807
 0.252,-3.781
 0.228,-3.787
 0.217,-3.749
 0.216,-3.720
 0.181,-3.699
 0.157,-3.618
 0.145,-3.591
 0.133,-3.536
 0.133,-3.507
 0.157,-3.466
 0.180,-3.433
 0.169,-3.406
 0.169,-3.383
 0.157,-3.368
 0.146,-3.341
 0.157,-3.317
 0.145,-3.313
 0.121,-3.289
 0.086,-3.293
 0.062,-3.298
 0.062,-3.270
 0.026,-3.265
 0.015,-3.274
-0.009,-3.269
-0.009,-3.279
-0.021,-3.264
-0.033,-3.283
-0.021,-3.293
-0.033,-3.320
-0.020,-3.381
-0.021,-3.394
-0.009,-3.413
-0.009,-3.413
 0.003,-3.422
-0.009,-3.441
 0.014,-3.460
 0.015,-3.506
 0.051,-3.516
 0.062,-3.548
 0.074,-3.591
 0.074,-3.580
 0.086,-3.628
 0.074,-3.666
 0.086,-3.698
 0.099,-3.736
 0.086,-3.780
 0.098,-3.823
 0.134,-3.856
 0.122,-3.888
 0.134,-3.931
 0.146,-3.957
 0.158,-3.978
 0.158,-3.995
 0.169,-4.004
 0.158,-4.024
 0.133,-4.012
 0.133,-4.042
 0.146,-4.056
 0.133,-4.059
 0.134,-4.071
 0.157,-4.082
 0.122,-4.108
 0.122,-4.108
 0.121,-4.091
 0.122,-4.114
 0.146,-4.108
 0.158,-4.111
 0.157,-4.100
 0.157,-4.100
 0.170,-4.114
 0.169,-4.120
 0.169,-4.149
 0.145,-4.143
 0.145,-4.161
 0.133,-4.158
 0.157,-4.152
 0.133,-4.140
 0.145,-4.126
 0.145,-4.143
 0.133,-4.158
 0.145,-4.160
 0.122,-4.166
 0.109,-4.180
 0.122,-4.166
 0.133,-4.187
 0.122,-4.166
 0.098,-4.172
 0.110,-4.158
 0.086,-4.151
 0.098,-4.149
 0.086,-4.122
 0.086,-4.134
 0.098,-4.120
 0.062,-4.128
 0.086,-4.134
 0.074,-4.113
 0.062,-4.111
 0.062,-4.111
 0.062,-4.110
 0.074,-4.108
 0.074,-4.096
 0.050,-4.078
 0.074,-4.102
 0.038,-4.087
 0.039,-4.093
 0.027,-4.096
 0.003,-4.101
 0.015,-4.104
-0.009,-4.098
 0.003,-4.102
-0.021,-4.095
-0.009,-4.122
-0.021,-4.124
-0.021,-4.142
-0.009,-4.186
-0.021,-4.188
-0.009,-4.226
-0.009,-4.226
-0.033,-4.220
-0.033,-4.232
-0.044,-4.228
-0.021,-4.235
-0.033,-4.220
-0.033,-4.220
-0.021,-4.218
 0.015,-4.220
 0.015,-4.232
 0.026,-4.241
 0.050,-4.259
 0.038,-4.273
 0.050,-4.276
 0.062,-4.274
 0.050,-4.288
 0.062,-4.297
 0.038,-4.303
 0.038,-4.314
 0.038,-4.320
 0.038,-4.320
 0.026,-4.322
 0.026,-4.334
 0.014,-4.313
 0.026,-4.357
 0.026,-4.328
 0.038,-4.314
 0.050,-4.288
 0.074,-4.252
 0.061,-4.250
 0.074,-4.212
 0.086,-4.204
 0.086,-4.187
 0.109,-4.169
 0.110,-4.175
 0.122,-4.166
 0.122,-4.166
 0.134,-4.170
 0.133,-4.163
 0.145,-4.178
 0.157,-4.187
 0.180,-4.199
 0.204,-4.205
 0.204,-4.193
 0.192,-4.190
 0.204,-4.182
 0.216,-4.167
 0.228,-4.165
 0.251,-4.153
 0.252,-4.182
 0.264,-4.168
 0.263,-4.162
 0.264,-4.180
 0.264,-4.168
 0.264,-4.197
 0.252,-4.182
 0.263,-4.185
 0.276,-4.206
 0.263,-4.185
 0.276,-4.183
 0.288,-4.174
 0.276,-4.182
 0.240,-4.174
 0.264,-4.167
 0.264,-4.197
 0.264,-4.167
 0.240,-4.191
 0.240,-4.173
 0.239,-4.161
 0.240,-4.173
 0.252,-4.159
 0.228,-4.182
 0.216,-4.179
 0.216,-4.167
 0.192,-4.173
 0.193,-4.167
 0.193,-4.167
 0.169,-4.173
 0.192,-4.161
 0.181,-4.175
 0.169,-4.190
 0.157,-4.204
 0.157,-4.216
 0.145,-4.242
 0.145,-4.271
 0.122,-4.311
 0.098,-4.322
 0.098,-4.352
 0.098,-4.369
 0.086,-4.396
 0.086,-4.396
 0.061,-4.413
 0.074,-4.457
 0.050,-4.438
 0.038,-4.459
 0.062,-4.459
 0.050,-4.467
 0.062,-4.466
 0.050,-4.438
 0.050,-4.451
 0.062,-4.436
 0.050,-4.421
 0.062,-4.436
 0.074,-4.392
 0.062,-4.390
 0.086,-4.373
 0.086,-4.366
 0.086,-4.367
 0.122,-4.346
 0.133,-4.367
 0.169,-4.352
 0.145,-4.376
 0.169,-4.382
 0.145,-4.393
 0.157,-4.414
 0.157,-4.413
 0.169,-4.416
 0.193,-4.429
 0.205,-4.431
 0.229,-4.438
 0.251,-4.425
 0.251,-4.425
 0.277,-4.421
 0.288,-4.400
 0.313,-4.419
 0.336,-4.413
 0.348,-4.415
 0.336,-4.407
 0.347,-4.403
 0.335,-4.401
 0.323,-4.362
 0.347,-4.340
 0.384,-4.314
 0.383,-4.256
 0.407,-4.245
 0.419,-4.230
 0.419,-4.230
 0.420,-4.213
 0.442,-4.195
 0.431,-4.222
 0.431,-4.239
 0.407,-4.262
 0.419,-4.283
 0.418,-4.270
 0.420,-4.283
 0.407,-4.262
 0.407,-4.262
 0.384,-4.268
 0.383,-4.256
 0.371,-4.299
 0.348,-4.299
 0.348,-4.316
 0.349,-4.329
 0.336,-4.331
 0.312,-4.360
 0.300,-4.368
 0.288,-4.377
 0.276,-4.392
 0.276,-4.402
 0.252,-4.414
 0.241,-4.406
 0.241,-4.406
 0.229,-4.403
 0.217,-4.399
 0.205,-4.414
 0.193,-4.422
 0.193,-4.410
 0.193,-4.405
 0.193,-4.393
 0.181,-4.367
 0.169,-4.382
 0.193,-4.376
 0.181,-4.397
 0.181,-4.384
 0.181,-4.397
 0.194,-4.382
 0.181,-4.367
 0.182,-4.374
 0.194,-4.346
 0.181,-4.368
 0.193,-4.335
 0.194,-4.329
 0.205,-4.321
 0.205,-4.315
 0.217,-4.313
 0.217,-4.312
 0.205,-4.292
 0.229,-4.298
 0.204,-4.285
 0.205,-4.275
 0.217,-4.266
 0.217,-4.283
 0.229,-4.281
 0.217,-4.236
 0.217,-4.266
 0.241,-4.260
 0.241,-4.260
 0.241,-4.290
 0.240,-4.271
 0.253,-4.298
 0.240,-4.283
 0.253,-4.298
 0.277,-4.287
 0.276,-4.275
 0.264,-4.272
 0.277,-4.304
 0.300,-4.269
 0.288,-4.284
 0.287,-4.254
 0.313,-4.267
 0.312,-4.243
 0.324,-4.229
 0.300,-4.235
 0.311,-4.231
 0.324,-4.229
 0.336,-4.197
 0.324,-4.182
 0.336,-4.180
 0.323,-4.153
 0.324,-4.183
 0.324,-4.183
 0.323,-4.153
 0.324,-4.165
 0.323,-4.154
 0.312,-4.157
 0.312,-4.127
 0.312,-4.145
 0.312,-4.127
 0.312,-4.098
 0.288,-4.104
 0.301,-4.066
 0.288,-4.052
 0.300,-4.043
 0.300,-4.037
 0.301,-4.049
 0.288,-4.034
 0.277,-4.043
 0.277,-4.072
 0.276,-4.060
 0.241,-4.080
 0.241,-4.080
 0.241,-4.074
 0.254,-4.072
 0.229,-4.060
 0.205,-4.065
 0.229,-4.060
 0.217,-4.068
 0.217,-4.080
 0.229,-4.065
 0.218,-4.092
 0.217,-4.080
 0.229,-4.089
 0.217,-4.080
 0.205,-4.077
 0.193,-4.074
 0.217,-4.051
 0.205,-4.066
 0.205,-4.048
 0.205,-4.036
 0.206,-4.042
 0.206,-4.042
 0.206,-4.042
 0.194,-4.039
 0.206,-4.042
 0.193,-4.057
 0.217,-4.051
 0.217,-4.068
 0.230,-4.066
 0.242,-4.051
 0.254,-4.072
 0.254,-4.072
 0.230,-4.112
 0.230,-4.142
 0.229,-4.153
 0.229,-4.182
 0.230,-4.228
 0.206,-4.251
 0.194,-4.295
 0.181,-4.315
 0.159,-4.373
 0.158,-4.367
 0.134,-4.390
 0.122,-4.405
 0.146,-4.399
 0.134,-4.420
 0.134,-4.390
 0.122,-4.399
 0.122,-4.382
 0.122,-4.369
 0.122,-4.382
 0.135,-4.384
 0.111,-4.407
 0.135,-4.431
 0.123,-4.409
 0.123,-4.428
 0.158,-4.443
 0.158,-4.443
 0.159,-4.449
 0.182,-4.454
 0.194,-4.452
 0.194,-4.469
 0.194,-4.440
 0.194,-4.469
 0.218,-4.463
 0.218,-4.476
 0.218,-4.476
 0.230,-4.501
 0.242,-4.523
 0.242,-4.539
 0.241,-4.546
 0.242,-4.539
 0.241,-4.563
 0.254,-4.577
 0.241,-4.579
 0.253,-4.601
 0.265,-4.586
 0.277,-4.571
 0.277,-4.555
 0.277,-4.542
 0.277,-4.578
 0.289,-4.563
 0.277,-4.578
 0.266,-4.599
 0.265,-4.586
 0.265,-4.586
 0.289,-4.563
 0.289,-4.563
 0.313,-4.553
 0.301,-4.531
 0.301,-4.531
 0.289,-4.493
 0.289,-4.493
 0.277,-4.491
 0.289,-4.493
 0.313,-4.506
 0.325,-4.525
 0.324,-4.513
 0.336,-4.517
 0.336,-4.493
 0.349,-4.475
 0.349,-4.475
 0.337,-4.483
 0.337,-4.483
 0.336,-4.441
 0.337,-4.430
 0.348,-4.409
 0.324,-4.386
 0.325,-4.352
 0.324,-4.339
 0.313,-4.314
 0.301,-4.322
 0.301,-4.293
 0.289,-4.290
 0.289,-4.254
 0.265,-4.243
 0.253,-4.205
 0.254,-4.182
 0.218,-4.156
 0.230,-4.130
 0.194,-4.127
 0.194,-4.097
 0.182,-4.083
 0.158,-4.065
 0.158,-4.036
 0.122,-4.039
 0.123,-4.015
 0.099,-4.009
 0.099,-4.009
 0.099,-3.998
 0.075,-3.986
 0.075,-3.986
 0.063,-3.948
 0.063,-3.977
 0.052,-3.957
 0.039,-3.953
 0.052,-3.957
 0.039,-3.942
 0.039,-3.953
 0.039,-3.942
 0.052,-3.939
 0.063,-3.948
 0.063,-3.948
 0.063,-3.959
 0.063,-3.948
 0.075,-3.945
 0.087,-3.954
 0.111,-3.948
 0.135,-3.954
 0.146,-3.934
 0.135,-3.926
 0.159,-3.931
 0.135,-3.925
 0.135,-3.954
 0.147,-3.911
 0.147,-3.922
 0.146,-3.917
 0.158,-3.902
 0.159,-3.914
 0.147,-3.893
 0.147,-3.894
 0.158,-3.902
 0.170,-3.911
 0.171,-3.917
 0.171,-3.888
 0.183,-3.908
 0.170,-3.894
 0.158,-3.902
 0.170,-3.894
 0.158,-3.873
 0.170,-3.894
 0.170,-3.894
 0.170,-3.894
 0.159,-3.885
 0.182,-3.879
 0.183,-3.891
 0.182,-3.879
 0.182,-3.879
 0.170,-3.876
 0.171,-3.888
 0.159,-3.885
 0.158,-3.902
 0.135,-3.908
 0.123,-3.922
 0.122,-3.928
 0.111,-3.948
 0.123,-3.934
 0.099,-3.934
 0.099,-3.927
 0.099,-3.939
 0.075,-3.945
 0.075,-3.945
 0.075,-3.962
 0.075,-3.962
 0.075,-3.951
 0.075,-3.962
 0.087,-3.925
 0.075,-3.939
 0.075,-3.945
 0.099,-3.910
 0.099,-3.939
 0.111,-3.930
 0.123,-3.916
 0.123,-3.922
 0.122,-3.911
 0.123,-3.922
 0.146,-3.916
 0.146,-3.917
 0.170,-3.894
 0.182,-3.897
 0.183,-3.908
 0.194,-3.899
 0.194,-3.888
 0.206,-3.909
 0.217,-3.888
 0.217,-3.917
 0.217,-3.917
 0.206,-3.926
 0.218,-3.923
 0.229,-3.921
 0.230,-3.932
 0.241,-3.941
 0.230,-3.950
 0.229,-3.955
 0.230,-3.950
 0.218,-3.993
 0.194,-3.987
 0.206,-4.019
 0.194,-4.033
 0.193,-4.039
 0.182,-4.042
 0.182,-4.042
 0.146,-4.033
 0.146,-4.044
 0.146,-4.033
 0.146,-4.062
 0.135,-4.088
 0.135,-4.105
 0.135,-4.088
 0.134,-4.059
 0.135,-4.071
 0.135,-4.041
 0.122,-4.027
 0.123,-4.033
 0.111,-4.035
 0.111,-4.047
 0.122,-4.009
 0.099,-4.009
 0.098,-3.968
 0.110,-3.919
 0.085,-3.884
 0.097,-3.823
 0.073,-3.817
 0.109,-3.814
 0.097,-3.794
 0.097,-3.805
 0.121,-3.800
 0.133,-3.809
 0.145,-3.806
 0.181,-3.804
 0.169,-3.800
 0.181,-3.815
 0.180,-3.809
 0.216,-3.801
 0.228,-3.804
 0.229,-3.816
 0.240,-3.825
 0.253,-3.839
 0.241,-3.853
 0.252,-3.833
 0.264,-3.848
 0.276,-3.834
 0.276,-3.834
 0.253,-3.839
 0.252,-3.828
 0.265,-3.854
 0.265,-3.843
 0.253,-3.851
 0.229,-3.880
 0.242,-3.889
 0.242,-3.923
 0.242,-3.923
 0.242,-3.970
 0.243,-4.022
 0.242,-4.074
 0.231,-4.112
 0.231,-4.158
 0.231,-4.222
 0.278,-4.252
 0.336,-4.266
 0.432,-4.286
 0.515,-4.272
 0.551,-4.293
 0.553,-4.288
 0.506,-4.311
 0.494,-4.356
 0.494,-4.366
 0.362,-4.408
 0.209,-4.438
 0.077,-4.409
-0.018,-4.375
-0.078,-4.312
-0.174,-4.317
-0.224,-4.288
-0.271,-4.182
-0.249,-4.066
-0.248,-3.962
-0.224,-3.864
-0.225,-3.800
-0.200,-3.743
-0.190,-3.727
-0.165,-3.681
-0.118,-3.686
-0.130,-3.654
-0.117,-3.583
-0.117,-3.501
-0.140,-3.408
-0.164,-3.361
-0.176,-3.334
-0.152,-3.301
-0.127,-3.283
-0.127,-3.245
-0.127,-3.264
-0.116,-3.264
-0.139,-3.259
-0.152,-3.282
-0.163,-3.292
-0.187,-3.356
-0.175,-3.394
-0.187,-3.421
-0.211,-3.472
-0.210,-3.514
-0.234,-3.560
-0.222,-3.603
-0.234,-3.652
-0.234,-3.681
-0.233,-3.704
-0.234,-3.728
-0.234,-3.803
-0.221,-3.847
-0.198,-3.899
-0.198,-3.946
-0.198,-4.015
-0.198,-4.062
-0.209,-4.117
-0.234,-4.192
-0.222,-4.201
-0.210,-4.256
-0.199,-4.254
-0.186,-4.256
-0.151,-4.277
-0.115,-4.262
-0.115,-4.263
-0.068,-4.246
-0.044,-4.194
-0.020,-4.183
 0.004,-4.177
 0.016,-4.157
 0.063,-4.157
 0.063,-4.122
 0.086,-4.163
 0.098,-4.149
 0.098,-4.166
 0.110,-4.187
 0.110,-4.157
 0.122,-4.178
 0.146,-4.155
 0.146,-4.155
 0.157,-4.147
 0.158,-4.112
 0.169,-4.086
 0.181,-4.060
 0.169,-4.028
 0.170,-3.964
 0.205,-3.920
 0.218,-3.900
 0.193,-3.847
 0.205,-3.833
 0.194,-3.778
 0.182,-3.758
 0.158,-3.745
 0.170,-3.731
 0.146,-3.731
 0.110,-3.727
 0.122,-3.702
 0.098,-3.707
 0.074,-3.683
 0.087,-3.698
 0.039,-3.698
 0.027,-3.678
-0.008,-3.674
-0.008,-3.674
-0.044,-3.659
-0.080,-3.679
-0.079,-3.691
-0.127,-3.702
-0.115,-3.705
-0.139,-3.705
-0.163,-3.710
-0.174,-3.708
-0.187,-3.733
-0.210,-3.722
-0.211,-3.727
-0.222,-3.695
-0.222,-3.666
-0.222,-3.649
-0.210,-3.606
-0.210,-3.588
-0.186,-3.547
-0.186,-3.518
-0.163,-3.506
-0.139,-3.472
-0.139,-3.472
-0.115,-3.431
-0.092,-3.421
-0.091,-3.408
-0.068,-3.357
-0.044,-3.334
-0.032,-3.302
-0.008,-3.269
 0.016,-3.256
 0.016,-3.228
 0.028,-3.196
 0.052,-3.201
 0.051,-3.196
 0.051,-3.205
 0.039,-3.210
 0.027,-3.219
 0.027,-3.200
 0.027,-3.191
 0.040,-3.187
 0.039,-3.182
 0.039,-3.182
 0.039,-3.210
 0.051,-3.191
 0.075,-3.224
 0.086,-3.233
 0.074,-3.266
 0.063,-3.284
 0.050,-3.307
 0.015,-3.330
 0.014,-3.325
 0.003,-3.335
 0.027,-3.340
 0.039,-3.316
 0.039,-3.326
 0.039,-3.325
 0.039,-3.326
 0.027,-3.345
 0.051,-3.330
 0.051,-3.353
 0.063,-3.339
 0.051,-3.335
 0.074,-3.322
 0.087,-3.326
 0.074,-3.322
 0.087,-3.326
 0.098,-3.335
 0.086,-3.349
 0.086,-3.340
 0.098,-3.364
 0.098,-3.336
 0.110,-3.326
 0.098,-3.364
 0.086,-3.386
 0.086,-3.414
 0.087,-3.419
 0.063,-3.466
 0.063,-3.476
 0.063,-3.483
 0.063,-3.559
 0.051,-3.562
 0.039,-3.622
 0.027,-3.665
 0.015,-3.692
 0.015,-3.726
 0.003,-3.753
-0.010,-3.790
-0.021,-3.828
-0.033,-3.807
-0.033,-3.836
-0.045,-3.822
-0.045,-3.822
-0.033,-3.818
-0.032,-3.784
-0.045,-3.781
-0.045,-3.752
-0.056,-3.761
-0.080,-3.720
-0.104,-3.714
-0.116,-3.687
-0.104,-3.621
-0.105,-3.603
-0.105,-3.585
-0.092,-3.560
-0.081,-3.562
-0.081,-3.534
-0.069,-3.566
-0.081,-3.580
-0.069,-3.597
-0.093,-3.612
-0.093,-3.612
-0.093,-3.641
-0.105,-3.660
-0.105,-3.673
-0.081,-3.725
-0.069,-3.729
-0.068,-3.746
-0.057,-3.738
-0.056,-3.732
-0.057,-3.749
-0.057,-3.766
-0.045,-3.752
-0.021,-3.781
-0.021,-3.788
-0.034,-3.767
-0.009,-3.767
-0.009,-3.767
 0.003,-3.758
 0.015,-3.761
 0.026,-3.758
 0.014,-3.738
 0.014,-3.738
 0.038,-3.697
 0.073,-3.701
 0.074,-3.707
 0.085,-3.692
 0.098,-3.684
 0.121,-3.666
 0.121,-3.656
 0.145,-3.643
 0.157,-3.600
 0.169,-3.592
 0.181,-3.559
 0.180,-3.531
 0.205,-3.518
 0.216,-3.481
 0.228,-3.415
 0.193,-3.360
 0.146,-3.275
 0.170,-3.262
 0.158,-3.206
 0.146,-3.229
 0.135,-3.248
 0.135,-3.275
 0.122,-3.308
 0.122,-3.326
 0.098,-3.354
 0.111,-3.378
 0.110,-3.354
 0.099,-3.374
 0.110,-3.401
 0.087,-3.419
 0.099,-3.428
 0.086,-3.432
 0.098,-3.433
 0.086,-3.419
 0.063,-3.419
 0.062,-3.401
 0.062,-3.391
 0.039,-3.395
 0.051,-3.381
 0.015,-3.390
 0.027,-3.386
 0.003,-3.381
 0.003,-3.391
 0.015,-3.390
 0.003,-3.399
 0.027,-3.404
 0.015,-3.408
 0.015,-3.441
 0.027,-3.451
 0.015,-3.465
 0.015,-3.465
 0.015,-3.483
 0.003,-3.502
 0.027,-3.502
 0.027,-3.521
 0.027,-3.549
 0.026,-3.562
 0.039,-3.586
 0.051,-3.590
 0.039,-3.581
 0.051,-3.590
 0.063,-3.594
 0.099,-3.596
 0.111,-3.605
 0.099,-3.614
 0.099,-3.614
 0.123,-3.609
 0.099,-3.596
 0.123,-3.573
 0.111,-3.587
 0.111,-3.587
 0.099,-3.567
 0.111,-3.587
 0.135,-3.577
 0.111,-3.577
 0.147,-3.550
 0.134,-3.554
 0.146,-3.573
 0.158,-3.577
 0.146,-3.591
 0.159,-3.606
 0.170,-3.591
 0.158,-3.611
 0.182,-3.606
 0.182,-3.606
 0.182,-3.606
 0.193,-3.633
 0.194,-3.644
 0.218,-3.638
 0.229,-3.629
 0.218,-3.649
 0.205,-3.624
 0.206,-3.629
 0.230,-3.624
 0.230,-3.624
 0.241,-3.597
 0.217,-3.592
 0.229,-3.583
 0.229,-3.601
 0.217,-3.592
 0.242,-3.598
 0.230,-3.624
 0.218,-3.620
 0.241,-3.615
 0.229,-3.629
 0.242,-3.644
 0.253,-3.642
 0.241,-3.662
 0.241,-3.651
 0.230,-3.653
 0.230,-3.658
 0.218,-3.638
 0.206,-3.663
 0.218,-3.667
 0.194,-3.690
 0.182,-3.676
 0.170,-3.702
 0.169,-3.708
 0.182,-3.693
 0.169,-3.708
 0.159,-3.722
 0.134,-3.716
 0.122,-3.736
 0.098,-3.730
 0.086,-3.750
 0.063,-3.755
 0.063,-3.762
 0.063,-3.773
 0.063,-3.762
 0.039,-3.738
 0.051,-3.706
 0.051,-3.706
 0.051,-3.688
 0.051,-3.660
 0.063,-3.646
 0.063,-3.628
 0.086,-3.623
 0.087,-3.633
 0.098,-3.614
 0.110,-3.605
 0.122,-3.573
 0.134,-3.577
 0.157,-3.559
 0.205,-3.531
 0.229,-3.518
 0.253,-3.495
 0.300,-3.485
 0.312,-3.477
 0.324,-3.462
 0.324,-3.445
 0.301,-3.444
 0.289,-3.407
 0.265,-3.365
 0.253,-3.346
 0.241,-3.342
 0.217,-3.318
 0.205,-3.322
 0.217,-3.318
 0.205,-3.299
 0.181,-3.304
 0.181,-3.304
 0.181,-3.276
 0.182,-3.285
 0.157,-3.257
 0.169,-3.271
 0.157,-3.210
 0.145,-3.173
 0.144,-3.159
 0.132,-3.117
 0.132,-3.117
 0.144,-3.085
 0.155,-3.085
 0.132,-3.089
 0.132,-3.062
 0.132,-3.043
 0.132,-3.024
 0.131,-3.020
 0.132,-3.024
 0.143,-3.006
 0.155,-3.020
 0.155,-3.025
 0.167,-3.011
 0.167,-3.020
 0.191,-3.020
 0.191,-3.001
 0.178,-2.987
 0.202,-2.997
 0.179,-3.002
 0.166,-3.006
 0.191,-3.034
 0.179,-3.021
 0.178,-3.039
 0.179,-3.029
 0.191,-3.039
 0.167,-3.043
 0.191,-3.048
 0.191,-3.039
 0.191,-3.067
 0.191,-3.081
 0.179,-3.118
 0.179,-3.141
 0.179,-3.182
 0.167,-3.220
 0.167,-3.238
 0.155,-3.280
 0.144,-3.271
 0.120,-3.293
 0.120,-3.327
 0.132,-3.331
 0.120,-3.392
 0.108,-3.429
 0.120,-3.446
 0.108,-3.489
 0.072,-3.492
 0.096,-3.498
 0.108,-3.512
 0.108,-3.512
 0.085,-3.545
 0.120,-3.521
 0.096,-3.544
 0.120,-3.567
 0.132,-3.548
 0.120,-3.550
 0.156,-3.559
 0.168,-3.550
 0.180,-3.564
 0.168,-3.568
 0.180,-3.583
 0.191,-3.599
 0.192,-3.609
 0.180,-3.611
 0.192,-3.620
 0.168,-3.607
 0.168,-3.596
 0.180,-3.611
 0.192,-3.620
 0.192,-3.591
 0.192,-3.620
 0.180,-3.600
 0.156,-3.606
 0.180,-3.629
 0.156,-3.623
 0.144,-3.666
 0.156,-3.670
 0.145,-3.695
 0.169,-3.718
 0.156,-3.721
 0.180,-3.727
 0.204,-3.722
 0.228,-3.727
 0.240,-3.737
 0.263,-3.703
 0.287,-3.709
 0.311,-3.686
 0.323,-3.677
 0.346,-3.677
 0.346,-3.672
 0.359,-3.674
 0.358,-3.640
 0.370,-3.631
 0.370,-3.631
 0.358,-3.611
 0.359,-3.575
 0.370,-3.556
 0.358,-3.529
 0.358,-3.529
 0.346,-3.509
 0.335,-3.500
 0.335,-3.448
 0.323,-3.426
 0.336,-3.394
 0.323,-3.374
 0.300,-3.333
 0.299,-3.300
 0.300,-3.258
 0.288,-3.221
 0.289,-3.198
 0.278,-3.198
 0.253,-3.165
 0.241,-3.179
 0.229,-3.211
 0.217,-3.220
 0.194,-3.253
 0.157,-3.280
 0.158,-3.308
 0.110,-3.326
 0.098,-3.358
 0.074,-3.410
 0.074,-3.451
 0.074,-3.479
 0.062,-3.511
 0.049,-3.515
 0.062,-3.540
 0.061,-3.553
 0.037,-3.558
 0.049,-3.595
 0.073,-3.590
 0.097,-3.595
 0.121,-3.590
 0.133,-3.559
 0.156,-3.541
 0.168,-3.527
 0.181,-3.513
 0.192,-3.493
 0.216,-3.476
 0.252,-3.444
 0.263,-3.424
 0.276,-3.402
 0.288,-3.360
 0.299,-3.369
 0.335,-3.361
 0.347,-3.323
 0.360,-3.301
 0.383,-3.250
 0.384,-3.278
 0.384,-3.278
 0.395,-3.305
 0.395,-3.334
 0.394,-3.370
 0.407,-3.385
 0.407,-3.389
 0.395,-3.422
 0.407,-3.418
 0.394,-3.440
 0.382,-3.454
 0.395,-3.468
 0.358,-3.477
 0.359,-3.487
 0.347,-3.468
 0.347,-3.496
 0.347,-3.514
 0.335,-3.495
 0.336,-3.505
 0.311,-3.500
 0.288,-3.505
 0.300,-3.491
 0.276,-3.485
 0.264,-3.481
 0.252,-3.462
 0.252,-3.444
 0.240,-3.434
 0.240,-3.424
 0.229,-3.425
 0.216,-3.429
 0.193,-3.411
 0.181,-3.443
 0.169,-3.424
 0.157,-3.448
 0.145,-3.428
 0.134,-3.448
 0.110,-3.442
 0.110,-3.460
 0.098,-3.498
 0.098,-3.493
 0.086,-3.512
 0.086,-3.540
 0.074,-3.554
 0.074,-3.583
 0.062,-3.604
 0.050,-3.642
 0.062,-3.669
 0.062,-3.687
 0.063,-3.744
 0.050,-3.729
 0.074,-3.764
 0.074,-3.805
 0.074,-3.823
 0.098,-3.828
 0.110,-3.814
 0.110,-3.796
 0.133,-3.796
 0.134,-3.791
 0.170,-3.783
 0.181,-3.734
 0.193,-3.731
 0.205,-3.722
 0.229,-3.670
 0.253,-3.658
 0.253,-3.630
 0.265,-3.644
 0.277,-3.630
 0.288,-3.610
 0.300,-3.630
 0.312,-3.634
 0.324,-3.654
 0.312,-3.668
 0.312,-3.686
 0.313,-3.696
 0.324,-3.695
 0.348,-3.700
 0.360,-3.715
 0.360,-3.686
 0.372,-3.706
 0.371,-3.695
 0.348,-3.718
 0.371,-3.713
 0.371,-3.713
 0.360,-3.715
 0.372,-3.677
 0.348,-3.664
 0.349,-3.659
 0.324,-3.677
 0.336,-3.691
 0.335,-3.680
 0.324,-3.654
 0.324,-3.653
 0.336,-3.662
 0.312,-3.668
 0.300,-3.694
 0.288,-3.708
 0.288,-3.708
 0.276,-3.741
 0.265,-3.766
 0.252,-3.763
 0.253,-3.792
 0.253,-3.838
 0.240,-3.842
 0.241,-3.871
 0.241,-3.870
 0.241,-3.899
 0.229,-3.908
 0.229,-3.926
 0.229,-3.937
 0.205,-3.949
 0.206,-3.978
 0.217,-3.987
 0.205,-3.972
 0.205,-3.984
 0.217,-3.987
 0.217,-4.016
 0.217,-4.010
 0.216,-4.027
 0.217,-4.039
 0.216,-4.051
 0.216,-4.051
 0.264,-4.051
 0.275,-4.043
 0.276,-4.072
 0.287,-4.080
 0.300,-4.124
 0.300,-4.147
 0.323,-4.159
 0.348,-4.194
 0.347,-4.182
 0.347,-4.189
 0.334,-4.174
 0.323,-4.182
 0.347,-4.171
 0.346,-4.159
 0.347,-4.171
 0.360,-4.186
 0.347,-4.142
 0.359,-4.157
 0.370,-4.107
 0.394,-4.096
 0.382,-4.058
 0.370,-4.020
 0.370,-3.956
 0.382,-3.913
 0.383,-3.878
 0.382,-3.831
 0.382,-3.797
 0.407,-3.762
 0.394,-3.718
 0.383,-3.692
 0.395,-3.631
 0.359,-3.616
 0.383,-3.575
 0.370,-3.579
 0.371,-3.589
 0.359,-3.570
 0.346,-3.602
 0.335,-3.621
 0.322,-3.643
 0.323,-3.671
 0.311,-3.685
 0.287,-3.708
 0.288,-3.719
 0.288,-3.719
 0.276,-3.733
 0.264,-3.742
 0.263,-3.731
 0.264,-3.714
 0.275,-3.688
 0.276,-3.676
 0.275,-3.653
 0.264,-3.662
 0.264,-3.644
 0.251,-3.647
 0.252,-3.676
 0.228,-3.699
 0.240,-3.685
 0.252,-3.705
 0.228,-3.676
 0.228,-3.658
 0.241,-3.644
 0.228,-3.647
 0.241,-3.644
 0.252,-3.624
 0.240,-3.620
 0.240,-3.638
 0.240,-3.615
 0.276,-3.612
 0.264,-3.592
 0.276,-3.612
 0.252,-3.606
 0.263,-3.615
 0.276,-3.630
 0.287,-3.610
 0.276,-3.630
 0.287,-3.639
 0.300,-3.653
 0.300,-3.658
 0.288,-3.685
 0.300,-3.682
 0.312,-3.708
 0.299,-3.740
 0.323,-3.764
 0.299,-3.787
 0.312,-3.807
 0.312,-3.836
 0.300,-3.868
 0.288,-3.906
 0.323,-3.927
 0.360,-3.971
 0.371,-3.997
 0.371,-4.043
 0.383,-4.064
 0.394,-4.043
 0.383,-4.087
 0.371,-4.113
 0.359,-4.127
 0.347,-4.125
 0.346,-4.112
 0.335,-4.110
 0.323,-4.118
 0.311,-4.127
 0.311,-4.133
 0.299,-4.106
 0.298,-4.112
 0.299,-4.118
 0.288,-4.109
 0.264,-4.115
 0.264,-4.103
 0.275,-4.095
 0.275,-4.048
 0.276,-4.019
 0.276,-4.008
 0.263,-3.976
 0.264,-3.987
 0.263,-3.958
 0.251,-3.926
 0.263,-3.894
 0.263,-3.865
 0.240,-3.853
 0.252,-3.839
 0.251,-3.856
 0.276,-3.862
 0.275,-3.851
 0.287,-3.907
 0.286,-3.895
 0.263,-3.929
 0.265,-3.929
 0.265,-3.911
 0.277,-3.960
 0.301,-3.955
 0.313,-3.958
 0.324,-3.938
 0.323,-3.944
 0.323,-3.927
 0.336,-3.895
 0.347,-3.840
 0.359,-3.831
 0.347,-3.811
 0.371,-3.817
 0.359,-3.779
 0.370,-3.788
 0.359,-3.785
 0.358,-3.773
 0.359,-3.779
 0.359,-3.779
 0.347,-3.788
 0.336,-3.813
 0.323,-3.811
 0.324,-3.845
 0.336,-3.831
 0.312,-3.854
 0.311,-3.831
 0.311,-3.796
 0.300,-3.770
 0.288,-3.761
 0.264,-3.760
 0.253,-3.757
 0.240,-3.731
 0.228,-3.728
 0.240,-3.731
 0.216,-3.744
 0.192,-3.749
 0.168,-3.743
 0.169,-3.754
 0.145,-3.736
 0.134,-3.709
 0.122,-3.687
 0.121,-3.694
 0.110,-3.685
 0.121,-3.694
 0.122,-3.671
 0.110,-3.667
 0.122,-3.660
 0.109,-3.675
 0.109,-3.646
 0.109,-3.628
 0.121,-3.596
 0.145,-3.544
 0.145,-3.508
 0.169,-3.480
 0.169,-3.452
 0.158,-3.425
 0.169,-3.405
 0.169,-3.387
 0.193,-3.364
 0.205,-3.350
 0.205,-3.332
 0.205,-3.322
 0.181,-3.327
 0.181,-3.322
 0.181,-3.345
 0.170,-3.364
 0.157,-3.322
 0.169,-3.341
 0.157,-3.350
 0.145,-3.382
 0.134,-3.401
 0.133,-3.414
 0.122,-3.438
 0.121,-3.433
 0.121,-3.441
 0.110,-3.442
 0.098,-3.451
 0.110,-3.452
 0.110,-3.452
 0.122,-3.461
 0.110,-3.447
 0.134,-3.442
 0.122,-3.438
 0.134,-3.419
 0.134,-3.419
 0.134,-3.401
 0.134,-3.414
 0.122,-3.410
 0.098,-3.415
 0.098,-3.433
 0.098,-3.438
 0.098,-3.451
 0.110,-3.471
 0.098,-3.456
 0.109,-3.512
 0.098,-3.531
 0.109,-3.530
 0.098,-3.549
 0.134,-3.559
 0.134,-3.582
 0.134,-3.610
 0.145,-3.637
 0.146,-3.648
 0.134,-3.675
 0.157,-3.675
 0.146,-3.666
 0.193,-3.656
 0.170,-3.690
 0.205,-3.675
 0.193,-3.708
 0.205,-3.727
 0.217,-3.731
 0.241,-3.737
 0.241,-3.708
 0.252,-3.712
 0.276,-3.723
 0.288,-3.709
 0.277,-3.734
 0.300,-3.728
 0.312,-3.714
 0.313,-3.696
 0.312,-3.685
 0.324,-3.677
 0.336,-3.663
 0.323,-3.648
 0.324,-3.630
 0.323,-3.648
 0.324,-3.659
 0.323,-3.653
 0.336,-3.668
 0.337,-3.673
 0.324,-3.677
 0.324,-3.705
 0.324,-3.723
 0.300,-3.746
 0.300,-3.746
 0.311,-3.726
 0.312,-3.737
 0.312,-3.732
 0.312,-3.732
 0.300,-3.728
 0.300,-3.746
 0.289,-3.737
 0.288,-3.755
 0.276,-3.769
 0.265,-3.789
 0.276,-3.787
 0.277,-3.798
 0.264,-3.783
 0.277,-3.816
 0.253,-3.821
 0.264,-3.819
 0.253,-3.839
 0.277,-3.815
 0.265,-3.807
 0.253,-3.798
 0.252,-3.763
 0.242,-3.760
 0.230,-3.722
 0.241,-3.714
 0.206,-3.710
 0.230,-3.722
 0.194,-3.742
 0.182,-3.768
 0.194,-3.777
 0.182,-3.768
 0.193,-3.749
 0.158,-3.774
 0.182,-3.768
 0.157,-3.786
 0.158,-3.815
 0.158,-3.832
 0.146,-3.829
 0.134,-3.820
 0.122,-3.828
 0.111,-3.820
 0.110,-3.832
 0.122,-3.823
 0.122,-3.817
 0.134,-3.809
 0.146,-3.806
 0.157,-3.786
 0.158,-3.797
 0.170,-3.782
 0.193,-3.783
 0.194,-3.759
 0.217,-3.749
 0.229,-3.746
 0.229,-3.745
 0.253,-3.723
 0.265,-3.714
 0.265,-3.708
 0.265,-3.714
 0.288,-3.691
 0.324,-3.700
 0.337,-3.673
 0.335,-3.634
 0.348,-3.631
 0.360,-3.588
 0.348,-3.584
 0.361,-3.580
 0.372,-3.561
 0.373,-3.571
 0.372,-3.589
 0.372,-3.608
 0.384,-3.599
 0.383,-3.635
 0.372,-3.654
 0.372,-3.677
 0.359,-3.710
 0.349,-3.752
 0.324,-3.788
 0.324,-3.840
 0.324,-3.886
 0.288,-3.923
 0.289,-3.953
 0.299,-4.002
 0.288,-4.040
 0.288,-4.057
 0.276,-4.072
 0.264,-4.063
 0.264,-4.051
 0.277,-4.031
 0.276,-4.002
 0.264,-3.964
 0.277,-3.961
 0.253,-3.955
 0.253,-3.955
 0.252,-3.926
 0.252,-3.926
 0.229,-3.914
 0.241,-3.917
 0.241,-3.900
 0.253,-3.885
 0.229,-3.862
 0.241,-3.853
 0.240,-3.842
 0.229,-3.815
 0.228,-3.787
 0.228,-3.787
 0.229,-3.751
 0.229,-3.717
 0.241,-3.701
 0.229,-3.710
 0.217,-3.713
 0.229,-3.728
 0.240,-3.726
 0.253,-3.723
 0.241,-3.708
 0.253,-3.722
 0.229,-3.728
 0.229,-3.717
 0.265,-3.760
 0.253,-3.769
 0.253,-3.792
 0.241,-3.830
 0.241,-3.847
 0.229,-3.914
 0.229,-3.931
 0.241,-3.964
 0.229,-3.978
 0.229,-3.996
 0.217,-4.039
 0.229,-4.048
 0.229,-4.071
 0.229,-4.077
 0.228,-4.065
 0.253,-4.071
 0.252,-4.071
 0.276,-4.066
 0.264,-4.063
 0.276,-4.066
 0.277,-4.078
 0.289,-4.063
 0.288,-4.051
 0.312,-4.058
 0.300,-4.043
 0.312,-4.046
 0.324,-4.031
 0.348,-4.055
 0.337,-4.064
 0.336,-4.058
 0.360,-4.064
 0.360,-4.058
 0.359,-4.035
 0.360,-4.017
 0.359,-4.006
 0.360,-3.971
 0.371,-3.979
 0.348,-3.979
 0.348,-3.962
 0.360,-3.918
 0.348,-3.915
 0.360,-3.901
 0.348,-3.863
 0.348,-3.845
 0.335,-3.797
 0.324,-3.793
 0.348,-3.747
 0.324,-3.723
 0.324,-3.677
 0.312,-3.686
 0.312,-3.668
 0.300,-3.630
 0.288,-3.644
 0.288,-3.644
 0.276,-3.625
 0.277,-3.635
 0.264,-3.639
 0.241,-3.644
 0.241,-3.644
 0.228,-3.642
 0.229,-3.635
 0.241,-3.620
 0.217,-3.597
 0.229,-3.617
 0.217,-3.597
 0.217,-3.579
 0.217,-3.568
 0.205,-3.559
 0.205,-3.559
 0.205,-3.531
 0.205,-3.541
 0.205,-3.513
 0.217,-3.527
 0.229,-3.518
 0.193,-3.522
 0.194,-3.532
 0.205,-3.513
 0.193,-3.527
 0.205,-3.523
 0.205,-3.531
