 0.237,-4.034
 0.238,-4.049
 0.237,-4.034
 0.222,-4.031
 0.237,-4.042
 0.237,-4.035
 0.237,-4.020
 0.237,-3.998
 0.252,-4.024
 0.252,-4.024
 0.222,-4.016
 0.253,-4.038
 0.267,-4.005
 0.252,-4.024
 0.252,-4.024
 0.282,-4.017
 0.283,-4.009
 0.283,-3.972
 0.283,-4.009
 0.283,-4.009
 0.267,-4.013
 0.283,-4.031
 0.297,-4.028
 0.297,-4.065
 0.298,-4.043
 0.327,-4.036
 0.328,-4.021
 0.313,-4.024
 0.328,-4.013
 0.328,-4.013
 0.342,-4.025
 0.344,-4.032
 0.327,-4.035
 0.358,-4.043
 0.343,-4.054
 0.312,-4.046
 0.328,-4.072
 0.342,-4.047
 0.343,-4.084
 0.343,-4.084
 0.328,-4.094
 0.358,-4.102
 0.343,-4.083
 0.328,-4.072
 0.359,-4.080
 0.343,-4.083
 0.358,-4.109
 0.342,-4.105
 0.327,-4.102
 0.328,-4.094
 0.327,-4.079
 0.328,-4.094
 0.327,-4.058
 0.328,-4.079
 0.329,-4.087
 0.329,-4.109
 0.344,-4.098
 0.328,-4.094
 0.327,-4.124
 0.312,-4.135
 0.342,-4.127
 0.343,-4.150
 0.312,-4.113
 0.327,-4.102
 0.329,-4.109
 0.297,-4.124
 0.298,-4.161
 0.297,-4.146
 0.283,-4.172
 0.282,-4.142
 0.252,-4.112
 0.283,-4.120
 0.252,-4.112
 0.252,-4.149
 0.268,-4.131
 0.252,-4.105
 0.268,-4.109
 0.267,-4.057
 0.267,-4.094
 0.267,-4.072
 0.251,-4.075
 0.252,-4.083
 0.237,-4.086
 0.237,-4.101
 0.237,-4.079
 0.251,-4.075
 0.237,-4.101
 0.251,-4.097
 0.252,-4.112
 0.268,-4.108
 0.252,-4.089
 0.283,-4.098
 0.267,-4.094
 0.268,-4.131
 0.282,-4.142
 0.281,-4.127
 0.297,-4.153
 0.282,-4.163
 0.297,-4.190
 0.282,-4.208
 0.297,-4.212
 0.328,-4.220
 0.327,-4.242
 0.312,-4.260
 0.313,-4.298
 0.328,-4.301
 0.328,-4.346
 0.342,-4.312
 0.358,-4.338
 0.372,-4.349
 0.357,-4.323
 0.358,-4.338
 0.372,-4.312
 0.373,-4.328
 0.373,-4.328
 0.388,-4.331
 0.418,-4.339
 0.402,-4.342
 0.432,-4.371
 0.433,-4.350
 0.448,-4.361
 0.433,-4.350
 0.446,-4.353
 0.463,-4.380
 0.449,-4.376
 0.448,-4.398
 0.479,-4.406
 0.478,-4.390
 0.463,-4.409
 0.463,-4.409
 0.461,-4.393
 0.463,-4.380
 0.463,-4.342
 0.448,-4.339
 0.478,-4.310
 0.462,-4.305
 0.478,-4.310
 0.462,-4.283
 0.448,-4.280
 0.448,-4.250
 0.432,-4.232
 0.449,-4.229
 0.448,-4.213
 0.433,-4.232
 0.433,-4.232
 0.432,-4.194
 0.433,-4.210
 0.417,-4.184
 0.403,-4.180
 0.403,-4.150
 0.402,-4.135
 0.372,-4.143
 0.342,-4.135
 0.327,-4.124
 0.297,-4.131
 0.327,-4.124
 0.297,-4.109
 0.281,-4.112
 0.283,-4.120
 0.268,-4.131
 0.267,-4.116
 0.267,-4.123
 0.251,-4.075
 0.222,-4.097
 0.253,-4.105
 0.237,-4.101
 0.222,-4.120
 0.221,-4.105
 0.237,-4.123
 0.237,-4.130
 0.221,-4.104
 0.238,-4.138
 0.207,-4.130
 0.207,-4.130
 0.237,-4.130
 0.236,-4.152
 0.252,-4.149
 0.252,-4.134
 0.252,-4.171
 0.267,-4.160
 0.267,-4.182
 0.268,-4.190
 0.252,-4.171
 0.268,-4.190
 0.268,-4.190
 0.252,-4.193
 0.282,-4.201
 0.298,-4.182
 0.282,-4.201
 0.328,-4.220
 0.312,-4.194
 0.328,-4.220
 0.343,-4.201
 0.328,-4.220
 0.344,-4.238
 0.343,-4.223
 0.359,-4.228
 0.358,-4.212
 0.358,-4.250
 0.388,-4.242
 0.388,-4.242
 0.389,-4.258
 0.387,-4.205
 0.388,-4.243
 0.388,-4.221
 0.403,-4.209
 0.405,-4.225
 0.418,-4.221
 0.403,-4.231
 0.418,-4.272
 0.401,-4.238
 0.418,-4.272
 0.402,-4.254
 0.419,-4.251
 0.434,-4.239
 0.419,-4.250
 0.435,-4.277
 0.417,-4.242
 0.433,-4.261
 0.419,-4.250
 0.402,-4.253
 0.419,-4.250
 0.402,-4.253
 0.418,-4.272
 0.433,-4.261
 0.417,-4.264
 0.418,-4.280
 0.402,-4.253
 0.388,-4.242
 0.388,-4.220
 0.372,-4.223
 0.359,-4.228
 0.358,-4.213
 0.343,-4.201
 0.328,-4.220
 0.327,-4.183
 0.328,-4.198
 0.343,-4.201
 0.328,-4.190
 0.328,-4.190
 0.298,-4.182
 0.282,-4.201
 0.282,-4.164
 0.282,-4.164
 0.268,-4.190
 0.282,-4.141
 0.284,-4.164
 0.283,-4.149
 0.283,-4.179
 0.268,-4.190
 0.252,-4.215
 0.268,-4.212
 0.267,-4.175
 0.237,-4.182
 0.268,-4.190
 0.267,-4.153
 0.268,-4.168
 0.252,-4.134
 0.267,-4.153
 0.252,-4.171
 0.252,-4.163
 0.237,-4.160
 0.267,-4.153
 0.268,-4.190
 0.237,-4.160
 0.252,-4.163
 0.268,-4.160
 0.253,-4.142
 0.252,-4.171
 0.237,-4.160
 0.267,-4.153
 0.283,-4.179
 0.267,-4.153
 0.252,-4.171
 0.268,-4.168
 0.267,-4.153
 0.268,-4.168
 0.267,-4.153
 0.267,-4.153
 0.252,-4.171
 0.267,-4.153
 0.283,-4.172
 0.282,-4.164
 0.267,-4.153
 0.268,-4.131
 0.283,-4.112
 0.284,-4.128
 0.298,-4.102
 0.282,-4.142
 0.282,-4.142
 0.297,-4.145
 0.283,-4.172
 0.282,-4.142
 0.282,-4.142
 0.284,-4.128
 0.268,-4.131
 0.283,-4.150
 0.297,-4.124
 0.267,-4.153
 0.298,-4.160
 0.267,-4.153
 0.298,-4.139
 0.297,-4.124
 0.282,-4.142
 0.298,-4.160
 0.283,-4.134
 0.268,-4.131
 0.283,-4.112
 0.283,-4.112
 0.298,-4.102
 0.282,-4.105
 0.283,-4.120
 0.313,-4.105
 0.298,-4.102
 0.283,-4.120
 0.283,-4.113
 0.298,-4.102
 0.283,-4.113
 0.298,-4.102
 0.283,-4.113
 0.267,-4.116
 0.268,-4.131
 0.283,-4.112
 0.283,-4.112
 0.297,-4.124
 0.267,-4.116
 0.283,-4.113
 0.267,-4.072
 0.283,-4.068
 0.253,-4.076
 0.283,-4.090
 0.283,-4.091
 0.267,-4.094
 0.268,-4.065
 0.267,-4.072
 0.252,-4.046
 0.283,-4.068
 0.283,-4.031
 0.283,-4.031
 0.267,-4.072
 0.267,-4.057
 0.267,-4.072
 0.252,-4.046
 0.253,-4.061
 0.253,-4.061
 0.268,-4.064
 0.253,-4.061
 0.268,-4.064
 0.237,-4.064
 0.267,-4.072
 0.252,-4.046
 0.253,-4.061
 0.267,-4.072
 0.252,-4.083
 0.268,-4.080
 0.252,-4.082
 0.253,-4.120
 0.252,-4.105
 0.283,-4.113
 0.283,-4.113
 0.268,-4.123
 0.253,-4.120
 0.268,-4.131
 0.283,-4.150
 0.298,-4.161
 0.283,-4.164
 0.314,-4.179
 0.313,-4.164
 0.313,-4.165
 0.329,-4.183
 0.327,-4.175
 0.314,-4.157
 0.345,-4.187
 0.314,-4.187
 0.344,-4.210
 0.313,-4.224
 0.344,-4.232
 0.313,-4.223
 0.313,-4.224
 0.329,-4.250
 0.328,-4.212
 0.329,-4.228
 0.329,-4.249
 0.343,-4.260
 0.329,-4.221
 0.328,-4.271
 0.314,-4.298
 0.313,-4.282
 0.299,-4.330
 0.284,-4.327
 0.283,-4.341
 0.268,-4.367
 0.298,-4.359
 0.253,-4.399
 0.269,-4.426
 0.223,-4.429
 0.224,-4.445
 0.223,-4.437
 0.208,-4.447
 0.209,-4.455
 0.223,-4.450
 0.178,-4.454
 0.208,-4.447
 0.193,-4.436
 0.193,-4.436
 0.193,-4.457
 0.178,-4.455
 0.177,-4.439
 0.193,-4.420
 0.193,-4.436
 0.193,-4.399
 0.194,-4.393
 0.209,-4.374
 0.178,-4.366
 0.193,-4.356
 0.192,-4.362
 0.193,-4.377
 0.208,-4.359
 0.193,-4.340
 0.208,-4.337
 0.207,-4.329
 0.209,-4.316
 0.193,-4.318
 0.192,-4.348
 0.193,-4.356
 0.192,-4.310
 0.177,-4.337
 0.207,-4.329
 0.193,-4.340
 0.192,-4.326
 0.162,-4.310
 0.163,-4.326
 0.178,-4.307
 0.148,-4.299
 0.148,-4.315
 0.148,-4.299
 0.132,-4.296
 0.117,-4.307
 0.102,-4.288
 0.118,-4.285
 0.117,-4.270
 0.087,-4.277
 0.117,-4.269
 0.087,-4.262
 0.072,-4.266
 0.057,-4.232
 0.042,-4.236
 0.026,-4.239
 0.026,-4.217
 0.027,-4.203
-0.019,-4.176
-0.019,-4.177
-0.018,-4.169
-0.018,-4.169
-0.048,-4.198
-0.033,-4.172
-0.064,-4.158
-0.049,-4.146
-0.094,-4.098
-0.064,-4.106
-0.079,-4.072
-0.094,-4.098
-0.063,-4.091
-0.109,-4.079
-0.109,-4.087
-0.094,-4.061
-0.094,-4.076
-0.079,-4.087
-0.078,-4.079
-0.094,-4.098
-0.079,-4.072
-0.094,-4.098
-0.049,-4.080
-0.064,-4.069
-0.064,-4.069
-0.049,-4.102
-0.049,-4.117
-0.049,-4.139
-0.049,-4.139
-0.034,-4.128
-0.018,-4.132
-0.049,-4.176
-0.018,-4.169
-0.018,-4.191
-0.018,-4.206
 0.012,-4.220
 0.012,-4.236
-0.003,-4.239
 0.012,-4.250
 0.012,-4.258
 0.027,-4.231
 0.011,-4.244
 0.011,-4.243
 0.012,-4.236
-0.003,-4.255
 0.027,-4.231
 0.012,-4.258
-0.003,-4.239
 0.027,-4.247
 0.012,-4.236
 0.027,-4.210
 0.012,-4.236
 0.027,-4.247
 0.012,-4.258
 0.027,-4.247
 0.012,-4.250
 0.012,-4.295
 0.026,-4.276
-0.004,-4.306
 0.027,-4.314
 0.012,-4.309
 0.012,-4.346
 0.027,-4.327
-0.004,-4.327
 0.027,-4.336
 0.027,-4.298
 0.027,-4.343
 0.027,-4.306
 0.042,-4.317
 0.027,-4.336
 0.027,-4.320
 0.057,-4.307
 0.027,-4.298
 0.042,-4.317
 0.042,-4.296
 0.027,-4.269
 0.042,-4.295
 0.043,-4.288
 0.058,-4.298
 0.057,-4.277
 0.072,-4.272
 0.057,-4.306
 0.072,-4.288
 0.072,-4.310
 0.087,-4.299
 0.072,-4.272
 0.088,-4.307
 0.072,-4.266
 0.057,-4.277
 0.058,-4.314
 0.072,-4.309
 0.058,-4.298
 0.058,-4.299
 0.057,-4.291
 0.027,-4.306
 0.013,-4.280
 0.012,-4.303
 0.027,-4.306
 0.027,-4.306
 0.027,-4.306
 0.027,-4.291
 0.013,-4.317
-0.003,-4.298
 0.013,-4.317
-0.003,-4.335
-0.003,-4.319
-0.003,-4.335
-0.018,-4.346
-0.018,-4.346
-0.018,-4.354
-0.048,-4.338
-0.063,-4.335
-0.032,-4.335
-0.063,-4.327
-0.048,-4.354
-0.048,-4.338
-0.048,-4.353
-0.078,-4.345
-0.093,-4.356
-0.078,-4.383
-0.078,-4.367
-0.078,-4.383
-0.078,-4.345
-0.063,-4.327
-0.078,-4.332
-0.093,-4.297
-0.063,-4.327
-0.062,-4.348
-0.062,-4.349
-0.078,-4.346
-0.078,-4.345
-0.079,-4.339
-0.079,-4.361
-0.063,-4.394
-0.078,-4.405
-0.078,-4.389
-0.078,-4.426
-0.078,-4.426
-0.078,-4.426
-0.078,-4.442
-0.063,-4.415
-0.063,-4.431
-0.048,-4.434
-0.063,-4.415
-0.033,-4.424
-0.033,-4.408
-0.033,-4.424
-0.003,-4.394
-0.003,-4.394
-0.003,-4.373
 0.013,-4.338
 0.013,-4.376
 0.027,-4.328
 0.027,-4.328
 0.027,-4.344
 0.043,-4.309
 0.043,-4.325
 0.058,-4.336
 0.043,-4.310
 0.043,-4.325
 0.043,-4.309
 0.043,-4.325
 0.057,-4.277
 0.043,-4.287
 0.043,-4.266
 0.057,-4.239
 0.058,-4.277
 0.057,-4.240
 0.043,-4.250
 0.057,-4.255
 0.057,-4.202
 0.058,-4.248
 0.073,-4.199
 0.073,-4.199
 0.058,-4.203
 0.057,-4.159
 0.073,-4.178
 0.042,-4.169
 0.073,-4.162
 0.027,-4.188
 0.042,-4.155
 0.042,-4.192
 0.057,-4.180
 0.027,-4.188
 0.027,-4.166
 0.057,-4.181
 0.027,-4.188
 0.057,-4.181
-0.003,-4.180
 0.027,-4.188
 0.012,-4.199
 0.011,-4.207
 0.012,-4.199
-0.003,-4.239
-0.003,-4.276
 0.012,-4.272
 0.012,-4.266
-0.003,-4.276
 0.012,-4.287
-0.004,-4.306
 0.011,-4.338
-0.004,-4.365
-0.004,-4.327
-0.004,-4.327
 0.012,-4.325
-0.004,-4.327
 0.012,-4.325
 0.027,-4.298
 0.011,-4.317
 0.027,-4.314
 0.012,-4.309
 0.012,-4.325
 0.027,-4.336
 0.012,-4.309
 0.027,-4.336
 0.027,-4.298
 0.042,-4.317
-0.004,-4.328
-0.003,-4.357
 0.012,-4.325
 0.012,-4.309
-0.004,-4.321
 0.012,-4.325
-0.003,-4.335
 0.027,-4.336
 0.012,-4.330
-0.004,-4.365
 0.027,-4.357
 0.027,-4.357
 0.012,-4.384
 0.027,-4.357
 0.012,-4.384
 0.012,-4.405
 0.027,-4.416
-0.003,-4.424
-0.003,-4.416
-0.003,-4.424
 0.012,-4.405
-0.003,-4.445
 0.012,-4.464
 0.012,-4.448
-0.003,-4.483
-0.003,-4.445
-0.003,-4.445
-0.003,-4.424
-0.019,-4.426
-0.003,-4.424
-0.003,-4.445
 0.012,-4.456
 0.012,-4.472
 0.012,-4.456
-0.003,-4.483
 0.012,-4.494
-0.003,-4.505
 0.012,-4.532
 0.012,-4.515
 0.028,-4.572
 0.012,-4.553
 0.042,-4.583
 0.012,-4.591
 0.027,-4.585
 0.011,-4.621
 0.012,-4.641
 0.012,-4.633
-0.003,-4.652
 0.027,-4.644
 0.012,-4.650
 0.027,-4.639
 0.011,-4.620
 0.027,-4.640
 0.027,-4.643
 0.012,-4.663
 0.027,-4.644
 0.027,-4.644
 0.027,-4.661
 0.011,-4.604
 0.012,-4.650
 0.012,-4.642
-0.003,-4.652
-0.003,-4.690
-0.003,-4.673
-0.018,-4.679
-0.034,-4.660
-0.048,-4.670
-0.034,-4.660
-0.033,-4.643
-0.033,-4.652
-0.018,-4.662
-0.048,-4.633
-0.063,-4.660
-0.048,-4.632
-0.078,-4.649
-0.094,-4.630
-0.078,-4.611
-0.094,-4.630
-0.093,-4.613
-0.108,-4.641
-0.108,-4.603
-0.123,-4.613
-0.124,-4.600
-0.154,-4.591
-0.139,-4.590
-0.139,-4.611
-0.154,-4.592
-0.169,-4.619
-0.153,-4.583
-0.139,-4.611
-0.138,-4.573
-0.138,-4.573
-0.139,-4.589
-0.139,-4.551
-0.139,-4.568
-0.139,-4.589
-0.139,-4.610
-0.154,-4.630
-0.138,-4.594
-0.124,-4.622
-0.124,-4.621
-0.108,-4.640
-0.109,-4.627
-0.094,-4.630
-0.094,-4.668
-0.093,-4.651
-0.093,-4.651
-0.079,-4.620
-0.078,-4.632
-0.048,-4.650
-0.033,-4.630
-0.048,-4.611
-0.048,-4.650
-0.048,-4.633
-0.018,-4.641
-0.018,-4.642
-0.018,-4.641
-0.018,-4.620
-0.002,-4.644
-0.003,-4.661
-0.003,-4.652
-0.018,-4.662
-0.003,-4.690
-0.018,-4.663
-0.033,-4.690
-0.018,-4.700
-0.003,-4.711
-0.033,-4.719
-0.003,-4.732
-0.003,-4.749
-0.003,-4.770
-0.018,-4.751
-0.018,-4.797
-0.017,-4.780
-0.033,-4.800
-0.018,-4.810
-0.033,-4.821
-0.048,-4.827
-0.032,-4.808
-0.048,-4.827
-0.033,-4.837
-0.017,-4.840
-0.048,-4.848
-0.047,-4.831
-0.033,-4.858
-0.048,-4.848
-0.032,-4.829
-0.063,-4.837
-0.048,-4.810
-0.048,-4.827
-0.062,-4.799
-0.077,-4.810
-0.062,-4.787
-0.077,-4.810
-0.077,-4.827
-0.077,-4.788
-0.077,-4.788
-0.093,-4.807
-0.107,-4.779
-0.093,-4.748
-0.108,-4.758
-0.092,-4.799
-0.138,-4.788
-0.123,-4.819
-0.123,-4.836
-0.153,-4.836
-0.138,-4.847
-0.138,-4.885
-0.137,-4.868
-0.153,-4.925
-0.169,-4.905
-0.168,-4.935
-0.153,-4.984
-0.137,-4.977
-0.138,-5.015
-0.168,-5.024
-0.138,-5.015
-0.138,-5.033
-0.168,-5.044
-0.153,-5.073
-0.153,-5.093
-0.153,-5.114
-0.153,-5.153
-0.152,-5.134
-0.138,-5.142
-0.169,-5.151
-0.153,-5.171
-0.154,-5.209
-0.168,-5.192
-0.198,-5.260
-0.198,-5.280
-0.198,-5.300
-0.199,-5.310
-0.213,-5.319
-0.230,-5.358
-0.244,-5.368
-0.213,-5.359
-0.244,-5.388
-0.227,-5.408
-0.243,-5.447
-0.228,-5.428
-0.228,-5.467
-0.229,-5.447
-0.228,-5.428
-0.228,-5.467
-0.213,-5.477
-0.227,-5.448
-0.228,-5.428
-0.213,-5.378
-0.229,-5.349
-0.243,-5.309
-0.258,-5.289
-0.258,-5.289
-0.257,-5.270
-0.289,-5.260
-0.273,-5.240
-0.304,-5.249
-0.289,-5.239
-0.288,-5.191
-0.303,-5.211
-0.304,-5.181
-0.288,-5.191
-0.304,-5.190
-0.303,-5.172
-0.288,-5.171
-0.289,-5.150
-0.287,-5.152
-0.318,-5.161
-0.302,-5.162
-0.318,-5.200
-0.334,-5.190
-0.334,-5.190
-0.319,-5.180
-0.348,-5.190
-0.349,-5.171
-0.348,-5.191
-0.378,-5.181
-0.363,-5.180
-0.394,-5.141
-0.394,-5.130
-0.394,-5.130
-0.410,-5.111
-0.440,-5.149
-0.438,-5.121
-0.454,-5.150
-0.469,-5.139
-0.500,-5.169
-0.517,-5.168
-0.529,-5.159
-0.545,-5.188
-0.545,-5.178
-0.559,-5.188
-0.545,-5.179
-0.559,-5.188
-0.545,-5.188
-0.574,-5.178
-0.559,-5.189
-0.530,-5.198
-0.544,-5.198
-0.546,-5.217
-0.530,-5.198
-0.515,-5.208
-0.485,-5.218
-0.499,-5.218
-0.500,-5.258
-0.485,-5.267
-0.470,-5.278
-0.456,-5.307
-0.439,-5.308
-0.456,-5.366
-0.441,-5.356
-0.453,-5.367
-0.441,-5.376
-0.440,-5.396
-0.425,-5.416
-0.425,-5.406
-0.425,-5.407
-0.440,-5.435
-0.456,-5.415
-0.456,-5.455
-0.440,-5.435
-0.440,-5.455
-0.440,-5.494
-0.454,-5.455
-0.471,-5.465
-0.471,-5.465
-0.471,-5.465
-0.472,-5.444
-0.484,-5.435
-0.471,-5.465
-0.485,-5.406
-0.500,-5.396
-0.471,-5.406
-0.500,-5.366
-0.456,-5.366
-0.501,-5.346
-0.501,-5.346
-0.470,-5.317
-0.469,-5.298
-0.454,-5.298
-0.485,-5.267
-0.485,-5.268
-0.470,-5.288
-0.499,-5.278
-0.501,-5.296
-0.500,-5.316
-0.515,-5.356
-0.515,-5.356
-0.529,-5.356
-0.546,-5.365
-0.531,-5.375
-0.531,-5.375
-0.516,-5.395
-0.514,-5.376
-0.516,-5.395
-0.515,-5.356
-0.499,-5.337
-0.500,-5.317
-0.515,-5.297
-0.515,-5.307
-0.499,-5.277
-0.530,-5.286
-0.499,-5.278
-0.513,-5.249
-0.499,-5.219
-0.499,-5.189
-0.516,-5.188
-0.501,-5.187
-0.501,-5.178
-0.501,-5.178
-0.484,-5.179
-0.499,-5.189
-0.500,-5.199
-0.484,-5.170
-0.484,-5.179
-0.470,-5.169
-0.500,-5.169
-0.470,-5.169
-0.499,-5.160
-0.500,-5.198
-0.469,-5.189
-0.500,-5.199
-0.486,-5.189
-0.469,-5.189
-0.500,-5.198
-0.485,-5.209
-0.485,-5.209
-0.485,-5.209
-0.469,-5.189
-0.470,-5.228
-0.485,-5.209
-0.485,-5.209
-0.471,-5.199
-0.469,-5.189
-0.455,-5.180
-0.455,-5.179
-0.469,-5.189
-0.471,-5.198
-0.455,-5.179
-0.455,-5.189
-0.455,-5.179
-0.470,-5.169
-0.486,-5.188
-0.484,-5.170
-0.470,-5.169
-0.454,-5.140
-0.485,-5.149
-0.471,-5.149
-0.468,-5.112
-0.455,-5.121
-0.469,-5.092
-0.470,-5.110
-0.471,-5.089
-0.455,-5.061
-0.471,-5.090
-0.454,-5.081
-0.454,-5.082
-0.454,-5.090
-0.438,-5.062
-0.455,-5.061
-0.425,-5.031
-0.440,-5.021
-0.411,-5.030
-0.423,-5.023
-0.410,-5.051
-0.394,-5.023
-0.394,-5.023
-0.395,-5.041
-0.409,-5.013
-0.411,-5.031
-0.395,-5.002
-0.364,-5.033
-0.380,-5.013
-0.394,-5.023
-0.365,-5.003
-0.379,-4.983
-0.380,-4.963
-0.396,-4.982
-0.380,-4.963
-0.380,-4.964
-0.379,-4.924
-0.365,-4.974
-0.365,-4.953
-0.379,-4.924
-0.350,-4.913
-0.364,-4.884
-0.380,-4.904
-0.350,-4.874
-0.364,-4.876
-0.350,-4.875
-0.379,-4.866
-0.379,-4.866
-0.350,-4.854
-0.395,-4.834
-0.381,-4.862
-0.380,-4.844
-0.395,-4.834
-0.380,-4.845
-0.379,-4.827
-0.410,-4.815
-0.395,-4.787
-0.410,-4.815
-0.397,-4.783
-0.410,-4.777
-0.411,-4.794
-0.410,-4.777
-0.410,-4.777
-0.426,-4.804
-0.425,-4.766
-0.411,-4.794
-0.425,-4.766
-0.425,-4.766
-0.426,-4.745
-0.455,-4.758
-0.456,-4.775
-0.425,-4.766
-0.455,-4.737
-0.426,-4.745
-0.455,-4.698
-0.441,-4.735
-0.425,-4.707
-0.455,-4.707
-0.456,-4.716
-0.440,-4.717
-0.456,-4.716
-0.441,-4.726
-0.456,-4.715
-0.456,-4.716
-0.440,-4.718
-0.456,-4.715
-0.440,-4.717
-0.440,-4.747
-0.455,-4.737
-0.439,-4.739
-0.442,-4.764
-0.456,-4.715
-0.441,-4.735
-0.441,-4.735
-0.455,-4.736
-0.440,-4.756
-0.424,-4.728
-0.440,-4.747
-0.455,-4.737
-0.424,-4.728
-0.457,-4.753
-0.441,-4.726
-0.426,-4.745
-0.442,-4.764
-0.439,-4.768
-0.426,-4.805
-0.440,-4.806
-0.426,-4.834
-0.411,-4.853
-0.425,-4.855
-0.411,-4.853
-0.395,-4.825
-0.394,-4.855
-0.396,-4.863
-0.410,-4.835
-0.396,-4.863
-0.365,-4.855
-0.365,-4.855
-0.365,-4.893
-0.364,-4.876
-0.350,-4.913
-0.365,-4.914
-0.366,-4.923
-0.351,-4.942
-0.350,-4.925
-0.350,-4.963
-0.349,-4.984
-0.320,-4.993
-0.335,-4.982
-0.335,-4.973
-0.304,-5.012
-0.334,-4.994
-0.334,-5.003
-0.305,-5.042
-0.319,-5.013
-0.320,-5.052
-0.304,-5.023
-0.319,-5.014
-0.304,-5.012
-0.305,-4.982
-0.305,-4.992
-0.304,-4.974
-0.305,-5.012
-0.304,-5.024
-0.318,-4.996
-0.304,-5.033
-0.290,-5.013
-0.289,-5.023
-0.290,-5.002
-0.289,-5.023
-0.305,-5.042
-0.304,-5.024
-0.305,-5.063
-0.290,-5.052
-0.289,-5.044
-0.305,-5.042
-0.304,-5.024
-0.320,-5.052
-0.305,-5.063
-0.334,-5.053
-0.335,-5.071
-0.320,-5.043
-0.335,-5.071
-0.335,-5.071
-0.334,-5.053
-0.335,-5.071
-0.334,-5.053
-0.350,-5.082
-0.335,-5.092
-0.364,-5.082
-0.350,-5.082
-0.349,-5.063
-0.380,-5.111
-0.366,-5.100
-0.379,-5.131
-0.350,-5.140
-0.364,-5.141
-0.365,-5.180
-0.365,-5.180
-0.363,-5.162
-0.365,-5.180
-0.378,-5.151
-0.365,-5.160
-0.381,-5.149
-0.365,-5.159
-0.381,-5.149
-0.380,-5.160
-0.396,-5.180
-0.380,-5.161
-0.349,-5.151
-0.365,-5.121
-0.349,-5.092
-0.351,-5.090
-0.351,-5.051
-0.335,-5.032
-0.320,-5.031
-0.319,-5.004
-0.320,-5.022
-0.305,-5.003
-0.305,-5.003
-0.321,-5.002
-0.304,-4.965
-0.305,-5.003
-0.290,-4.993
-0.304,-4.965
-0.290,-4.964
-0.274,-4.935
-0.260,-4.964
-0.260,-4.964
-0.275,-4.965
-0.291,-4.972
-0.275,-4.965
-0.259,-4.985
-0.274,-4.974
-0.259,-4.984
-0.260,-4.964
-0.229,-4.955
-0.260,-4.964
-0.260,-4.963
-0.245,-4.974
-0.245,-4.975
-0.245,-4.936
-0.245,-4.954
-0.230,-4.934
-0.229,-4.955
-0.215,-4.945
-0.245,-4.915
-0.230,-4.914
-0.246,-4.933
-0.260,-4.905
-0.230,-4.914
-0.244,-4.907
-0.260,-4.926
-0.229,-4.896
-0.275,-4.906
-0.246,-4.894
-0.245,-4.856
-0.246,-4.874
-0.231,-4.855
-0.260,-4.845
-0.245,-4.827
-0.229,-4.799
-0.230,-4.816
-0.231,-4.787
-0.261,-4.786
-0.246,-4.785
-0.260,-4.748
-0.261,-4.787
-0.245,-4.768
-0.230,-4.720
-0.231,-4.736
-0.245,-4.700
-0.215,-4.717
-0.245,-4.709
-0.245,-4.709
-0.230,-4.707
-0.200,-4.690
-0.216,-4.688
-0.216,-4.687
-0.231,-4.698
-0.201,-4.707
-0.214,-4.700
-0.215,-4.718
-0.215,-4.717
-0.215,-4.709
-0.216,-4.747
-0.200,-4.749
-0.200,-4.766
-0.185,-4.738
-0.215,-4.730
-0.185,-4.739
-0.200,-4.740
-0.186,-4.756
-0.170,-4.737
-0.186,-4.755
-0.170,-4.775
-0.169,-4.779
-0.155,-4.807
-0.139,-4.809
-0.170,-4.808
-0.140,-4.817
-0.154,-4.790
-0.171,-4.826
-0.155,-4.807
-0.140,-4.817
-0.140,-4.817
-0.124,-4.819
-0.156,-4.836
-0.140,-4.856
-0.170,-4.847
-0.140,-4.856
-0.154,-4.848
-0.155,-4.866
-0.140,-4.838
-0.140,-4.868
-0.140,-4.856
-0.125,-4.828
-0.125,-4.866
-0.125,-4.837
-0.124,-4.857
-0.125,-4.836
-0.140,-4.838
-0.140,-4.856
-0.125,-4.828
-0.140,-4.838
-0.110,-4.847
-0.139,-4.800
-0.140,-4.817
-0.125,-4.828
-0.140,-4.817
-0.156,-4.836
-0.139,-4.800
-0.124,-4.857
-0.125,-4.849
-0.140,-4.817
-0.125,-4.828
-0.125,-4.811
-0.140,-4.818
-0.140,-4.817
-0.125,-4.836
-0.141,-4.835
-0.140,-4.817
-0.140,-4.817
-0.109,-4.809
-0.140,-4.838
-0.155,-4.828
-0.154,-4.789
-0.155,-4.807
-0.155,-4.807
-0.139,-4.788
-0.155,-4.807
-0.170,-4.749
-0.170,-4.758
-0.185,-4.739
-0.200,-4.749
-0.185,-4.777
-0.200,-4.749
-0.215,-4.777
-0.215,-4.738
-0.214,-4.760
-0.230,-4.757
-0.214,-4.700
-0.245,-4.709
-0.245,-4.709
-0.245,-4.709
-0.261,-4.677
-0.260,-4.660
-0.246,-4.688
-0.275,-4.650
-0.260,-4.661
-0.260,-4.639
-0.274,-4.612
-0.306,-4.628
-0.291,-4.609
-0.291,-4.609
-0.306,-4.598
-0.275,-4.582
-0.306,-4.599
-0.306,-4.590
-0.275,-4.591
-0.291,-4.609
-0.290,-4.592
-0.276,-4.599
-0.262,-4.588
-0.261,-4.559
-0.261,-4.596
-0.275,-4.590
-0.261,-4.609
-0.260,-4.601
-0.245,-4.591
-0.260,-4.580
-0.260,-4.542
-0.247,-4.548
-0.245,-4.540
-0.276,-4.540
-0.245,-4.540
-0.244,-4.524
-0.246,-4.511
-0.246,-4.531
-0.261,-4.521
-0.231,-4.529
-0.246,-4.532
-0.216,-4.540
-0.246,-4.531
-0.230,-4.513
-0.231,-4.529
-0.230,-4.513
-0.231,-4.530
-0.215,-4.502
-0.261,-4.521
-0.215,-4.511
-0.230,-4.513
-0.230,-4.492
-0.215,-4.503
-0.215,-4.511
-0.231,-4.530
-0.215,-4.502
-0.200,-4.522
-0.200,-4.484
-0.200,-4.514
-0.186,-4.511
-0.199,-4.505
-0.230,-4.492
-0.230,-4.492
-0.246,-4.472
-0.230,-4.491
-0.230,-4.454
-0.246,-4.459
-0.201,-4.441
-0.231,-4.433
-0.200,-4.462
-0.185,-4.436
-0.216,-4.422
-0.185,-4.385
-0.200,-4.403
-0.201,-4.382
-0.200,-4.366
-0.201,-4.382
-0.155,-4.355
-0.155,-4.356
-0.140,-4.345
-0.124,-4.348
-0.110,-4.353
-0.094,-4.356
-0.080,-4.375
-0.065,-4.335
-0.049,-4.338
-0.050,-4.383
-0.034,-4.386
-0.034,-4.386
-0.020,-4.413
-0.005,-4.386
-0.004,-4.394
 0.011,-4.405
 0.011,-4.405
 0.026,-4.453
 0.026,-4.437
 0.041,-4.472
 0.056,-4.445
 0.041,-4.464
 0.056,-4.484
 0.055,-4.475
 0.056,-4.484
 0.086,-4.476
 0.041,-4.465
 0.071,-4.494
 0.071,-4.457
 0.086,-4.484
 0.101,-4.465
 0.085,-4.446
 0.100,-4.457
 0.085,-4.430
 0.101,-4.465
 0.086,-4.417
 0.116,-4.433
 0.116,-4.433
 0.116,-4.417
 0.085,-4.425
 0.131,-4.398
 0.115,-4.380
 0.101,-4.369
 0.116,-4.350
 0.115,-4.336
 0.131,-4.318
 0.101,-4.325
 0.115,-4.336
 0.100,-4.310
 0.115,-4.336
 0.100,-4.310
 0.100,-4.317
 0.101,-4.325
 0.100,-4.309
 0.101,-4.325
 0.100,-4.309
 0.116,-4.329
 0.101,-4.347
 0.116,-4.350
 0.101,-4.347
 0.116,-4.328
 0.101,-4.347
 0.086,-4.336
 0.085,-4.328
 0.070,-4.355
 0.086,-4.357
 0.070,-4.317
 0.070,-4.354
 0.056,-4.328
 0.056,-4.343
 0.056,-4.328
 0.025,-4.335
 0.040,-4.346
 0.025,-4.319
 0.025,-4.335
 0.025,-4.298
 0.011,-4.346
 0.011,-4.346
 0.010,-4.338
-0.005,-4.343
 0.010,-4.338
-0.005,-4.365
 0.025,-4.357
-0.005,-4.349
 0.010,-4.391
-0.020,-4.353
 0.011,-4.383
-0.005,-4.365
-0.019,-4.360
-0.005,-4.387
-0.005,-4.370
-0.035,-4.378
-0.020,-4.375
-0.035,-4.356
-0.035,-4.372
-0.020,-4.345
-0.020,-4.375
-0.005,-4.386
-0.035,-4.378
-0.035,-4.394
-0.035,-4.357
-0.035,-4.394
-0.035,-4.394
-0.035,-4.378
-0.035,-4.394
-0.019,-4.397
-0.035,-4.415
-0.020,-4.405
-0.019,-4.397
-0.019,-4.434
-0.020,-4.426
-0.019,-4.434
-0.019,-4.434
-0.019,-4.455
-0.035,-4.453
-0.020,-4.426
-0.019,-4.434
-0.050,-4.404
-0.019,-4.397
-0.020,-4.405
-0.035,-4.378
-0.035,-4.394
-0.020,-4.375
-0.035,-4.378
-0.005,-4.365
-0.005,-4.349
-0.005,-4.349
-0.005,-4.327
-0.005,-4.349
-0.020,-4.295
-0.005,-4.283
-0.005,-4.284
 0.010,-4.295
 0.010,-4.272
 0.010,-4.287
 0.010,-4.272
 0.010,-4.258
 0.041,-4.258
 0.025,-4.239
 0.025,-4.255
 0.025,-4.239
 0.025,-4.277
 0.041,-4.258
 0.025,-4.261
 0.025,-4.276
 0.041,-4.279
 0.055,-4.306
 0.025,-4.276
 0.041,-4.280
 0.055,-4.306
 0.040,-4.309
 0.041,-4.317
 0.041,-4.317
 0.055,-4.298
 0.055,-4.307
 0.071,-4.309
 0.055,-4.306
 0.041,-4.317
 0.025,-4.298
 0.040,-4.325
 0.041,-4.280
 0.041,-4.317
 0.041,-4.317
 0.040,-4.309
 0.041,-4.295
 0.041,-4.280
 0.041,-4.317
 0.055,-4.306
 0.055,-4.291
 0.041,-4.317
 0.040,-4.272
 0.040,-4.309
 0.040,-4.288
 0.025,-4.276
 0.025,-4.292
 0.055,-4.269
 0.010,-4.317
 0.025,-4.298
 0.041,-4.302
 0.025,-4.299
 0.040,-4.309
-0.005,-4.306
 0.025,-4.336
 0.011,-4.346
 0.010,-4.354
 0.025,-4.357
 0.025,-4.395
 0.026,-4.365
 0.011,-4.368
 0.025,-4.395
-0.005,-4.408
-0.005,-4.424
-0.005,-4.445
 0.010,-4.456
-0.005,-4.483
-0.004,-4.467
 0.010,-4.494
-0.004,-4.504
-0.019,-4.515
-0.004,-4.542
-0.004,-4.526
-0.019,-4.553
-0.020,-4.582
-0.034,-4.592
-0.034,-4.631
 0.011,-4.633
-0.019,-4.641
-0.005,-4.652
-0.019,-4.662
-0.005,-4.690
-0.004,-4.673
-0.004,-4.749
-0.019,-4.759
-0.005,-4.762
-0.004,-4.808
 0.011,-4.801
 0.011,-4.840
-0.005,-4.859
-0.019,-4.869
-0.004,-4.867
-0.034,-4.858
-0.004,-4.906
-0.034,-4.897
-0.049,-4.927
-0.064,-4.947
-0.064,-4.929
-0.049,-4.957
-0.064,-4.946
-0.064,-4.946
-0.049,-4.945
-0.079,-4.936
-0.079,-4.936
-0.079,-4.957
-0.078,-4.977
-0.095,-4.955
-0.063,-4.937
-0.064,-4.955
-0.079,-4.936
-0.094,-4.908
-0.079,-4.936
-0.079,-4.918
-0.094,-4.917
-0.109,-4.927
-0.109,-4.927
-0.094,-4.925
-0.109,-4.927
-0.139,-4.906
-0.139,-4.906
-0.124,-4.916
-0.139,-4.906
-0.154,-4.907
-0.155,-4.925
-0.169,-4.875
-0.169,-4.897
-0.154,-4.896
-0.184,-4.877
-0.170,-4.914
-0.169,-4.876
-0.169,-4.935
-0.155,-4.925
-0.154,-4.907
-0.169,-4.936
-0.154,-4.886
-0.169,-4.897
-0.154,-4.916
-0.168,-4.888
-0.169,-4.897
-0.169,-4.876
-0.169,-4.876
-0.170,-4.893
-0.184,-4.865
-0.184,-4.865
-0.168,-4.867
-0.183,-4.878
-0.184,-4.887
-0.184,-4.848
-0.169,-4.847
-0.184,-4.836
-0.199,-4.855
-0.199,-4.855
-0.199,-4.837
-0.199,-4.876
-0.214,-4.857
-0.229,-4.867
-0.245,-4.865
-0.229,-4.867
-0.244,-4.894
-0.260,-4.875
-0.259,-4.896
-0.275,-4.915
-0.274,-4.897
-0.290,-4.905
-0.290,-4.904
-0.290,-4.904
-0.305,-4.894
-0.304,-4.915
-0.335,-4.923
-0.320,-4.933
-0.334,-4.944
-0.350,-4.934
-0.364,-4.935
-0.396,-4.982
-0.396,-4.982
-0.394,-4.973
-0.410,-4.992
-0.424,-4.964
-0.410,-4.992
-0.425,-4.972
-0.439,-4.983
-0.455,-5.011
-0.454,-4.992
-0.485,-5.002
-0.454,-4.993
-0.469,-4.983
-0.486,-4.981
-0.470,-4.962
-0.472,-4.980
-0.470,-4.962
-0.484,-4.972
-0.484,-4.972
-0.483,-4.984
-0.485,-5.002
-0.484,-4.963
-0.515,-4.972
-0.486,-4.981
-0.498,-4.973
-0.500,-4.991
-0.514,-5.001
-0.515,-5.031
-0.515,-5.031
-0.513,-5.022
-0.500,-5.050
-0.515,-5.030
-0.514,-5.060
-0.530,-5.079
-0.498,-5.091
-0.500,-5.109
-0.515,-5.090
-0.529,-5.100
-0.515,-5.099
-0.529,-5.099
-0.530,-5.139
-0.529,-5.100
-0.543,-5.110
-0.545,-5.128
-0.543,-5.110
-0.545,-5.129
-0.559,-5.129
-0.545,-5.119
-0.546,-5.158
-0.544,-5.139
-0.560,-5.168
-0.559,-5.129
-0.559,-5.129
-0.530,-5.139
-0.544,-5.139
-0.530,-5.139
-0.546,-5.158
-0.531,-5.178
-0.516,-5.167
-0.545,-5.178
-0.530,-5.198
-0.499,-5.218
-0.514,-5.229
-0.515,-5.208
-0.514,-5.228
-0.501,-5.237
-0.485,-5.218
-0.485,-5.208
-0.470,-5.228
-0.484,-5.228
-0.455,-5.277
-0.469,-5.248
-0.470,-5.287
-0.470,-5.287
-0.423,-5.288
-0.454,-5.298
-0.423,-5.288
-0.424,-5.327
-0.425,-5.297
-0.408,-5.298
-0.410,-5.317
-0.379,-5.308
-0.409,-5.337
-0.394,-5.298
-0.378,-5.328
-0.379,-5.347
-0.379,-5.367
-0.349,-5.377
-0.349,-5.377
-0.363,-5.377
-0.365,-5.397
-0.350,-5.407
-0.334,-5.417
-0.334,-5.426
-0.318,-5.417
-0.334,-5.417
-0.333,-5.407
-0.333,-5.407
-0.334,-5.387
-0.333,-5.368
-0.334,-5.388
-0.319,-5.377
-0.320,-5.357
-0.320,-5.357
-0.335,-5.358
-0.319,-5.378
-0.333,-5.348
-0.333,-5.348
-0.335,-5.358
-0.333,-5.348
-0.319,-5.348
-0.334,-5.328
-0.319,-5.318
-0.320,-5.318
-0.318,-5.299
-0.335,-5.308
-0.334,-5.269
-0.334,-5.269
-0.335,-5.249
-0.334,-5.230
-0.349,-5.259
-0.349,-5.220
-0.349,-5.220
-0.319,-5.191
-0.363,-5.171
-0.364,-5.151
-0.319,-5.131
-0.350,-5.140
-0.350,-5.141
-0.364,-5.112
-0.380,-5.111
-0.379,-5.072
-0.379,-5.081
-0.379,-5.081
-0.379,-5.072
-0.395,-5.100
-0.394,-5.082
-0.410,-5.110
-0.395,-5.100
-0.394,-5.082
-0.395,-5.101
-0.379,-5.101
-0.394,-5.120
-0.394,-5.121
-0.410,-5.101
-0.410,-5.111
-0.378,-5.122
-0.409,-5.131
-0.395,-5.150
-0.394,-5.179
-0.411,-5.188
-0.395,-5.159
-0.396,-5.198
-0.395,-5.219
-0.394,-5.230
-0.380,-5.229
-0.378,-5.210
-0.365,-5.239
-0.365,-5.219
-0.379,-5.190
-0.380,-5.208
-0.364,-5.210
-0.365,-5.239
-0.364,-5.239
-0.363,-5.230
-0.365,-5.278
-0.334,-5.269
-0.364,-5.298
-0.349,-5.318
-0.348,-5.299
-0.349,-5.318
-0.333,-5.289
-0.364,-5.298
-0.349,-5.289
-0.333,-5.289
-0.335,-5.308
-0.364,-5.259
-0.349,-5.309
-0.350,-5.289
-0.333,-5.289
-0.335,-5.308
-0.333,-5.289
-0.349,-5.318
-0.349,-5.318
-0.348,-5.299
-0.349,-5.318
-0.333,-5.289
-0.349,-5.279
-0.334,-5.328
-0.348,-5.299
-0.364,-5.299
-0.364,-5.318
-0.348,-5.338
-0.364,-5.318
-0.348,-5.299
-0.364,-5.328
-0.349,-5.278
-0.365,-5.278
-0.366,-5.258
-0.364,-5.269
-0.349,-5.259
-0.362,-5.250
-0.379,-5.249
-0.395,-5.209
-0.348,-5.181
-0.380,-5.170
-0.409,-5.160
-0.380,-5.170
-0.380,-5.170
-0.394,-5.170
-0.410,-5.199
-0.394,-5.170
-0.410,-5.199
-0.410,-5.199
-0.424,-5.200
-0.426,-5.219
-0.424,-5.199
-0.409,-5.220
-0.410,-5.199
-0.424,-5.200
-0.410,-5.199
-0.440,-5.190
-0.440,-5.228
-0.440,-5.229
-0.424,-5.229
-0.455,-5.238
-0.454,-5.199
-0.455,-5.238
-0.455,-5.238
-0.470,-5.219
-0.471,-5.237
-0.454,-5.258
-0.470,-5.278
-0.470,-5.278
-0.484,-5.288
-0.470,-5.317
-0.468,-5.268
-0.470,-5.278
-0.485,-5.268
-0.485,-5.267
-0.487,-5.287
-0.500,-5.257
-0.516,-5.277
-0.485,-5.268
-0.498,-5.238
-0.515,-5.238
-0.498,-5.238
-0.500,-5.198
-0.500,-5.198
-0.515,-5.178
-0.501,-5.178
-0.499,-5.159
-0.499,-5.160
-0.485,-5.149
-0.484,-5.140
-0.500,-5.139
-0.484,-5.110
-0.500,-5.139
-0.485,-5.149
-0.468,-5.150
-0.471,-5.199
-0.468,-5.151
-0.470,-5.169
-0.471,-5.198
-0.485,-5.208
-0.471,-5.237
-0.470,-5.218
-0.455,-5.238
-0.455,-5.238
-0.424,-5.229
-0.411,-5.238
-0.409,-5.220
-0.410,-5.199
-0.395,-5.219
-0.393,-5.200
-0.380,-5.229
-0.362,-5.250
-0.395,-5.269
-0.380,-5.258
-0.364,-5.260
-0.380,-5.288
-0.349,-5.270
-0.364,-5.298
-0.351,-5.268
-0.365,-5.269
-0.335,-5.288
-0.349,-5.249
-0.334,-5.269
-0.319,-5.279
-0.318,-5.300
-0.304,-5.299
-0.288,-5.270
-0.320,-5.259
-0.305,-5.249
-0.320,-5.259
-0.304,-5.279
-0.303,-5.260
-0.319,-5.280
-0.319,-5.280
-0.303,-5.260
-0.290,-5.269
-0.303,-5.260
-0.320,-5.259
-0.320,-5.259
-0.288,-5.270
-0.320,-5.319
-0.319,-5.279
-0.319,-5.280
-0.320,-5.288
-0.319,-5.279
-0.305,-5.308
-0.319,-5.279
-0.335,-5.299
-0.320,-5.289
-0.319,-5.279
-0.335,-5.278
-0.334,-5.260
-0.350,-5.288
-0.334,-5.269
-0.365,-5.269
-0.335,-5.278
-0.365,-5.268
-0.350,-5.289
-0.350,-5.289
-0.349,-5.270
-0.364,-5.298
-0.363,-5.279
-0.364,-5.299
-0.349,-5.309
-0.364,-5.289
-0.366,-5.318
-0.365,-5.278
-0.366,-5.288
-0.365,-5.278
-0.364,-5.298
-0.380,-5.318
-0.394,-5.289
-0.364,-5.299
-0.364,-5.298
-0.364,-5.289
-0.366,-5.317
-0.364,-5.298
-0.365,-5.278
-0.364,-5.298
-0.349,-5.308
-0.350,-5.289
-0.364,-5.289
-0.365,-5.279
-0.364,-5.298
-0.364,-5.259
-0.365,-5.278
-0.363,-5.279
-0.364,-5.299
-0.380,-5.278
-0.364,-5.259
-0.365,-5.278
-0.364,-5.259
-0.380,-5.258
-0.379,-5.288
-0.394,-5.288
-0.380,-5.318
-0.394,-5.288
-0.394,-5.298
-0.410,-5.317
-0.410,-5.307
-0.410,-5.317
-0.408,-5.298
-0.424,-5.327
-0.424,-5.327
-0.438,-5.327
-0.440,-5.347
-0.423,-5.337
-0.454,-5.357
-0.439,-5.367
-0.453,-5.376
-0.441,-5.385
-0.440,-5.346
-0.441,-5.385
-0.455,-5.396
-0.454,-5.406
-0.454,-5.416
-0.437,-5.406
-0.439,-5.426
-0.425,-5.415
-0.440,-5.405
-0.441,-5.385
-0.439,-5.366
-0.425,-5.396
-0.439,-5.367
-0.453,-5.377
-0.440,-5.406
-0.438,-5.386
-0.440,-5.406
-0.425,-5.416
-0.454,-5.406
-0.440,-5.405
-0.438,-5.386
-0.440,-5.406
-0.440,-5.405
-0.469,-5.396
-0.470,-5.435
-0.454,-5.405
-0.470,-5.435
-0.439,-5.425
-0.454,-5.406
-0.470,-5.435
-0.454,-5.406
-0.440,-5.406
-0.425,-5.416
-0.454,-5.406
-0.456,-5.425
-0.469,-5.395
-0.439,-5.426
-0.424,-5.415
-0.454,-5.406
-0.425,-5.415
-0.440,-5.395
-0.441,-5.385
-0.425,-5.395
-0.440,-5.405
-0.440,-5.406
-0.468,-5.356
-0.424,-5.386
-0.439,-5.366
-0.425,-5.356
-0.440,-5.347
-0.409,-5.337
-0.426,-5.337
-0.410,-5.317
-0.408,-5.308
-0.425,-5.307
-0.439,-5.308
-0.440,-5.287
-0.409,-5.278
-0.409,-5.278
-0.410,-5.258
-0.408,-5.239
-0.410,-5.258
-0.394,-5.239
-0.394,-5.239
-0.426,-5.218
-0.393,-5.200
-0.409,-5.229
-0.393,-5.209
-0.409,-5.219
-0.395,-5.218
-0.409,-5.189
-0.410,-5.199
-0.409,-5.190
-0.410,-5.199
-0.410,-5.199
-0.409,-5.219
-0.426,-5.218
-0.395,-5.209
-0.409,-5.219
-0.411,-5.238
-0.393,-5.220
-0.394,-5.239
-0.394,-5.229
-0.379,-5.249
-0.395,-5.248
-0.395,-5.209
-0.381,-5.247
-0.380,-5.228
-0.379,-5.249
-0.380,-5.258
-0.378,-5.269
-0.379,-5.288
-0.379,-5.249
-0.379,-5.249
-0.380,-5.267
-0.379,-5.249
-0.380,-5.268
-0.379,-5.249
-0.349,-5.279
-0.379,-5.288
-0.393,-5.259
-0.379,-5.288
-0.379,-5.288
-0.394,-5.298
-0.394,-5.297
-0.408,-5.298
-0.410,-5.317
-0.394,-5.297
-0.394,-5.298
-0.394,-5.337
-0.409,-5.337
-0.409,-5.337
-0.409,-5.337
-0.410,-5.377
-0.410,-5.406
-0.424,-5.376
-0.425,-5.396
-0.424,-5.415
-0.440,-5.435
-0.456,-5.425
-0.439,-5.425
-0.439,-5.426
-0.439,-5.425
-0.439,-5.426
-0.440,-5.435
-0.469,-5.395
-0.455,-5.395
-0.454,-5.406
-0.439,-5.425
-0.425,-5.415
-0.439,-5.416
-0.456,-5.425
-0.425,-5.395
-0.425,-5.416
-0.395,-5.425
-0.408,-5.416
-0.424,-5.475
-0.409,-5.485
-0.409,-5.485
-0.409,-5.495
-0.424,-5.494
-0.409,-5.495
-0.394,-5.505
-0.394,-5.505
-0.410,-5.524
-0.408,-5.514
-0.410,-5.524
-0.408,-5.514
-0.424,-5.534
-0.424,-5.534
-0.408,-5.534
-0.410,-5.524
-0.393,-5.524
-0.409,-5.544
-0.410,-5.524
-0.438,-5.504
-0.410,-5.524
-0.439,-5.514
-0.439,-5.524
-0.439,-5.524
-0.439,-5.455
-0.455,-5.505
-0.439,-5.514
-0.439,-5.514
-0.439,-5.514
-0.454,-5.524
-0.440,-5.553
-0.470,-5.524
-0.470,-5.544
-0.454,-5.564
-0.469,-5.563
-0.470,-5.583
-0.469,-5.602
-0.453,-5.603
-0.469,-5.602
-0.468,-5.582
-0.485,-5.632
-0.486,-5.602
-0.486,-5.602
-0.471,-5.622
-0.484,-5.612
-0.469,-5.662
-0.499,-5.651
-0.484,-5.671
-0.500,-5.671
-0.499,-5.631
-0.485,-5.632
-0.470,-5.642
-0.454,-5.622
-0.454,-5.622
-0.468,-5.593
-0.455,-5.603
-0.469,-5.573
-0.454,-5.593
-0.469,-5.612
-0.468,-5.592
-0.469,-5.612
-0.454,-5.583
-0.469,-5.603
-0.469,-5.603
-0.453,-5.583
-0.470,-5.583
-0.453,-5.583
-0.469,-5.613
-0.455,-5.603
-0.454,-5.583
-0.471,-5.623
-0.454,-5.622
-0.454,-5.623
-0.470,-5.642
-0.453,-5.642
-0.469,-5.672
-0.454,-5.671
-0.439,-5.691
-0.456,-5.692
-0.454,-5.672
-0.455,-5.712
-0.453,-5.701
-0.454,-5.731
-0.455,-5.711
-0.439,-5.721
-0.456,-5.732
-0.455,-5.711
-0.455,-5.740
-0.424,-5.741
-0.439,-5.740
-0.424,-5.742
-0.438,-5.711
-0.454,-5.731
-0.455,-5.711
-0.439,-5.721
-0.440,-5.702
-0.439,-5.692
-0.424,-5.701
-0.424,-5.682
-0.424,-5.701
-0.456,-5.692
-0.440,-5.662
-0.439,-5.632
-0.439,-5.632
-0.408,-5.623
-0.425,-5.623
-0.454,-5.612
-0.439,-5.633
-0.456,-5.632
-0.454,-5.613
-0.440,-5.672
-0.469,-5.661
-0.454,-5.672
-0.471,-5.671
-0.469,-5.651
-0.440,-5.672
-0.455,-5.652
-0.455,-5.652
-0.455,-5.652
-0.439,-5.622
-0.441,-5.642
-0.424,-5.642
-0.455,-5.652
-0.440,-5.642
-0.439,-5.622
-0.425,-5.623
-0.409,-5.593
-0.409,-5.603
-0.395,-5.623
-0.409,-5.593
-0.411,-5.593
-0.395,-5.573
-0.395,-5.574
-0.380,-5.584
-0.379,-5.564
-0.364,-5.564
-0.349,-5.535
-0.364,-5.525
-0.350,-5.555
-0.334,-5.496
-0.335,-5.515
-0.334,-5.475
-0.319,-5.486
-0.319,-5.486
-0.334,-5.496
-0.349,-5.466
-0.334,-5.476
-0.335,-5.456
-0.335,-5.456
-0.334,-5.436
-0.319,-5.457
-0.318,-5.417
-0.349,-5.427
-0.334,-5.417
-0.334,-5.377
-0.334,-5.427
-0.334,-5.417
-0.334,-5.417
-0.335,-5.456
-0.318,-5.417
-0.365,-5.456
-0.349,-5.426
-0.365,-5.446
-0.380,-5.436
-0.363,-5.436
-0.365,-5.456
-0.379,-5.455
-0.349,-5.466
-0.380,-5.495
-0.394,-5.495
-0.395,-5.515
-0.395,-5.534
-0.409,-5.544
-0.410,-5.583
-0.407,-5.583
-0.425,-5.623
-0.424,-5.642
-0.456,-5.672
-0.456,-5.672
-0.471,-5.671
-0.470,-5.701
-0.469,-5.710
-0.499,-5.740
-0.500,-5.720
-0.468,-5.730
-0.485,-5.740
-0.500,-5.720
-0.471,-5.731
-0.486,-5.721
-0.469,-5.711
-0.470,-5.750
-0.469,-5.711
-0.470,-5.750
-0.471,-5.760
-0.454,-5.760
-0.471,-5.760
-0.469,-5.769
-0.470,-5.780
-0.470,-5.780
-0.485,-5.789
-0.471,-5.820
-0.470,-5.780
-0.471,-5.820
-0.455,-5.800
-0.440,-5.809
-0.456,-5.830
-0.439,-5.828
-0.456,-5.829
-0.426,-5.800
-0.439,-5.769
-0.411,-5.761
-0.394,-5.702
-0.411,-5.702
-0.395,-5.682
-0.394,-5.642
-0.365,-5.633
-0.348,-5.594
-0.350,-5.584
-0.349,-5.575
-0.349,-5.535
-0.349,-5.515
-0.334,-5.466
-0.336,-5.485
-0.351,-5.475
-0.335,-5.456
-0.335,-5.456
-0.334,-5.437
-0.349,-5.456
-0.334,-5.437
-0.363,-5.427
-0.334,-5.417
-0.334,-5.378
-0.365,-5.387
-0.364,-5.407
-0.364,-5.407
-0.380,-5.435
-0.378,-5.416
-0.396,-5.456
-0.396,-5.455
-0.424,-5.465
-0.440,-5.494
-0.454,-5.494
-0.470,-5.484
-0.470,-5.484
-0.454,-5.464
-0.471,-5.464
-0.484,-5.435
-0.515,-5.444
-0.515,-5.444
-0.499,-5.425
-0.501,-5.434
-0.514,-5.405
-0.515,-5.415
-0.500,-5.405
-0.530,-5.395
-0.516,-5.425
-0.530,-5.395
-0.546,-5.415
-0.546,-5.414
-0.545,-5.434
-0.576,-5.444
-0.574,-5.424
-0.561,-5.454
-0.561,-5.464
-0.576,-5.443
-0.548,-5.434
-0.546,-5.414
-0.546,-5.424
-0.531,-5.434
-0.529,-5.416
-0.546,-5.415
-0.529,-5.415
-0.546,-5.415
-0.532,-5.414
-0.530,-5.395
-0.516,-5.395
-0.500,-5.366
-0.500,-5.405
-0.485,-5.416
-0.499,-5.425
-0.516,-5.425
-0.499,-5.425
-0.485,-5.415
-0.515,-5.444
-0.485,-5.464
-0.501,-5.494
-0.470,-5.484
-0.485,-5.474
-0.501,-5.494
-0.485,-5.465
-0.471,-5.465
-0.455,-5.435
-0.471,-5.464
-0.440,-5.455
-0.469,-5.445
-0.471,-5.464
-0.455,-5.435
-0.440,-5.435
-0.456,-5.415
-0.439,-5.415
-0.440,-5.435
-0.439,-5.416
-0.425,-5.445
-0.425,-5.445
-0.424,-5.426
-0.425,-5.445
-0.409,-5.426
-0.411,-5.475
-0.426,-5.484
-0.424,-5.465
-0.425,-5.504
-0.424,-5.514
-0.410,-5.515
-0.426,-5.534
-0.424,-5.524
-0.411,-5.534
-0.410,-5.514
-0.410,-5.554
-0.395,-5.534
-0.409,-5.534
-0.410,-5.554
-0.394,-5.544
-0.381,-5.554
-0.410,-5.553
-0.394,-5.553
-0.411,-5.583
-0.379,-5.564
-0.410,-5.603
-0.410,-5.603
-0.395,-5.612
-0.395,-5.623
-0.379,-5.593
-0.410,-5.613
-0.411,-5.583
-0.394,-5.583
-0.396,-5.603
-0.410,-5.564
-0.425,-5.593
-0.410,-5.574
-0.410,-5.574
-0.426,-5.573
-0.409,-5.534
-0.410,-5.554
-0.441,-5.524
-0.410,-5.514
-0.425,-5.504
-0.393,-5.456
-0.410,-5.515
-0.424,-5.465
-0.410,-5.455
-0.427,-5.465
-0.411,-5.435
-0.426,-5.425
-0.425,-5.445
-0.439,-5.416
-0.425,-5.446
-0.408,-5.406
-0.440,-5.436
-0.425,-5.386
-0.440,-5.396
-0.425,-5.396
-0.425,-5.406
-0.425,-5.386
-0.440,-5.396
-0.440,-5.396
-0.441,-5.376
-0.440,-5.396
-0.440,-5.406
-0.425,-5.416
-0.438,-5.387
-0.440,-5.406
-0.438,-5.387
-0.440,-5.406
-0.440,-5.406
-0.454,-5.406
-0.456,-5.425
-0.454,-5.406
-0.440,-5.435
-0.456,-5.415
-0.454,-5.406
-0.440,-5.435
-0.454,-5.406
-0.470,-5.425
-0.455,-5.445
-0.455,-5.435
-0.471,-5.465
-0.485,-5.464
-0.455,-5.475
-0.455,-5.475
-0.470,-5.484
-0.470,-5.485
-0.454,-5.455
-0.454,-5.465
-0.471,-5.464
-0.486,-5.454
-0.457,-5.444
-0.455,-5.445
-0.455,-5.445
-0.455,-5.445
-0.469,-5.445
-0.455,-5.445
-0.453,-5.426
-0.470,-5.435
-0.456,-5.425
-0.470,-5.425
-0.456,-5.425
-0.454,-5.406
-0.455,-5.445
-0.455,-5.445
-0.455,-5.445
-0.471,-5.464
-0.469,-5.445
-0.485,-5.475
-0.470,-5.484
-0.483,-5.455
-0.470,-5.485
-0.483,-5.455
-0.485,-5.475
-0.485,-5.474
-0.469,-5.455
-0.470,-5.494
-0.484,-5.494
-0.485,-5.534
-0.485,-5.533
-0.498,-5.504
-0.501,-5.553
-0.514,-5.523
-0.530,-5.543
-0.501,-5.553
-0.530,-5.543
-0.515,-5.563
-0.543,-5.572
-0.530,-5.602
-0.530,-5.602
-0.576,-5.591
-0.562,-5.592
-0.560,-5.572
-0.560,-5.572
-0.560,-5.572
-0.544,-5.542
-0.546,-5.562
-0.559,-5.503
-0.546,-5.503
-0.561,-5.493
-0.545,-5.474
-0.547,-5.454
-0.529,-5.444
-0.530,-5.455
-0.545,-5.474
-0.545,-5.434
-0.547,-5.454
-0.530,-5.424
-0.531,-5.464
-0.515,-5.444
-0.529,-5.444
-0.515,-5.445
-0.499,-5.415
-0.516,-5.415
-0.516,-5.415
-0.499,-5.415
-0.516,-5.424
-0.470,-5.415
-0.501,-5.435
-0.516,-5.415
-0.485,-5.405
-0.501,-5.435
-0.485,-5.405
-0.501,-5.435
-0.486,-5.385
-0.469,-5.386
-0.472,-5.376
-0.454,-5.337
-0.456,-5.356
-0.457,-5.336
-0.441,-5.317
-0.457,-5.316
-0.440,-5.278
-0.410,-5.308
-0.440,-5.278
-0.409,-5.269
-0.426,-5.268
-0.409,-5.210
-0.427,-5.248
-0.411,-5.228
-0.395,-5.210
-0.411,-5.229
-0.379,-5.181
-0.395,-5.210
-0.380,-5.199
-0.395,-5.209
-0.396,-5.219
-0.395,-5.200
-0.396,-5.219
-0.380,-5.220
-0.380,-5.220
-0.381,-5.229
-0.395,-5.200
-0.381,-5.200
-0.381,-5.229
-0.395,-5.200
-0.365,-5.210
-0.395,-5.200
-0.395,-5.209
-0.380,-5.220
-0.380,-5.220
-0.381,-5.238
-0.394,-5.229
-0.380,-5.258
-0.396,-5.239
-0.395,-5.259
-0.396,-5.278
-0.380,-5.249
-0.380,-5.259
-0.395,-5.239
-0.395,-5.239
-0.396,-5.239
-0.395,-5.250
-0.380,-5.249
-0.395,-5.239
-0.395,-5.239
-0.397,-5.258
-0.396,-5.239
-0.411,-5.268
-0.410,-5.287
-0.425,-5.288
-0.395,-5.298
-0.409,-5.269
-0.441,-5.317
-0.410,-5.287
-0.411,-5.288
-0.426,-5.307
-0.410,-5.308
-0.410,-5.338
-0.440,-5.337
-0.440,-5.337
-0.441,-5.346
-0.440,-5.366
-0.456,-5.396
-0.456,-5.415
-0.455,-5.435
-0.456,-5.445
-0.469,-5.445
-0.471,-5.465
-0.471,-5.494
-0.470,-5.484
-0.471,-5.495
-0.470,-5.475
-0.471,-5.494
-0.470,-5.485
-0.485,-5.464
-0.471,-5.494
-0.485,-5.464
-0.471,-5.494
-0.471,-5.465
-0.469,-5.445
-0.471,-5.465
-0.455,-5.435
-0.455,-5.475
-0.470,-5.484
-0.455,-5.495
-0.471,-5.495
-0.470,-5.485
-0.486,-5.534
-0.470,-5.514
-0.484,-5.544
-0.470,-5.573
-0.485,-5.553
-0.487,-5.583
-0.487,-5.572
-0.501,-5.583
-0.486,-5.593
-0.499,-5.583
-0.500,-5.603
-0.485,-5.583
-0.484,-5.583
-0.486,-5.603
-0.500,-5.573
-0.501,-5.583
-0.501,-5.583
-0.500,-5.573
-0.485,-5.563
-0.485,-5.523
-0.501,-5.553
-0.516,-5.533
-0.499,-5.534
-0.485,-5.534
-0.483,-5.514
-0.500,-5.514
-0.501,-5.494
-0.485,-5.474
-0.500,-5.464
-0.500,-5.454
-0.515,-5.444
-0.530,-5.455
-0.514,-5.465
-0.516,-5.474
-0.514,-5.465
-0.530,-5.494
-0.546,-5.474
-0.514,-5.465
-0.546,-5.474
-0.514,-5.464
-0.546,-5.474
-0.530,-5.454
-0.530,-5.454
-0.547,-5.454
-0.544,-5.454
-0.546,-5.474
-0.560,-5.483
-0.544,-5.493
-0.532,-5.503
-0.531,-5.463
-0.517,-5.523
-0.517,-5.513
-0.514,-5.523
-0.530,-5.543
-0.528,-5.523
-0.530,-5.543
-0.500,-5.514
-0.516,-5.533
-0.532,-5.504
-0.500,-5.514
-0.470,-5.524
-0.485,-5.524
-0.485,-5.524
-0.501,-5.554
-0.485,-5.524
-0.516,-5.534
-0.516,-5.533
-0.545,-5.523
-0.516,-5.534
-0.544,-5.514
-0.576,-5.504
-0.576,-5.533
-0.575,-5.494
-0.607,-5.513
-0.605,-5.493
-0.620,-5.543
-0.635,-5.523
-0.681,-5.542
-0.682,-5.522
-0.710,-5.531
-0.712,-5.551
-0.757,-5.561
-0.771,-5.570
-0.803,-5.580
-0.800,-5.560
-0.833,-5.609
-0.862,-5.599
-0.876,-5.608
-0.908,-5.618
-0.936,-5.608
-0.982,-5.627
-0.982,-5.627
-1.011,-5.617
-1.029,-5.676
-1.057,-5.665
-1.093,-5.695
-1.107,-5.705
-1.089,-5.705
-1.119,-5.734
-1.115,-5.714
-1.103,-5.744
-1.131,-5.734
-1.101,-5.704
-1.121,-5.745
-1.104,-5.715
-1.121,-5.715
-1.104,-5.695
-1.117,-5.695
-1.089,-5.705
-1.087,-5.666
-1.058,-5.676
-1.075,-5.636
-1.043,-5.627
-1.030,-5.627
-1.027,-5.548
-1.012,-5.569
-0.998,-5.559
-0.996,-5.549
-0.983,-5.549
-0.996,-5.490
-0.984,-5.520
-0.967,-5.500
-0.967,-5.500
-0.969,-5.480
-0.966,-5.460
-0.953,-5.490
-0.937,-5.471
-0.921,-5.481
-0.909,-5.510
-0.920,-5.500
-0.907,-5.530
-0.907,-5.530
-0.922,-5.510
-0.907,-5.530
-0.892,-5.540
-0.910,-5.540
-0.877,-5.560
-0.892,-5.540
-0.893,-5.579
-0.875,-5.569
-0.908,-5.619
-0.892,-5.628
-0.921,-5.618
-0.911,-5.638
-0.924,-5.638
-0.925,-5.648
-0.894,-5.668
-0.876,-5.668
-0.877,-5.708
-0.875,-5.717
-0.862,-5.718
-0.848,-5.708
-0.832,-5.688
-0.834,-5.708
-0.816,-5.697
-0.787,-5.709
-0.801,-5.718
-0.786,-5.757
-0.788,-5.748
-0.802,-5.747
-0.789,-5.778
-0.787,-5.768
-0.772,-5.777
-0.788,-5.797
-0.770,-5.796
-0.788,-5.797
-0.788,-5.796
-0.802,-5.806
-0.803,-5.846
-0.800,-5.826
-0.802,-5.866
-0.832,-5.836
-0.816,-5.845
-0.803,-5.846
-0.831,-5.825
-0.833,-5.876
