 1.351,-0.812
 1.351,-0.812
 1.376,-0.814
 1.349,-0.810
 1.352,-0.812
 1.350,-0.788
 1.350,-0.788
 1.352,-0.812
 1.373,-0.811
 1.352,-0.812
 1.362,-0.823
 1.362,-0.823
 1.387,-0.824
 1.383,-0.821
 1.375,-0.835
 1.375,-0.835
 1.363,-0.845
 1.376,-0.859
 1.361,-0.888
 1.373,-0.900
 1.372,-0.921
 1.363,-0.957
 1.375,-0.946
 1.375,-0.969
 1.380,-0.997
 1.389,-1.028
 1.376,-1.058
 1.363,-1.046
 1.383,-1.065
 1.384,-1.044
 1.383,-1.020
 1.407,-1.022
 1.411,-1.004
 1.409,-1.002
 1.410,-0.981
 1.421,-0.969
 1.409,-0.957
 1.433,-0.959
 1.430,-0.955
 1.444,-0.925
 1.442,-0.901
 1.443,-0.880
 1.443,-0.880
 1.430,-0.866
 1.433,-0.870
 1.431,-0.846
 1.431,-0.846
 1.433,-0.825
 1.429,-0.822
 1.421,-0.835
 1.442,-0.834
 1.442,-0.834
 1.444,-0.813
 1.440,-0.810
 1.454,-0.823
 1.452,-0.800
 1.452,-0.800
 1.454,-0.823
 1.454,-0.823
 1.458,-0.827
 1.468,-0.815
 1.470,-0.794
 1.457,-0.782
 1.465,-0.812
 1.454,-0.823
 1.440,-0.810
 1.452,-0.799
 1.444,-0.813
 1.452,-0.799
 1.456,-0.803
 1.443,-0.791
 1.431,-0.801
 1.445,-0.814
 1.441,-0.811
 1.435,-0.826
 1.431,-0.846
 1.431,-0.846
 1.443,-0.835
 1.442,-0.856
 1.431,-0.868
 1.442,-0.856
 1.419,-0.878
 1.422,-0.881
 1.442,-0.901
 1.421,-0.902
 1.431,-0.890
 1.431,-0.913
 1.421,-0.902
 1.442,-0.901
 1.433,-0.914
 1.430,-0.911
 1.428,-0.931
 1.453,-0.933
 1.442,-0.923
 1.444,-0.925
 1.479,-0.915
 1.470,-0.906
 1.483,-0.918
 1.465,-0.923
 1.467,-0.947
 1.474,-0.932
 1.463,-0.944
 1.466,-0.946
 1.475,-0.933
 1.468,-0.927
 1.479,-0.915
 1.490,-0.925
 1.490,-0.925
 1.475,-0.933
 1.479,-0.937
 1.500,-0.935
 1.490,-0.925
 1.502,-0.892
 1.488,-0.901
 1.490,-0.903
 1.499,-0.889
 1.488,-0.901
 1.502,-0.870
 1.477,-0.891
 1.502,-0.893
 1.511,-0.857
 1.500,-0.868
 1.490,-0.858
 1.498,-0.844
 1.502,-0.848
 1.511,-0.834
 1.509,-0.833
 1.500,-0.824
 1.510,-0.834
 1.524,-0.803
 1.526,-0.760
 1.528,-0.784
 1.526,-0.760
 1.523,-0.757
 1.523,-0.757
 1.519,-0.754
 1.531,-0.744
 1.533,-0.723
 1.545,-0.690
 1.536,-0.681
 1.545,-0.690
 1.535,-0.680
 1.522,-0.668
 1.520,-0.644
 1.537,-0.659
 1.522,-0.623
 1.536,-0.636
 1.537,-0.614
 1.533,-0.611
 1.536,-0.636
 1.533,-0.611
 1.522,-0.623
 1.524,-0.602
 1.520,-0.599
 1.524,-0.602
 1.522,-0.578
 1.524,-0.602
 1.524,-0.602
 1.520,-0.599
 1.524,-0.602
 1.533,-0.611
 1.532,-0.634
 1.522,-0.623
 1.533,-0.611
 1.547,-0.625
 1.536,-0.614
 1.551,-0.627
 1.549,-0.648
 1.557,-0.680
 1.570,-0.692
 1.565,-0.710
 1.554,-0.722
 1.568,-0.735
 1.556,-0.745
 1.560,-0.748
 1.558,-0.769
 1.560,-0.793
 1.571,-0.826
 1.544,-0.867
 1.548,-0.893
 1.557,-0.924
 1.548,-0.960
 1.548,-0.960
 1.557,-0.969
 1.536,-0.992
 1.557,-0.991
 1.525,-1.027
 1.525,-1.027
 1.534,-1.035
 1.526,-1.027
 1.511,-1.035
 1.501,-1.025
 1.536,-1.037
 1.522,-1.023
 1.536,-1.015
 1.533,-0.968
 1.511,-0.968
 1.522,-0.978
 1.509,-0.944
 1.535,-0.948
 1.534,-0.901
 1.527,-0.894
 1.539,-0.884
 1.535,-0.881
 1.526,-0.872
 1.534,-0.857
 1.523,-0.846
 1.523,-0.846
 1.533,-0.812
 1.525,-0.781
 1.533,-0.767
 1.524,-0.758
 1.525,-0.736
 1.510,-0.700
 1.535,-0.680
 1.533,-0.656
 1.535,-0.635
 1.537,-0.614
 1.535,-0.590
 1.535,-0.590
 1.533,-0.567
 1.522,-0.556
 1.524,-0.535
 1.522,-0.511
 1.513,-0.502
 1.497,-0.465
 1.488,-0.456
 1.488,-0.434
 1.476,-0.422
 1.466,-0.412
 1.463,-0.410
 1.477,-0.401
 1.477,-0.401
 1.461,-0.431
 1.465,-0.433
 1.463,-0.455
 1.455,-0.467
 1.468,-0.480
 1.479,-0.513
 1.459,-0.559
 1.454,-0.579
 1.480,-0.603
 1.478,-0.646
 1.485,-0.699
 1.489,-0.724
 1.499,-0.734
 1.502,-0.803
 1.492,-0.837
 1.488,-0.879
 1.490,-0.903
 1.488,-0.879
 1.502,-0.892
 1.502,-0.892
 1.500,-0.913
 1.502,-0.892
 1.513,-0.881
 1.491,-0.904
 1.479,-0.915
 1.465,-0.901
 1.479,-0.915
 1.487,-0.899
 1.489,-0.880
 1.479,-0.870
 1.501,-0.913
 1.502,-0.892
 1.499,-0.889
 1.489,-0.880
 1.502,-0.892
 1.498,-0.867
 1.511,-0.879
 1.533,-0.857
 1.537,-0.860
 1.549,-0.850
 1.549,-0.850
 1.564,-0.841
 1.558,-0.814
 1.560,-0.838
 1.569,-0.847
 1.565,-0.843
 1.569,-0.824
 1.567,-0.823
 1.558,-0.814
 1.561,-0.815
 1.569,-0.802
 1.583,-0.816
 1.579,-0.812
 1.570,-0.804
 1.571,-0.826
 1.558,-0.814
 1.573,-0.850
 1.534,-0.857
 1.549,-0.871
 1.535,-0.881
 1.523,-0.891
 1.525,-0.870
 1.511,-0.901
 1.513,-0.925
 1.502,-0.937
 1.500,-0.913
 1.504,-0.961
 1.488,-0.946
 1.490,-0.947
 1.467,-0.970
 1.455,-0.957
 1.457,-0.982
 1.430,-1.000
 1.432,-1.024
 1.444,-1.014
 1.421,-0.991
 1.426,-1.019
 1.434,-1.048
 1.436,-1.073
 1.444,-1.103
 1.431,-1.134
 1.422,-1.126
 1.431,-1.134
 1.434,-1.160
 1.434,-1.138
 1.456,-1.136
 1.446,-1.128
 1.454,-1.112
 1.447,-1.105
 1.469,-1.106
 1.466,-1.102
 1.467,-1.081
 1.476,-1.067
 1.467,-1.081
 1.490,-1.059
 1.466,-1.057
 1.469,-1.061
 1.476,-1.045
 1.478,-1.025
 1.492,-1.039
 1.467,-1.037
 1.491,-1.037
 1.499,-1.023
 1.480,-1.049
 1.491,-1.037
 1.478,-1.025
 1.501,-1.047
 1.476,-1.045
 1.468,-1.059
 1.478,-1.025
 1.469,-1.016
 1.485,-1.032
 1.459,-1.050
 1.469,-1.061
 1.455,-1.047
 1.441,-1.077
 1.443,-1.079
 1.453,-1.067
 1.455,-1.047
 1.434,-1.004
 1.444,-1.014
 1.446,-1.038
 1.432,-1.024
 1.411,-1.026
 1.423,-1.016
 1.419,-1.012
 1.400,-1.016
 1.409,-1.002
 1.388,-1.003
 1.388,-1.003
 1.386,-0.979
 1.377,-0.948
 1.373,-0.945
 1.377,-0.948
 1.375,-0.969
 1.374,-0.989
 1.354,-0.970
 1.349,-0.987
 1.352,-0.991
 1.374,-0.989
 1.339,-1.022
 1.329,-1.013
 1.328,-1.034
 1.331,-1.037
 1.334,-1.041
 1.321,-1.072
 1.320,-1.094
 1.318,-1.113
 1.307,-1.125
 1.316,-1.111
 1.304,-1.121
 1.307,-1.125
 1.307,-1.125
 1.321,-1.117
 1.319,-1.115
 1.294,-1.112
 1.297,-1.116
 1.305,-1.123
 1.296,-1.137
 1.296,-1.137
 1.294,-1.157
 1.309,-1.149
 1.282,-1.145
 1.273,-1.159
 1.296,-1.137
 1.295,-1.135
 1.309,-1.149
 1.316,-1.155
 1.319,-1.159
 1.330,-1.147
 1.316,-1.155
 1.341,-1.158
 1.327,-1.143
 1.340,-1.113
 1.352,-1.103
 1.365,-1.115
 1.370,-1.098
 1.390,-1.072
 1.377,-1.060
 1.386,-1.069
 1.384,-1.044
 1.386,-1.024
 1.395,-1.010
 1.398,-1.014
 1.397,-0.991
 1.396,-0.990
 1.400,-0.993
 1.396,-0.989
 1.388,-1.003
 1.411,-1.026
 1.398,-1.014
 1.423,-1.016
 1.409,-1.002
 1.423,-1.016
 1.386,-1.024
 1.398,-1.014
 1.411,-1.026
 1.384,-1.000
 1.388,-1.003
 1.398,-1.014
 1.387,-1.003
 1.388,-1.003
 1.396,-0.989
 1.388,-1.003
 1.372,-0.987
 1.384,-0.977
 1.400,-0.971
 1.387,-0.959
 1.403,-0.929
 1.414,-0.940
 1.389,-0.938
 1.377,-0.948
 1.384,-0.955
 1.384,-0.955
 1.396,-0.945
 1.398,-0.924
 1.388,-0.916
 1.374,-0.902
 1.389,-0.893
 1.374,-0.902
 1.362,-0.912
 1.366,-0.915
 1.362,-0.912
 1.366,-0.915
 1.364,-0.891
 1.364,-0.891
 1.364,-0.891
 1.362,-0.912
 1.362,-0.912
 1.352,-0.901
 1.352,-0.902
 1.377,-0.903
 1.362,-0.912
 1.366,-0.915
 1.362,-0.912
 1.340,-0.934
 1.340,-0.934
 1.361,-0.933
 1.342,-0.936
 1.341,-0.913
 1.365,-0.893
 1.358,-0.886
 1.366,-0.915
 1.354,-0.926
 1.350,-0.922
 1.361,-0.933
 1.361,-0.933
 1.372,-0.921
 1.365,-0.871
 1.387,-0.869
 1.376,-0.881
 1.376,-0.881
 1.373,-0.878
 1.389,-0.893
 1.397,-0.880
 1.397,-0.880
 1.401,-0.883
 1.397,-0.879
 1.399,-0.859
 1.399,-0.859
 1.398,-0.857
 1.399,-0.859
 1.395,-0.855
 1.412,-0.871
 1.387,-0.869
 1.387,-0.869
 1.399,-0.859
 1.394,-0.854
 1.398,-0.857
 1.375,-0.835
 1.396,-0.833
 1.408,-0.868
 1.406,-0.844
 1.410,-0.847
 1.411,-0.826
 1.413,-0.805
 1.402,-0.817
 1.387,-0.824
 1.400,-0.838
 1.406,-0.844
 1.418,-0.833
 1.410,-0.802
 1.420,-0.790
 1.400,-0.793
 1.422,-0.792
 1.422,-0.792
 1.422,-0.792
 1.408,-0.778
 1.398,-0.769
 1.397,-0.745
 1.409,-0.757
 1.399,-0.747
 1.407,-0.734
 1.401,-0.726
 1.397,-0.723
 1.386,-0.690
 1.409,-0.668
 1.407,-0.667
 1.410,-0.669
 1.396,-0.656
 1.397,-0.634
 1.386,-0.646
 1.407,-0.644
 1.398,-0.635
 1.397,-0.634
 1.397,-0.634
 1.397,-0.634
 1.382,-0.643
 1.397,-0.634
 1.384,-0.622
 1.384,-0.622
 1.400,-0.592
 1.387,-0.580
 1.414,-0.605
 1.410,-0.602
 1.409,-0.623
 1.397,-0.634
 1.405,-0.621
 1.396,-0.589
 1.396,-0.589
 1.396,-0.589
 1.387,-0.580
 1.373,-0.567
 1.398,-0.568
 1.363,-0.556
 1.385,-0.556
 1.398,-0.523
 1.373,-0.522
 1.375,-0.546
 1.386,-0.534
 1.363,-0.556
 1.375,-0.546
 1.372,-0.565
 1.352,-0.568
 1.361,-0.577
 1.350,-0.589
 1.377,-0.614
 1.361,-0.622
 1.352,-0.612
 1.340,-0.623
 1.328,-0.633
 1.330,-0.657
 1.326,-0.676
 1.330,-0.702
 1.328,-0.700
 1.337,-0.709
 1.339,-0.688
 1.327,-0.699
 1.330,-0.679
 1.329,-0.679
 1.321,-0.693
 1.333,-0.682
 1.317,-0.690
 1.307,-0.679
 1.293,-0.688
 1.314,-0.687
 1.294,-0.667
 1.293,-0.643
 1.308,-0.636
 1.294,-0.622
 1.305,-0.633
 1.307,-0.634
 1.315,-0.621
 1.319,-0.624
 1.306,-0.612
 1.306,-0.612
 1.318,-0.646
 1.304,-0.633
 1.319,-0.624
 1.317,-0.623
 1.316,-0.621
 1.329,-0.590
 1.327,-0.611
 1.329,-0.590
 1.339,-0.600
 1.329,-0.590
 1.318,-0.579
 1.326,-0.587
 1.340,-0.578
 1.327,-0.566
 1.338,-0.577
 1.329,-0.590
 1.327,-0.566
 1.352,-0.568
 1.348,-0.587
 1.338,-0.577
 1.329,-0.590
 1.338,-0.554
 1.355,-0.570
 1.355,-0.570
 1.341,-0.557
 1.353,-0.569
 1.338,-0.599
 1.350,-0.589
 1.360,-0.598
 1.338,-0.599
 1.352,-0.568
 1.351,-0.566
 1.354,-0.591
 1.352,-0.568
 1.363,-0.601
 1.352,-0.612
 1.338,-0.621
 1.352,-0.657
 1.363,-0.668
 1.340,-0.690
 1.341,-0.712
 1.338,-0.711
 1.353,-0.747
 1.363,-0.712
 1.363,-0.712
 1.365,-0.736
 1.374,-0.745
 1.365,-0.736
 1.363,-0.757
 1.363,-0.757
 1.376,-0.769
 1.385,-0.756
 1.388,-0.759
 1.386,-0.780
 1.386,-0.780
 1.398,-0.813
 1.371,-0.809
 1.387,-0.847
 1.387,-0.847
 1.399,-0.837
 1.392,-0.852
 1.388,-0.848
 1.390,-0.872
 1.375,-0.879
 1.385,-0.890
 1.385,-0.890
 1.394,-0.876
 1.400,-0.881
 1.387,-0.869
 1.399,-0.859
 1.411,-0.849
 1.385,-0.845
 1.390,-0.828
 1.387,-0.824
 1.386,-0.847
 1.399,-0.836
 1.375,-0.835
 1.389,-0.848
 1.397,-0.835
 1.376,-0.836
 1.399,-0.814
 1.375,-0.835
 1.378,-0.860
 1.364,-0.847
 1.375,-0.879
 1.365,-0.871
 1.362,-0.867
 1.355,-0.882
 1.364,-0.891
 1.364,-0.891
 1.364,-0.891
 1.371,-0.898
 1.364,-0.891
 1.375,-0.879
 1.365,-0.871
 1.369,-0.829
 1.367,-0.850
 1.367,-0.850
 1.374,-0.857
 1.339,-0.889
 1.362,-0.867
 1.373,-0.878
 1.377,-0.859
 1.374,-0.857
 1.376,-0.859
 1.366,-0.871
 1.373,-0.878
 1.376,-0.881
 1.364,-0.891
 1.353,-0.903
 1.366,-0.915
 1.374,-0.902
 1.378,-0.905
 1.364,-0.891
 1.352,-0.902
 1.353,-0.903
 1.362,-0.912
 1.355,-0.927
 1.352,-0.946
 1.354,-0.970
 1.341,-0.958
 1.363,-0.957
 1.354,-0.970
 1.351,-0.967
 1.351,-0.967
 1.351,-0.967
 1.351,-0.967
 1.366,-0.960
 1.389,-0.983
 1.369,-0.964
 1.368,-0.984
 1.364,-0.981
 1.377,-0.993
 1.384,-1.000
 1.374,-0.989
 1.398,-0.991
 1.386,-0.979
 1.389,-0.983
 1.399,-0.948
 1.412,-0.961
 1.398,-0.969
 1.386,-0.979
 1.412,-0.961
 1.410,-0.959
 1.399,-0.948
 1.412,-0.961
 1.419,-0.967
 1.423,-0.971
 1.431,-0.957
 1.432,-0.980
 1.433,-0.959
 1.433,-0.959
 1.435,-0.983
 1.444,-0.969
 1.444,-0.969
 1.433,-0.959
 1.444,-0.969
 1.457,-0.982
 1.452,-0.955
 1.444,-0.969
 1.456,-0.959
 1.467,-0.947
 1.472,-0.930
 1.482,-0.940
 1.458,-0.961
 1.469,-0.971
 1.465,-0.968
 1.478,-0.980
 1.476,-0.956
 1.480,-0.959
 1.470,-0.928
 1.479,-0.937
 1.470,-0.951
 1.477,-0.958
 1.469,-0.971
 1.469,-0.971
 1.490,-0.970
 1.469,-0.971
 1.479,-0.937
 1.458,-0.939
 1.481,-0.939
 1.465,-0.968
 1.445,-0.949
 1.454,-0.935
 1.456,-0.937
 1.435,-0.938
 1.444,-0.925
 1.458,-0.916
 1.454,-0.913
 1.454,-0.913
 1.445,-0.904
 1.431,-0.912
 1.444,-0.925
 1.430,-0.911
 1.422,-0.881
 1.422,-0.881
 1.433,-0.869
 1.437,-0.873
 1.423,-0.859
 1.412,-0.871
 1.410,-0.892
 1.407,-0.888
 1.410,-0.892
 1.408,-0.868
 1.423,-0.859
 1.412,-0.871
 1.421,-0.880
 1.412,-0.871
 1.408,-0.890
 1.410,-0.892
 1.412,-0.916
 1.387,-0.914
 1.378,-0.905
 1.397,-0.924
 1.398,-0.947
 1.410,-0.936
 1.396,-0.945
 1.389,-0.938
 1.398,-0.924
 1.377,-0.948
 1.389,-0.938
 1.398,-0.947
 1.377,-0.948
 1.398,-0.947
 1.377,-0.948
 1.377,-0.948
 1.386,-0.979
 1.377,-0.993
 1.384,-1.000
 1.374,-0.989
 1.400,-0.971
 1.397,-0.967
 1.403,-0.974
 1.390,-0.960
 1.391,-0.985
 1.402,-0.995
 1.398,-0.991
 1.411,-1.004
 1.397,-1.012
 1.422,-1.014
 1.423,-0.993
 1.421,-0.969
 1.425,-0.973
 1.423,-0.949
 1.411,-0.959
 1.400,-0.926
 1.421,-0.924
 1.425,-0.928
 1.434,-0.937
 1.423,-0.949
 1.422,-0.947
 1.409,-0.935
 1.411,-0.914
 1.411,-0.914
 1.411,-0.914
 1.423,-0.904
 1.408,-0.912
 1.435,-0.916
 1.408,-0.912
 1.411,-0.914
 1.400,-0.904
 1.411,-0.914
 1.400,-0.926
 1.398,-0.902
 1.411,-0.914
 1.409,-0.935
 1.396,-0.923
 1.400,-0.926
 1.399,-0.924
 1.401,-0.905
 1.414,-0.917
 1.423,-0.926
 1.401,-0.905
 1.408,-0.912
 1.409,-0.935
 1.409,-0.935
 1.396,-0.923
 1.389,-0.916
 1.411,-0.914
 1.413,-0.938
 1.413,-0.938
 1.409,-0.935
 1.400,-0.926
 1.411,-0.914
 1.400,-0.926
 1.412,-0.938
 1.409,-0.935
 1.412,-0.938
 1.399,-0.924
 1.400,-0.904
 1.387,-0.891
 1.375,-0.924
 1.389,-0.916
 1.375,-0.924
 1.365,-0.914
 1.365,-0.914
 1.365,-0.914
 1.366,-0.938
 1.376,-0.946
 1.354,-0.948
 1.366,-0.938
 1.351,-0.944
 1.342,-0.936
 1.352,-0.946
 1.342,-0.936
 1.356,-0.927
 1.343,-0.915
 1.357,-0.907
 1.354,-0.926
 1.354,-0.948
 1.353,-0.924
 1.361,-0.910
 1.365,-0.914
 1.363,-0.890
 1.366,-0.893
 1.366,-0.893
 1.363,-0.890
 1.366,-0.893
 1.351,-0.900
 1.366,-0.893
 1.356,-0.883
 1.364,-0.869
 1.368,-0.872
 1.352,-0.879
 1.342,-0.891
 1.354,-0.903
 1.340,-0.912
 1.342,-0.914
 1.340,-0.912
 1.331,-0.925
 1.343,-0.915
 1.330,-0.946
 1.333,-0.950
 1.340,-0.956
 1.329,-0.968
 1.330,-0.968
 1.353,-0.969
 1.354,-0.948
 1.362,-0.955
 1.364,-0.957
 1.367,-0.915
 1.365,-0.891
 1.382,-0.909
 1.390,-0.893
 1.392,-0.917
 1.390,-0.938
 1.397,-0.945
 1.388,-0.959
 1.374,-0.967
 1.376,-0.947
 1.390,-0.938
 1.365,-0.958
 1.356,-0.972
 1.376,-0.991
 1.355,-0.993
 1.367,-1.027
 1.353,-1.036
 1.344,-1.027
 1.330,-1.035
 1.354,-1.060
 1.342,-1.070
 1.330,-1.080
 1.345,-1.072
 1.341,-1.068
 1.366,-1.026
 1.355,-1.015
 1.354,-1.036
 1.347,-1.029
 1.364,-1.001
 1.355,-1.015
 1.343,-1.025
 1.341,-1.001
 1.356,-0.993
 1.340,-0.977
 1.354,-0.991
 1.343,-0.981
 1.330,-0.968
 1.358,-0.974
 1.333,-0.972
 1.323,-0.984
 1.323,-1.007
 1.319,-1.023
 1.297,-1.025
 1.283,-1.033
 1.285,-1.058
 1.309,-1.060
 1.273,-1.068
 1.276,-1.072
 1.274,-1.069
 1.276,-1.072
 1.265,-1.084
 1.262,-1.102
 1.243,-1.128
 1.273,-1.112
 1.240,-1.126
 1.240,-1.126
 1.251,-1.136
 1.241,-1.149
 1.250,-1.134
 1.253,-1.139
 1.253,-1.138
 1.239,-1.124
 1.253,-1.139
 1.252,-1.159
 1.264,-1.171
 1.250,-1.179
 1.249,-1.200
 1.263,-1.214
 1.250,-1.179
 1.264,-1.171
 1.277,-1.184
 1.277,-1.184
 1.267,-1.175
 1.263,-1.192
 1.275,-1.182
 1.262,-1.169
 1.261,-1.167
 1.275,-1.182
 1.273,-1.157
 1.264,-1.149
 1.253,-1.139
 1.263,-1.147
 1.287,-1.171
 1.273,-1.157
 1.276,-1.161
 1.276,-1.161
 1.274,-1.159
 1.288,-1.151
 1.285,-1.147
 1.274,-1.159
 1.287,-1.171
 1.273,-1.179
 1.287,-1.171
 1.284,-1.167
 1.297,-1.182
 1.310,-1.194
 1.296,-1.202
 1.298,-1.204
 1.308,-1.214
 1.311,-1.216
 1.310,-1.239
 1.295,-1.245
 1.310,-1.239
 1.332,-1.237
 1.311,-1.216
 1.348,-1.211
 1.322,-1.229
 1.335,-1.241
 1.320,-1.247
 1.332,-1.237
 1.332,-1.237
 1.330,-1.235
 1.334,-1.219
 1.320,-1.204
 1.335,-1.196
 1.322,-1.229
 1.319,-1.224
 1.310,-1.239
 1.319,-1.224
 1.333,-1.217
 1.335,-1.196
 1.331,-1.192
 1.345,-1.207
 1.343,-1.225
 1.332,-1.237
 1.332,-1.237
 1.319,-1.224
 1.336,-1.221
 1.332,-1.237
 1.334,-1.239
 1.321,-1.227
 1.320,-1.247
 1.310,-1.239
 1.320,-1.247
 1.309,-1.259
 1.309,-1.259
 1.297,-1.269
 1.323,-1.251
 1.310,-1.239
 1.301,-1.253
 1.301,-1.231
 1.300,-1.229
 1.299,-1.251
 1.296,-1.247
 1.298,-1.249
 1.309,-1.214
 1.319,-1.202
 1.323,-1.206
 1.308,-1.214
 1.299,-1.206
 1.310,-1.194
 1.308,-1.170
 1.312,-1.174
 1.308,-1.170
 1.311,-1.174
 1.322,-1.184
 1.310,-1.194
 1.299,-1.206
 1.296,-1.202
 1.298,-1.204
 1.310,-1.194
 1.285,-1.192
 1.310,-1.194
 1.296,-1.202
 1.287,-1.216
 1.308,-1.214
 1.319,-1.224
 1.312,-1.219
 1.296,-1.202
 1.322,-1.184
 1.321,-1.204
 1.306,-1.212
 1.322,-1.229
 1.330,-1.235
 1.333,-1.217
 1.336,-1.198
 1.324,-1.208
 1.324,-1.208
 1.331,-1.214
 1.320,-1.227
 1.319,-1.225
 1.319,-1.224
 1.322,-1.229
 1.332,-1.194
 1.333,-1.217
 1.333,-1.194
 1.331,-1.214
 1.345,-1.207
 1.344,-1.182
 1.347,-1.186
 1.322,-1.184
 1.333,-1.217
 1.345,-1.206
 1.320,-1.202
 1.321,-1.204
 1.321,-1.204
 1.308,-1.192
 1.299,-1.206
 1.285,-1.192
 1.287,-1.216
 1.287,-1.216
 1.286,-1.236
 1.264,-1.238
 1.273,-1.224
 1.264,-1.238
 1.264,-1.261
 1.240,-1.236
 1.253,-1.250
 1.237,-1.234
 1.240,-1.236
 1.241,-1.216
 1.240,-1.236
 1.231,-1.208
 1.230,-1.183
 1.219,-1.173
 1.242,-1.173
 1.239,-1.191
 1.218,-1.193
 1.204,-1.201
 1.216,-1.213
 1.218,-1.193
 1.205,-1.181
 1.195,-1.173
 1.206,-1.159
 1.195,-1.171
 1.195,-1.171
 1.206,-1.203
 1.186,-1.207
 1.183,-1.225
 1.184,-1.250
 1.184,-1.250
 1.182,-1.246
 1.162,-1.250
 1.182,-1.246
 1.149,-1.260
 1.160,-1.248
 1.147,-1.235
 1.161,-1.227
 1.159,-1.201
 1.149,-1.193
 1.172,-1.170
 1.148,-1.168
 1.161,-1.160
 1.148,-1.168
 1.161,-1.160
 1.138,-1.160
 1.135,-1.156
 1.137,-1.158
 1.135,-1.156
 1.137,-1.158
 1.149,-1.148
 1.150,-1.127
 1.142,-1.121
 1.138,-1.138
 1.138,-1.182
 1.137,-1.180
 1.123,-1.166
 1.148,-1.168
 1.159,-1.156
 1.149,-1.148
 1.161,-1.138
 1.136,-1.136
 1.149,-1.148
 1.148,-1.146
 1.138,-1.138
 1.149,-1.148
 1.160,-1.136
 1.150,-1.128
 1.147,-1.123
 1.160,-1.136
 1.149,-1.148
 1.158,-1.134
 1.161,-1.138
 1.158,-1.134
 1.160,-1.158
 1.172,-1.126
 1.193,-1.124
 1.196,-1.128
 1.195,-1.126
 1.207,-1.116
 1.184,-1.116
 1.193,-1.124
 1.195,-1.148
 1.214,-1.142
 1.206,-1.136
 1.207,-1.138
 1.207,-1.138
 1.212,-1.099
 1.208,-1.118
 1.207,-1.138
 1.218,-1.126
 1.192,-1.144
 1.217,-1.147
 1.215,-1.167
 1.218,-1.148
 1.207,-1.138
 1.218,-1.126
 1.207,-1.138
 1.217,-1.146
 1.218,-1.149
 1.218,-1.171
 1.204,-1.179
 1.197,-1.173
 1.195,-1.193
 1.206,-1.203
 1.195,-1.193
 1.194,-1.213
 1.185,-1.228
 1.183,-1.225
 1.195,-1.238
 1.183,-1.270
 1.159,-1.268
 1.184,-1.250
 1.170,-1.258
 1.183,-1.270
 1.183,-1.270
 1.192,-1.256
 1.171,-1.280
 1.168,-1.276
 1.172,-1.260
 1.173,-1.262
 1.175,-1.242
 1.176,-1.222
 1.161,-1.250
 1.160,-1.248
 1.171,-1.258
 1.168,-1.254
 1.183,-1.226
 1.193,-1.191
 1.173,-1.172
 1.196,-1.150
 1.195,-1.171
 1.207,-1.161
 1.204,-1.156
 1.195,-1.171
 1.217,-1.171
 1.206,-1.159
 1.219,-1.173
 1.230,-1.161
 1.230,-1.161
 1.230,-1.161
 1.227,-1.179
 1.241,-1.171
 1.239,-1.147
 1.230,-1.161
 1.253,-1.161
 1.252,-1.159
 1.255,-1.163
 1.252,-1.159
 1.264,-1.171
 1.251,-1.181
 1.261,-1.190
 1.264,-1.194
 1.285,-1.192
 1.277,-1.206
 1.277,-1.206
 1.265,-1.218
 1.278,-1.186
 1.275,-1.181
 1.275,-1.226
 1.263,-1.214
 1.284,-1.212
 1.276,-1.184
 1.285,-1.192
 1.276,-1.184
 1.276,-1.161
 1.262,-1.169
 1.275,-1.182
 1.262,-1.169
 1.276,-1.139
 1.276,-1.139
 1.264,-1.149
 1.253,-1.139
 1.275,-1.137
 1.275,-1.137
 1.275,-1.137
 1.262,-1.124
 1.253,-1.116
 1.263,-1.104
 1.253,-1.094
 1.253,-1.094
 1.239,-1.102
 1.230,-1.116
 1.227,-1.112
 1.207,-1.093
 1.207,-1.093
 1.204,-1.089
 1.205,-1.114
 1.204,-1.112
 1.194,-1.126
 1.185,-1.095
 1.185,-1.095
 1.187,-1.120
 1.171,-1.103
 1.172,-1.126
 1.195,-1.103
 1.181,-1.112
 1.161,-1.093
 1.182,-1.091
 1.184,-1.116
 1.173,-1.105
 1.159,-1.113
 1.161,-1.093
 1.147,-1.101
 1.161,-1.093
 1.173,-1.105
 1.159,-1.113
 1.173,-1.128
 1.159,-1.113
 1.148,-1.125
 1.160,-1.115
 1.158,-1.134
 1.161,-1.138
 1.170,-1.101
 1.161,-1.093
 1.171,-1.103
 1.170,-1.124
 1.184,-1.116
 1.181,-1.112
 1.172,-1.126
 1.194,-1.126
 1.194,-1.126
 1.184,-1.116
 1.168,-1.099
 1.184,-1.116
 1.184,-1.116
 1.193,-1.124
 1.187,-1.120
 1.184,-1.115
 1.184,-1.116
 1.173,-1.128
 1.182,-1.136
 1.182,-1.136
 1.191,-1.122
 1.194,-1.126
 1.184,-1.115
 1.182,-1.136
 1.196,-1.150
 1.182,-1.136
 1.183,-1.138
 1.183,-1.138
 1.171,-1.148
 1.198,-1.152
 1.206,-1.158
 1.183,-1.181
 1.195,-1.171
 1.183,-1.181
 1.186,-1.185
 1.183,-1.181
 1.172,-1.193
 1.195,-1.171
 1.183,-1.181
 1.196,-1.195
 1.183,-1.181
 1.184,-1.183
 1.172,-1.193
 1.181,-1.201
 1.196,-1.195
 1.182,-1.203
 1.172,-1.193
 1.207,-1.183
 1.181,-1.179
 1.172,-1.193
 1.193,-1.191
 1.184,-1.183
 1.185,-1.207
 1.208,-1.185
 1.199,-1.199
 1.207,-1.183
 1.196,-1.195
 1.206,-1.203
 1.192,-1.211
 1.195,-1.215
 1.205,-1.181
 1.195,-1.173
 1.195,-1.173
 1.205,-1.181
 1.194,-1.193
 1.204,-1.201
 1.194,-1.193
 1.208,-1.185
 1.194,-1.193
 1.208,-1.185
 1.217,-1.171
 1.205,-1.181
 1.217,-1.171
 1.204,-1.156
 1.206,-1.160
 1.217,-1.148
 1.206,-1.160
 1.206,-1.160
 1.194,-1.148
 1.196,-1.150
 1.205,-1.136
 1.194,-1.148
 1.194,-1.126
 1.205,-1.136
 1.195,-1.128
 1.205,-1.136
 1.194,-1.148
 1.206,-1.138
 1.204,-1.156
 1.182,-1.158
 1.204,-1.156
 1.194,-1.148
 1.197,-1.130
 1.185,-1.117
 1.176,-1.132
 1.183,-1.138
 1.182,-1.158
 1.182,-1.158
 1.179,-1.154
 1.171,-1.148
 1.182,-1.136
 1.173,-1.128
 1.185,-1.140
 1.171,-1.148
 1.160,-1.160
 1.169,-1.146
 1.159,-1.136
 1.173,-1.128
 1.171,-1.148
 1.150,-1.150
 1.159,-1.158
 1.160,-1.158
 1.148,-1.170
 1.147,-1.146
 1.160,-1.160
 1.159,-1.136
 1.160,-1.160
 1.150,-1.150
 1.136,-1.158
 1.149,-1.172
 1.170,-1.168
 1.148,-1.170
 1.160,-1.160
 1.147,-1.146
 1.150,-1.150
 1.170,-1.168
 1.158,-1.201
 1.171,-1.170
 1.170,-1.168
 1.151,-1.174
 1.162,-1.140
 1.151,-1.152
 1.174,-1.174
 1.170,-1.191
 1.184,-1.228
 1.179,-1.199
 1.182,-1.203
 1.196,-1.217
 1.194,-1.193
 1.197,-1.197
 1.207,-1.205
 1.194,-1.238
 1.196,-1.217
 1.193,-1.213
 1.219,-1.240
 1.217,-1.238
 1.206,-1.228
 1.206,-1.228
 1.228,-1.226
 1.206,-1.228
 1.228,-1.226
 1.217,-1.238
 1.206,-1.228
 1.228,-1.226
 1.231,-1.230
 1.228,-1.226
 1.229,-1.206
 1.242,-1.218
 1.249,-1.224
 1.252,-1.228
 1.249,-1.224
 1.239,-1.258
 1.239,-1.258
 1.239,-1.258
 1.231,-1.275
 1.254,-1.253
 1.256,-1.277
 1.242,-1.263
 1.252,-1.271
 1.241,-1.305
 1.238,-1.279
 1.250,-1.291
 1.252,-1.271
 1.252,-1.271
 1.267,-1.265
 1.253,-1.251
 1.253,-1.295
 1.241,-1.305
 1.238,-1.301
 1.220,-1.307
 1.241,-1.305
 1.230,-1.318
 1.220,-1.307
 1.206,-1.315
 1.207,-1.340
 1.206,-1.315
 1.206,-1.315
 1.196,-1.307
 1.194,-1.325
 1.197,-1.330
 1.183,-1.337
 1.183,-1.337
 1.185,-1.340
 1.181,-1.335
 1.209,-1.320
 1.206,-1.315
 1.183,-1.337
 1.184,-1.317
 1.193,-1.303
 1.196,-1.307
 1.207,-1.295
 1.198,-1.309
 1.187,-1.322
 1.206,-1.315
 1.197,-1.330
 1.194,-1.325
 1.194,-1.325
 1.195,-1.305
 1.206,-1.315
 1.220,-1.307
 1.207,-1.295
 1.208,-1.317
 1.207,-1.295
 1.206,-1.315
 1.184,-1.317
 1.195,-1.305
 1.207,-1.295
 1.209,-1.297
 1.183,-1.293
 1.174,-1.307
 1.183,-1.293
 1.184,-1.317
 1.184,-1.317
 1.183,-1.293
 1.197,-1.285
 1.206,-1.293
 1.183,-1.293
 1.207,-1.295
 1.181,-1.313
 1.184,-1.317
 1.183,-1.293
 1.183,-1.293
 1.172,-1.282
 1.183,-1.293
 1.197,-1.285
 1.184,-1.272
 1.175,-1.287
 1.175,-1.287
 1.182,-1.248
 1.161,-1.250
 1.171,-1.258
 1.183,-1.270
 1.184,-1.272
 1.170,-1.258
 1.173,-1.262
 1.184,-1.250
 1.184,-1.250
 1.172,-1.238
 1.182,-1.248
 1.196,-1.240
 1.184,-1.250
 1.184,-1.250
 1.173,-1.262
 1.195,-1.260
 1.195,-1.260
 1.182,-1.248
 1.195,-1.260
 1.184,-1.272
 1.183,-1.225
 1.196,-1.240
 1.195,-1.215
 1.195,-1.215
 1.196,-1.195
 1.193,-1.191
 1.196,-1.195
 1.195,-1.171
 1.196,-1.195
 1.196,-1.195
 1.192,-1.211
 1.194,-1.193
 1.193,-1.191
 1.194,-1.193
 1.197,-1.175
 1.197,-1.175
 1.186,-1.187
 1.196,-1.195
 1.195,-1.215
 1.170,-1.213
 1.169,-1.233
 1.184,-1.228
 1.173,-1.217
 1.173,-1.217
 1.198,-1.220
 1.193,-1.236
 1.196,-1.240
 1.184,-1.272
 1.183,-1.270
 1.197,-1.285
 1.195,-1.305
 1.209,-1.320
 1.230,-1.318
 1.218,-1.327
 1.218,-1.328
 1.228,-1.336
 1.232,-1.342
 1.254,-1.340
 1.242,-1.350
 1.254,-1.340
 1.250,-1.336
 1.254,-1.340
 1.254,-1.340
 1.264,-1.350
 1.266,-1.330
 1.262,-1.326
 1.275,-1.338
 1.275,-1.338
 1.287,-1.373
 1.301,-1.365
 1.289,-1.375
 1.303,-1.390
 1.300,-1.385
 1.299,-1.408
 1.309,-1.416
 1.318,-1.423
 1.311,-1.440
 1.323,-1.453
 1.323,-1.453
 1.325,-1.478
 1.322,-1.473
 1.325,-1.500
 1.334,-1.508
 1.334,-1.553
 1.347,-1.565
 1.345,-1.563
 1.336,-1.578
 1.347,-1.565
 1.345,-1.585
 1.359,-1.600
 1.356,-1.595
 1.324,-1.587
 1.335,-1.575
 1.322,-1.562
 1.337,-1.555
 1.310,-1.550
 1.324,-1.543
 1.334,-1.508
 1.322,-1.473
 1.302,-1.478
 1.297,-1.470
 1.287,-1.460
 1.274,-1.448
 1.264,-1.438
 1.278,-1.410
 1.290,-1.377
 1.280,-1.390
 1.290,-1.378
 1.264,-1.395
 1.287,-1.418
 1.262,-1.435
 1.263,-1.460
 1.277,-1.452
 1.266,-1.465
 1.257,-1.480
 1.276,-1.517
 1.265,-1.530
 1.276,-1.517
 1.276,-1.517
 1.279,-1.522
 1.288,-1.507
 1.279,-1.477
 1.277,-1.497
 1.276,-1.517
 1.265,-1.530
 1.287,-1.505
 1.277,-1.497
 1.267,-1.487
 1.277,-1.497
 1.256,-1.500
 1.264,-1.482
 1.277,-1.497
 1.277,-1.497
 1.276,-1.517
 1.277,-1.497
 1.263,-1.505
 1.242,-1.507
 1.253,-1.495
 1.240,-1.482
 1.233,-1.477
 1.231,-1.452
 1.223,-1.447
 1.211,-1.434
 1.208,-1.429
 1.231,-1.452
 1.204,-1.445
 1.206,-1.447
 1.207,-1.427
 1.184,-1.405
 1.198,-1.377
 1.195,-1.372
 1.184,-1.362
 1.172,-1.372
 1.182,-1.380
 1.174,-1.352
 1.160,-1.337
 1.163,-1.342
 1.162,-1.319
 1.161,-1.339
 1.162,-1.317
 1.135,-1.312
 1.151,-1.329
 1.151,-1.329
 1.126,-1.327
 1.150,-1.307
 1.137,-1.292
 1.127,-1.307
 1.149,-1.305
 1.125,-1.302
 1.149,-1.305
 1.125,-1.302
 1.126,-1.327
 1.126,-1.327
 1.125,-1.302
 1.138,-1.317
 1.148,-1.280
 1.150,-1.284
 1.152,-1.264
 1.139,-1.252
 1.164,-1.254
 1.161,-1.250
 1.149,-1.260
 1.160,-1.248
 1.158,-1.246
 1.161,-1.205
 1.161,-1.205
 1.173,-1.195
 1.162,-1.185
 1.171,-1.170
 1.161,-1.205
 1.159,-1.180
 1.173,-1.195
 1.173,-1.195
 1.172,-1.195
 1.185,-1.207
 1.170,-1.191
 1.184,-1.205
 1.172,-1.193
 1.170,-1.168
 1.186,-1.187
 1.182,-1.181
 1.184,-1.183
 1.195,-1.173
 1.193,-1.169
 1.196,-1.195
 1.193,-1.168
 1.195,-1.173
 1.196,-1.150
 1.193,-1.168
 1.196,-1.173
 1.205,-1.158
 1.206,-1.183
 1.205,-1.181
 1.193,-1.168
 1.196,-1.150
 1.205,-1.136
 1.220,-1.130
 1.209,-1.120
 1.206,-1.116
 1.231,-1.118
 1.228,-1.114
 1.229,-1.094
 1.217,-1.081
 1.228,-1.114
 1.219,-1.083
 1.228,-1.069
 1.231,-1.073
 1.241,-1.083
 1.228,-1.069
 1.220,-1.063
 1.217,-1.059
 1.242,-1.061
 1.229,-1.049
 1.204,-1.069
 1.220,-1.063
 1.215,-1.057
 1.194,-1.059
 1.206,-1.071
 1.204,-1.047
 1.196,-1.061
 1.204,-1.047
 1.207,-1.050
 1.183,-1.048
 1.194,-1.036
 1.161,-1.050
 1.158,-1.046
 1.171,-1.059
 1.172,-1.038
 1.160,-1.026
 1.172,-1.038
 1.168,-1.010
 1.171,-1.014
 1.172,-0.993
 1.158,-1.001
 1.162,-0.985
 1.159,-0.981
 1.138,-0.982
 1.138,-1.005
 1.136,-1.001
 1.149,-1.015
 1.146,-1.012
 1.137,-1.003
 1.138,-1.005
 1.137,-1.003
 1.139,-1.005
 1.148,-1.036
 1.148,-1.036
 1.137,-1.003
 1.135,-1.024
 1.138,-1.027
 1.137,-1.026
 1.126,-1.038
 1.126,-1.038
 1.123,-1.034
 1.114,-1.048
 1.113,-1.023
 1.126,-1.038
 1.127,-1.015
 1.136,-1.001
 1.126,-0.993
 1.126,-0.993
 1.126,-0.993
 1.126,-0.993
 1.125,-1.013
 1.137,-1.026
 1.125,-1.013
 1.137,-1.003
 1.126,-0.993
 1.111,-1.022
 1.137,-1.003
 1.147,-1.013
 1.125,-1.015
 1.138,-1.027
 1.138,-1.005
 1.139,-1.007
 1.136,-1.003
 1.125,-1.015
 1.137,-1.026
 1.134,-0.999
 1.137,-1.003
 1.137,-1.003
 1.126,-0.993
 1.138,-0.983
 1.125,-1.013
 1.114,-1.025
 1.112,-1.001
 1.115,-1.005
 1.127,-1.017
 1.125,-1.013
 1.116,-1.027
 1.125,-1.013
 1.102,-1.036
 1.114,-1.025
 1.112,-1.046
 1.104,-1.039
 1.114,-1.048
 1.103,-1.060
 1.115,-1.094
 1.102,-1.080
 1.093,-1.094
 1.090,-1.090
 1.079,-1.102
 1.080,-1.104
 1.101,-1.103
 1.079,-1.102
 1.101,-1.101
 1.102,-1.103
 1.091,-1.092
 1.103,-1.060
 1.118,-1.053
 1.116,-1.074
 1.115,-1.094
 1.103,-1.105
 1.112,-1.089
 1.113,-1.091
 1.124,-1.079
 1.125,-1.058
 1.139,-1.052
 1.125,-1.058
 1.138,-1.072
 1.135,-1.068
 1.124,-1.080
 1.137,-1.093
 1.125,-1.103
 1.128,-1.107
 1.137,-1.093
 1.150,-1.105
 1.138,-1.117
 1.124,-1.123
 1.127,-1.127
 1.125,-1.125
 1.114,-1.160
 1.127,-1.172
 1.125,-1.148
 1.114,-1.160
 1.136,-1.158
 1.114,-1.205
 1.126,-1.194
 1.112,-1.202
 1.115,-1.205
 1.113,-1.225
 1.114,-1.205
 1.115,-1.207
 1.126,-1.194
 1.129,-1.199
 1.151,-1.197
 1.138,-1.227
 1.148,-1.237
 1.133,-1.221
 1.138,-1.227
 1.161,-1.205
 1.148,-1.193
 1.174,-1.219
 1.159,-1.225
 1.162,-1.230
 1.148,-1.237
 1.161,-1.250
 1.162,-1.229
 1.148,-1.237
 1.162,-1.229
 1.161,-1.205
 1.160,-1.227
 1.173,-1.240
 1.170,-1.235
 1.196,-1.217
 1.196,-1.217
 1.194,-1.193
 1.208,-1.185
 1.205,-1.181
 1.208,-1.185
 1.206,-1.183
 1.205,-1.181
 1.206,-1.183
 1.216,-1.191
 1.218,-1.150
 1.207,-1.162
 1.209,-1.165
 1.221,-1.154
 1.206,-1.183
 1.196,-1.217
 1.205,-1.226
 1.193,-1.213
 1.206,-1.228
 1.216,-1.236
 1.196,-1.217
 1.208,-1.207
 1.194,-1.193
 1.208,-1.185
 1.205,-1.181
 1.196,-1.173
 1.195,-1.173
 1.195,-1.173
 1.221,-1.152
 1.205,-1.136
 1.218,-1.150
 1.206,-1.138
 1.207,-1.161
 1.196,-1.150
 1.182,-1.158
 1.172,-1.150
 1.194,-1.148
 1.194,-1.148
 1.183,-1.138
 1.191,-1.144
 1.182,-1.158
 1.194,-1.148
 1.183,-1.138
 1.164,-1.144
 1.186,-1.142
 1.164,-1.144
 1.172,-1.150
 1.158,-1.156
 1.159,-1.136
 1.158,-1.156
 1.173,-1.128
 1.173,-1.128
 1.160,-1.115
 1.163,-1.119
 1.147,-1.101
 1.127,-1.127
 1.126,-1.127
 1.102,-1.125
 1.117,-1.119
 1.125,-1.103
 1.128,-1.107
 1.137,-1.093
 1.124,-1.123
 1.126,-1.127
 1.125,-1.125
 1.127,-1.127
 1.127,-1.127
 1.148,-1.125
 1.138,-1.117
 1.147,-1.101
 1.136,-1.113
 1.136,-1.113
 1.137,-1.093
 1.152,-1.109
 1.150,-1.107
 1.152,-1.109
 1.162,-1.117
 1.171,-1.148
 1.160,-1.160
 1.146,-1.166
 1.160,-1.160
 1.162,-1.140
 1.160,-1.160
 1.163,-1.164
 1.171,-1.170
 1.172,-1.195
 1.161,-1.205
 1.161,-1.205
 1.172,-1.195
 1.161,-1.205
 1.173,-1.195
 1.172,-1.195
 1.172,-1.193
 1.173,-1.173
 1.182,-1.158
 1.185,-1.162
 1.183,-1.138
 1.194,-1.148
 1.196,-1.150
 1.193,-1.146
 1.194,-1.148
 1.192,-1.124
 1.192,-1.124
 1.185,-1.117
 1.195,-1.083
 1.223,-1.112
 1.222,-1.132
 1.196,-1.150
 1.196,-1.150
 1.204,-1.156
 1.218,-1.148
 1.205,-1.136
 1.206,-1.116
 1.232,-1.120
 1.206,-1.116
 1.206,-1.138
 1.194,-1.148
 1.207,-1.161
 1.208,-1.140
 1.194,-1.148
 1.208,-1.140
 1.208,-1.140
 1.207,-1.161
 1.206,-1.160
 1.205,-1.181
 1.184,-1.183
 1.208,-1.185
 1.183,-1.183
 1.208,-1.185
 1.194,-1.193
 1.196,-1.195
 1.173,-1.195
 1.182,-1.203
 1.184,-1.228
 1.171,-1.215
 1.162,-1.229
 1.198,-1.222
 1.174,-1.219
 1.175,-1.242
 1.182,-1.248
 1.182,-1.248
 1.182,-1.248
 1.181,-1.223
 1.186,-1.185
 1.184,-1.183
 1.186,-1.185
 1.196,-1.195
 1.182,-1.203
 1.174,-1.197
 1.172,-1.193
 1.173,-1.195
 1.174,-1.174
 1.160,-1.160
 1.151,-1.174
 1.159,-1.180
 1.172,-1.193
 1.161,-1.205
 1.160,-1.205
 1.150,-1.195
 1.161,-1.205
 1.139,-1.207
 1.150,-1.195
 1.124,-1.213
 1.127,-1.217
 1.126,-1.237
 1.126,-1.237
 1.126,-1.237
 1.125,-1.215
 1.128,-1.197
 1.127,-1.172
 1.129,-1.176
 1.140,-1.186
 1.125,-1.192
 1.128,-1.197
 1.113,-1.180
 1.115,-1.182
 1.114,-1.160
 1.137,-1.137
 1.127,-1.129
 1.125,-1.125
 1.104,-1.149
 1.114,-1.160
 1.113,-1.135
 1.117,-1.119
 1.114,-1.115
 1.115,-1.139
 1.116,-1.139
 1.102,-1.147
 1.103,-1.172
 1.090,-1.157
 1.092,-1.162
 1.103,-1.172
 1.102,-1.147
 1.105,-1.129
 1.103,-1.127
 1.114,-1.137
 1.115,-1.139
 1.113,-1.135
 1.103,-1.127
 1.114,-1.115
 1.103,-1.127
 1.115,-1.139
 1.114,-1.115
 1.103,-1.127
 1.111,-1.111
 1.102,-1.103
 1.113,-1.092
 1.124,-1.080
 1.141,-1.076
 1.128,-1.062
 1.127,-1.084
 1.126,-1.105
 1.123,-1.101
 1.148,-1.103
 1.148,-1.103
 1.126,-1.105
 1.138,-1.072
 1.137,-1.093
 1.150,-1.107
 1.136,-1.113
 1.137,-1.137
 1.160,-1.138
 1.148,-1.148
 1.151,-1.152
 1.139,-1.162
 1.138,-1.184
 1.126,-1.194
 1.136,-1.203
 1.127,-1.239
 1.148,-1.237
 1.127,-1.239
 1.115,-1.251
 1.137,-1.249
 1.139,-1.252
 1.148,-1.237
 1.150,-1.262
 1.162,-1.274
 1.148,-1.282
 1.139,-1.297
 1.148,-1.282
 1.150,-1.307
 1.173,-1.285
 1.170,-1.280
 1.185,-1.274
 1.171,-1.260
 1.183,-1.295
 1.185,-1.274
 1.170,-1.280
 1.194,-1.305
 1.193,-1.280
 1.207,-1.273
 1.207,-1.275
 1.185,-1.274
 1.200,-1.269
 1.220,-1.287
 1.208,-1.297
 1.207,-1.317
 1.203,-1.335
 1.207,-1.317
 1.207,-1.317
 1.196,-1.307
 1.210,-1.322
 1.207,-1.317
 1.208,-1.342
 1.205,-1.337
 1.205,-1.337
 1.208,-1.342
 1.207,-1.317
 1.208,-1.297
 1.219,-1.307
 1.219,-1.307
 1.219,-1.307
 1.216,-1.303
 1.208,-1.297
 1.205,-1.293
 1.208,-1.297
 1.208,-1.297
 1.217,-1.283
 1.208,-1.252
 1.207,-1.273
 1.196,-1.262
 1.208,-1.252
 1.205,-1.248
 1.197,-1.264
 1.183,-1.250
 1.183,-1.250
 1.197,-1.242
 1.182,-1.225
 1.185,-1.230
 1.183,-1.250
 1.159,-1.248
 1.171,-1.260
 1.170,-1.235
 1.173,-1.240
 1.174,-1.219
 1.164,-1.211
 1.175,-1.199
 1.160,-1.227
 1.162,-1.229
 1.171,-1.215
 1.159,-1.225
 1.171,-1.215
 1.148,-1.193
 1.174,-1.174
 1.161,-1.162
 1.162,-1.185
 1.161,-1.205
 1.136,-1.203
 1.139,-1.207
 1.162,-1.185
 1.162,-1.185
 1.140,-1.186
 1.137,-1.182
 1.139,-1.162
 1.137,-1.182
 1.136,-1.203
 1.137,-1.182
 1.148,-1.193
 1.128,-1.174
 1.139,-1.162
 1.149,-1.172
 1.160,-1.160
 1.148,-1.170
 1.139,-1.162
 1.150,-1.150
 1.150,-1.150
 1.150,-1.150
 1.148,-1.125
 1.162,-1.117
 1.171,-1.103
 1.159,-1.091
 1.159,-1.091
 1.159,-1.091
 1.161,-1.095
 1.173,-1.085
 1.163,-1.052
 1.141,-1.054
 1.148,-1.081
 1.150,-1.083
 1.159,-1.091
 1.147,-1.101
 1.137,-1.093
 1.114,-1.070
 1.138,-1.072
 1.126,-1.082
 1.125,-1.103
 1.126,-1.127
 1.124,-1.123
 1.138,-1.117
 1.115,-1.094
 1.092,-1.117
 1.129,-1.131
 1.079,-1.147
 1.092,-1.160
 1.102,-1.147
 1.090,-1.157
 1.104,-1.149
 1.091,-1.137
 1.094,-1.164
 1.092,-1.161
 1.102,-1.170
 1.092,-1.161
 1.090,-1.157
 1.092,-1.160
 1.092,-1.161
 1.091,-1.182
 1.105,-1.174
 1.102,-1.147
 1.102,-1.170
 1.090,-1.180
 1.101,-1.190
 1.116,-1.184
 1.126,-1.194
 1.118,-1.188
 1.152,-1.176
 1.126,-1.194
 1.139,-1.207
 1.145,-1.233
 1.158,-1.245
 1.159,-1.225
 1.171,-1.215
 1.186,-1.209
 1.185,-1.230
 1.174,-1.219
 1.183,-1.205
 1.171,-1.215
 1.172,-1.195
 1.183,-1.183
 1.197,-1.197
 1.196,-1.195
 1.195,-1.173
 1.220,-1.175
 1.205,-1.181
 1.206,-1.183
 1.231,-1.163
 1.217,-1.171
 1.208,-1.185
 1.217,-1.171
 1.206,-1.183
 1.242,-1.173
 1.217,-1.193
 1.219,-1.195
 1.217,-1.171
 1.206,-1.183
 1.219,-1.195
 1.203,-1.179
 1.206,-1.183
 1.205,-1.203
 1.197,-1.197
 1.198,-1.177
 1.186,-1.187
 1.188,-1.166
 1.194,-1.193
 1.182,-1.181
 1.195,-1.173
 1.194,-1.148
 1.184,-1.140
 1.183,-1.138
 1.197,-1.152
 1.172,-1.150
 1.171,-1.126
 1.172,-1.150
 1.170,-1.148
 1.175,-1.154
 1.174,-1.130
 1.172,-1.150
 1.162,-1.140
 1.160,-1.115
 1.148,-1.148
 1.126,-1.150
 1.149,-1.172
 1.128,-1.174
 1.137,-1.182
 1.116,-1.184
 1.103,-1.172
 1.102,-1.192
 1.080,-1.194
 1.102,-1.192
 1.091,-1.182
 1.091,-1.182
 1.089,-1.178
 1.091,-1.182
 1.102,-1.170
 1.094,-1.186
 1.095,-1.166
 1.094,-1.186
 1.094,-1.231
 1.068,-1.249
 1.068,-1.249
 1.078,-1.235
 1.067,-1.224
 1.082,-1.219
 1.081,-1.172
 1.071,-1.163
 1.071,-1.163
 1.079,-1.170
 1.069,-1.139
 1.068,-1.159
 1.069,-1.161
 1.058,-1.151
 1.068,-1.159
 1.046,-1.161
 1.057,-1.171
 1.057,-1.171
 1.046,-1.161
 1.068,-1.159
 1.058,-1.151
 1.068,-1.159
 1.069,-1.139
 1.069,-1.139
 1.079,-1.147
 1.081,-1.129
 1.080,-1.127
 1.080,-1.149
 1.105,-1.129
 1.091,-1.137
 1.092,-1.162
 1.102,-1.192
 1.091,-1.182
 1.105,-1.174
 1.103,-1.172
 1.120,-1.168
 1.140,-1.186
 1.117,-1.209
 1.138,-1.229
 1.136,-1.247
 1.115,-1.249
 1.148,-1.237
 1.137,-1.249
 1.151,-1.242
 1.148,-1.237
 1.163,-1.232
 1.160,-1.227
 1.172,-1.217
 1.174,-1.219
 1.194,-1.215
 1.174,-1.242
 1.183,-1.227
 1.195,-1.240
 1.218,-1.218
 1.217,-1.193
 1.220,-1.197
 1.217,-1.193
 1.218,-1.218
 1.230,-1.208
 1.251,-1.204
 1.231,-1.185
 1.252,-1.183
 1.241,-1.195
 1.243,-1.175
 1.252,-1.161
 1.266,-1.153
 1.275,-1.139
 1.276,-1.163
 1.253,-1.140
 1.263,-1.149
 1.287,-1.151
 1.286,-1.127
 1.275,-1.116
 1.276,-1.118
 1.276,-1.118
 1.280,-1.102
 1.290,-1.110
 1.289,-1.130
 1.299,-1.096
 1.296,-1.092
 1.300,-1.119
 1.287,-1.106
 1.276,-1.118
 1.301,-1.120
 1.274,-1.094
 1.300,-1.118
 1.287,-1.106
 1.275,-1.139
 1.289,-1.131
 1.275,-1.139
 1.278,-1.143
 1.287,-1.151
 1.276,-1.163
 1.276,-1.163
 1.263,-1.194
 1.265,-1.196
 1.275,-1.183
 1.241,-1.195
 1.243,-1.220
 1.251,-1.204
 1.255,-1.210
 1.253,-1.185
 1.230,-1.208
 1.243,-1.220
 1.240,-1.216
 1.231,-1.230
 1.229,-1.228
 1.241,-1.240
 1.253,-1.230
 1.226,-1.224
 1.232,-1.232
 1.229,-1.228
 1.229,-1.228
 1.233,-1.212
 1.218,-1.217
 1.232,-1.210
 1.232,-1.210
 1.231,-1.185
 1.231,-1.185
 1.228,-1.181
 1.218,-1.173
 1.241,-1.195
 1.218,-1.173
 1.207,-1.163
 1.229,-1.161
 1.207,-1.163
 1.207,-1.185
 1.195,-1.195
 1.197,-1.219
 1.217,-1.238
 1.195,-1.240
 1.195,-1.240
 1.194,-1.260
 1.195,-1.285
 1.205,-1.293
 1.197,-1.309
 1.183,-1.317
 1.196,-1.329
 1.197,-1.309
 1.207,-1.317
 1.196,-1.330
 1.196,-1.329
 1.207,-1.317
 1.196,-1.329
 1.205,-1.337
 1.220,-1.332
 1.206,-1.295
 1.194,-1.305
 1.208,-1.319
 1.205,-1.315
 1.185,-1.342
 1.197,-1.354
 1.208,-1.342
 1.210,-1.322
 1.219,-1.307
 1.219,-1.307
 1.219,-1.307
 1.217,-1.327
 1.219,-1.307
 1.204,-1.270
 1.207,-1.275
 1.218,-1.262
 1.206,-1.250
 1.209,-1.254
 1.206,-1.250
 1.197,-1.264
 1.207,-1.275
 1.195,-1.285
 1.220,-1.287
 1.193,-1.282
 1.207,-1.275
 1.195,-1.285
 1.195,-1.285
 1.197,-1.264
 1.194,-1.260
 1.207,-1.230
 1.207,-1.230
 1.195,-1.240
 1.197,-1.220
 1.194,-1.215
 1.208,-1.207
 1.218,-1.173
 1.206,-1.183
 1.207,-1.185
 1.192,-1.191
 1.218,-1.173
 1.218,-1.173
 1.195,-1.150
 1.210,-1.144
 1.230,-1.140
 1.219,-1.152
 1.219,-1.152
 1.241,-1.151
 1.219,-1.150
 1.227,-1.136
 1.230,-1.140
 1.230,-1.118
 1.218,-1.128
 1.232,-1.165
 1.216,-1.148
 1.219,-1.152
 1.230,-1.163
 1.252,-1.161
 1.243,-1.175
 1.229,-1.161
 1.220,-1.197
 1.218,-1.195
 1.252,-1.206
 1.243,-1.175
 1.240,-1.171
 1.253,-1.185
 1.253,-1.185
 1.241,-1.195
 1.243,-1.175
 1.262,-1.171
 1.253,-1.185
 1.264,-1.196
 1.275,-1.183
 1.276,-1.163
 1.273,-1.159
 1.264,-1.173
 1.276,-1.163
 1.276,-1.163
 1.257,-1.167
 1.277,-1.142
 1.267,-1.155
 1.278,-1.187
 1.275,-1.183
 1.275,-1.183
 1.261,-1.169
 1.264,-1.173
 1.300,-1.163
 1.287,-1.173
 1.289,-1.175
 1.286,-1.171
 1.276,-1.163
 1.276,-1.163
 1.287,-1.151
 1.301,-1.165
 1.287,-1.151
 1.276,-1.163
 1.299,-1.186
 1.263,-1.193
 1.276,-1.208
 1.275,-1.183
 1.277,-1.186
 1.299,-1.186
 1.275,-1.228
 1.276,-1.208
 1.275,-1.228
 1.289,-1.243
 1.277,-1.253
 1.263,-1.261
 1.263,-1.283
 1.252,-1.295
 1.241,-1.307
 1.266,-1.310
 1.255,-1.300
 1.257,-1.324
 1.266,-1.310
 1.254,-1.320
 1.252,-1.340
 1.238,-1.348
 1.265,-1.330
 1.240,-1.328
 1.266,-1.310
 1.255,-1.300
 1.252,-1.318
 1.266,-1.310
 1.252,-1.318
 1.264,-1.330
 1.266,-1.310
 1.252,-1.318
 1.255,-1.322
 1.252,-1.318
 1.241,-1.352
 1.264,-1.352
 1.265,-1.375
 1.243,-1.377
 1.265,-1.375
 1.265,-1.375
 1.265,-1.375
 1.263,-1.395
 1.254,-1.410
 1.262,-1.415
 1.251,-1.450
 1.265,-1.465
 1.265,-1.465
 1.255,-1.457
 1.268,-1.424
 1.268,-1.425
 1.268,-1.424
 1.287,-1.440
 1.276,-1.475
 1.285,-1.482
 1.264,-1.485
 1.278,-1.477
 1.276,-1.475
 1.291,-1.492
 1.288,-1.487
 1.265,-1.510
 1.288,-1.532
 1.264,-1.529
 1.289,-1.535
 1.277,-1.544
 1.277,-1.545
 1.266,-1.554
 1.265,-1.577
 1.278,-1.589
 1.289,-1.577
 1.278,-1.612
 1.266,-1.599
 1.264,-1.619
 1.289,-1.622
 1.275,-1.607
 1.277,-1.587
 1.287,-1.597
 1.264,-1.619
 1.278,-1.612
 1.277,-1.632
 1.280,-1.637
 1.281,-1.617
 1.278,-1.634
 1.278,-1.679
 1.288,-1.686
 1.263,-1.684
 1.289,-1.667
 1.286,-1.662
 1.289,-1.667
 1.289,-1.667
 1.291,-1.692
 1.291,-1.692
 1.288,-1.686
 1.291,-1.692
 1.288,-1.686
 1.291,-1.692
 1.291,-1.692
 1.288,-1.687
 1.291,-1.692
 1.288,-1.687
 1.288,-1.687
 1.289,-1.667
 1.299,-1.632
 1.314,-1.625
 1.300,-1.610
 1.310,-1.597
 1.310,-1.597
 1.307,-1.592
 1.311,-1.577
 1.313,-1.557
 1.302,-1.547
 1.305,-1.552
 1.302,-1.592
 1.313,-1.602
 1.298,-1.607
 1.310,-1.642
 1.321,-1.630
 1.310,-1.642
 1.313,-1.647
 1.335,-1.645
 1.313,-1.647
 1.324,-1.657
 1.310,-1.687
 1.313,-1.692
 1.322,-1.677
 1.335,-1.667
 1.324,-1.680
 1.311,-1.664
 1.336,-1.670
 1.346,-1.632
 1.347,-1.657
 1.347,-1.657
 1.321,-1.652
 1.324,-1.680
 1.335,-1.645
 1.334,-1.642
 1.334,-1.642
 1.330,-1.637
 1.335,-1.645
 1.346,-1.632
 1.338,-1.650
 1.340,-1.653
 1.336,-1.625
 1.314,-1.625
 1.334,-1.642
 1.320,-1.649
 1.344,-1.652
 1.344,-1.630
 1.324,-1.635
 1.335,-1.622
 1.324,-1.635
 1.326,-1.637
 1.321,-1.629
 1.337,-1.647
 1.323,-1.677
 1.335,-1.667
 1.335,-1.667
 1.310,-1.687
 1.313,-1.692
 1.311,-1.709
 1.289,-1.712
 1.289,-1.734
 1.288,-1.731
 1.302,-1.747
 1.289,-1.734
 1.300,-1.722
 1.277,-1.699
 1.274,-1.694
 1.278,-1.679
 1.289,-1.689
 1.278,-1.679
 1.283,-1.665
 1.267,-1.647
 1.292,-1.650
 1.288,-1.644
 1.298,-1.652
 1.312,-1.645
 1.321,-1.629
 1.314,-1.625
 1.324,-1.635
 1.312,-1.645
 1.337,-1.647
 1.321,-1.629
 1.337,-1.648
 1.324,-1.635
 1.323,-1.655
 1.337,-1.647
 1.311,-1.664
 1.324,-1.680
 1.323,-1.699
 1.323,-1.699
 1.325,-1.725
 1.322,-1.697
 1.326,-1.705
 1.336,-1.690
 1.336,-1.712
 1.336,-1.712
 1.311,-1.709
 1.313,-1.734
 1.322,-1.742
 1.323,-1.744
 1.337,-1.737
 1.334,-1.754
 1.315,-1.762
 1.326,-1.750
 1.314,-1.760
 1.314,-1.760
 1.321,-1.741
 1.323,-1.744
 1.321,-1.719
 1.323,-1.744
 1.326,-1.750
 1.321,-1.719
 1.325,-1.724
 1.312,-1.712
 1.310,-1.732
 1.314,-1.715
 1.311,-1.709
 1.314,-1.715
 1.314,-1.715
 1.313,-1.734
 1.302,-1.747
 1.286,-1.773
 1.289,-1.779
 1.290,-1.757
 1.301,-1.744
 1.291,-1.737
 1.301,-1.744
 1.290,-1.757
 1.279,-1.747
 1.277,-1.744
 1.279,-1.747
 1.265,-1.754
 1.268,-1.759
 1.277,-1.721
 1.266,-1.734
 1.268,-1.714
 1.264,-1.706
 1.265,-1.709
 1.267,-1.711
 1.254,-1.699
 1.245,-1.692
 1.234,-1.682
 1.236,-1.684
 1.234,-1.682
 1.221,-1.711
 1.221,-1.711
 1.205,-1.693
 1.208,-1.698
 1.197,-1.688
 1.209,-1.679
 1.199,-1.669
 1.196,-1.663
 1.186,-1.656
 1.197,-1.644
 1.185,-1.631
 1.209,-1.634
 1.208,-1.631
 1.222,-1.646
 1.209,-1.634
 1.208,-1.631
 1.210,-1.611
 1.206,-1.584
 1.186,-1.589
 1.196,-1.576
 1.184,-1.586
 1.211,-1.591
 1.184,-1.586
 1.198,-1.579
 1.198,-1.579
 1.207,-1.564
 1.198,-1.579
 1.195,-1.574
 1.186,-1.566
 1.186,-1.544
 1.209,-1.544
 1.197,-1.511
 1.184,-1.496
 1.186,-1.521
 1.208,-1.499
 1.184,-1.496
 1.187,-1.501
 1.195,-1.484
 1.197,-1.509
 1.206,-1.494
 1.172,-1.506
 1.198,-1.489
 1.208,-1.454
 1.189,-1.461
 1.222,-1.447
 1.208,-1.454
 1.196,-1.464
 1.193,-1.459
 1.195,-1.439
 1.196,-1.419
 1.207,-1.407
 1.234,-1.392
 1.196,-1.374
 1.220,-1.354
 1.208,-1.364
 1.206,-1.384
 1.196,-1.374
 1.218,-1.372
 1.221,-1.379
 1.232,-1.367
 1.242,-1.375
 1.231,-1.387
 1.241,-1.395
 1.242,-1.420
 1.231,-1.432
 1.253,-1.430
 1.233,-1.434
 1.242,-1.420
 1.244,-1.422
 1.267,-1.422
 1.230,-1.430
 1.255,-1.432
 1.264,-1.417
 1.255,-1.432
 1.243,-1.442
 1.242,-1.420
 1.233,-1.434
 1.242,-1.420
 1.231,-1.432
 1.242,-1.420
 1.230,-1.407
 1.221,-1.422
 1.230,-1.407
 1.219,-1.397
 1.230,-1.407
 1.218,-1.372
 1.221,-1.377
 1.218,-1.372
 1.222,-1.357
 1.235,-1.369
 1.220,-1.377
 1.210,-1.367
 1.205,-1.338
 1.207,-1.362
 1.219,-1.352
