 1.565,-0.923
 1.563,-0.898
 1.567,-0.901
 1.571,-0.905
 1.557,-0.892
 1.571,-0.905
 1.567,-0.901
 1.567,-0.901
 1.565,-0.923
 1.551,-0.910
 1.567,-0.901
 1.565,-0.876
 1.555,-0.866
 1.580,-0.843
 1.567,-0.854
 1.593,-0.832
 1.602,-0.841
 1.591,-0.854
 1.580,-0.843
 1.602,-0.841
 1.602,-0.841
 1.600,-0.816
 1.616,-0.806
 1.642,-0.808
 1.627,-0.818
 1.617,-0.808
 1.649,-0.816
 1.640,-0.807
 1.629,-0.795
 1.629,-0.795
 1.629,-0.795
 1.651,-0.794
 1.640,-0.807
 1.652,-0.818
 1.649,-0.816
 1.649,-0.816
 1.660,-0.827
 1.653,-0.819
 1.667,-0.808
 1.644,-0.810
 1.658,-0.823
 1.629,-0.843
 1.615,-0.878
 1.602,-0.889
 1.598,-0.909
 1.616,-0.926
 1.625,-0.911
 1.629,-0.915
 1.654,-0.939
 1.651,-0.937
 1.691,-0.952
 1.685,-0.970
 1.689,-0.974
 1.714,-0.998
 1.689,-1.022
 1.729,-1.037
 1.736,-1.068
 1.736,-1.068
 1.737,-1.092
 1.734,-1.066
 1.752,-1.059
 1.785,-1.068
 1.787,-1.046
 1.788,-1.023
 1.796,-1.008
 1.814,-1.001
 1.810,-0.973
 1.826,-0.988
 1.812,-0.999
 1.834,-1.021
 1.826,-1.036
 1.832,-1.043
 1.834,-1.069
 1.837,-1.047
 1.823,-1.034
 1.844,-1.029
 1.839,-1.025
 1.814,-1.049
 1.814,-1.049
 1.798,-1.057
 1.763,-1.070
 1.763,-1.070
 1.768,-1.074
 1.752,-1.083
 1.747,-1.079
 1.749,-1.105
 1.734,-1.090
 1.749,-1.105
 1.749,-1.105
 1.749,-1.105
 1.743,-1.122
 1.738,-1.117
 1.740,-1.144
 1.738,-1.165
 1.723,-1.174
 1.727,-1.154
 1.725,-1.176
 1.717,-1.191
 1.703,-1.226
 1.690,-1.237
 1.683,-1.230
 1.667,-1.239
 1.655,-1.249
 1.665,-1.260
 1.659,-1.277
 1.686,-1.280
 1.661,-1.256
 1.626,-1.269
 1.626,-1.268
 1.628,-1.247
 1.630,-1.225
 1.641,-1.212
 1.632,-1.204
 1.654,-1.202
 1.639,-1.210
 1.654,-1.202
 1.623,-1.195
 1.628,-1.199
 1.629,-1.177
 1.639,-1.186
 1.668,-1.167
 1.639,-1.138
 1.655,-1.130
 1.654,-1.130
 1.665,-1.141
 1.643,-1.143
 1.652,-1.152
 1.641,-1.141
 1.652,-1.152
 1.652,-1.152
 1.668,-1.143
 1.650,-1.126
 1.654,-1.130
 1.632,-1.132
 1.628,-1.128
 1.643,-1.143
 1.625,-1.125
 1.616,-1.141
 1.605,-1.130
 1.616,-1.140
 1.605,-1.129
 1.603,-1.151
 1.601,-1.197
 1.601,-1.173
 1.614,-1.162
 1.632,-1.132
 1.643,-1.095
 1.645,-1.073
 1.667,-1.071
 1.676,-1.056
 1.690,-1.069
 1.699,-1.031
 1.703,-1.035
 1.703,-0.987
 1.689,-0.974
 1.718,-0.954
 1.714,-0.950
 1.741,-0.929
 1.727,-0.916
 1.726,-0.914
 1.740,-0.905
 1.747,-0.888
 1.738,-0.879
 1.751,-0.844
 1.736,-0.829
 1.741,-0.833
 1.749,-0.818
 1.765,-0.809
 1.765,-0.809
 1.763,-0.784
 1.776,-0.773
 1.760,-0.758
 1.765,-0.761
 1.765,-0.761
 1.751,-0.749
 1.753,-0.774
 1.749,-0.747
 1.749,-0.747
 1.760,-0.758
 1.795,-0.746
 1.776,-0.749
 1.787,-0.712
 1.780,-0.728
 1.753,-0.702
 1.762,-0.736
 1.764,-0.714
 1.747,-0.722
 1.727,-0.701
 1.727,-0.701
 1.727,-0.701
 1.740,-0.690
 1.724,-0.699
 1.727,-0.701
 1.740,-0.690
 1.724,-0.699
 1.727,-0.701
 1.735,-0.686
 1.715,-0.665
 1.727,-0.701
 1.711,-0.710
 1.715,-0.713
 1.711,-0.710
 1.740,-0.737
 1.716,-0.737
 1.700,-0.747
 1.704,-0.774
 1.686,-0.781
 1.678,-0.796
 1.653,-0.819
 1.665,-0.807
 1.656,-0.821
 1.627,-0.817
 1.580,-0.867
 1.567,-0.877
 1.541,-0.875
 1.554,-0.888
 1.541,-0.875
 1.558,-0.892
 1.574,-0.883
 1.608,-0.892
 1.646,-0.930
 1.666,-0.926
 1.691,-0.950
 1.726,-0.961
 1.737,-0.949
 1.769,-0.955
 1.775,-0.962
 1.780,-0.966
 1.815,-0.953
 1.824,-0.962
 1.802,-0.964
 1.786,-0.973
 1.802,-0.964
 1.804,-0.990
 1.800,-0.986
 1.791,-0.953
 1.800,-0.962
 1.802,-0.964
 1.824,-0.962
 1.824,-0.962
 1.840,-0.953
 1.849,-0.986
 1.862,-0.975
 1.889,-0.978
 1.884,-0.974
 1.889,-0.978
 1.908,-0.974
 1.935,-0.976
 1.949,-1.013
 1.933,-0.998
 1.962,-1.002
 1.993,-1.009
 1.996,-1.035
 2.018,-1.034
 2.006,-1.046
 2.011,-1.050
 2.038,-1.052
 2.041,-1.054
 2.049,-1.064
 2.009,-1.072
 2.023,-1.085
 2.017,-1.105
 2.020,-1.083
 2.023,-1.085
 1.996,-1.083
 2.012,-1.050
 1.995,-1.035
 1.996,-1.035
 1.998,-1.013
 1.971,-1.011
 1.976,-1.015
 1.957,-0.998
 1.949,-1.013
 1.922,-1.011
 1.894,-1.009
 1.875,-0.988
 1.872,-0.963
 1.853,-0.966
 1.853,-0.966
 1.826,-0.964
 1.815,-0.953
 1.810,-0.949
 1.777,-0.964
 1.777,-0.940
 1.739,-0.950
 1.719,-0.978
 1.701,-0.985
 1.704,-1.011
 1.715,-0.998
 1.715,-0.998
 1.726,-1.009
 1.722,-1.029
 1.727,-1.033
 1.753,-1.035
 1.755,-1.037
 1.774,-1.054
 1.767,-1.072
 1.769,-1.098
 1.778,-1.107
 1.785,-1.090
 1.803,-1.084
 1.812,-1.045
 1.817,-1.049
 1.819,-1.027
 1.814,-1.023
 1.827,-1.012
 1.812,-0.997
 1.789,-0.999
 1.803,-0.988
 1.828,-0.988
 1.841,-0.977
 1.825,-0.962
 1.814,-0.975
 1.863,-0.952
 1.850,-0.939
 1.865,-0.906
 1.849,-0.891
 1.841,-0.906
 1.838,-0.904
 1.849,-0.891
 1.852,-0.869
 1.860,-0.854
 1.852,-0.845
 1.865,-0.834
 1.862,-0.832
 1.876,-0.845
 1.872,-0.866
 1.852,-0.869
 1.863,-0.856
 1.858,-0.900
 1.852,-0.917
 1.850,-0.915
 1.855,-0.919
 1.907,-0.897
 1.917,-0.908
 1.929,-0.895
 1.935,-0.903
 1.927,-0.917
 1.937,-0.928
 1.949,-0.916
 1.953,-0.896
 1.926,-0.893
 1.942,-0.932
 1.926,-0.917
 1.924,-0.939
 1.915,-0.930
 1.910,-0.926
 1.891,-0.954
 1.902,-0.941
 1.877,-0.965
 1.866,-0.978
 1.861,-0.974
 1.842,-1.001
 1.828,-1.012
 1.802,-1.010
 1.793,-1.049
 1.788,-1.045
 1.779,-1.059
 1.804,-1.036
 1.815,-1.047
 1.817,-1.025
 1.826,-1.034
 1.828,-1.012
 1.841,-1.001
 1.839,-1.023
 1.817,-1.025
 1.812,-1.021
 1.815,-1.047
 1.829,-1.060
 1.774,-1.079
 1.766,-1.094
 1.764,-1.116
 1.733,-1.133
 1.723,-1.124
 1.708,-1.157
 1.722,-1.170
 1.703,-1.176
 1.715,-1.211
 1.729,-1.224
 1.726,-1.222
 1.758,-1.205
 1.769,-1.216
 1.785,-1.231
 1.780,-1.227
 1.789,-1.235
 1.794,-1.240
 1.802,-1.272
 1.794,-1.288
 1.780,-1.275
 1.781,-1.298
 1.807,-1.325
 1.789,-1.331
 1.767,-1.357
 1.781,-1.370
 1.790,-1.379
 1.794,-1.383
 1.802,-1.392
 1.783,-1.397
 1.819,-1.408
 1.841,-1.429
 1.857,-1.421
 1.865,-1.429
 1.868,-1.432
 1.890,-1.406
 1.890,-1.406
 1.868,-1.384
 1.876,-1.369
 1.865,-1.382
 1.889,-1.358
 1.841,-1.334
 1.804,-1.323
 1.811,-1.329
 1.829,-1.347
 1.818,-1.336
 1.807,-1.325
 1.798,-1.316
 1.793,-1.312
 1.796,-1.338
 1.793,-1.336
 1.762,-1.352
 1.754,-1.368
 1.751,-1.341
 1.731,-1.322
 1.734,-1.324
 1.731,-1.322
 1.745,-1.335
 1.716,-1.306
 1.720,-1.311
 1.706,-1.298
 1.682,-1.298
 1.684,-1.300
 1.691,-1.282
 1.682,-1.274
 1.682,-1.250
 1.680,-1.224
 1.684,-1.228
 1.643,-1.212
 1.646,-1.191
 1.646,-1.167
 1.621,-1.191
 1.612,-1.182
 1.631,-1.199
 1.633,-1.202
 1.630,-1.176
 1.604,-1.173
 1.597,-1.167
 1.619,-1.165
 1.635,-1.180
 1.657,-1.178
 1.628,-1.197
 1.604,-1.221
 1.600,-1.216
 1.608,-1.225
 1.621,-1.215
 1.623,-1.193
 1.639,-1.184
 1.632,-1.202
 1.610,-1.204
 1.620,-1.212
 1.577,-1.218
 1.568,-1.186
 1.568,-1.186
 1.574,-1.169
 1.576,-1.147
 1.588,-1.134
 1.588,-1.134
 1.570,-1.116
 1.583,-1.130
 1.559,-1.105
 1.545,-1.092
 1.525,-1.096
 1.510,-1.081
 1.511,-1.083
 1.523,-1.070
 1.484,-1.079
 1.499,-1.070
 1.508,-1.055
 1.523,-1.046
 1.523,-1.046
 1.510,-1.033
 1.523,-1.046
 1.483,-1.031
 1.486,-1.033
 1.510,-1.010
 1.485,-1.009
 1.476,-1.024
 1.470,-1.042
 1.486,-1.033
 1.510,-1.033
 1.510,-1.033
 1.521,-1.044
 1.530,-1.053
 1.548,-1.071
 1.547,-1.047
 1.561,-1.060
 1.552,-1.075
 1.548,-1.094
 1.550,-1.120
 1.559,-1.129
 1.544,-1.138
 1.535,-1.153
 1.558,-1.151
 1.573,-1.166
 1.586,-1.156
 1.570,-1.164
 1.610,-1.180
 1.606,-1.175
 1.622,-1.167
 1.635,-1.156
 1.622,-1.167
 1.649,-1.169
 1.618,-1.163
 1.633,-1.178
 1.644,-1.165
 1.644,-1.165
 1.647,-1.191
 1.620,-1.189
 1.647,-1.191
 1.647,-1.191
 1.658,-1.202
 1.660,-1.180
 1.655,-1.176
 1.635,-1.204
 1.658,-1.202
 1.646,-1.215
 1.660,-1.228
 1.644,-1.236
 1.633,-1.249
 1.644,-1.236
 1.644,-1.236
 1.657,-1.226
 1.640,-1.232
 1.646,-1.215
 1.646,-1.215
 1.635,-1.204
 1.639,-1.208
 1.632,-1.202
 1.623,-1.193
 1.622,-1.191
 1.617,-1.186
 1.633,-1.178
 1.631,-1.152
 1.637,-1.134
 1.622,-1.119
 1.621,-1.095
 1.635,-1.108
 1.631,-1.104
 1.619,-1.117
 1.619,-1.117
 1.633,-1.130
 1.637,-1.134
 1.619,-1.117
 1.646,-1.119
 1.632,-1.106
 1.631,-1.104
 1.635,-1.108
 1.619,-1.117
 1.635,-1.108
 1.608,-1.106
 1.585,-1.108
 1.574,-1.097
 1.559,-1.105
 1.561,-1.108
 1.548,-1.094
 1.548,-1.094
 1.586,-1.084
 1.570,-1.093
 1.584,-1.106
 1.570,-1.093
 1.568,-1.114
 1.585,-1.108
 1.584,-1.130
 1.599,-1.145
 1.597,-1.167
 1.608,-1.201
 1.622,-1.191
 1.621,-1.191
 1.612,-1.230
 1.622,-1.239
 1.608,-1.225
 1.597,-1.214
 1.617,-1.186
 1.622,-1.191
 1.619,-1.165
 1.608,-1.178
 1.622,-1.191
 1.606,-1.199
 1.608,-1.225
 1.619,-1.236
 1.584,-1.249
 1.599,-1.241
 1.594,-1.260
 1.610,-1.252
 1.633,-1.249
 1.582,-1.271
 1.609,-1.297
 1.557,-1.294
 1.575,-1.312
 1.597,-1.310
 1.584,-1.297
 1.587,-1.299
 1.582,-1.295
 1.573,-1.286
 1.584,-1.273
 1.584,-1.273
 1.575,-1.264
 1.569,-1.281
 1.573,-1.286
 1.571,-1.260
 1.546,-1.283
 1.562,-1.275
 1.531,-1.268
 1.533,-1.294
 1.533,-1.294
 1.523,-1.286
 1.539,-1.277
 1.512,-1.275
 1.514,-1.301
 1.537,-1.299
 1.511,-1.296
 1.497,-1.283
 1.496,-1.281
 1.513,-1.251
 1.510,-1.248
 1.499,-1.238
 1.512,-1.227
 1.484,-1.222
 1.499,-1.190
 1.486,-1.200
 1.474,-1.213
 1.476,-1.192
 1.486,-1.200
 1.488,-1.227
 1.497,-1.211
 1.473,-1.235
 1.499,-1.238
 1.484,-1.246
 1.514,-1.253
 1.510,-1.248
 1.486,-1.248
 1.488,-1.251
 1.484,-1.246
 1.488,-1.251
 1.461,-1.248
 1.425,-1.261
 1.414,-1.250
 1.363,-1.271
 1.379,-1.263
 1.350,-1.282
 1.363,-1.271
 1.377,-1.284
 1.371,-1.254
 1.377,-1.237
 1.375,-1.258
 1.363,-1.223
 1.367,-1.228
 1.378,-1.215
 1.367,-1.228
 1.387,-1.200
 1.388,-1.200
 1.412,-1.224
 1.398,-1.208
 1.401,-1.213
 1.388,-1.200
 1.376,-1.213
 1.378,-1.215
 1.386,-1.221
 1.376,-1.213
 1.376,-1.212
 1.376,-1.213
 1.378,-1.239
 1.386,-1.221
 1.377,-1.237
 1.386,-1.221
 1.388,-1.247
 1.377,-1.237
 1.388,-1.247
 1.403,-1.239
 1.388,-1.247
 1.388,-1.247
 1.388,-1.247
 1.361,-1.245
 1.390,-1.274
 1.388,-1.247
 1.363,-1.271
 1.390,-1.274
 1.375,-1.258
 1.390,-1.274
 1.401,-1.285
 1.412,-1.295
 1.401,-1.285
 1.397,-1.280
 1.412,-1.295
 1.448,-1.306
 1.427,-1.287
 1.454,-1.290
 1.452,-1.263
 1.454,-1.290
 1.463,-1.274
 1.461,-1.296
 1.450,-1.285
 1.446,-1.280
 1.466,-1.277
 1.488,-1.275
 1.463,-1.274
 1.477,-1.288
 1.473,-1.283
 1.475,-1.309
 1.461,-1.296
 1.439,-1.298
 1.465,-1.301
 1.464,-1.298
 1.479,-1.314
 1.475,-1.309
 1.465,-1.301
 1.488,-1.298
 1.509,-1.294
 1.524,-1.310
 1.533,-1.294
 1.548,-1.310
 1.549,-1.286
 1.533,-1.294
 1.537,-1.299
 1.560,-1.297
 1.560,-1.297
 1.537,-1.299
 1.522,-1.307
 1.537,-1.299
 1.547,-1.307
 1.560,-1.297
 1.574,-1.310
 1.572,-1.332
 1.560,-1.345
 1.567,-1.351
 1.547,-1.379
 1.562,-1.371
 1.537,-1.347
 1.541,-1.376
 1.548,-1.357
 1.538,-1.395
 1.549,-1.405
 1.520,-1.424
 1.498,-1.426
 1.509,-1.413
 1.489,-1.442
 1.502,-1.432
 1.500,-1.453
 1.489,-1.442
 1.487,-1.463
 1.489,-1.442
 1.489,-1.442
 1.487,-1.463
 1.489,-1.442
 1.475,-1.429
 1.462,-1.439
 1.462,-1.439
 1.460,-1.461
 1.453,-1.455
 1.449,-1.450
 1.426,-1.452
 1.426,-1.452
 1.437,-1.463
 1.453,-1.455
 1.438,-1.487
 1.440,-1.490
 1.427,-1.500
 1.400,-1.497
 1.391,-1.513
 1.375,-1.473
 1.389,-1.487
 1.404,-1.503
 1.389,-1.486
 1.387,-1.508
 1.347,-1.492
 1.351,-1.497
 1.377,-1.452
 1.391,-1.465
 1.382,-1.435
 1.366,-1.441
 1.341,-1.465
 1.364,-1.463
 1.325,-1.470
 1.340,-1.462
 1.351,-1.425
 1.353,-1.452
 1.379,-1.454
 1.364,-1.462
 1.353,-1.476
 1.362,-1.460
 1.378,-1.476
 1.391,-1.465
 1.389,-1.486
 1.404,-1.502
 1.387,-1.508
 1.403,-1.500
 1.414,-1.511
 1.401,-1.521
 1.417,-1.516
 1.414,-1.511
 1.440,-1.514
 1.440,-1.514
 1.450,-1.522
 1.452,-1.501
 1.463,-1.487
 1.465,-1.490
 1.465,-1.490
 1.463,-1.511
 1.477,-1.525
 1.450,-1.522
 1.465,-1.514
 1.452,-1.500
 1.464,-1.535
 1.477,-1.525
 1.472,-1.543
 1.463,-1.559
 1.476,-1.548
 1.476,-1.548
 1.480,-1.554
 1.465,-1.586
 1.454,-1.599
 1.439,-1.631
 1.450,-1.641
 1.477,-1.644
 1.488,-1.655
 1.477,-1.644
 1.490,-1.658
 1.488,-1.655
 1.490,-1.658
 1.499,-1.642
 1.515,-1.682
 1.515,-1.682
 1.501,-1.668
 1.504,-1.695
 1.500,-1.689
 1.503,-1.695
 1.502,-1.716
 1.487,-1.700
 1.479,-1.719
 1.477,-1.692
 1.454,-1.695
 1.466,-1.681
 1.453,-1.692
 1.466,-1.682
 1.450,-1.689
 1.428,-1.692
 1.429,-1.670
 1.439,-1.678
 1.443,-1.684
 1.450,-1.689
 1.441,-1.705
 1.428,-1.692
 1.450,-1.689
 1.428,-1.692
 1.439,-1.678
 1.428,-1.692
 1.439,-1.678
 1.439,-1.678
 1.466,-1.682
 1.452,-1.668
 1.432,-1.673
 1.454,-1.671
 1.428,-1.668
 1.455,-1.671
 1.451,-1.665
 1.451,-1.665
 1.440,-1.654
 1.452,-1.644
 1.468,-1.636
 1.453,-1.644
 1.441,-1.657
 1.439,-1.678
 1.426,-1.689
 1.441,-1.705
 1.451,-1.713
 1.455,-1.719
 1.430,-1.718
 1.416,-1.729
 1.432,-1.721
 1.439,-1.726
 1.452,-1.716
 1.451,-1.713
 1.437,-1.699
 1.441,-1.705
 1.437,-1.699
 1.441,-1.705
 1.441,-1.705
 1.428,-1.716
 1.430,-1.695
 1.428,-1.716
 1.405,-1.742
 1.441,-1.753
 1.415,-1.750
 1.441,-1.753
 1.438,-1.747
 1.440,-1.774
 1.440,-1.774
 1.453,-1.788
 1.464,-1.798
 1.472,-1.803
 1.477,-1.788
 1.490,-1.777
 1.504,-1.791
 1.519,-1.808
 1.513,-1.823
 1.517,-1.829
 1.502,-1.836
 1.500,-1.833
 1.513,-1.823
 1.513,-1.823
 1.504,-1.815
 1.502,-1.836
 1.502,-1.836
 1.504,-1.863
 1.488,-1.870
 1.504,-1.863
 1.491,-1.873
 1.477,-1.908
 1.477,-1.908
 1.476,-1.928
 1.477,-1.908
 1.476,-1.928
 1.464,-1.918
 1.490,-1.897
 1.489,-1.894
 1.466,-1.897
 1.478,-1.884
 1.475,-1.881
 1.479,-1.887
 1.475,-1.880
 1.468,-1.876
 1.478,-1.884
 1.464,-1.870
 1.491,-1.873
 1.462,-1.843
 1.466,-1.849
 1.477,-1.859
 1.478,-1.836
 1.477,-1.812
 1.460,-1.816
 1.464,-1.822
 1.464,-1.822
 1.477,-1.788
 1.481,-1.794
 1.466,-1.801
 1.470,-1.807
 1.479,-1.815
 1.464,-1.822
 1.440,-1.822
 1.437,-1.819
 1.443,-1.804
 1.442,-1.801
 1.430,-1.814
 1.430,-1.814
 1.411,-1.816
 1.415,-1.822
 1.428,-1.835
 1.428,-1.835
 1.430,-1.838
 1.439,-1.846
 1.441,-1.825
 1.440,-1.822
 1.451,-1.833
 1.441,-1.825
 1.451,-1.833
 1.417,-1.849
 1.466,-1.849
 1.440,-1.846
 1.430,-1.862
 1.439,-1.846
 1.417,-1.873
 1.415,-1.869
 1.417,-1.897
 1.394,-1.900
 1.402,-1.904
 1.405,-1.910
 1.401,-1.904
 1.403,-1.931
 1.416,-1.921
 1.439,-1.917
 1.439,-1.918
 1.437,-1.890
 1.427,-1.883
 1.430,-1.886
 1.428,-1.859
 1.459,-1.845
 1.468,-1.828
 1.453,-1.812
 1.491,-1.825
 1.487,-1.819
 1.515,-1.802
 1.527,-1.788
 1.540,-1.778
 1.542,-1.757
 1.549,-1.762
 1.577,-1.744
 1.574,-1.741
 1.573,-1.738
 1.589,-1.730
 1.598,-1.714
 1.591,-1.709
 1.588,-1.682
 1.577,-1.696
 1.577,-1.696
 1.584,-1.701
 1.588,-1.659
 1.574,-1.621
 1.538,-1.610
 1.552,-1.624
 1.523,-1.594
 1.513,-1.586
 1.525,-1.573
 1.527,-1.552
 1.527,-1.552
 1.523,-1.546
 1.502,-1.527
 1.512,-1.535
 1.512,-1.535
 1.502,-1.527
 1.487,-1.511
 1.489,-1.538
 1.500,-1.501
 1.498,-1.522
 1.498,-1.522
 1.510,-1.509
 1.527,-1.504
 1.538,-1.490
 1.542,-1.496
 1.528,-1.482
 1.535,-1.488
 1.538,-1.491
 1.523,-1.498
 1.512,-1.488
 1.524,-1.477
 1.536,-1.464
 1.515,-1.445
 1.513,-1.418
 1.515,-1.445
 1.513,-1.442
 1.511,-1.416
 1.515,-1.397
 1.511,-1.392
 1.526,-1.408
 1.525,-1.405
 1.498,-1.402
 1.502,-1.408
 1.498,-1.403
 1.500,-1.405
 1.502,-1.407
 1.487,-1.416
 1.490,-1.421
 1.498,-1.426
 1.475,-1.429
 1.489,-1.442
 1.462,-1.439
 1.466,-1.444
 1.464,-1.418
 1.477,-1.431
 1.477,-1.431
 1.461,-1.463
 1.477,-1.455
 1.462,-1.487
 1.466,-1.492
 1.451,-1.500
 1.471,-1.471
 1.450,-1.452
 1.475,-1.429
 1.479,-1.434
 1.492,-1.423
 1.477,-1.431
 1.492,-1.447
 1.476,-1.453
 1.475,-1.477
 1.475,-1.477
 1.460,-1.461
 1.477,-1.431
 1.486,-1.416
 1.488,-1.394
 1.513,-1.418
 1.498,-1.426
 1.464,-1.418
 1.486,-1.416
 1.477,-1.407
 1.477,-1.407
 1.475,-1.405
 1.489,-1.442
 1.486,-1.416
 1.489,-1.442
 1.489,-1.442
 1.476,-1.453
 1.479,-1.458
 1.451,-1.476
 1.452,-1.479
 1.452,-1.479
 1.462,-1.487
 1.465,-1.468
 1.462,-1.439
 1.476,-1.453
 1.489,-1.442
 1.473,-1.450
 1.489,-1.442
 1.488,-1.442
 1.476,-1.453
 1.474,-1.474
 1.449,-1.450
 1.466,-1.444
 1.464,-1.442
 1.457,-1.436
 1.481,-1.436
 1.477,-1.431
 1.441,-1.420
 1.447,-1.423
 1.463,-1.415
 1.451,-1.381
 1.450,-1.333
 1.443,-1.327
 1.450,-1.285
 1.427,-1.287
 1.451,-1.261
 1.448,-1.259
 1.452,-1.240
 1.450,-1.213
 1.441,-1.205
 1.463,-1.202
 1.448,-1.187
 1.452,-1.192
 1.435,-1.174
 1.452,-1.192
 1.438,-1.178
 1.450,-1.189
 1.465,-1.181
 1.426,-1.189
 1.441,-1.181
 1.440,-1.204
 1.426,-1.189
 1.416,-1.180
 1.412,-1.176
 1.414,-1.178
 1.414,-1.178
 1.388,-1.176
 1.402,-1.167
 1.412,-1.152
 1.401,-1.165
 1.387,-1.152
 1.399,-1.139
 1.403,-1.143
 1.413,-1.106
 1.406,-1.099
 1.391,-1.108
 1.401,-1.117
 1.378,-1.119
 1.374,-1.115
 1.378,-1.119
 1.389,-1.106
 1.389,-1.106
 1.379,-1.097
 1.389,-1.106
 1.389,-1.106
 1.414,-1.130
 1.401,-1.117
 1.391,-1.132
 1.389,-1.106
 1.404,-1.121
 1.378,-1.119
 1.401,-1.117
 1.389,-1.106
 1.399,-1.091
 1.402,-1.095
 1.391,-1.084
 1.389,-1.058
 1.379,-1.049
 1.376,-1.045
 1.389,-1.058
 1.414,-1.035
 1.376,-1.045
 1.390,-1.012
 1.387,-0.985
 1.366,-1.012
 1.388,-0.986
 1.364,-0.986
 1.353,-0.999
 1.362,-0.984
 1.366,-0.964
 1.362,-0.984
 1.349,-0.995
 1.353,-0.999
 1.338,-0.984
 1.356,-1.003
 1.343,-1.014
 1.366,-1.012
 1.354,-1.025
 1.362,-1.032
 1.351,-1.069
 1.363,-1.056
 1.364,-1.034
 1.368,-1.038
 1.364,-1.034
 1.354,-1.025
 1.388,-1.034
 1.387,-1.056
 1.376,-1.045
 1.374,-1.067
 1.379,-1.049
 1.404,-1.025
 1.414,-1.035
 1.415,-1.037
 1.398,-1.043
 1.400,-1.022
 1.400,-1.021
 1.400,-1.022
 1.415,-1.013
 1.402,-1.000
 1.402,-1.000
 1.402,-1.000
 1.402,-1.000
 1.415,-1.013
 1.398,-0.996
 1.415,-0.989
 1.426,-0.976
 1.414,-0.987
 1.415,-0.989
 1.411,-0.985
 1.438,-0.987
 1.424,-0.974
 1.411,-0.985
 1.436,-1.009
 1.423,-1.020
 1.440,-1.013
 1.440,-0.989
 1.428,-1.002
 1.430,-1.004
 1.451,-1.000
 1.417,-1.015
 1.425,-1.046
 1.411,-1.032
 1.452,-1.048
 1.437,-1.033
 1.451,-1.048
 1.438,-1.035
 1.425,-1.046
 1.440,-1.061
 1.425,-1.046
 1.440,-1.061
 1.427,-1.072
 1.427,-1.072
 1.440,-1.085
 1.437,-1.081
 1.439,-1.107
 1.425,-1.093
 1.438,-1.083
 1.440,-1.085
 1.425,-1.093
 1.427,-1.072
 1.427,-1.072
 1.427,-1.072
 1.427,-1.072
 1.412,-1.056
 1.416,-1.061
 1.402,-1.047
 1.389,-1.058
 1.402,-1.047
 1.387,-1.056
 1.366,-1.060
 1.402,-1.047
 1.374,-1.067
 1.378,-1.071
 1.363,-1.056
 1.366,-1.036
 1.378,-1.047
 1.366,-1.060
 1.368,-1.086
 1.365,-1.082
 1.355,-1.097
 1.327,-1.117
 1.327,-1.140
 1.340,-1.154
 1.327,-1.140
 1.330,-1.145
 1.353,-1.143
 1.329,-1.166
 1.329,-1.166
 1.312,-1.173
 1.317,-1.156
 1.315,-1.153
 1.317,-1.156
 1.342,-1.132
 1.314,-1.127
 1.329,-1.143
 1.327,-1.140
 1.327,-1.140
 1.317,-1.156
 1.314,-1.151
 1.317,-1.156
 1.329,-1.166
 1.316,-1.177
 1.342,-1.180
 1.328,-1.212
 1.342,-1.228
 1.328,-1.212
 1.318,-1.251
 1.318,-1.251
 1.327,-1.284
 1.341,-1.297
 1.328,-1.308
 1.317,-1.321
 1.317,-1.321
 1.313,-1.364
 1.330,-1.358
 1.303,-1.355
 1.318,-1.347
 1.308,-1.339
 1.318,-1.347
 1.331,-1.337
 1.316,-1.321
 1.328,-1.308
 1.328,-1.308
 1.315,-1.319
 1.318,-1.299
 1.317,-1.297
 1.332,-1.313
 1.332,-1.313
 1.327,-1.329
 1.318,-1.347
 1.303,-1.355
 1.294,-1.371
 1.307,-1.384
 1.315,-1.390
 1.319,-1.395
 1.303,-1.403
 1.317,-1.417
 1.319,-1.443
 1.304,-1.451
 1.294,-1.467
 1.319,-1.491
 1.296,-1.494
 1.320,-1.494
 1.315,-1.510
 1.317,-1.512
 1.315,-1.510
 1.330,-1.502
 1.342,-1.489
 1.328,-1.475
 1.332,-1.480
 1.366,-1.489
 1.355,-1.478
 1.342,-1.489
 1.328,-1.475
 1.330,-1.478
 1.326,-1.473
 1.329,-1.475
 1.330,-1.478
 1.341,-1.465
 1.359,-1.438
 1.367,-1.419
 1.367,-1.444
 1.354,-1.454
 1.362,-1.460
 1.364,-1.462
 1.339,-1.438
 1.343,-1.443
 1.331,-1.456
 1.366,-1.441
 1.379,-1.430
 1.378,-1.428
 1.390,-1.417
 1.392,-1.396
 1.390,-1.417
 1.394,-1.374
 1.390,-1.369
 1.401,-1.380
 1.403,-1.359
 1.388,-1.343
 1.391,-1.324
 1.365,-1.345
 1.378,-1.335
 1.365,-1.321
 1.363,-1.319
 1.354,-1.287
 1.363,-1.271
 1.391,-1.252
 1.391,-1.252
 1.401,-1.237
 1.391,-1.228
 1.399,-1.211
 1.389,-1.178
 1.402,-1.167
 1.411,-1.152
 1.415,-1.132
 1.412,-1.128
 1.398,-1.115
 1.425,-1.117
 1.387,-1.104
 1.416,-1.087
 1.415,-1.084
 1.416,-1.086
 1.428,-1.074
 1.424,-1.069
 1.402,-1.071
 1.387,-1.056
 1.402,-1.047
 1.417,-1.015
 1.413,-1.011
 1.403,-1.001
 1.388,-0.986
 1.388,-0.987
 1.415,-0.989
 1.401,-0.976
 1.390,-0.965
 1.413,-0.963
 1.390,-0.964
 1.402,-0.952
 1.399,-0.950
 1.402,-0.952
 1.411,-0.937
 1.402,-0.952
 1.403,-0.930
 1.388,-0.915
 1.390,-0.917
 1.411,-0.913
 1.415,-0.917
 1.390,-0.893
 1.388,-0.891
 1.379,-0.905
 1.375,-0.902
 1.390,-0.917
 1.390,-0.893
 1.375,-0.902
 1.390,-0.917
 1.388,-0.915
 1.377,-0.928
 1.376,-0.926
 1.376,-0.926
 1.377,-0.928
 1.401,-0.904
 1.392,-0.919
 1.393,-0.920
 1.390,-0.941
 1.379,-0.953
 1.375,-0.950
 1.389,-0.963
 1.390,-0.964
 1.390,-0.964
 1.394,-0.968
 1.402,-0.952
 1.390,-0.965
 1.402,-0.952
 1.387,-0.937
 1.403,-0.930
 1.400,-0.926
 1.403,-0.930
 1.403,-0.930
 1.400,-0.926
 1.415,-0.941
 1.398,-0.900
 1.390,-0.917
 1.378,-0.905
 1.375,-0.902
 1.377,-0.928
 1.388,-0.939
 1.354,-0.929
 1.354,-0.929
 1.352,-0.903
 1.354,-0.929
 1.363,-0.914
 1.366,-0.916
 1.352,-0.903
 1.350,-0.925
 1.352,-0.951
 1.373,-0.972
 1.377,-0.975
 1.379,-0.953
 1.377,-0.975
 1.353,-0.999
 1.364,-1.010
 1.366,-1.036
 1.377,-1.047
 1.379,-1.049
 1.358,-1.077
 1.366,-1.084
 1.355,-1.121
 1.376,-1.141
 1.338,-1.151
 1.340,-1.178
 1.340,-1.177
 1.357,-1.219
 1.330,-1.217
 1.340,-1.225
 1.342,-1.252
 1.338,-1.271
 1.330,-1.265
 1.342,-1.252
 1.329,-1.286
 1.344,-1.278
 1.352,-1.284
 1.342,-1.300
 1.353,-1.310
 1.341,-1.321
 1.355,-1.337
 1.352,-1.332
 1.342,-1.347
 1.367,-1.324
 1.367,-1.324
 1.382,-1.315
 1.376,-1.308
 1.365,-1.297
 1.379,-1.311
 1.365,-1.297
 1.369,-1.302
 1.377,-1.284
 1.380,-1.313
 1.392,-1.300
 1.375,-1.330
 1.379,-1.311
 1.375,-1.330
 1.352,-1.332
 1.364,-1.319
 1.365,-1.345
 1.381,-1.337
 1.392,-1.348
 1.371,-1.377
 1.367,-1.372
 1.366,-1.393
 1.368,-1.420
 1.364,-1.415
 1.354,-1.406
 1.355,-1.430
 1.354,-1.454
 1.345,-1.470
 1.328,-1.475
 1.354,-1.502
 1.354,-1.502
 1.317,-1.536
 1.319,-1.515
 1.303,-1.523
 1.320,-1.542
 1.317,-1.536
 1.317,-1.536
 1.331,-1.550
 1.329,-1.523
 1.332,-1.529
 1.344,-1.515
 1.331,-1.550
 1.343,-1.539
 1.340,-1.534
 1.344,-1.539
 1.331,-1.550
 1.342,-1.561
 1.319,-1.563
 1.315,-1.558
 1.294,-1.587
 1.294,-1.587
 1.293,-1.608
 1.294,-1.587
 1.278,-1.592
 1.304,-1.595
 1.304,-1.595
 1.304,-1.595
 1.309,-1.579
 1.308,-1.600
 1.309,-1.603
 1.306,-1.574
 1.306,-1.574
 1.294,-1.587
 1.267,-1.581
 1.270,-1.587
 1.283,-1.576
 1.269,-1.563
 1.283,-1.576
 1.304,-1.595
 1.305,-1.595
 1.317,-1.584
 1.331,-1.598
 1.333,-1.625
 1.329,-1.619
 1.321,-1.638
 1.344,-1.635
 1.342,-1.656
 1.369,-1.659
 1.367,-1.633
 1.382,-1.649
 1.380,-1.622
 1.393,-1.636
 1.393,-1.636
 1.365,-1.606
 1.393,-1.636
 1.380,-1.622
 1.393,-1.636
 1.393,-1.636
 1.392,-1.657
 1.393,-1.660
 1.416,-1.657
 1.391,-1.681
 1.405,-1.694
 1.416,-1.705
 1.407,-1.721
 1.416,-1.753
 1.403,-1.739
 1.418,-1.732
 1.428,-1.740
 1.444,-1.735
 1.444,-1.735
 1.432,-1.745
 1.444,-1.735
 1.428,-1.740
 1.430,-1.767
 1.427,-1.763
 1.430,-1.766
 1.419,-1.756
 1.405,-1.742
 1.409,-1.748
 1.405,-1.766
 1.392,-1.777
 1.405,-1.766
 1.403,-1.787
 1.395,-1.783
 1.380,-1.790
 1.405,-1.790
 1.395,-1.782
 1.379,-1.787
 1.369,-1.803
 1.380,-1.766
 1.382,-1.745
 1.371,-1.734
 1.367,-1.729
 1.369,-1.755
 1.356,-1.742
 1.369,-1.707
 1.370,-1.710
 1.355,-1.694
 1.334,-1.675
 1.357,-1.673
 1.344,-1.683
 1.318,-1.680
 1.327,-1.664
 1.317,-1.656
 1.329,-1.643
 1.321,-1.638
 1.319,-1.611
 1.314,-1.627
 1.318,-1.632
 1.304,-1.619
 1.309,-1.603
 1.312,-1.560
 1.286,-1.533
 1.324,-1.547
 1.302,-1.544
 1.286,-1.526
 1.288,-1.505
 1.276,-1.470
 1.295,-1.421
 1.297,-1.400
 1.309,-1.435
 1.305,-1.454
 1.300,-1.470
 1.291,-1.486
 1.290,-1.486
 1.282,-1.456
 1.284,-1.483
 1.305,-1.502
 1.308,-1.507
 1.292,-1.512
 1.294,-1.539
 1.281,-1.525
 1.279,-1.523
 1.309,-1.531
 1.306,-1.525
 1.306,-1.526
 1.319,-1.515
 1.315,-1.510
 1.319,-1.515
 1.304,-1.499
 1.319,-1.515
 1.331,-1.504
 1.341,-1.513
 1.342,-1.513
 1.341,-1.513
 1.343,-1.491
 1.367,-1.491
 1.362,-1.484
 1.353,-1.476
 1.364,-1.462
 1.368,-1.468
 1.369,-1.446
 1.393,-1.446
 1.408,-1.436
 1.390,-1.441
 1.404,-1.455
 1.415,-1.441
 1.400,-1.449
 1.405,-1.433
 1.403,-1.407
 1.380,-1.409
 1.405,-1.385
 1.377,-1.404
 1.405,-1.433
 1.414,-1.417
 1.405,-1.433
 1.394,-1.422
 1.379,-1.430
 1.392,-1.444
 1.377,-1.452
 1.379,-1.478
 1.404,-1.455
 1.390,-1.489
 1.405,-1.481
 1.391,-1.465
 1.393,-1.492
 1.393,-1.492
 1.377,-1.500
 1.406,-1.505
 1.404,-1.502
 1.417,-1.516
 1.417,-1.492
 1.415,-1.489
 1.417,-1.516
 1.402,-1.524
 1.429,-1.527
 1.406,-1.529
 1.402,-1.524
 1.404,-1.550
 1.414,-1.558
 1.404,-1.550
 1.406,-1.529
 1.406,-1.553
 1.396,-1.545
 1.416,-1.537
 1.393,-1.540
 1.382,-1.529
 1.366,-1.537
 1.368,-1.516
 1.379,-1.526
 1.368,-1.516
 1.356,-1.529
 1.355,-1.550
 1.355,-1.550
 1.328,-1.547
 1.345,-1.566
 1.345,-1.566
 1.330,-1.574
 1.332,-1.601
 1.317,-1.632
 1.308,-1.672
 1.294,-1.659
 1.306,-1.693
 1.308,-1.672
 1.293,-1.656
 1.319,-1.659
 1.308,-1.648
 1.305,-1.643
 1.295,-1.635
 1.293,-1.656
 1.308,-1.672
 1.270,-1.659
 1.268,-1.680
 1.283,-1.672
 1.255,-1.666
 1.270,-1.659
 1.268,-1.680
 1.280,-1.666
 1.283,-1.672
 1.279,-1.687
 1.282,-1.693
 1.282,-1.693
 1.268,-1.680
 1.260,-1.675
 1.270,-1.706
 1.261,-1.723
 1.271,-1.731
 1.269,-1.728
 1.282,-1.741
 1.280,-1.738
 1.272,-1.733
 1.296,-1.710
 1.295,-1.731
 1.297,-1.734
 1.318,-1.728
 1.333,-1.721
 1.344,-1.731
 1.331,-1.742
 1.358,-1.745
 1.343,-1.752
 1.358,-1.745
 1.356,-1.742
 1.343,-1.752
 1.369,-1.755
 1.378,-1.739
 1.356,-1.718
 1.369,-1.707
 1.369,-1.707
 1.384,-1.700
 1.405,-1.694
 1.405,-1.694
 1.405,-1.694
 1.403,-1.667
 1.418,-1.660
 1.404,-1.646
 1.395,-1.662
 1.417,-1.636
 1.404,-1.646
 1.417,-1.636
 1.415,-1.609
 1.404,-1.598
 1.415,-1.609
 1.404,-1.598
 1.406,-1.577
 1.404,-1.550
 1.383,-1.532
 1.383,-1.531
 1.367,-1.539
 1.394,-1.542
 1.390,-1.513
 1.379,-1.502
 1.392,-1.468
 1.392,-1.468
 1.392,-1.468
 1.390,-1.441
 1.394,-1.446
 1.405,-1.433
 1.403,-1.455
 1.406,-1.436
 1.403,-1.407
 1.407,-1.412
 1.404,-1.409
 1.378,-1.406
 1.418,-1.374
 1.401,-1.356
 1.429,-1.337
 1.441,-1.324
 1.416,-1.300
 1.406,-1.291
 1.414,-1.274
 1.391,-1.276
 1.378,-1.239
 1.364,-1.226
 1.367,-1.182
 1.339,-1.153
 1.342,-1.110
 1.354,-1.097
 1.327,-1.071
 1.329,-1.049
 1.314,-1.034
 1.316,-1.012
 1.325,-0.973
 1.301,-0.949
 1.292,-0.918
 1.290,-0.892
 1.293,-0.847
 1.268,-0.823
 1.292,-0.822
 1.280,-0.810
 1.264,-0.794
 1.253,-0.784
 1.240,-0.748
 1.228,-0.712
 1.230,-0.690
 1.228,-0.664
 1.229,-0.642
 1.240,-0.605
 1.215,-0.580
 1.266,-0.558
 1.238,-0.531
 1.265,-0.510
 1.265,-0.462
 1.253,-0.449
 1.241,-0.414
 1.226,-0.400
 1.217,-0.414
 1.228,-0.377
 1.228,-0.377
 1.205,-0.354
 1.202,-0.352
 1.205,-0.354
 1.204,-0.377
 1.192,-0.390
 1.166,-0.388
 1.165,-0.387
 1.168,-0.389
 1.154,-0.377
 1.154,-0.377
 1.143,-0.365
 1.128,-0.375
 1.118,-0.389
 1.115,-0.387
 1.117,-0.412
 1.106,-0.401
 1.128,-0.423
 1.108,-0.427
 1.120,-0.414
 1.119,-0.437
 1.107,-0.449
 1.104,-0.447
 1.119,-0.437
 1.092,-0.435
 1.105,-0.424
 1.082,-0.425
 1.092,-0.435
 1.095,-0.414
 1.117,-0.412
 1.105,-0.424
 1.107,-0.401
 1.105,-0.376
 1.132,-0.355
 1.105,-0.328
 1.107,-0.330
 1.131,-0.330
 1.139,-0.291
 1.142,-0.293
 1.142,-0.269
 1.129,-0.257
 1.143,-0.269
 1.140,-0.267
 1.143,-0.269
 1.154,-0.281
 1.154,-0.281
 1.167,-0.294
 1.165,-0.292
 1.156,-0.306
 1.154,-0.329
 1.179,-0.353
 1.168,-0.389
 1.178,-0.400
 1.168,-0.437
 1.166,-0.436
 1.155,-0.472
 1.153,-0.495
 1.140,-0.530
 1.156,-0.522
 1.154,-0.496
 1.157,-0.499
 1.184,-0.500
 1.180,-0.498
 1.181,-0.498
 1.180,-0.497
 1.165,-0.506
 1.192,-0.485
 1.191,-0.460
 1.182,-0.451
 1.194,-0.415
 1.181,-0.426
 1.179,-0.401
 1.190,-0.411
 1.192,-0.390
 1.192,-0.390
 1.205,-0.378
 1.193,-0.367
 1.178,-0.376
 1.179,-0.401
 1.166,-0.388
 1.179,-0.401
 1.167,-0.413
 1.153,-0.447
 1.170,-0.463
 1.155,-0.520
 1.130,-0.544
 1.132,-0.569
 1.117,-0.627
 1.094,-0.676
 1.106,-0.735
 1.083,-0.785
 1.057,-0.831
 1.081,-0.877
 1.071,-0.892
 1.081,-0.877
 1.069,-0.890
 1.057,-0.879
 1.057,-0.877
 1.047,-0.893
 1.056,-0.901
 1.044,-0.912
 1.045,-0.938
 1.056,-0.901
 1.047,-0.893
 1.049,-0.871
 1.060,-0.882
 1.059,-0.881
 1.070,-0.890
 1.070,-0.914
 1.055,-0.875
 1.057,-0.879
 1.072,-0.870
 1.082,-0.855
 1.085,-0.859
 1.082,-0.855
 1.069,-0.866
 1.069,-0.866
 1.043,-0.864
 1.059,-0.881
 1.069,-0.890
 1.046,-0.916
 1.046,-0.916
 1.068,-0.936
 1.094,-0.938
 1.094,-0.938
 1.083,-0.975
 1.083,-0.975
 1.082,-0.997
 1.085,-1.049
 1.095,-1.082
 1.109,-1.143
 1.122,-1.180
 1.107,-1.236
 1.122,-1.276
 1.119,-1.271
 1.133,-1.287
 1.133,-1.287
 1.132,-1.261
 1.147,-1.252
 1.144,-1.248
 1.122,-1.228
 1.134,-1.215
 1.106,-1.210
 1.122,-1.228
 1.130,-1.234
 1.135,-1.265
 1.136,-1.244
 1.122,-1.276
 1.110,-1.289
 1.120,-1.274
 1.107,-1.284
 1.083,-1.260
 1.082,-1.260
 1.061,-1.265
 1.060,-1.238
 1.048,-1.251
 1.035,-1.262
 1.021,-1.271
 1.023,-1.275
 1.044,-1.271
 1.036,-1.264
 1.048,-1.251
 1.047,-1.273
 1.061,-1.289
 1.045,-1.295
 1.047,-1.321
 1.035,-1.334
 1.034,-1.356
 1.048,-1.395
 1.046,-1.390
 1.048,-1.395
 1.061,-1.430
 1.046,-1.438
 1.073,-1.468
 1.059,-1.452
 1.073,-1.468
 1.060,-1.454
 1.059,-1.476
 1.036,-1.478
 1.046,-1.438
 1.061,-1.478
 1.047,-1.465
 1.059,-1.476
 1.050,-1.518
 1.033,-1.521
 1.035,-1.547
 1.048,-1.561
 1.035,-1.595
 1.075,-1.566
 1.074,-1.564
 1.075,-1.591
 1.086,-1.622
 1.073,-1.633
 1.061,-1.646
 1.084,-1.644
 1.074,-1.660
 1.086,-1.670
 1.097,-1.681
 1.111,-1.695
 1.109,-1.716
 1.110,-1.719
 1.122,-1.705
 1.145,-1.703
 1.137,-1.698
 1.145,-1.703
 1.160,-1.719
 1.147,-1.729
 1.145,-1.703
 1.147,-1.730
 1.170,-1.727
 1.160,-1.743
 1.148,-1.756
 1.134,-1.764
 1.125,-1.804
 1.133,-1.809
 1.123,-1.825
 1.111,-1.839
 1.121,-1.870
 1.136,-1.863
 1.121,-1.870
 1.124,-1.876
 1.111,-1.839
 1.135,-1.839
 1.137,-1.818
 1.144,-1.819
 1.149,-1.805
 1.149,-1.804
 1.159,-1.836
 1.147,-1.825
 1.146,-1.846
 1.148,-1.874
 1.136,-1.887
 1.137,-1.914
 1.150,-1.904
 1.136,-1.935
 1.136,-1.935
 1.134,-1.956
 1.133,-1.976
 1.123,-1.969
 1.123,-1.969
 1.100,-1.996
 1.100,-1.996
 1.098,-2.041
 1.087,-2.079
 1.086,-2.099
 1.087,-2.127
 1.112,-2.151
 1.122,-2.182
 1.112,-2.199
 1.122,-2.230
 1.124,-2.233
 1.137,-2.271
 1.149,-2.258
 1.162,-2.248
 1.172,-2.230
 1.162,-2.248
 1.173,-2.258
 1.172,-2.254
 1.162,-2.248
 1.185,-2.244
 1.176,-2.262
 1.162,-2.248
 1.161,-2.268
 1.187,-2.272
 1.173,-2.258
 1.175,-2.237
 1.174,-2.234
 1.160,-2.220
 1.149,-2.234
 1.134,-2.240
 1.124,-2.258
 1.137,-2.247
 1.148,-2.258
 1.152,-2.241
 1.137,-2.247
 1.150,-2.261
 1.150,-2.261
 1.135,-2.264
 1.149,-2.282
 1.123,-2.278
 1.114,-2.275
 1.112,-2.271
 1.113,-2.295
 1.126,-2.285
 1.109,-2.264
 1.112,-2.271
 1.111,-2.243
 1.099,-2.233
 1.127,-2.241
 1.136,-2.196
 1.112,-2.199
 1.110,-2.195
 1.121,-2.202
 1.112,-2.199
 1.110,-2.195
 1.089,-2.202
 1.101,-2.189
 1.100,-2.209
 1.088,-2.223
 1.085,-2.216
 1.101,-2.237
 1.099,-2.233
 1.100,-2.257
 1.101,-2.261
 1.098,-2.254
 1.099,-2.281
 1.111,-2.315
 1.098,-2.301
 1.114,-2.323
 1.123,-2.302
 1.112,-2.316
 1.112,-2.316
 1.112,-2.340
 1.102,-2.333
 1.113,-2.343
 1.103,-2.361
 1.102,-2.381
 1.076,-2.377
 1.051,-2.401
 1.048,-2.393
 1.040,-2.391
 1.064,-2.367
 1.052,-2.377
 1.053,-2.357
 1.075,-2.373
 1.076,-2.353
 1.076,-2.353
 1.076,-2.353
 1.077,-2.357
 1.075,-2.373
 1.090,-2.371
 1.101,-2.377
 1.101,-2.401
 1.089,-2.391
 1.099,-2.373
 1.114,-2.416
 1.088,-2.411
 1.101,-2.401
 1.089,-2.391
 1.112,-2.387
 1.114,-2.367
 1.126,-2.354
 1.125,-2.329
 1.151,-2.333
 1.137,-2.316
 1.152,-2.310
 1.138,-2.295
 1.150,-2.282
 1.163,-2.272
 1.147,-2.274
 1.151,-2.262
 1.151,-2.237
 1.161,-2.244
 1.160,-2.216
 1.184,-2.193
 1.174,-2.162
 1.174,-2.114
 1.176,-2.097
 1.188,-2.083
 1.185,-2.076
 1.174,-2.066
 1.172,-2.062
 1.185,-2.028
 1.161,-2.007
 1.185,-1.980
 1.212,-1.963
 1.199,-1.925
 1.186,-1.911
 1.186,-1.911
 1.207,-1.881
 1.199,-1.877
 1.224,-1.853
 1.198,-1.853
 1.212,-1.819
 1.196,-1.823
 1.210,-1.840
 1.208,-1.813
 1.184,-1.788
 1.199,-1.781
 1.183,-1.740
 1.200,-1.712
 1.185,-1.695
 1.210,-1.672
 1.211,-1.650
 1.233,-1.621
 1.236,-1.627
 1.233,-1.573
 1.234,-1.552
 1.247,-1.517
 1.233,-1.501
 1.223,-1.493
 1.234,-1.504
 1.220,-1.490
 1.209,-1.480
 1.195,-1.466
 1.197,-1.493
 1.194,-1.487
 1.183,-1.549
 1.184,-1.575
 1.196,-1.610
 1.200,-1.618
 1.187,-1.605
 1.197,-1.613
 1.197,-1.661
 1.182,-1.666
 1.197,-1.706
 1.233,-1.693
 1.210,-1.696
 1.222,-1.733
 1.221,-1.754
 1.223,-1.805
 1.222,-1.826
 1.222,-1.874
 1.223,-1.925
 1.220,-1.967
 1.236,-2.008
 1.245,-1.991
 1.223,-2.018
 1.224,-1.997
 1.222,-1.994
 1.224,-1.973
 1.234,-1.981
 1.222,-1.994
 1.224,-2.022
 1.209,-2.028
 1.199,-2.045
 1.198,-2.066
 1.199,-2.093
 1.211,-2.104
 1.209,-2.124
 1.213,-2.155
 1.210,-2.148
 1.212,-2.176
 1.212,-2.176
 1.211,-2.172
 1.225,-2.190
 1.224,-2.162
 1.222,-2.207
 1.210,-2.197
 1.196,-2.179
 1.199,-2.186
 1.200,-2.190
 1.190,-2.159
 1.190,-2.159
 1.198,-2.162
 1.187,-2.152
 1.172,-2.134
 1.174,-2.114
 1.137,-2.103
 1.149,-2.090
 1.139,-2.082
 1.101,-2.069
 1.124,-2.065
 1.112,-2.079
 1.098,-2.062
 1.101,-2.068
 1.088,-2.079
 1.090,-2.106
 1.090,-2.106
 1.074,-2.109
 1.064,-2.103
 1.049,-2.109
 1.051,-2.113
 1.052,-2.068
 1.037,-2.051
 1.040,-2.058
 1.037,-2.051
 1.050,-2.017
 1.027,-2.020
 1.024,-1.965
 1.040,-1.961
 1.050,-1.969
 1.038,-1.958
 1.040,-1.961
 1.037,-1.955
 1.051,-1.924
 1.037,-1.907
 1.038,-1.886
 1.049,-1.897
 1.023,-1.893
 1.038,-1.886
 1.050,-1.873
 1.049,-1.849
 1.040,-1.844
 1.038,-1.838
 1.052,-1.831
 1.038,-1.838
 1.024,-1.824
 1.038,-1.838
 1.036,-1.811
 1.064,-1.793
 1.062,-1.766
 1.062,-1.766
 1.075,-1.756
 1.072,-1.750
 1.087,-1.742
 1.098,-1.705
 1.087,-1.697
 1.113,-1.698
 1.109,-1.716
 1.099,-1.732
 1.109,-1.716
 1.123,-1.729
 1.123,-1.729
 1.146,-1.727
 1.137,-1.698
 1.147,-1.705
 1.160,-1.695
 1.173,-1.709
 1.145,-1.702
 1.137,-1.698
 1.160,-1.695
 1.173,-1.685
 1.197,-1.661
 1.183,-1.644
 1.198,-1.637
 1.196,-1.562
 1.185,-1.551
 1.197,-1.517
 1.207,-1.477
 1.196,-1.421
 1.193,-1.368
 1.207,-1.381
 1.196,-1.325
 1.219,-1.322
 1.224,-1.306
 1.235,-1.292
 1.197,-1.303
 1.233,-1.290
 1.244,-1.299
 1.244,-1.299
 1.244,-1.299
 1.221,-1.301
 1.247,-1.303
 1.219,-1.322
 1.210,-1.340
 1.219,-1.370
 1.207,-1.384
 1.198,-1.399
 1.219,-1.418
 1.236,-1.461
 1.219,-1.490
 1.220,-1.538
 1.208,-1.575
 1.207,-1.597
 1.235,-1.626
 1.244,-1.610
 1.222,-1.661
 1.235,-1.674
 1.232,-1.717
 1.234,-1.744
 1.243,-1.727
 1.247,-1.733
 1.248,-1.760
 1.245,-1.754
 1.236,-1.771
 1.234,-1.792
 1.236,-1.819
 1.236,-1.819
 1.221,-1.826
 1.223,-1.829
 1.221,-1.826
 1.198,-1.829
 1.198,-1.829
 1.206,-1.857
 1.183,-1.860
 1.183,-1.860
 1.210,-1.864
 1.200,-1.832
 1.211,-1.843
 1.226,-1.859
 1.210,-1.863
 1.221,-1.874
 1.196,-1.898
 1.182,-1.881
 1.187,-1.891
 1.185,-1.887
 1.187,-1.915
 1.187,-1.915
 1.172,-1.898
 1.187,-1.915
 1.174,-1.925
 1.164,-1.918
 1.177,-1.883
 1.160,-1.911
 1.146,-1.894
 1.144,-1.891
 1.135,-1.884
 1.162,-1.890
 1.149,-1.853
 1.140,-1.848
 1.126,-1.855
 1.112,-1.887
 1.098,-1.873
 1.095,-1.867
 1.099,-1.852
 1.098,-1.873
 1.087,-1.863
 1.088,-1.890
 1.085,-1.883
 1.100,-1.900
 1.097,-1.894
 1.098,-1.921
 1.113,-1.914
 1.098,-1.921
 1.086,-1.931
 1.109,-1.928
 1.086,-1.931
 1.098,-1.921
 1.087,-1.910
 1.102,-1.907
 1.114,-1.917
 1.101,-1.927
 1.100,-1.948
 1.097,-1.942
 1.075,-1.924
 1.085,-1.907
 1.088,-1.938
 1.075,-1.924
 1.075,-1.924
 1.088,-1.938
 1.098,-1.921
 1.098,-1.921
 1.100,-1.900
 1.098,-1.921
 1.114,-1.917
 1.123,-1.897
 1.123,-1.897
 1.149,-1.901
 1.146,-1.894
 1.149,-1.901
 1.136,-1.887
 1.136,-1.887
 1.148,-1.877
 1.147,-1.873
 1.136,-1.887
 1.136,-1.887
 1.149,-1.901
 1.149,-1.901
 1.135,-1.932
 1.149,-1.949
 1.135,-1.956
 1.148,-1.970
 1.136,-1.983
 1.159,-1.980
 1.162,-2.035
 1.146,-2.062
 1.161,-2.055
 1.149,-2.021
 1.171,-2.038
 1.151,-2.048
 1.161,-2.055
 1.163,-2.035
 1.149,-2.021
 1.148,-2.041
 1.136,-2.055
 1.172,-2.066
 1.149,-2.069
 1.163,-2.083
 1.148,-2.090
 1.175,-2.096
 1.159,-2.100
 1.159,-2.100
 1.149,-2.093
 1.148,-2.089
 1.162,-2.107
 1.173,-2.066
 1.161,-2.079
 1.161,-2.079
 1.159,-2.100
 1.186,-2.104
 1.184,-2.076
 1.185,-2.055
 1.185,-2.055
 1.185,-2.055
 1.187,-2.059
 1.185,-2.055
 1.174,-2.045
 1.174,-2.045
 1.184,-2.028
 1.185,-2.056
 1.197,-2.042
 1.185,-2.055
 1.199,-2.069
 1.184,-2.076
 1.186,-2.104
 1.209,-2.100
 1.173,-2.114
 1.199,-2.141
 1.184,-2.124
 1.186,-2.151
 1.186,-2.152
 1.176,-2.169
 1.176,-2.169
 1.199,-2.165
 1.201,-2.193
 1.184,-2.220
 1.197,-2.210
 1.199,-2.190
 1.196,-2.182
 1.209,-2.196
 1.197,-2.162
 1.211,-2.176
 1.212,-2.155
 1.198,-2.186
 1.225,-2.193
 1.222,-2.186
 1.199,-2.238
 1.198,-2.258
 1.222,-2.282
 1.213,-2.300
 1.223,-2.330
 1.224,-2.358
 1.224,-2.358
 1.211,-2.392
 1.225,-2.406
 1.223,-2.426
 1.225,-2.454
 1.224,-2.478
 1.223,-2.474
 1.213,-2.516
 1.210,-2.508
 1.225,-2.527
 1.238,-2.541
 1.210,-2.556
 1.223,-2.547
 1.223,-2.546
 1.222,-2.567
 1.222,-2.567
 1.220,-2.586
 1.250,-2.599
 1.250,-2.599
 1.253,-2.607
 1.253,-2.607
 1.250,-2.647
 1.275,-2.671
 1.260,-2.701
 1.260,-2.725
 1.274,-2.743
 1.260,-2.725
 1.287,-2.754
 1.285,-2.725
 1.287,-2.730
 1.312,-2.730
 1.299,-2.740
 1.302,-2.748
 1.287,-2.753
 1.289,-2.782
 1.275,-2.768
 1.285,-2.773
 1.287,-2.802
 1.297,-2.759
 1.288,-2.778
 1.288,-2.778
 1.274,-2.763
 1.265,-2.782
 1.274,-2.763
 1.263,-2.754
 1.251,-2.767
 1.275,-2.739
 1.264,-2.734
 1.250,-2.715
 1.251,-2.696
 1.249,-2.667
 1.211,-2.629
 1.201,-2.623
 1.211,-2.581
 1.211,-2.533
 1.213,-2.489
 1.212,-2.440
 1.214,-2.420
 1.212,-2.392
 1.190,-2.375
 1.202,-2.386
 1.175,-2.382
 1.176,-2.382
 1.172,-2.374
 1.161,-2.364
 1.151,-2.357
 1.160,-2.340
 1.152,-2.337
 1.174,-2.306
 1.150,-2.309
 1.175,-2.286
 1.174,-2.306
 1.163,-2.299
 1.149,-2.282
 1.150,-2.309
 1.150,-2.309
 1.149,-2.281
 1.164,-2.275
 1.137,-2.271
 1.126,-2.261
 1.139,-2.251
 1.124,-2.233
 1.114,-2.227
 1.111,-2.219
 1.126,-2.213
 1.126,-2.213
 1.136,-2.196
 1.137,-2.175
 1.135,-2.148
 1.148,-2.138
 1.137,-2.127
 1.135,-2.124
 1.152,-2.121
 1.135,-2.100
 1.123,-2.113
 1.150,-2.117
 1.159,-2.100
 1.162,-2.107
 1.174,-2.045
 1.162,-2.059
 1.187,-2.059
 1.173,-2.066
 1.185,-2.056
 1.208,-2.052
 1.197,-2.042
 1.223,-2.022
 1.210,-1.984
 1.213,-1.990
 1.236,-1.987
 1.259,-1.984
 1.259,-1.984
 1.257,-1.957
 1.261,-1.963
 1.284,-1.912
 1.285,-1.939
 1.297,-1.926
 1.282,-1.933
 1.297,-1.926
 1.295,-1.923
 1.298,-1.929
 1.297,-1.926
 1.307,-1.909
 1.310,-1.916
 1.308,-1.888
 1.310,-1.916
 1.346,-1.902
 1.319,-1.899
 1.311,-1.919
 1.310,-1.916
 1.310,-1.916
 1.308,-1.912
 1.318,-1.920
 1.333,-1.913
 1.331,-1.885
 1.333,-1.913
 1.344,-1.923
 1.331,-1.909
 1.359,-1.940
 1.345,-1.926
 1.349,-1.933
 1.373,-1.954
 1.346,-1.950
 1.348,-1.978
 1.343,-1.992
 1.344,-1.995
 1.333,-1.985
 1.320,-1.995
 1.323,-2.002
 1.309,-1.984
 1.321,-1.974
 1.310,-2.012
 1.308,-2.008
 1.312,-1.991
 1.309,-1.985
 1.286,-1.988
 1.285,-1.988
 1.284,-1.960
 1.276,-1.956
 1.259,-1.984
 1.259,-1.984
 1.243,-1.988
 1.242,-2.008
 1.233,-1.981
 1.246,-1.970
 1.225,-1.977
 1.249,-2.001
 1.246,-2.018
 1.246,-2.018
 1.233,-2.029
 1.221,-2.042
 1.236,-2.035
 1.223,-2.021
 1.211,-2.035
 1.220,-2.015
 1.197,-2.042
 1.198,-2.045
 1.198,-2.045
 1.201,-2.052
 1.187,-2.035
 1.187,-2.035
 1.199,-2.024
 1.185,-2.055
 1.185,-2.055
 1.184,-2.028
 1.186,-2.032
 1.198,-2.045
 1.174,-2.045
 1.187,-2.035
 1.197,-2.042
 1.199,-2.070
 1.199,-2.069
 1.185,-2.056
 1.187,-2.059
 1.184,-2.076
 1.199,-2.069
 1.199,-2.069
 1.196,-2.063
 1.187,-2.083
 1.185,-2.055
 1.199,-2.069
 1.187,-2.083
 1.210,-2.080
 1.199,-2.069
 1.210,-2.080
 1.198,-2.093
 1.198,-2.093
 1.221,-2.090
 1.223,-2.118
 1.233,-2.125
 1.237,-2.131
 1.235,-2.104
 1.233,-2.125
 1.223,-2.118
 1.234,-2.125
 1.223,-2.118
 1.263,-2.135
 1.237,-2.131
 1.252,-2.125
 1.260,-2.128
 1.260,-2.128
 1.271,-2.139
 1.258,-2.149
 1.273,-2.166
 1.271,-2.139
 1.286,-2.156
 1.299,-2.170
 1.296,-2.163
 1.286,-2.180
 1.309,-2.201
 1.298,-2.190
 1.311,-2.204
 1.309,-2.201
 1.311,-2.204
 1.308,-2.197
 1.297,-2.214
 1.286,-2.204
 1.309,-2.201
 1.300,-2.218
 1.284,-2.224
 1.286,-2.252
 1.286,-2.252
 1.285,-2.272
 1.275,-2.290
 1.272,-2.283
 1.261,-2.300
 1.273,-2.286
 1.283,-2.293
 1.286,-2.300
 1.308,-2.269
 1.283,-2.293
 1.285,-2.273
 1.283,-2.293
 1.275,-2.290
 1.286,-2.252
 1.276,-2.245
 1.252,-2.245
 1.272,-2.235
 1.275,-2.242
 1.258,-2.221
 1.260,-2.224
 1.273,-2.214
 1.273,-2.214
 1.275,-2.194
 1.236,-2.200
 1.235,-2.200
 1.248,-2.190
 1.271,-2.187
 1.261,-2.180
 1.260,-2.176
 1.237,-2.204
 1.248,-2.190
 1.222,-2.186
 1.225,-2.193
 1.235,-2.200
 1.224,-2.214
 1.224,-2.214
 1.211,-2.224
 1.212,-2.228
 1.209,-2.196
 1.212,-2.204
 1.212,-2.203
 1.222,-2.186
 1.224,-2.190
 1.222,-2.186
 1.223,-2.166
 1.212,-2.155
 1.209,-2.148
 1.212,-2.155
 1.207,-2.169
 1.211,-2.176
 1.211,-2.176
 1.211,-2.176
 1.202,-2.173
 1.201,-2.145
 1.214,-2.183
 1.212,-2.203
 1.209,-2.196
 1.224,-2.214
 1.209,-2.196
 1.188,-2.227
 1.199,-2.238
 1.211,-2.224
 1.188,-2.227
 1.211,-2.224
 1.188,-2.227
 1.176,-2.241
 1.186,-2.248
 1.201,-2.265
 1.211,-2.272
 1.199,-2.286
 1.199,-2.286
 1.211,-2.296
 1.213,-2.300
 1.210,-2.296
 1.201,-2.313
 1.199,-2.334
 1.198,-2.354
 1.201,-2.362
 1.198,-2.354
 1.213,-2.348
 1.213,-2.348
 1.210,-2.340
 1.224,-2.358
 1.235,-2.365
 1.212,-2.368
 1.212,-2.368
 1.208,-2.361
 1.212,-2.368
 1.198,-2.354
 1.215,-2.376
 1.215,-2.376
 1.176,-2.385
 1.190,-2.400
 1.198,-2.402
 1.174,-2.426
 1.187,-2.440
 1.174,-2.426
 1.177,-2.434
 1.187,-2.440
 1.189,-2.420
 1.187,-2.440
 1.187,-2.440
 1.177,-2.434
 1.185,-2.412
 1.186,-2.416
 1.213,-2.420
 1.199,-2.450
 1.188,-2.444
 1.198,-2.450
 1.211,-2.440
 1.200,-2.430
 1.187,-2.464
 1.202,-2.458
 1.212,-2.464
 1.187,-2.464
 1.200,-2.478
 1.212,-2.488
 1.227,-2.483
 1.211,-2.488
 1.225,-2.503
 1.225,-2.503
 1.224,-2.523
 1.237,-2.537
 1.222,-2.543
 1.225,-2.551
 1.213,-2.516
 1.213,-2.516
 1.205,-2.514
 1.214,-2.492
 1.202,-2.506
 1.213,-2.516
 1.197,-2.518
 1.164,-2.516
 1.187,-2.512
 1.189,-2.516
 1.202,-2.506
 1.187,-2.512
 1.201,-2.575
 1.199,-2.546
 1.200,-2.527
 1.200,-2.526
 1.199,-2.546
 1.189,-2.540
 1.199,-2.546
 1.200,-2.550
 1.212,-2.536
 1.199,-2.546
 1.200,-2.526
 1.188,-2.536
 1.202,-2.554
 1.189,-2.540
 1.188,-2.536
 1.189,-2.540
 1.185,-2.532
 1.189,-2.540
 1.176,-2.550
 1.188,-2.536
 1.189,-2.540
 1.174,-2.522
 1.174,-2.522
 1.199,-2.546
 1.187,-2.536
 1.200,-2.526
 1.200,-2.526
 1.203,-2.534
 1.190,-2.520
 1.212,-2.536
 1.200,-2.526
 1.209,-2.528
 1.187,-2.512
 1.200,-2.502
 1.211,-2.488
 1.227,-2.482
 1.236,-2.464
 1.238,-2.493
 1.224,-2.478
 1.211,-2.440
 1.238,-2.444
 1.236,-2.416
 1.226,-2.410
