 1.656,-2.965
 1.689,-2.973
 1.716,-2.981
 1.743,-2.952
 1.753,-2.945
 1.791,-2.945
 1.822,-2.917
 1.837,-2.880
 1.865,-2.855
 1.892,-2.826
 1.931,-2.811
 1.946,-2.787
 1.948,-2.772
 1.964,-2.769
 1.962,-2.747
 2.012,-2.725
 2.035,-2.690
 2.049,-2.653
 2.067,-2.598
 2.085,-2.544
 2.098,-2.521
 2.105,-2.492
 2.124,-2.474
 2.122,-2.453
 2.122,-2.399
 2.132,-2.391
 2.146,-2.367
 2.186,-2.353
 2.206,-2.337
 2.246,-2.304
 2.267,-2.289
 2.281,-2.265
 2.318,-2.266
 2.332,-2.242
 2.375,-2.211
 2.417,-2.144
 2.441,-2.095
 2.492,-2.018
 2.513,-1.930
 2.523,-1.886
 2.565,-1.854
 2.589,-1.806
 2.634,-1.777
 2.642,-1.766
 2.629,-1.772
 2.634,-1.760
 2.658,-1.711
 2.682,-1.698
 2.679,-1.677
 2.669,-1.685
 2.676,-1.673
 2.676,-1.692
 2.652,-1.704
 2.655,-1.726
 2.634,-1.759
 2.631,-1.774
 2.613,-1.830
 2.589,-1.878
 2.567,-1.876
 2.549,-1.930
 2.543,-1.979
 2.528,-2.018
 2.496,-2.059
 2.487,-2.106
 2.468,-2.142
 2.469,-2.160
 2.454,-2.217
 2.461,-2.243
 2.438,-2.256
 2.429,-2.303
 2.440,-2.331
 2.429,-2.357
 2.440,-2.386
 2.465,-2.409
 2.475,-2.438
 2.465,-2.464
 2.460,-2.494
 2.467,-2.539
 2.480,-2.553
 2.470,-2.597
 2.481,-2.626
 2.489,-2.652
 2.510,-2.692
 2.516,-2.769
 2.524,-2.794
 2.524,-2.795
 2.530,-2.817
 2.532,-2.857
 2.541,-2.882
 2.560,-2.901
 2.613,-2.937
 2.613,-2.953
 2.651,-2.989
 2.659,-2.997
 2.696,-2.997
 2.718,-3.001
 2.707,-2.990
 2.718,-3.001
 2.715,-2.961
 2.699,-2.928
 2.704,-2.898
 2.650,-2.844
 2.623,-2.818
 2.592,-2.768
 2.517,-2.731
 2.516,-2.678
 2.508,-2.634
 2.486,-2.578
 2.472,-2.527
 2.432,-2.469
 2.386,-2.388
 2.352,-2.299
 2.314,-2.226
 2.283,-2.104
 2.260,-2.010
 2.258,-1.919
 2.209,-1.871
 2.204,-1.848
 2.255,-1.825
 2.271,-1.805
 2.321,-1.781
 2.325,-1.821
 2.310,-1.860
 2.311,-1.843
 2.289,-1.858
 2.314,-1.865
 2.327,-1.914
 2.332,-1.901
 2.324,-1.856
 2.339,-1.835
 2.368,-1.845
 2.375,-1.889
 2.421,-1.933
 2.456,-1.950
 2.494,-1.986
 2.505,-2.015
 2.492,-2.056
 2.500,-2.119
 2.500,-2.192
 2.506,-2.251
 2.516,-2.280
 2.512,-2.347
 2.502,-2.446
 2.497,-2.531
 2.510,-2.617
 2.518,-2.681
 2.524,-2.758
 2.522,-2.849
 2.528,-2.944
 2.534,-3.021
 2.556,-3.097
 2.540,-3.170
 2.540,-3.243
 2.549,-3.268
 2.570,-3.290
 2.583,-3.287
 2.588,-3.272
 2.602,-3.269
 2.612,-3.222
 2.623,-3.196
 2.631,-3.153
 2.609,-3.149
 2.612,-3.135
 2.609,-3.076
 2.576,-3.047
 2.587,-3.039
 2.569,-3.054
 2.557,-3.046
 2.547,-3.053
 2.547,-3.053
 2.517,-3.060
 2.485,-3.064
 2.470,-3.104
 2.435,-3.104
 2.411,-3.082
 2.400,-3.092
 2.357,-3.085
 2.330,-3.113
 2.322,-3.142
 2.312,-3.168
 2.301,-3.193
 2.296,-3.204
 2.301,-3.193
 2.336,-3.190
 2.323,-3.193
 2.326,-3.197
 2.336,-3.153
 2.343,-3.128
 2.351,-3.099
 2.332,-3.062
 2.345,-3.022
 2.301,-3.029
 2.309,-3.037
 2.334,-3.023
 2.325,-2.997
 2.330,-3.004
 2.323,-3.012
 2.328,-3.019
 2.346,-2.964
 2.359,-2.924
 2.369,-2.917
 2.383,-2.892
 2.377,-2.906
 2.383,-2.892
 2.406,-2.881
 2.428,-2.830
 2.433,-2.815
 2.443,-2.808
 2.447,-2.827
 2.450,-2.864
 2.448,-2.879
 2.479,-2.875
 2.481,-2.900
 2.497,-2.933
 2.490,-2.962
 2.513,-2.951
 2.490,-2.962
 2.482,-2.991
 2.483,-3.006
 2.474,-3.017
 2.490,-2.998
 2.493,-2.999
 2.498,-3.060
 2.495,-3.075
 2.498,-3.078
 2.509,-3.071
 2.514,-3.057
 2.527,-3.053
 2.533,-3.039
 2.533,-3.021
 2.562,-2.959
 2.570,-2.912
 2.572,-2.897
 2.604,-2.854
 2.634,-2.811
 2.642,-2.800
 2.628,-2.768
 2.657,-2.763
 2.668,-2.737
 2.682,-2.733
 2.654,-2.725
 2.657,-2.726
 2.660,-2.730
 2.644,-2.712
 2.634,-2.720
 2.623,-2.709
 2.613,-2.698
 2.617,-2.723
 2.606,-2.712
 2.610,-2.715
 2.612,-2.700
 2.591,-2.697
 2.577,-2.721
 2.582,-2.707
 2.572,-2.715
 2.559,-2.701
 2.548,-2.690
 2.553,-2.697
 2.543,-2.704
 2.516,-2.714
 2.516,-2.714
 2.490,-2.741
 2.514,-2.748
 2.524,-2.758
 2.519,-2.754
 2.516,-2.751
 2.490,-2.741
 2.481,-2.736
 2.479,-2.714
 2.468,-2.721
 2.471,-2.707
 2.476,-2.674
 2.463,-2.663
 2.460,-2.678
 2.463,-2.699
 2.471,-2.707
 2.447,-2.718
 2.463,-2.735
 2.477,-2.747
 2.461,-2.787
 2.485,-2.791
 2.493,-2.799
 2.499,-2.787
 2.496,-2.802
 2.509,-2.816
 2.507,-2.831
 2.502,-2.861
 2.499,-2.860
 2.501,-2.863
 2.504,-2.867
 2.493,-2.892
 2.467,-2.918
 2.460,-2.948
 2.446,-2.951
 2.417,-2.961
 2.398,-2.979
 2.372,-3.005
 2.342,-2.997
 2.321,-2.993
 2.289,-3.015
 2.279,-3.041
 2.250,-3.011
 2.240,-3.007
 2.238,-3.022
 2.209,-3.011
 2.207,-2.989
 2.178,-2.978
 2.192,-2.977
 2.173,-2.995
 2.176,-3.017
 2.165,-3.043
 2.153,-3.065
 2.147,-3.097
 2.134,-3.083
 2.134,-3.083
 2.118,-3.068
 2.116,-3.046
 2.112,-3.046
 2.127,-3.057
 2.116,-3.083
 2.087,-3.072
 2.077,-3.061
 2.089,-3.093
 2.077,-3.097
 2.068,-3.108
 2.049,-3.089
 2.048,-3.104
 2.043,-3.104
 2.031,-3.089
 2.014,-3.074
 2.004,-3.082
 2.002,-3.060
 2.006,-3.067
 2.002,-3.060
 2.002,-3.060
 2.008,-3.064
 1.999,-3.038
 2.007,-3.016
 1.995,-3.001
 1.986,-3.012
 2.005,-2.994
 1.995,-2.965
 2.026,-2.961
 2.038,-2.915
 2.049,-2.889
 2.051,-2.874
 2.059,-2.845
 2.054,-2.826
 2.079,-2.812
 2.075,-2.806
 2.094,-2.788
 2.079,-2.789
 2.075,-2.770
 2.093,-2.751
 2.085,-2.708
 2.089,-2.678
 2.087,-2.638
 2.081,-2.633
 2.105,-2.601
 2.089,-2.623
 2.099,-2.615
 2.110,-2.590
 2.108,-2.573
 2.122,-2.549
 2.124,-2.533
 2.130,-2.520
 2.112,-2.515
 2.118,-2.502
 2.139,-2.483
 2.122,-2.468
 2.135,-2.445
 2.139,-2.414
 2.166,-2.408
 2.163,-2.387
 2.184,-2.390
 2.211,-2.416
 2.207,-2.446
 2.217,-2.475
 2.231,-2.451
 2.236,-2.439
 2.241,-2.445
 2.254,-2.439
 2.276,-2.479
 2.299,-2.481
 2.286,-2.503
 2.278,-2.514
 2.280,-2.499
 2.305,-2.526
 2.311,-2.531
 2.314,-2.516
 2.305,-2.526
 2.296,-2.550
 2.307,-2.561
 2.296,-2.550
 2.282,-2.538
 2.285,-2.541
 2.274,-2.530
 2.278,-2.536
 2.249,-2.526
 2.251,-2.529
 2.224,-2.539
 2.220,-2.533
 2.212,-2.525
 2.197,-2.509
 2.189,-2.501
 2.180,-2.511
 2.186,-2.516
 2.182,-2.533
 2.165,-2.531
 2.145,-2.546
 2.151,-2.555
 2.153,-2.540
 2.139,-2.564
 2.142,-2.565
 2.118,-2.579
 2.110,-2.589
 2.114,-2.591
 2.114,-2.609
 2.091,-2.621
 2.067,-2.635
 2.077,-2.645
 2.058,-2.627
 2.054,-2.644
 2.050,-2.656
 2.040,-2.681
 2.021,-2.699
 2.017,-2.711
 2.020,-2.751
 2.011,-2.761
 2.013,-2.783
 2.017,-2.789
 2.025,-2.797
 2.023,-2.812
 2.026,-2.828
 2.018,-2.857
 2.021,-2.845
 2.038,-2.860
 2.042,-2.867
 2.052,-2.859
 2.055,-2.881
 2.042,-2.885
 2.051,-2.911
 2.069,-2.911
 2.078,-2.900
 2.090,-2.896
 2.090,-2.915
 2.086,-2.908
 2.091,-2.933
 2.095,-2.933
 2.095,-2.933
 2.078,-2.937
 2.105,-2.944
 2.101,-2.944
 2.097,-2.919
 2.099,-2.922
 2.099,-2.940
 2.086,-2.926
 2.091,-2.933
 2.078,-2.918
 2.080,-2.922
 2.066,-2.922
 2.064,-2.937
 2.062,-2.922
 2.062,-2.922
 2.062,-2.922
 2.063,-2.907
 2.045,-2.888
 2.055,-2.899
 2.059,-2.900
 2.059,-2.900
 2.047,-2.886
 2.037,-2.875
 2.041,-2.900
 2.029,-2.904
 2.026,-2.888
 2.036,-2.881
 2.024,-2.885
 2.043,-2.885
 2.018,-2.875
 2.022,-2.882
 2.012,-2.871
 2.018,-2.875
 2.024,-2.867
 2.014,-2.856
 2.007,-2.852
 2.007,-2.870
 2.004,-2.863
 2.006,-2.867
 2.001,-2.842
 1.995,-2.856
 1.997,-2.859
 2.012,-2.853
 2.016,-2.859
 2.000,-2.857
 2.000,-2.857
 2.003,-2.827
 2.003,-2.827
 1.999,-2.844
 2.006,-2.830
 1.989,-2.833
 1.979,-2.859
 1.975,-2.852
 1.987,-2.848
 1.956,-2.816
 1.950,-2.830
 1.966,-2.845
 1.946,-2.841
 1.931,-2.866
 1.939,-2.873
 1.924,-2.898
 1.923,-2.913
 1.911,-2.935
 1.913,-2.957
 1.878,-2.972
 1.872,-2.986
 1.884,-3.001
 1.855,-2.990
 1.867,-3.004
 1.855,-2.989
 1.828,-3.018
 1.818,-3.026
 1.808,-3.033
 1.809,-3.018
 1.789,-3.014
 1.781,-3.007
 1.782,-2.992
 1.779,-2.985
 1.779,-3.004
 1.767,-2.971
 1.783,-2.974
 1.774,-2.948
 1.764,-2.956
 1.767,-2.963
 1.764,-2.956
 1.747,-2.959
 1.755,-2.967
 1.732,-2.974
 1.726,-2.992
 1.733,-2.996
 1.718,-3.003
 1.718,-3.021
 1.714,-3.032
 1.708,-3.046
 1.704,-3.057
 1.694,-3.065
 1.687,-3.061
 1.696,-3.087
 1.689,-3.083
 1.679,-3.090
 1.698,-3.108
 1.690,-3.101
 1.707,-3.097
 1.708,-3.119
 1.695,-3.119
 1.697,-3.105
 1.688,-3.079
 1.696,-3.068
 1.690,-3.047
 1.679,-3.035
 1.681,-3.057
 1.678,-3.050
 1.676,-3.065
 1.672,-3.068
 1.679,-3.072
 1.681,-3.094
 1.683,-3.079
 1.690,-3.046
 1.691,-3.050
 1.688,-3.061
 1.678,-3.086
 1.669,-3.097
 1.676,-3.101
 1.671,-3.119
 1.686,-3.130
 1.659,-3.159
 1.679,-3.163
 1.669,-3.170
 1.673,-3.177
 1.661,-3.199
 1.661,-3.217
 1.661,-3.217
 1.658,-3.210
 1.681,-3.221
 1.678,-3.214
 1.690,-3.265
 1.699,-3.254
 1.699,-3.254
 1.721,-3.244
 1.722,-3.236
 1.706,-3.258
 1.727,-3.266
 1.724,-3.294
 1.733,-3.338
 1.758,-3.324
 1.792,-3.328
 1.784,-3.339
 1.796,-3.372
 1.787,-3.383
 1.803,-3.394
 1.813,-3.423
 1.811,-3.401
 1.816,-3.401
 1.818,-3.405
 1.807,-3.393
 1.792,-3.419
 1.813,-3.423
 1.820,-3.445
 1.832,-3.442
 1.828,-3.434
 1.830,-3.438
 1.830,-3.420
 1.828,-3.434
 1.822,-3.449
 1.828,-3.434
 1.829,-3.452
 1.820,-3.427
 1.801,-3.408
 1.813,-3.405
 1.811,-3.383
 1.801,-3.372
 1.793,-3.365
 1.780,-3.368
 1.791,-3.379
 1.769,-3.389
 1.772,-3.397
 1.776,-3.368
 1.774,-3.346
 1.758,-3.372
 1.757,-3.349
 1.760,-3.357
 1.758,-3.372
 1.745,-3.371
 1.765,-3.339
 1.761,-3.313
 1.745,-3.298
 1.738,-3.295
 1.734,-3.324
 1.734,-3.324
 1.741,-3.291
 1.743,-3.276
 1.753,-3.251
 1.744,-3.225
 1.758,-3.226
 1.764,-3.193
 1.755,-3.200
 1.764,-3.193
 1.769,-3.193
 1.782,-3.189
 1.771,-3.160
 1.791,-3.146
 1.790,-3.142
 1.788,-3.138
 1.788,-3.157
 1.817,-3.131
 1.819,-3.117
 1.831,-3.113
 1.831,-3.077
 1.853,-3.048
 1.850,-3.040
 1.849,-3.022
 1.841,-3.015
 1.836,-3.022
 1.837,-3.008
 1.843,-2.993
 1.837,-3.008
 1.830,-3.004
 1.820,-3.011
 1.822,-2.996
 1.808,-2.978
 1.829,-2.964
 1.810,-2.945
 1.818,-2.953
 1.810,-2.964
 1.827,-2.942
 1.822,-2.960
 1.805,-2.963
 1.812,-2.967
 1.822,-2.996
 1.825,-3.011
 1.817,-3.040
 1.805,-3.044
 1.803,-3.023
 1.829,-3.019
 1.822,-3.014
 1.825,-2.985
 1.852,-2.992
 1.851,-2.971
 1.834,-2.974
 1.839,-2.956
 1.830,-2.967
 1.828,-2.946
 1.841,-2.935
 1.835,-2.913
 1.831,-2.906
 1.833,-2.892
 1.845,-2.851
 1.845,-2.815
 1.831,-2.788
 1.859,-2.759
 1.848,-2.749
 1.850,-2.770
 1.848,-2.785
 1.840,-2.796
 1.834,-2.804
 1.847,-2.800
 1.847,-2.800
 1.845,-2.815
 1.855,-2.844
 1.843,-2.830
 1.848,-2.822
 1.852,-2.828
 1.848,-2.822
 1.850,-2.807
 1.857,-2.811
 1.830,-2.803
 1.839,-2.829
 1.825,-2.848
 1.810,-2.873
 1.826,-2.888
 1.820,-2.902
 1.821,-2.905
 1.830,-2.931
 1.822,-2.960
 1.799,-2.953
 1.783,-2.974
 1.803,-2.996
 1.788,-3.011
 1.809,-3.018
 1.818,-3.044
 1.810,-3.055
 1.808,-3.069
 1.796,-3.091
 1.809,-3.088
 1.796,-3.091
 1.812,-3.095
 1.813,-3.099
 1.812,-3.113
 1.816,-3.139
 1.810,-3.164
 1.800,-3.171
 1.819,-3.153
 1.809,-3.179
 1.802,-3.193
 1.798,-3.149
 1.812,-3.131
 1.812,-3.131
 1.802,-3.138
 1.795,-3.153
 1.792,-3.164
 1.782,-3.189
 1.790,-3.197
 1.798,-3.186
 1.793,-3.204
 1.781,-3.189
 1.755,-3.200
 1.766,-3.215
 1.754,-3.218
 1.763,-3.226
 1.751,-3.247
 1.747,-3.251
 1.749,-3.273
 1.746,-3.302
 1.748,-3.306
 1.746,-3.284
 1.729,-3.306
 1.734,-3.324
 1.740,-3.342
 1.753,-3.342
 1.762,-3.331
 1.765,-3.357
 1.776,-3.405
 1.774,-3.419
 1.785,-3.430
 1.772,-3.433
 1.775,-3.437
 1.785,-3.448
 1.773,-3.470
 1.784,-3.463
 1.783,-3.444
 1.793,-3.456
 1.785,-3.449
 1.783,-3.463
 1.795,-3.478
 1.773,-3.488
 1.773,-3.525
 1.775,-3.510
 1.767,-3.503
 1.779,-3.500
 1.765,-3.517
 1.765,-3.517
 1.777,-3.478
 1.758,-3.496
 1.748,-3.521
 1.753,-3.538
 1.746,-3.535
 1.755,-3.543
 1.747,-3.553
 1.750,-3.562
 1.728,-3.553
 1.721,-3.569
 1.721,-3.568
 1.718,-3.560
 1.699,-3.542
 1.689,-3.512
 1.690,-3.498
 1.680,-3.487
 1.661,-3.469
 1.666,-3.462
 1.664,-3.440
 1.676,-3.401
 1.690,-3.389
 1.665,-3.392
 1.661,-3.396
 1.681,-3.400
 1.674,-3.378
 1.684,-3.335
 1.681,-3.327
 1.711,-3.306
 1.718,-3.291
 1.711,-3.306
 1.709,-3.302
 1.696,-3.301
 1.710,-3.284
 1.727,-3.280
 1.718,-3.291
 1.728,-3.284
 1.745,-3.244
 1.757,-3.204
 1.755,-3.182
 1.758,-3.171
 1.766,-3.160
 1.765,-3.138
 1.802,-3.102
 1.807,-3.048
 1.808,-2.997
 1.816,-2.931
 1.843,-2.866
 1.848,-2.822
 1.858,-2.741
 1.851,-2.682
 1.861,-2.620
 1.866,-2.584
 1.859,-2.525
 1.867,-2.442
 1.879,-2.419
 1.885,-2.405
 1.909,-2.371
 1.921,-2.367
 1.928,-2.353
 1.909,-2.371
 1.918,-2.361
 1.916,-2.340
 1.930,-2.356
 1.934,-2.358
 1.946,-2.372
 1.956,-2.364
 1.946,-2.371
 1.959,-2.367
 1.967,-2.338
 1.973,-2.328
 1.981,-2.318
 1.987,-2.305
 1.989,-2.289
 1.983,-2.263
 2.004,-2.229
 2.005,-2.214
 1.993,-2.182
 1.999,-2.154
 1.988,-2.107
 1.979,-2.081
 2.006,-2.052
 1.998,-2.024
 2.007,-2.014
 2.008,-1.962
 2.033,-1.933
 2.072,-1.917
 2.059,-1.886
 2.072,-1.881
 2.087,-1.858
 2.087,-1.858
 2.116,-1.851
 2.116,-1.850
 2.126,-1.843
 2.140,-1.820
 2.122,-1.838
 2.140,-1.820
 2.130,-1.828
 2.153,-1.851
 2.143,-1.877
 2.153,-1.905
 2.164,-1.916
 2.162,-1.931
 2.164,-1.970
 2.170,-1.976
 2.164,-1.989
 2.162,-2.023
 2.162,-2.059
 2.202,-2.080
 2.191,-2.122
 2.175,-2.160
 2.206,-2.192
 2.209,-2.213
 2.215,-2.239
 2.232,-2.236
 2.230,-2.288
 2.248,-2.325
 2.246,-2.340
 2.270,-2.365
 2.255,-2.366
 2.264,-2.392
 2.266,-2.414
 2.266,-2.414
 2.281,-2.412
 2.266,-2.414
 2.262,-2.430
 2.247,-2.413
 2.243,-2.426
 2.210,-2.431
 2.195,-2.415
 2.191,-2.413
 2.191,-2.376
 2.195,-2.346
 2.172,-2.343
 2.164,-2.350
 2.145,-2.350
 2.132,-2.337
 2.118,-2.357
 2.130,-2.370
 2.132,-2.337
 2.130,-2.337
 2.122,-2.329
 2.120,-2.345
 2.103,-2.348
 2.116,-2.339
 2.097,-2.357
 2.105,-2.365
 2.093,-2.352
 2.099,-2.379
 2.116,-2.376
 2.099,-2.415
 2.089,-2.422
 2.097,-2.430
 2.081,-2.433
 2.077,-2.427
 2.089,-2.441
 2.100,-2.451
 2.085,-2.471
 2.089,-2.477
 2.096,-2.482
 2.089,-2.477
 2.100,-2.488
 2.087,-2.474
 2.100,-2.470
 2.106,-2.456
 2.098,-2.467
 2.104,-2.489
 2.093,-2.479
 2.100,-2.451
 2.098,-2.467
 2.110,-2.480
 2.112,-2.465
 2.110,-2.480
 2.093,-2.483
 2.097,-2.485
 2.089,-2.477
 2.108,-2.459
 2.098,-2.467
 2.108,-2.459
 2.105,-2.456
 2.100,-2.451
 2.119,-2.470
 2.114,-2.464
 2.119,-2.470
 2.133,-2.446
 2.133,-2.446
 2.124,-2.420
 2.135,-2.394
 2.137,-2.379
 2.124,-2.365
 2.135,-2.358
 2.145,-2.332
 2.153,-2.321
 2.166,-2.335
 2.143,-2.311
 2.158,-2.327
 2.147,-2.317
 2.139,-2.342
 2.141,-2.326
 2.151,-2.319
 2.147,-2.317
 2.149,-2.338
 2.137,-2.342
 2.149,-2.374
 2.153,-2.376
 2.137,-2.379
 2.147,-2.389
 2.143,-2.384
 2.156,-2.379
 2.152,-2.373
 2.164,-2.387
 2.164,-2.405
 2.164,-2.405
 2.156,-2.397
 2.160,-2.381
 2.153,-2.376
 2.166,-2.371
 2.156,-2.379
 2.158,-2.382
 2.170,-2.373
 2.162,-2.366
 2.164,-2.387
 2.171,-2.392
 2.166,-2.408
 2.160,-2.417
 2.164,-2.423
 2.164,-2.423
 2.162,-2.438
 2.166,-2.444
 2.162,-2.438
 2.154,-2.467
 2.156,-2.470
 2.154,-2.485
 2.148,-2.499
 2.154,-2.485
 2.148,-2.499
 2.148,-2.499
 2.148,-2.499
 2.148,-2.499
 2.115,-2.500
 2.127,-2.532
 2.125,-2.529
 2.123,-2.526
 2.136,-2.540
 2.125,-2.547
 2.119,-2.579
 2.137,-2.579
 2.117,-2.594
 2.138,-2.598
 2.133,-2.609
 2.117,-2.631
 2.136,-2.631
 2.126,-2.620
 2.130,-2.626
 2.134,-2.628
 2.136,-2.649
 2.138,-2.634
 2.117,-2.631
 2.130,-2.645
 2.136,-2.649
 2.128,-2.660
 2.142,-2.672
 2.138,-2.665
 2.126,-2.675
 2.129,-2.663
 2.140,-2.674
 2.147,-2.678
 2.147,-2.678
 2.149,-2.663
 2.152,-2.664
 2.155,-2.686
 2.155,-2.686
 2.161,-2.690
 2.155,-2.686
 2.171,-2.683
 2.167,-2.700
 2.176,-2.689
 2.163,-2.675
 2.165,-2.660
 2.163,-2.675
 2.167,-2.681
 2.180,-2.659
 2.184,-2.642
 2.167,-2.645
 2.179,-2.636
 2.182,-2.657
 2.161,-2.654
 2.169,-2.643
 2.168,-2.627
 2.176,-2.616
 2.168,-2.627
 2.144,-2.657
 2.142,-2.672
 2.165,-2.660
 2.163,-2.675
 2.145,-2.693
 2.147,-2.678
 2.141,-2.692
 2.143,-2.713
 2.130,-2.717
 2.141,-2.728
 2.149,-2.736
 2.134,-2.755
 2.118,-2.795
 2.124,-2.799
 2.105,-2.835
 2.099,-2.843
 2.089,-2.869
 2.080,-2.849
 2.078,-2.809
 2.089,-2.808
 2.087,-2.786
 2.091,-2.787
 2.122,-2.783
 2.146,-2.787
 2.120,-2.798
 2.126,-2.820
 2.132,-2.825
 2.132,-2.861
 2.118,-2.880
 2.103,-2.905
 2.107,-2.911
 2.107,-2.911
 2.106,-2.932
 2.097,-2.943
 2.083,-2.950
 2.070,-2.917
 2.062,-2.903
 2.054,-2.896
 2.031,-2.871
 2.037,-2.808
 2.028,-2.746
 2.007,-2.706
 2.001,-2.683
 1.990,-2.654
 1.984,-2.650
 1.968,-2.629
 1.945,-2.605
 1.947,-2.608
 1.943,-2.583
 1.936,-2.561
 1.930,-2.556
 1.911,-2.520
 1.924,-2.515
 1.897,-2.539
 1.891,-2.553
 1.883,-2.545
 1.876,-2.541
 1.863,-2.531
 1.850,-2.499
 1.842,-2.491
 1.850,-2.499
 1.816,-2.498
 1.826,-2.472
 1.816,-2.461
 1.809,-2.475
 1.807,-2.454
 1.779,-2.443
 1.793,-2.423
 1.789,-2.399
 1.780,-2.391
 1.799,-2.373
 1.789,-2.344
 1.773,-2.332
 1.760,-2.333
 1.743,-2.336
 1.726,-2.302
 1.705,-2.299
 1.687,-2.299
 1.648,-2.278
 1.635,-2.271
 1.617,-2.289
 1.602,-2.288
 1.595,-2.265
 1.588,-2.242
 1.569,-2.260
 1.567,-2.293
 1.548,-2.309
 1.543,-2.309
 1.549,-2.330
 1.536,-2.350
 1.513,-2.377
 1.511,-2.356
 1.509,-2.360
 1.491,-2.326
 1.497,-2.338
 1.477,-2.335
 1.475,-2.347
 1.483,-2.355
 1.470,-2.375
 1.461,-2.386
 1.476,-2.377
 1.457,-2.341
 1.474,-2.329
 1.474,-2.329
 1.487,-2.345
 1.487,-2.345
 1.476,-2.332
 1.496,-2.353
 1.480,-2.349
 1.472,-2.342
 1.473,-2.326
 1.483,-2.319
 1.482,-2.334
 1.471,-2.323
 1.466,-2.321
 1.466,-2.321
 1.463,-2.352
 1.464,-2.337
 1.481,-2.298
 1.484,-2.303
 1.490,-2.305
 1.477,-2.344
 1.502,-2.355
 1.508,-2.378
 1.509,-2.415
 1.532,-2.424
 1.539,-2.428
 1.549,-2.457
 1.564,-2.485
 1.566,-2.509
 1.558,-2.502
 1.558,-2.538
 1.567,-2.546
 1.565,-2.524
 1.560,-2.523
 1.568,-2.530
 1.565,-2.561
 1.557,-2.553
 1.553,-2.529
 1.567,-2.509
 1.568,-2.494
 1.559,-2.504
 1.571,-2.500
 1.566,-2.509
 1.567,-2.509
 1.546,-2.506
 1.573,-2.532
 1.555,-2.550
 1.555,-2.550
 1.532,-2.570
 1.542,-2.580
 1.540,-2.614
 1.532,-2.661
 1.510,-2.672
 1.520,-2.701
 1.481,-2.716
 1.481,-2.716
 1.483,-2.701
 1.483,-2.701
 1.484,-2.686
 1.491,-2.709
 1.486,-2.699
 1.505,-2.718
 1.505,-2.681
 1.512,-2.679
 1.515,-2.667
 1.503,-2.689
 1.510,-2.730
 1.495,-2.728
 1.525,-2.794
 1.511,-2.794
 1.511,-2.794
 1.508,-2.782
 1.521,-2.781
 1.524,-2.787
 1.513,-2.777
 1.501,-2.777
 1.490,-2.803
 1.486,-2.829
 1.486,-2.830
 1.484,-2.808
 1.487,-2.760
 1.490,-2.730
 1.503,-2.735
 1.514,-2.750
 1.497,-2.698
 1.516,-2.680
 1.527,-2.657
 1.543,-2.651
 1.526,-2.654
 1.527,-2.657
 1.535,-2.662
 1.536,-2.683
 1.542,-2.684
 1.562,-2.688
 1.572,-2.699
 1.572,-2.699
 1.587,-2.701
 1.594,-2.687
 1.584,-2.713
 1.591,-2.717
 1.571,-2.714
 1.584,-2.694
 1.584,-2.658
 1.606,-2.646
 1.597,-2.638
 1.584,-2.621
 1.594,-2.614
 1.600,-2.600
 1.600,-2.600
 1.597,-2.558
 1.595,-2.536
 1.600,-2.491
 1.609,-2.447
 1.591,-2.428
 1.599,-2.400
 1.590,-2.356
 1.593,-2.361
 1.580,-2.345
 1.596,-2.358
 1.601,-2.342
 1.582,-2.323
 1.592,-2.304
 1.610,-2.286
 1.610,-2.286
 1.602,-2.278
 1.602,-2.241
 1.603,-2.262
 1.590,-2.283
 1.580,-2.308
 1.597,-2.324
 1.595,-2.321
 1.599,-2.309
 1.606,-2.332
 1.619,-2.366
 1.650,-2.343
 1.650,-2.343
 1.680,-2.339
 1.665,-2.338
 1.694,-2.367
 1.711,-2.401
 1.699,-2.405
 1.711,-2.419
 1.737,-2.406
 1.752,-2.389
 1.760,-2.378
 1.755,-2.388
 1.769,-2.386
 1.776,-2.354
 1.789,-2.352
 1.816,-2.342
 1.823,-2.347
 1.835,-2.306
 1.840,-2.253
 1.862,-2.205
 1.880,-2.150
 1.887,-2.119
 1.900,-2.114
 1.902,-2.114
 1.904,-2.116
 1.936,-2.096
 1.938,-2.080
 1.926,-2.069
 1.896,-2.077
 1.898,-2.098
 1.876,-2.111
 1.869,-2.137
 1.859,-2.145
 1.842,-2.144
 1.845,-2.165
 1.832,-2.170
 1.832,-2.134
 1.848,-2.098
 1.846,-2.077
 1.872,-2.033
 1.900,-1.990
 1.900,-1.990
 1.887,-1.996
 1.868,-1.977
 1.887,-1.996
 1.873,-1.962
 1.868,-1.973
 1.868,-1.955
 1.855,-1.906
 1.865,-1.898
 1.877,-1.856
 1.867,-1.846
 1.874,-1.818
 1.879,-1.804
 1.879,-1.804
 1.885,-1.828
 1.863,-1.805
 1.898,-1.786
 1.897,-1.767
 1.908,-1.778
 1.900,-1.806
 1.908,-1.814
 1.920,-1.827
 1.923,-1.828
 1.942,-1.846
 1.948,-1.870
 1.944,-1.865
 1.974,-1.825
 1.974,-1.788
 1.987,-1.819
 2.005,-1.801
 1.995,-1.791
 2.007,-1.785
 2.010,-1.787
 2.019,-1.813
 2.025,-1.837
 1.994,-1.860
 2.009,-1.875
 1.988,-1.891
 1.985,-1.908
 1.996,-1.919
 2.002,-1.943
 1.996,-1.955
 1.982,-1.958
 1.974,-1.969
 1.999,-1.974
 1.978,-1.971
 2.001,-1.995
 1.990,-1.984
 1.982,-1.995
 1.980,-1.992
 1.984,-1.995
 1.990,-1.984
 1.992,-1.968
 1.994,-1.971
 1.975,-1.971
 1.982,-1.976
 1.996,-1.974
 1.982,-1.976
 1.976,-1.989
 1.967,-1.999
 1.973,-1.987
 1.986,-2.018
 1.961,-2.010
 1.962,-2.047
 1.962,-2.047
 1.962,-2.047
 1.954,-2.075
 1.960,-2.099
 1.954,-2.112
 1.951,-2.109
 1.943,-2.101
 1.947,-2.088
 1.945,-2.085
 1.928,-2.088
 1.910,-2.106
 1.908,-2.121
 1.917,-2.148
 1.894,-2.160
 1.889,-2.176
 1.910,-2.179
 1.891,-2.197
 1.893,-2.218
 1.901,-2.226
 1.907,-2.252
 1.899,-2.263
 1.881,-2.296
 1.886,-2.316
 1.887,-2.349
 1.881,-2.380
 1.864,-2.383
 1.888,-2.392
 1.879,-2.388
 1.877,-2.403
 1.886,-2.448
 1.875,-2.473
 1.853,-2.485
 1.854,-2.540
 1.848,-2.567
 1.850,-2.589
 1.844,-2.602
 1.844,-2.602
 1.845,-2.605
 1.840,-2.614
 1.823,-2.635
 1.823,-2.654
 1.815,-2.646
 1.829,-2.663
 1.816,-2.685
 1.800,-2.707
 1.799,-2.725
 1.789,-2.732
 1.802,-2.728
 1.787,-2.711
 1.800,-2.744
 1.797,-2.773
 1.795,-2.788
 1.780,-2.813
 1.769,-2.802
 1.779,-2.831
 1.770,-2.857
 1.768,-2.890
 1.772,-2.897
 1.770,-2.911
 1.765,-2.929
 1.765,-2.947
 1.762,-2.995
 1.762,-3.032
 1.748,-3.050
 1.759,-3.098
 1.787,-3.109
 1.764,-3.134
 1.767,-3.141
 1.771,-3.149
 1.776,-3.141
 1.776,-3.178
 1.774,-3.192
 1.787,-3.189
 1.792,-3.171
 1.792,-3.189
 1.795,-3.204
 1.783,-3.189
 1.776,-3.167
 1.786,-3.160
 1.789,-3.131
 1.793,-3.101
 1.784,-3.094
 1.776,-3.105
 1.762,-3.123
 1.769,-3.127
 1.767,-3.142
 1.767,-3.142
 1.759,-3.152
 1.767,-3.141
 1.774,-3.120
 1.774,-3.120
 1.771,-3.149
 1.771,-3.149
 1.774,-3.163
 1.784,-3.193
 1.779,-3.193
 1.771,-3.185
 1.788,-3.193
 1.785,-3.167
 1.776,-3.178
 1.760,-3.174
 1.750,-3.181
 1.762,-3.196
 1.759,-3.152
 1.750,-3.145
 1.760,-3.138
 1.752,-3.149
 1.764,-3.181
 1.760,-3.174
 1.752,-3.167
 1.762,-3.141
 1.742,-3.156
 1.743,-3.178
 1.750,-3.145
 1.744,-3.159
 1.743,-3.141
 1.750,-3.108
 1.733,-3.112
 1.739,-3.097
 1.748,-3.105
 1.738,-3.076
 1.739,-3.025
 1.756,-2.995
 1.754,-2.973
 1.746,-2.984
 1.736,-2.973
 1.742,-2.958
 1.732,-2.929
 1.747,-2.904
 1.748,-2.871
 1.738,-2.843
 1.757,-2.824
 1.741,-2.813
 1.760,-2.794
 1.753,-2.772
 1.762,-2.761
 1.760,-2.758
 1.752,-2.750
 1.766,-2.744
 1.769,-2.747
 1.770,-2.732
 1.760,-2.703
 1.774,-2.702
 1.770,-2.696
 1.760,-2.704
 1.757,-2.697
 1.748,-2.671
 1.765,-2.658
 1.771,-2.644
 1.772,-2.644
 1.778,-2.649
 1.777,-2.627
 1.787,-2.620
 1.804,-2.617
 1.778,-2.612
 1.797,-2.612
 1.795,-2.609
 1.788,-2.623
 1.787,-2.620
 1.799,-2.616
 1.788,-2.605
 1.781,-2.629
 1.806,-2.620
 1.799,-2.579
 1.794,-2.541
 1.829,-2.520
 1.785,-2.508
 1.814,-2.500
 1.822,-2.471
 1.824,-2.456
 1.813,-2.446
 1.818,-2.429
 1.832,-2.409
 1.836,-2.379
 1.837,-2.363
 1.837,-2.363
 1.844,-2.350
 1.850,-2.359
 1.863,-2.350
 1.863,-2.350
 1.852,-2.376
 1.859,-2.363
 1.863,-2.369
 1.859,-2.363
 1.852,-2.376
 1.873,-2.397
 1.861,-2.384
 1.854,-2.379
 1.846,-2.371
 1.843,-2.354
 1.841,-2.369
 1.827,-2.371
 1.818,-2.381
 1.817,-2.397
 1.809,-2.426
 1.805,-2.420
 1.798,-2.444
 1.800,-2.447
 1.799,-2.447
 1.813,-2.427
 1.817,-2.397
 1.816,-2.360
 1.827,-2.371
 1.832,-2.391
 1.834,-2.376
 1.842,-2.365
 1.857,-2.378
 1.858,-2.381
 1.865,-2.386
 1.868,-2.389
 1.871,-2.376
 1.889,-2.358
 1.905,-2.322
 1.923,-2.322
 1.905,-2.304
 1.932,-2.312
 1.928,-2.307
 1.951,-2.294
 1.924,-2.283
 1.933,-2.272
 1.939,-2.241
 1.919,-2.202
 1.938,-2.135
 1.950,-2.111
 1.944,-2.088
 1.942,-2.067
 1.928,-2.051
 1.928,-2.051
 1.916,-2.057
 1.926,-2.049
 1.907,-2.030
 1.915,-2.020
 1.917,-2.005
 1.905,-2.010
 1.888,-2.012
 1.898,-2.022
 1.905,-2.010
 1.909,-2.015
 1.906,-1.994
 1.909,-2.015
 1.899,-2.022
 1.905,-2.046
 1.919,-2.043
 1.913,-2.018
 1.917,-2.023
 1.921,-2.028
 1.927,-2.033
 1.938,-2.062
 1.925,-2.049
 1.938,-2.062
 1.946,-2.051
 1.946,-2.051
 1.946,-2.070
 1.961,-2.083
 1.963,-2.104
 1.953,-2.111
 1.961,-2.101
 1.975,-2.099
 1.965,-2.106
 1.957,-2.117
 1.975,-2.117
 1.972,-2.130
 1.963,-2.140
 1.960,-2.153
 1.964,-2.158
 1.974,-2.187
 1.972,-2.203
 1.964,-2.231
 1.955,-2.241
 1.951,-2.276
 1.959,-2.283
 1.937,-2.296
 1.947,-2.325
 1.941,-2.298
 1.956,-2.315
 1.949,-2.309
 1.925,-2.337
 1.922,-2.356
 1.910,-2.361
 1.910,-2.361
 1.919,-2.351
 1.915,-2.345
 1.937,-2.333
 1.925,-2.337
 1.898,-2.348
 1.900,-2.369
 1.918,-2.350
 1.933,-2.367
 1.927,-2.377
 1.919,-2.387
 1.936,-2.384
 1.926,-2.388
 1.940,-2.368
 1.952,-2.345
 1.960,-2.320
 1.972,-2.315
 1.960,-2.302
 1.980,-2.287
 1.985,-2.271
 1.994,-2.260
 1.981,-2.265
 1.971,-2.255
 1.983,-2.250
 2.000,-2.247
 2.004,-2.253
 2.024,-2.255
 2.004,-2.253
 2.006,-2.274
 2.000,-2.283
 2.008,-2.328
 2.008,-2.291
 2.018,-2.284
 2.025,-2.292
 2.002,-2.323
 2.004,-2.344
 2.008,-2.331
 2.004,-2.344
 2.002,-2.359
 1.988,-2.361
 1.994,-2.351
 2.004,-2.344
 1.994,-2.351
 1.977,-2.354
 2.004,-2.344
 2.016,-2.339
 2.004,-2.344
 1.992,-2.330
 2.004,-2.344
 1.981,-2.356
 1.992,-2.367
 2.002,-2.359
 2.000,-2.374
 1.996,-2.372
 2.002,-2.359
 1.995,-2.391
 1.994,-2.388
 1.981,-2.392
 2.004,-2.417
 2.000,-2.411
 2.011,-2.422
 2.011,-2.458
 2.011,-2.476
 2.005,-2.472
 1.992,-2.476
 2.013,-2.479
 2.013,-2.479
 1.992,-2.476
 1.996,-2.482
 1.991,-2.491
 1.968,-2.508
 1.995,-2.497
 1.972,-2.509
 1.999,-2.503
 1.990,-2.514
 1.980,-2.558
 1.995,-2.570
 1.962,-2.571
 1.947,-2.596
 1.964,-2.593
 1.980,-2.594
 1.968,-2.599
 1.956,-2.621
 1.966,-2.650
 1.972,-2.637
 1.966,-2.650
 1.966,-2.650
 1.970,-2.652
 1.970,-2.657
 1.965,-2.632
 1.968,-2.635
 1.968,-2.599
 1.976,-2.588
 1.991,-2.605
 1.967,-2.617
 1.955,-2.640
 1.960,-2.659
 1.958,-2.638
 1.966,-2.632
 1.955,-2.640
 1.959,-2.646
 1.962,-2.649
 1.939,-2.643
 1.961,-2.667
 1.972,-2.673
 1.961,-2.696
 1.964,-2.666
 1.956,-2.676
 1.980,-2.686
 1.976,-2.679
 1.970,-2.657
 1.980,-2.649
 1.970,-2.657
 1.958,-2.661
 1.962,-2.681
 1.947,-2.669
 1.966,-2.650
 1.964,-2.684
 1.976,-2.679
 1.985,-2.669
 1.970,-2.657
 1.968,-2.654
 1.956,-2.676
 1.958,-2.661
 1.954,-2.655
 1.966,-2.651
 1.966,-2.651
 1.964,-2.629
 1.970,-2.620
 1.976,-2.588
 1.957,-2.570
 1.955,-2.549
 1.974,-2.531
 1.976,-2.515
 1.955,-2.476
 1.967,-2.471
 1.986,-2.435
 1.972,-2.418
 1.965,-2.414
 1.954,-2.403
 1.956,-2.388
 1.950,-2.383
 1.940,-2.372
 1.944,-2.378
 1.940,-2.335
 1.931,-2.346
 1.928,-2.359
 1.903,-2.350
 1.909,-2.340
 1.909,-2.340
 1.913,-2.346
 1.921,-2.353
 1.890,-2.358
 1.913,-2.382
 1.899,-2.366
 1.892,-2.379
 1.882,-2.369
 1.880,-2.384
 1.892,-2.379
 1.899,-2.384
 1.903,-2.390
 1.903,-2.390
 1.889,-2.355
 1.893,-2.361
 1.891,-2.340
 1.882,-2.350
 1.882,-2.350
 1.863,-2.332
 1.863,-2.332
 1.860,-2.308
 1.855,-2.324
 1.839,-2.311
 1.846,-2.316
 1.830,-2.319
 1.836,-2.306
 1.826,-2.313
 1.834,-2.285
 1.812,-2.279
 1.816,-2.285
 1.813,-2.245
 1.817,-2.233
 1.827,-2.225
 1.827,-2.225
 1.817,-2.251
 1.813,-2.245
 1.807,-2.259
 1.806,-2.240
 1.805,-2.238
 1.819,-2.235
 1.817,-2.214
 1.810,-2.209
 1.818,-2.199
 1.805,-2.201
 1.808,-2.188
 1.815,-2.193
 1.815,-2.193
 1.852,-2.194
 1.831,-2.173
 1.835,-2.160
 1.840,-2.126
 1.850,-2.137
 1.874,-2.126
 1.893,-2.126
 1.905,-2.140
 1.910,-2.142
 1.939,-2.135
 1.939,-2.135
 1.943,-2.137
 1.966,-2.125
 1.981,-2.101
 1.982,-2.104
 1.984,-2.125
 1.999,-2.138
 2.003,-2.143
 2.020,-2.141
 2.032,-2.136
 2.051,-2.136
 2.040,-2.143
 2.061,-2.146
 2.065,-2.112
 2.069,-2.118
 2.069,-2.118
 2.074,-2.102
 2.086,-2.097
 2.082,-2.074
 2.059,-2.089
 2.080,-2.092
 2.078,-2.071
 2.082,-2.058
 2.086,-2.042
 2.063,-2.055
 2.071,-2.045
 2.092,-2.029
 2.090,-1.993
 2.098,-1.964
 2.091,-1.959
 2.129,-1.959
 2.115,-1.962
 2.119,-1.985
 2.123,-1.970
 2.121,-1.986
 2.137,-1.983
 2.123,-2.004
 2.143,-2.027
 2.151,-1.998
 2.156,-1.985
 2.149,-1.943
 2.154,-1.928
 2.154,-1.928
 2.139,-1.931
 2.123,-1.933
 2.129,-1.921
 2.124,-1.916
 2.126,-1.900
 2.124,-1.861
 2.126,-1.829
 2.128,-1.776
 2.109,-1.758
 2.130,-1.724
 2.116,-1.711
 2.106,-1.719
 2.138,-1.732
 2.135,-1.711
 2.146,-1.703
 2.139,-1.715
 2.140,-1.751
 2.140,-1.733
 2.146,-1.703
 2.175,-1.677
 2.161,-1.680
 2.184,-1.649
 2.196,-1.624
 2.206,-1.616
 2.194,-1.623
 2.200,-1.610
 2.215,-1.625
 2.226,-1.599
 2.192,-1.602
 2.217,-1.609
 2.217,-1.626
 2.217,-1.663
 2.219,-1.683
 2.192,-1.711
 2.190,-1.728
 2.190,-1.728
 2.203,-1.759
 2.199,-1.809
 2.182,-1.828
 2.176,-1.858
 2.186,-1.887
 2.170,-1.926
 2.183,-1.938
 2.182,-1.938
 2.204,-1.978
 2.208,-2.017
 2.189,-2.035
 2.217,-2.043
 2.210,-2.054
 2.225,-2.070
 2.215,-2.095
 2.219,-2.101
 2.232,-2.114
 2.217,-2.116
 2.230,-2.148
 2.234,-2.150
 2.236,-2.171
 2.234,-2.187
 2.213,-2.184
 2.226,-2.179
 2.244,-2.161
 2.230,-2.148
 2.230,-2.184
 2.224,-2.194
 2.234,-2.223
 2.223,-2.212
 2.209,-2.218
 2.220,-2.228
 2.199,-2.225
 2.204,-2.231
 2.193,-2.220
 2.166,-2.231
 2.176,-2.223
 2.170,-2.233
 2.153,-2.236
 2.141,-2.222
 2.143,-2.243
 2.140,-2.240
 2.128,-2.227
 2.113,-2.214
 2.101,-2.201
 2.105,-2.206
 2.128,-2.194
 2.126,-2.173
 2.132,-2.163
 2.128,-2.157
 2.105,-2.170
 2.120,-2.183
 2.114,-2.193
 2.136,-2.181
 2.132,-2.178
 2.151,-2.181
 2.162,-2.155
 2.158,-2.186
 2.164,-2.192
 2.159,-2.204
 2.149,-2.212
 2.180,-2.207
 2.189,-2.197
 2.203,-2.194
 2.212,-2.184
 2.214,-2.205
 2.241,-2.195
 2.216,-2.187
 2.226,-2.215
 2.232,-2.239
 2.240,-2.228
 2.216,-2.223
 2.226,-2.197
 2.241,-2.195
 2.247,-2.182
 2.249,-2.166
 2.249,-2.166
 2.253,-2.187
 2.255,-2.189
 2.271,-2.187
 2.263,-2.179
 2.276,-2.174
 2.276,-2.174
 2.270,-2.169
 2.295,-2.156
 2.285,-2.164
 2.286,-2.166
 2.280,-2.177
 2.270,-2.184
 2.263,-2.179
 2.276,-2.174
 2.293,-2.172
 2.279,-2.140
 2.303,-2.127
 2.303,-2.127
 2.307,-2.133
 2.293,-2.156
 2.303,-2.164
 2.305,-2.203
 2.320,-2.198
 2.317,-2.231
 2.325,-2.221
 2.304,-2.218
 2.330,-2.208
 2.320,-2.198
 2.330,-2.190
 2.324,-2.203
 2.326,-2.188
 2.308,-2.206
 2.309,-2.223
 2.311,-2.208
 2.303,-2.200
 2.307,-2.184
 2.303,-2.146
 2.284,-2.109
 2.307,-2.078
 2.315,-2.049
 2.302,-2.054
 2.302,-2.054
 2.298,-2.049
 2.292,-2.026
 2.291,-2.008
 2.300,-1.997
 2.294,-1.974
 2.293,-1.937
 2.297,-1.924
 2.285,-1.911
 2.278,-1.885
 2.280,-1.906
 2.278,-1.885
 2.259,-1.867
 2.270,-1.841
 2.272,-1.825
 2.286,-1.785
 2.276,-1.757
 2.276,-1.757
 2.276,-1.757
 2.271,-1.752
 2.280,-1.760
 2.270,-1.751
 2.280,-1.706
 2.267,-1.676
 2.286,-1.658
 2.299,-1.652
 2.304,-1.603
 2.275,-1.593
 2.286,-1.585
 2.295,-1.558
 2.285,-1.567
 2.270,-1.552
 2.283,-1.546
 2.318,-1.508
 2.329,-1.482
 2.348,-1.482
 2.352,-1.468
 2.344,-1.478
 2.369,-1.466
 2.362,-1.478
 2.374,-1.454
 2.391,-1.434
 2.385,-1.428
 2.379,-1.421
 2.393,-1.418
 2.408,-1.413
 2.406,-1.393
 2.406,-1.430
 2.397,-1.459
 2.394,-1.456
 2.399,-1.460
 2.394,-1.493
 2.399,-1.497
 2.427,-1.487
 2.438,-1.460
 2.427,-1.487
 2.433,-1.475
 2.443,-1.485
 2.441,-1.501
 2.455,-1.515
 2.452,-1.511
 2.466,-1.489
 2.487,-1.491
 2.485,-1.508
 2.482,-1.524
 2.492,-1.532
 2.506,-1.546
 2.501,-1.558
 2.501,-1.595
 2.488,-1.601
 2.475,-1.625
 2.475,-1.625
 2.482,-1.649
 2.485,-1.633
 2.474,-1.641
 2.474,-1.641
 2.462,-1.649
 2.444,-1.649
 2.465,-1.614
 2.442,-1.610
 2.481,-1.574
 2.497,-1.536
 2.524,-1.544
 2.526,-1.546
 2.526,-1.528
 2.523,-1.524
 2.500,-1.520
 2.481,-1.520
 2.457,-1.513
 2.457,-1.513
 2.464,-1.501
 2.461,-1.481
 2.430,-1.487
 2.402,-1.533
 2.358,-1.581
 2.328,-1.624
 2.309,-1.660
 2.299,-1.704
 2.270,-1.713
 2.274,-1.788
 2.272,-1.841
 2.236,-1.841
 2.201,-1.861
 2.174,-1.926
 2.108,-1.970
 2.085,-2.021
 2.055,-2.100
 2.009,-2.183
 1.982,-2.284
 1.916,-2.401
 1.889,-2.539
 1.836,-2.701
 1.792,-2.824
 1.804,-2.874
 1.801,-2.941
 1.803,-3.035
 1.817,-3.061
 1.812,-3.079
 1.812,-3.079
 1.828,-3.094
 1.841,-3.127
 1.874,-3.139
 1.914,-3.161
 1.915,-3.165
 1.933,-3.179
 1.935,-3.202
 1.931,-3.194
 1.916,-3.220
 1.923,-3.260
 1.919,-3.252
 1.906,-3.263
 1.914,-3.270
 1.888,-3.281
 1.877,-3.233
 1.831,-3.171
 1.796,-3.160
 1.781,-3.138
 1.771,-3.145
 1.769,-3.141
 1.730,-3.156
 1.699,-3.133
 1.691,-3.093
 1.695,-3.082
 1.678,-3.122
 1.683,-3.158
 1.673,-3.184
 1.680,-3.188
 1.710,-3.181
 1.699,-3.206
 1.715,-3.217
 1.715,-3.272
 1.728,-3.261
 1.754,-3.258
 1.784,-3.255
 1.785,-3.237
 1.815,-3.233
 1.839,-3.251
 1.856,-3.284
 1.894,-3.267
 1.894,-3.230
 1.916,-3.220
 1.922,-3.168
 1.934,-3.128
 1.925,-3.066
 1.940,-3.041
 1.961,-3.008
 1.982,-2.951
 1.975,-2.910
 1.977,-2.877
 1.985,-2.812
 1.982,-2.741
 1.994,-2.663
 1.992,-2.642
 1.990,-2.621
 1.985,-2.560
 2.006,-2.508
 1.999,-2.463
 2.002,-2.429
 2.001,-2.411
 2.001,-2.375
 2.011,-2.353
 2.017,-2.339
 2.024,-2.362
 2.034,-2.355
 2.042,-2.381
 2.044,-2.420
 2.053,-2.446
 2.047,-2.496
 2.074,-2.559
 2.090,-2.644
 2.090,-2.717
 2.075,-2.736
 2.078,-2.776
 2.089,-2.787
 2.116,-2.831
 2.108,-2.805
 2.105,-2.784
 2.147,-2.754
 2.170,-2.724
 2.149,-2.703
 2.170,-2.706
 2.178,-2.695
 2.178,-2.696
 2.182,-2.697
 2.176,-2.674
 2.170,-2.651
 2.161,-2.639
 2.151,-2.664
 2.159,-2.672
 2.139,-2.687
 2.126,-2.678
 2.138,-2.637
 2.134,-2.617
 2.115,-2.617
 2.094,-2.614
 2.065,-2.658
 2.051,-2.659
 2.034,-2.698
 2.024,-2.687
 2.022,-2.666
 1.999,-2.647
 1.986,-2.632
 1.968,-2.651
 1.947,-2.611
 1.935,-2.597
 1.912,-2.577
 1.913,-2.562
 1.900,-2.571
 1.888,-2.557
 1.865,-2.533
 1.867,-2.518
 1.874,-2.485
 1.845,-2.493
 1.855,-2.485
 1.856,-2.470
 1.852,-2.468
 1.850,-2.447
 1.840,-2.455
 1.827,-2.423
 1.827,-2.423
 1.829,-2.408
 1.834,-2.391
 1.837,-2.342
 1.840,-2.311
 1.860,-2.312
 1.842,-2.332
 1.848,-2.313
 1.840,-2.305
 1.845,-2.277
 1.849,-2.264
 1.849,-2.264
 1.848,-2.240
 1.840,-2.233
 1.862,-2.220
 1.863,-2.223
 1.877,-2.202
 1.858,-2.184
 1.853,-2.199
 1.865,-2.207
 1.851,-2.209
 1.868,-2.207
 1.887,-2.189
 1.894,-2.163
 1.904,-2.155
 1.913,-2.145
 1.927,-2.124
 1.941,-2.119
 1.931,-2.109
 1.923,-2.098
 1.918,-2.072
 1.929,-2.049
 1.934,-1.998
 1.937,-1.948
 1.960,-1.917
 1.984,-1.851
 1.988,-1.820
 2.023,-1.781
 2.044,-1.765
 2.040,-1.761
 2.031,-1.753
 2.047,-1.751
 2.072,-1.739
 2.093,-1.705
 2.083,-1.640
 2.087,-1.608
 2.126,-1.592
 2.126,-1.573
 2.145,-1.555
 2.158,-1.513
 2.187,-1.523
 2.205,-1.505
 2.207,-1.489
 2.195,-1.513
 2.214,-1.532
 2.226,-1.544
 2.239,-1.593
 2.226,-1.635
 2.233,-1.660
 2.233,-1.696
 2.220,-1.738
 2.210,-1.783
 2.204,-1.812
 2.198,-1.861
 2.179,-1.879
 2.161,-1.934
 2.163,-1.972
 2.167,-1.994
 2.157,-2.022
 2.178,-2.061
 2.153,-2.053
 2.147,-2.066
 2.154,-2.071
 2.137,-2.129
 2.133,-2.160
 2.133,-2.160
 2.146,-2.191
 2.142,-2.222
 2.152,-2.251
 2.153,-2.269
 2.134,-2.287
 2.148,-2.249
 2.156,-2.202
 2.156,-2.165
 2.154,-2.144
 2.133,-2.142
 2.114,-2.126
 2.108,-2.100
 2.116,-2.053
 2.104,-2.004
 2.099,-1.962
 2.104,-1.931
 2.114,-1.868
 2.107,-1.828
 2.090,-1.793
 2.063,-1.802
 2.051,-1.789
 2.055,-1.756
 2.040,-1.706
 2.038,-1.668
 2.039,-1.633
 2.052,-1.609
 2.037,-1.613
 2.025,-1.601
 2.023,-1.581
 2.023,-1.580
 2.041,-1.562
 2.047,-1.550
 2.052,-1.536
 2.039,-1.542
 2.019,-1.522
 2.034,-1.536
 2.048,-1.532
 2.052,-1.518
 2.071,-1.518
 2.066,-1.514
 2.056,-1.522
 2.054,-1.502
 2.062,-1.510
 2.100,-1.510
 2.089,-1.500
 2.092,-1.502
 2.098,-1.527
 2.107,-1.553
 2.106,-1.571
 2.123,-1.569
 2.107,-1.553
 2.125,-1.535
 2.138,-1.547
 2.146,-1.555
 2.140,-1.549
 2.125,-1.517
 2.121,-1.495
 2.123,-1.478
 2.125,-1.462
 2.137,-1.438
 2.121,-1.440
 2.106,-1.444
 2.108,-1.427
 2.098,-1.399
 2.098,-1.399
 2.098,-1.399
 2.095,-1.379
 2.102,-1.366
 2.081,-1.364
 2.067,-1.369
 2.087,-1.371
 2.062,-1.365
 2.067,-1.405
 2.050,-1.407
 2.050,-1.407
 2.027,-1.384
 2.023,-1.380
 2.025,-1.400
 2.042,-1.399
 2.032,-1.407
 2.021,-1.433
 1.999,-1.447
 2.009,-1.476
 2.010,-1.494
 2.014,-1.498
 2.022,-1.506
 2.018,-1.538
 2.022,-1.579
 2.009,-1.639
 2.003,-1.688
 2.031,-1.732
 2.015,-1.752
 1.994,-1.732
 1.995,-1.716
 2.002,-1.722
 2.014,-1.698
 1.996,-1.661
 1.993,-1.641
 1.970,-1.637
 1.950,-1.653
 1.952,-1.637
 1.927,-1.630
 1.921,-1.606
 1.919,-1.586
 1.937,-1.568
 1.941,-1.572
 1.929,-1.578
 1.941,-1.590
 1.912,-1.616
 1.908,-1.612
 1.912,-1.616
 1.927,-1.630
 1.920,-1.624
 1.937,-1.622
 1.950,-1.617
 1.934,-1.621
 1.941,-1.626
 1.958,-1.643
 1.939,-1.643
 1.929,-1.651
 1.923,-1.681
 1.935,-1.693
 1.919,-1.677
 1.931,-1.671
 1.919,-1.695
 1.930,-1.724
 1.913,-1.726
 1.929,-1.743
 1.925,-1.775
 1.930,-1.796
 1.932,-1.781
 1.930,-1.796
 1.913,-1.799
 1.901,-1.804
 1.891,-1.812
 1.903,-1.825
 1.897,-1.836
 1.903,-1.861
 1.893,-1.887
 1.886,-1.900
 1.888,-1.884
 1.874,-1.887
 1.866,-1.897
 1.865,-1.861
 1.869,-1.865
 1.871,-1.850
 1.867,-1.845
 1.871,-1.850
 1.861,-1.821
 1.869,-1.792
 1.869,-1.774
 1.853,-1.775
 1.843,-1.765
 1.858,-1.761
 1.874,-1.741
 1.883,-1.731
 1.874,-1.704
 1.883,-1.661
 1.902,-1.661
 1.893,-1.653
 1.903,-1.645
 1.910,-1.651
 1.921,-1.661
 1.937,-1.677
 1.917,-1.675
 1.910,-1.651
 1.901,-1.661
 1.905,-1.665
 1.897,-1.657
 1.890,-1.651
 1.897,-1.657
 1.895,-1.655
 1.892,-1.635
 1.862,-1.642
 1.888,-1.630
 1.895,-1.636
 1.887,-1.610
 1.896,-1.600
 1.895,-1.581
 1.899,-1.567
 1.901,-1.551
 1.919,-1.533
 1.942,-1.519
 1.930,-1.507
 1.936,-1.531
 1.936,-1.531
 1.953,-1.529
 1.968,-1.507
 1.996,-1.518
 1.996,-1.518
 2.026,-1.510
 2.006,-1.510
 2.030,-1.514
 2.030,-1.514
 2.030,-1.514
 2.040,-1.488
 2.047,-1.512
 2.068,-1.551
 2.061,-1.545
 2.082,-1.547
 2.072,-1.555
 2.060,-1.579
 2.080,-1.563
 2.060,-1.579
 2.082,-1.583
 2.099,-1.581
 2.076,-1.577
 2.070,-1.607
 2.068,-1.623
 2.070,-1.644
 2.070,-1.644
 2.069,-1.642
 2.054,-1.664
 2.070,-1.680
 2.062,-1.709
 2.054,-1.719
 2.062,-1.727
 2.054,-1.719
 2.069,-1.733
 2.035,-1.737
 2.044,-1.763
 2.040,-1.777
 2.044,-1.800
 2.042,-1.797
 2.055,-1.828
 2.046,-1.838
 2.025,-1.836
 2.025,-1.836
 2.019,-1.847
 2.023,-1.852
 2.021,-1.868
 2.021,-1.868
 2.019,-1.849
 2.023,-1.834
 1.996,-1.825
 2.007,-1.799
 2.019,-1.793
 2.003,-1.795
 2.000,-1.774
 1.988,-1.781
 1.971,-1.783
 1.981,-1.757
 1.987,-1.745
 1.962,-1.738
 1.973,-1.767
 1.944,-1.757
 1.931,-1.762
 1.921,-1.770
 1.895,-1.797
 1.876,-1.815
 1.875,-1.849
 1.858,-1.815
 1.857,-1.816
 1.859,-1.800
 1.845,-1.807
 1.852,-1.795
 1.850,-1.810
 1.842,-1.839
 1.836,-1.868
 1.835,-1.903
 1.835,-1.903
 1.824,-1.892
 1.818,-1.905
 1.833,-1.900
 1.837,-1.923
 1.848,-1.934
 1.837,-1.923
 1.849,-1.936
 1.857,-1.926
 1.870,-1.939
 1.868,-1.954
 1.854,-1.994
 1.864,-1.986
 1.854,-1.994
 1.866,-2.007
 1.858,-1.999
 1.856,-1.996
 1.860,-1.983
 1.846,-2.004
 1.860,-2.020
 1.848,-2.061
 1.836,-2.048
 1.848,-2.043
 1.836,-2.048
 1.838,-2.069
 1.838,-2.069
 1.810,-2.061
 1.816,-2.069
 1.812,-2.082
 1.805,-2.058
 1.797,-2.068
 1.791,-2.079
 1.781,-2.136
 1.766,-2.136
 1.756,-2.131
 1.764,-2.089
 1.768,-2.058
 1.771,-2.063
 1.761,-2.052
 1.771,-2.099
 1.776,-2.102
 1.768,-2.144
 1.767,-2.126
 1.758,-2.115
 1.756,-2.136
 1.738,-2.136
 1.756,-2.136
 1.748,-2.128
 1.746,-2.162
 1.758,-2.193
 1.742,-2.193
 1.753,-2.204
 1.746,-2.198
 1.725,-2.195
 1.739,-2.193
 1.735,-2.188
 1.733,-2.167
 1.762,-2.141
 1.747,-2.123
 1.759,-2.100
 1.777,-2.063
 1.779,-2.048
 1.801,-2.016
 1.811,-1.990
 1.833,-1.977
 1.841,-1.949
 1.850,-1.938
 1.861,-1.912
 1.878,-1.910
 1.887,-1.866
 1.902,-1.843
 1.889,-1.846
 1.917,-1.820
 1.914,-1.797
 1.920,-1.786
 1.930,-1.760
 1.938,-1.768
 1.940,-1.770
 1.952,-1.765
 1.945,-1.759
 1.969,-1.763
 1.961,-1.754
 1.962,-1.757
 1.946,-1.794
 1.944,-1.846
 1.944,-1.846
 1.948,-1.851
 1.979,-1.827
 1.979,-1.809
 1.974,-1.806
 1.989,-1.801
 1.994,-1.823
 1.998,-1.828
 2.016,-1.809
 2.017,-1.846
 2.029,-1.839
 2.042,-1.797
 2.056,-1.757
 2.064,-1.747
 2.056,-1.757
 2.072,-1.755
 2.062,-1.763
 2.056,-1.738
 2.079,-1.742
 2.087,-1.715
 2.097,-1.670
 2.110,-1.646
 2.114,-1.614
 2.101,-1.583
 2.111,-1.575
 2.105,-1.551
 2.098,-1.561
 2.116,-1.525
 2.105,-1.496
 2.099,-1.472
 2.086,-1.442
 2.071,-1.427
 2.082,-1.401
 2.059,-1.379
 2.082,-1.364
 2.067,-1.351
 2.050,-1.352
 2.054,-1.319
 2.035,-1.301
 2.018,-1.303
 2.008,-1.311
 2.000,-1.303
 1.991,-1.312
 1.969,-1.327
 1.960,-1.337
 1.965,-1.323
 1.945,-1.340
 1.961,-1.356
 1.939,-1.370
 1.934,-1.384
 1.926,-1.376
 1.920,-1.388
 1.932,-1.400
 1.921,-1.408
 1.925,-1.430
 1.923,-1.428
 1.913,-1.454
 1.893,-1.488
 1.891,-1.505
 1.913,-1.527
 1.899,-1.531
 1.901,-1.533
 1.912,-1.543
 1.906,-1.555
 1.918,-1.568
 1.939,-1.570
 1.933,-1.582
 1.934,-1.602
 1.931,-1.598
 1.953,-1.621
 1.948,-1.633
 1.937,-1.659
 1.946,-1.649
 1.956,-1.641
 1.970,-1.674
 1.985,-1.687
 1.981,-1.684
 1.989,-1.692
 1.979,-1.718
 1.989,-1.765
 2.000,-1.774
 2.004,-1.779
 2.025,-1.781
 2.025,-1.781
 2.027,-1.765
 2.034,-1.771
 2.046,-1.784
 2.034,-1.808
 2.031,-1.805
 2.025,-1.781
 2.040,-1.759
 2.036,-1.772
 2.034,-1.770
 2.042,-1.743
 2.058,-1.706
 2.066,-1.677
 2.066,-1.677
 2.052,-1.681
 2.046,-1.692
 2.060,-1.725
 2.034,-1.734
 2.017,-1.736
 2.000,-1.738
 1.982,-1.738
 1.988,-1.726
 2.004,-1.688
 2.008,-1.692
 2.017,-1.700
 1.996,-1.698
 2.000,-1.702
 1.998,-1.682
 2.012,-1.696
 2.010,-1.676
 2.015,-1.662
 2.002,-1.649
 2.006,-1.635
 2.012,-1.623
 2.041,-1.597
 2.041,-1.597
 2.064,-1.583
 2.072,-1.591
 2.066,-1.603
 2.091,-1.610
 2.091,-1.610
 2.099,-1.600
 2.084,-1.585
 2.099,-1.581
 2.109,-1.591
 2.120,-1.620
 2.131,-1.630
 2.118,-1.636
 2.131,-1.667
 2.149,-1.685
 2.129,-1.719
 2.117,-1.743
 2.144,-1.733
 2.144,-1.734
 2.136,-1.726
 2.148,-1.757
 2.144,-1.826
 2.140,-1.892
 2.122,-1.929
 2.122,-1.929
 2.130,-1.937
 2.146,-1.918
 2.169,-1.904
 2.176,-1.912
 2.180,-1.915
 2.186,-1.939
 2.184,-1.918
 2.182,-1.934
 2.182,-1.934
 2.165,-1.900
 2.184,-1.882
 2.194,-1.874
 2.190,-1.887
 2.194,-1.892
 2.194,-1.874
 2.186,-1.866
 2.188,-1.886
 2.181,-1.897
 2.184,-1.918
 2.200,-1.916
 2.184,-1.918
 2.185,-1.920
 2.182,-1.898
 2.194,-1.892
 2.184,-1.882
 2.194,-1.910
 2.184,-1.918
 2.192,-1.908
 2.190,-1.907
 2.177,-1.912
 2.167,-1.920
 2.167,-1.957
 2.163,-1.952
 2.157,-1.965
 2.165,-1.973
 2.155,-1.981
 2.176,-1.983
 2.164,-2.007
 2.176,-2.020
 2.176,-2.020
 2.168,-2.030
 2.149,-2.048
 2.128,-2.045
 2.131,-2.084
 2.126,-2.097
 2.114,-2.084
 2.125,-2.059
 2.106,-2.040
 2.095,-2.032
 2.093,-2.048
 2.095,-2.068
 2.081,-2.053
 2.066,-2.055
 2.072,-2.045
 2.072,-2.045
 2.066,-2.076
 2.058,-2.068
 2.058,-2.068
 2.067,-2.094
 2.050,-2.094
 2.054,-2.099
 2.064,-2.092
 2.073,-2.081
 2.075,-2.102
 2.072,-2.136
 2.075,-2.157
 2.075,-2.175
 2.083,-2.183
 2.065,-2.201
 2.052,-2.188
 2.082,-2.199
 2.090,-2.188
 2.077,-2.193
 2.075,-2.175
 2.094,-2.157
 2.086,-2.204
 2.084,-2.220
 2.075,-2.212
 2.086,-2.223
 2.084,-2.253
 2.088,-2.295
 2.090,-2.279
 2.092,-2.301
 2.096,-2.306
 2.105,-2.296
 2.119,-2.294
 2.128,-2.320
 2.111,-2.355
 2.095,-2.395
 2.080,-2.415
 2.084,-2.421
 2.074,-2.446
 2.063,-2.472
 2.068,-2.460
 2.064,-2.454
