 1.774,-1.196
 1.783,-1.205
 1.786,-1.231
 1.772,-1.218
 1.794,-1.216
 1.775,-1.244
 1.770,-1.239
 1.775,-1.243
 1.799,-1.220
 1.785,-1.207
 1.801,-1.199
 1.807,-1.158
 1.823,-1.150
 1.833,-1.161
 1.831,-1.135
 1.844,-1.125
 1.841,-1.099
 1.843,-1.078
 1.870,-1.080
 1.867,-1.054
 1.907,-1.046
 1.900,-1.017
 1.891,-1.008
 1.904,-0.974
 1.918,-0.940
 1.934,-0.931
 1.952,-0.927
 1.942,-0.916
 1.950,-0.902
 1.960,-0.866
 1.930,-0.835
 1.914,-0.821
 1.895,-0.800
 1.869,-0.798
 1.864,-0.795
 1.880,-0.786
 1.848,-0.781
 1.844,-0.775
 1.820,-0.751
 1.796,-0.727
 1.811,-0.718
 1.782,-0.715
 1.795,-0.727
 1.785,-0.716
 1.780,-0.737
 1.795,-0.727
 1.780,-0.713
 1.782,-0.715
 1.782,-0.715
 1.768,-0.702
 1.760,-0.716
 1.769,-0.726
 1.784,-0.740
 1.784,-0.740
 1.782,-0.715
 1.797,-0.729
 1.779,-0.713
 1.793,-0.726
 1.791,-0.724
 1.775,-0.687
 1.782,-0.668
 1.784,-0.669
 1.780,-0.663
 1.780,-0.663
 1.795,-0.634
 1.795,-0.634
 1.786,-0.628
 1.789,-0.583
 1.803,-0.550
 1.820,-0.517
 1.824,-0.472
 1.832,-0.459
 1.832,-0.459
 1.828,-0.456
 1.826,-0.479
 1.843,-0.517
 1.854,-0.528
 1.833,-0.553
 1.843,-0.564
 1.830,-0.598
 1.854,-0.622
 1.826,-0.642
 1.806,-0.668
 1.795,-0.680
 1.795,-0.727
 1.800,-0.730
 1.796,-0.774
 1.783,-0.785
 1.793,-0.796
 1.778,-0.805
 1.796,-0.821
 1.780,-0.830
 1.800,-0.848
 1.787,-0.859
 1.795,-0.844
 1.822,-0.870
 1.842,-0.867
 1.831,-0.879
 1.826,-0.876
 1.811,-0.908
 1.830,-0.879
 1.842,-0.867
 1.864,-0.863
 1.862,-0.885
 1.855,-0.903
 1.881,-0.905
 1.877,-0.901
 1.901,-0.925
 1.912,-0.912
 1.928,-0.927
 1.943,-0.941
 1.925,-0.948
 1.941,-0.963
 1.938,-0.985
 1.914,-1.008
 1.927,-0.997
 1.914,-0.961
 1.943,-0.988
 1.943,-0.988
 1.941,-1.010
 1.917,-1.033
 1.926,-1.042
 1.939,-1.078
 1.926,-1.089
 1.915,-1.102
 1.930,-1.117
 1.915,-1.148
 1.942,-1.151
 1.928,-1.138
 1.926,-1.159
 1.929,-1.161
 1.926,-1.183
 1.942,-1.198
 1.915,-1.195
 1.937,-1.240
 1.940,-1.266
 1.939,-1.289
 1.948,-1.320
 1.935,-1.354
 1.955,-1.396
 1.955,-1.443
 1.940,-1.475
 1.942,-1.501
 1.954,-1.535
 1.956,-1.561
 1.973,-1.600
 1.978,-1.605
 1.995,-1.645
 1.992,-1.665
 1.955,-1.652
 1.970,-1.621
 1.955,-1.605
 1.935,-1.587
 1.945,-1.574
 1.922,-1.573
 1.932,-1.537
 1.905,-1.534
 1.921,-1.503
 1.918,-1.477
 1.906,-1.464
 1.910,-1.445
 1.905,-1.440
 1.896,-1.432
 1.883,-1.396
 1.869,-1.383
 1.884,-1.351
 1.855,-1.323
 1.857,-1.302
 1.842,-1.286
 1.833,-1.278
 1.833,-1.231
 1.841,-1.193
 1.857,-1.208
 1.857,-1.161
 1.856,-1.137
 1.861,-1.094
 1.872,-1.082
 1.896,-1.105
 1.880,-1.067
 1.903,-1.067
 1.942,-1.033
 1.923,-1.017
 1.952,-0.997
 1.973,-0.972
 1.974,-0.996
 1.967,-0.965
 1.962,-0.961
 1.978,-0.929
 1.991,-0.895
 1.999,-0.881
 2.015,-0.872
 2.024,-0.834
 2.026,-0.812
 2.010,-0.774
 2.010,-0.751
 2.012,-0.753
 2.007,-0.726
 2.025,-0.718
 2.036,-0.682
 2.050,-0.672
 2.049,-0.648
 2.020,-0.668
 2.036,-0.659
 2.033,-0.634
 2.047,-0.623
 2.038,-0.590
 2.057,-0.564
 2.062,-0.567
 2.071,-0.530
 2.058,-0.541
 2.059,-0.495
 2.057,-0.447
 2.084,-0.448
 2.033,-0.423
 2.060,-0.425
 2.040,-0.403
 2.014,-0.402
 2.003,-0.391
 1.984,-0.400
 1.984,-0.376
 1.973,-0.342
 1.970,-0.317
 1.929,-0.296
 1.927,-0.295
 1.916,-0.307
 1.914,-0.330
 1.912,-0.352
 1.939,-0.400
 1.925,-0.435
 1.912,-0.469
 1.928,-0.506
 1.899,-0.527
 1.917,-0.566
 1.915,-0.588
 1.915,-0.634
 1.904,-0.694
 1.900,-0.738
 1.892,-0.752
 1.891,-0.775
 1.903,-0.809
 1.929,-0.835
 1.951,-0.880
 1.962,-0.915
 1.935,-0.983
 1.939,-1.031
 1.954,-1.093
 1.941,-1.104
 1.957,-1.166
 1.966,-1.174
 1.966,-1.221
 1.956,-1.258
 1.975,-1.277
 1.953,-1.279
 1.951,-1.253
 1.953,-1.255
 1.969,-1.247
 1.951,-1.253
 1.942,-1.245
 1.953,-1.232
 1.977,-1.232
 1.979,-1.258
 1.987,-1.243
 1.992,-1.247
 1.976,-1.208
 2.011,-1.219
 2.003,-1.211
 2.022,-1.183
 2.027,-1.188
 2.035,-1.149
 2.048,-1.139
 2.061,-1.128
 2.058,-1.103
 2.061,-1.081
 2.069,-1.043
 2.072,-1.022
 2.088,-0.966
 2.082,-0.962
 2.085,-0.941
 2.077,-0.912
 2.079,-0.890
 2.087,-0.872
 2.087,-0.825
 2.114,-0.827
 2.133,-0.800
 2.119,-0.788
 2.132,-0.753
 2.113,-0.714
 2.122,-0.696
 2.156,-0.660
 2.143,-0.624
 2.159,-0.591
 2.140,-0.552
 2.159,-0.544
 2.167,-0.507
 2.156,-0.496
 2.159,-0.474
 2.156,-0.449
 2.161,-0.451
 2.142,-0.437
 2.127,-0.470
 2.116,-0.459
 2.102,-0.446
 2.113,-0.451
 2.127,-0.463
 2.126,-0.487
 2.113,-0.498
 2.078,-0.539
 2.054,-0.563
 2.055,-0.586
 2.060,-0.612
 2.041,-0.638
 2.022,-0.670
 2.012,-0.706
 2.009,-0.751
 2.009,-0.798
 1.988,-0.846
 1.974,-0.880
 1.969,-0.920
 1.950,-0.950
 1.962,-0.985
 1.975,-1.021
 1.961,-1.055
 1.956,-1.072
 1.991,-1.083
 1.989,-1.104
 1.975,-1.138
 1.970,-1.134
 1.999,-1.162
 2.021,-1.160
 2.024,-1.186
 2.026,-1.211
 2.046,-1.230
 2.040,-1.248
 2.035,-1.243
 2.048,-1.256
 2.051,-1.282
 2.035,-1.290
 2.075,-1.306
 2.083,-1.290
 2.086,-1.316
 2.102,-1.308
 2.100,-1.329
 2.127,-1.379
 2.121,-1.374
 2.121,-1.374
 2.171,-1.398
 2.165,-1.440
 2.195,-1.469
 2.192,-1.443
 2.182,-1.479
 2.196,-1.492
 2.206,-1.503
 2.247,-1.519
 2.245,-1.540
 2.234,-1.529
 2.226,-1.521
 2.206,-1.503
 2.207,-1.503
 2.203,-1.477
 2.168,-1.466
 2.163,-1.460
 2.144,-1.442
 2.139,-1.437
 2.147,-1.421
 2.096,-1.395
 2.119,-1.372
 2.095,-1.348
 2.076,-1.329
 2.049,-1.280
 2.049,-1.280
 2.051,-1.235
 2.019,-1.205
 2.035,-1.220
 2.022,-1.183
 2.024,-1.162
 2.016,-1.153
 2.034,-1.149
 2.046,-1.160
 2.010,-1.149
 2.016,-1.153
 2.005,-1.166
 1.989,-1.151
 2.002,-1.187
 1.984,-1.194
 1.974,-1.230
 1.987,-1.219
 1.987,-1.219
 1.994,-1.202
 1.979,-1.187
 1.976,-1.209
 1.976,-1.209
 1.985,-1.217
 2.014,-1.222
 1.990,-1.222
 1.992,-1.224
 2.006,-1.213
 2.024,-1.232
 2.025,-1.209
 2.046,-1.230
 2.024,-1.233
 2.051,-1.211
 2.072,-1.186
 2.089,-1.178
 2.083,-1.173
 2.094,-1.184
 2.099,-1.188
 2.109,-1.152
 2.126,-1.144
 2.109,-1.152
 2.133,-1.129
 2.147,-1.142
 2.155,-1.127
 2.182,-1.129
 2.179,-1.104
 2.206,-1.106
 2.209,-1.085
 2.192,-1.093
 2.198,-1.097
 2.213,-1.091
 2.200,-1.102
 2.216,-1.070
 2.216,-1.070
 2.211,-1.040
 2.194,-1.025
 2.206,-1.059
 2.216,-1.070
 2.210,-1.066
 2.219,-1.048
 2.205,-1.036
 2.218,-1.025
 2.218,-1.025
 2.216,-1.023
 2.205,-1.036
 2.203,-1.034
 2.194,-1.025
 2.208,-1.014
 2.154,-1.010
 2.170,-1.001
 2.153,-0.963
 2.119,-0.975
 2.107,-0.941
 2.091,-0.879
 2.072,-0.836
 2.058,-0.753
 2.083,-0.753
 2.074,-0.744
 2.058,-0.729
 2.051,-0.743
 2.067,-0.739
 2.032,-0.751
 2.032,-0.751
 2.032,-0.751
 2.051,-0.767
 2.035,-0.753
 2.024,-0.765
 2.038,-0.754
 2.043,-0.739
 2.049,-0.742
 2.035,-0.706
 2.038,-0.731
 2.040,-0.709
 2.046,-0.670
 2.049,-0.672
 2.033,-0.611
 2.046,-0.576
 2.062,-0.543
 2.057,-0.517
 2.036,-0.518
 2.038,-0.496
 2.051,-0.462
 2.051,-0.462
 2.059,-0.448
 2.097,-0.437
 2.105,-0.401
 2.098,-0.414
 2.111,-0.380
 2.095,-0.389
 2.100,-0.392
 2.084,-0.402
 2.062,-0.449
 2.062,-0.449
 2.060,-0.472
 2.060,-0.472
 2.044,-0.481
 2.022,-0.482
 2.025,-0.484
 2.020,-0.481
 2.036,-0.448
 2.032,-0.447
 2.025,-0.437
 2.041,-0.450
 2.012,-0.471
 2.004,-0.485
 1.987,-0.495
 1.977,-0.507
 1.977,-0.483
 1.963,-0.518
 1.980,-0.508
 1.972,-0.528
 1.974,-0.529
 1.975,-0.552
 1.972,-0.574
 1.966,-0.589
 1.964,-0.612
 1.943,-0.660
 1.942,-0.683
 1.951,-0.693
 1.974,-0.693
 1.948,-0.715
 1.940,-0.752
 1.953,-0.788
 1.953,-0.788
 1.945,-0.802
 1.961,-0.821
 1.949,-0.878
 1.951,-0.904
 1.940,-0.916
 1.972,-0.922
 1.967,-0.918
 1.975,-0.951
 1.987,-0.985
 1.994,-0.970
 2.013,-0.987
 2.035,-0.985
 2.064,-0.989
 2.064,-1.036
 2.070,-1.067
 2.086,-1.129
 2.094,-1.137
 2.099,-1.165
 2.124,-1.189
 2.145,-1.187
 2.148,-1.212
 2.167,-1.231
 2.167,-1.278
 2.183,-1.294
 2.181,-1.315
 2.172,-1.306
 2.194,-1.304
 2.197,-1.330
 2.221,-1.307
 2.191,-1.325
 2.172,-1.306
 2.180,-1.291
 2.193,-1.281
 2.210,-1.273
 2.190,-1.255
 2.206,-1.223
 2.214,-1.185
 2.206,-1.200
 2.219,-1.142
 2.217,-1.140
 2.222,-1.121
 2.230,-1.083
 2.230,-1.083
 2.230,-1.083
 2.216,-1.070
 2.246,-1.051
 2.237,-1.021
 2.227,-1.010
 2.242,-0.978
 2.253,-0.966
 2.249,-0.958
 2.243,-0.955
 2.218,-0.931
 2.205,-0.918
 2.175,-0.914
 2.191,-0.882
 2.202,-0.870
 2.205,-0.848
 2.194,-0.837
 2.167,-0.835
 2.173,-0.838
 2.156,-0.801
 2.156,-0.801
 2.146,-0.790
 2.143,-0.765
 2.148,-0.744
 2.142,-0.718
 2.135,-0.732
 2.111,-0.708
 2.132,-0.707
 2.135,-0.685
 2.129,-0.682
 2.095,-0.694
 2.111,-0.685
 2.108,-0.683
 2.100,-0.697
 2.083,-0.706
 2.070,-0.717
 2.084,-0.706
 2.081,-0.681
 2.103,-0.675
 2.110,-0.661
 2.110,-0.661
 2.135,-0.685
 2.129,-0.682
 2.159,-0.661
 2.156,-0.636
 2.145,-0.625
 2.182,-0.591
 2.164,-0.599
 2.172,-0.580
 2.190,-0.554
 2.166,-0.530
 2.191,-0.484
 2.188,-0.459
 2.220,-0.416
 2.220,-0.369
 2.209,-0.358
 2.210,-0.334
 2.204,-0.332
 2.204,-0.285
 2.198,-0.283
 2.212,-0.249
 2.217,-0.251
 2.193,-0.227
 2.175,-0.252
 2.158,-0.263
 2.145,-0.321
 2.121,-0.344
 2.104,-0.377
 2.075,-0.415
 2.083,-0.425
 2.062,-0.473
 2.062,-0.473
 2.035,-0.518
 2.014,-0.566
 2.011,-0.588
 2.025,-0.624
 2.049,-0.648
 2.020,-0.668
 2.038,-0.707
 2.036,-0.729
 2.025,-0.742
 2.014,-0.731
 2.033,-0.704
 2.051,-0.696
 2.071,-0.694
 2.086,-0.661
 2.097,-0.648
 2.116,-0.622
 2.135,-0.591
 2.143,-0.577
 2.148,-0.580
 2.172,-0.557
 2.180,-0.543
 2.193,-0.532
 2.212,-0.530
 2.201,-0.542
 2.204,-0.520
 2.193,-0.509
 2.198,-0.488
 2.225,-0.472
 2.228,-0.496
 2.255,-0.498
 2.228,-0.520
 2.237,-0.524
 2.255,-0.521
 2.252,-0.544
 2.252,-0.543
 2.236,-0.530
 2.252,-0.544
 2.249,-0.519
 2.228,-0.543
 2.241,-0.532
 2.228,-0.543
 2.223,-0.558
 2.204,-0.543
 2.182,-0.544
 2.182,-0.544
 2.163,-0.529
 2.179,-0.519
 2.152,-0.518
 2.168,-0.532
 2.158,-0.521
 2.155,-0.543
 2.134,-0.544
 2.104,-0.564
 2.131,-0.566
 2.121,-0.555
 2.131,-0.566
 2.113,-0.592
 2.107,-0.589
 2.096,-0.648
 2.083,-0.636
 2.094,-0.647
 2.113,-0.639
 2.096,-0.648
 2.110,-0.661
 2.111,-0.684
 2.094,-0.694
 2.097,-0.719
 2.108,-0.706
 2.110,-0.708
 2.135,-0.732
 2.130,-0.775
 2.138,-0.804
 2.143,-0.858
 2.146,-0.883
 2.146,-0.930
 2.167,-0.952
 2.173,-0.956
 2.194,-0.954
 2.197,-0.980
 2.211,-0.992
 2.203,-1.010
 2.195,-1.001
 2.213,-0.974
 2.203,-0.963
 2.194,-0.954
 2.178,-0.940
 2.184,-0.943
 2.170,-0.884
 2.205,-0.848
 2.191,-0.812
 2.153,-0.775
 2.135,-0.779
 2.132,-0.754
 2.135,-0.732
 2.145,-0.743
 2.129,-0.752
 2.134,-0.755
 2.132,-0.777
 2.108,-0.777
 2.108,-0.777
 2.106,-0.799
 2.135,-0.802
 2.108,-0.824
 2.100,-0.861
 2.114,-0.898
 2.095,-0.905
 2.111,-0.919
 2.108,-0.894
 2.097,-0.906
 2.100,-0.932
 2.122,-0.930
 2.127,-0.934
 2.154,-0.939
 2.154,-0.986
 2.167,-0.976
 2.168,-0.999
 2.197,-1.003
 2.205,-1.012
 2.178,-1.033
 2.213,-1.044
 2.189,-1.068
 2.200,-1.076
 2.235,-1.063
 2.238,-1.089
 2.245,-1.121
 2.261,-1.162
 2.288,-1.164
 2.286,-1.186
 2.286,-1.232
 2.306,-1.250
 2.317,-1.284
 2.355,-1.321
 2.338,-1.329
 2.349,-1.316
 2.352,-1.318
 2.300,-1.292
 2.333,-1.252
 2.368,-1.216
 2.378,-1.156
 2.375,-1.084
 2.358,-1.022
 2.385,-0.954
 2.396,-0.895
 2.402,-0.851
 2.405,-0.830
 2.385,-0.790
 2.378,-0.804
 2.385,-0.790
 2.364,-0.792
 2.367,-0.817
 2.350,-0.826
 2.343,-0.863
 2.312,-0.883
 2.316,-0.908
 2.302,-0.872
 2.313,-0.860
 2.319,-0.863
 2.316,-0.838
 2.292,-0.861
 2.289,-0.883
 2.262,-0.881
 2.282,-0.897
 2.281,-0.921
 2.284,-0.946
 2.271,-0.957
 2.265,-0.976
 2.281,-0.991
 2.272,-0.962
 2.299,-0.964
 2.278,-0.966
 2.278,-0.966
 2.284,-0.970
 2.254,-0.989
 2.254,-0.989
 2.291,-1.002
 2.275,-1.034
 2.267,-1.025
 2.264,-1.000
 2.291,-1.025
 2.295,-1.027
 2.267,-1.049
 2.270,-1.074
 2.278,-1.083
 2.291,-1.072
 2.277,-1.060
 2.312,-1.024
 2.318,-1.028
 2.326,-0.990
 2.315,-1.002
 2.326,-0.990
 2.309,-0.998
 2.315,-0.955
 2.315,-0.955
 2.328,-0.921
 2.331,-0.899
 2.336,-0.883
 2.353,-0.874
 2.350,-0.849
 2.366,-0.864
 2.366,-0.864
 2.357,-0.882
 2.374,-0.896
 2.388,-0.909
 2.391,-0.934
 2.380,-0.947
 2.363,-0.956
 2.380,-0.970
 2.374,-0.990
 2.374,-1.013
 2.374,-1.013
 2.371,-1.035
 2.377,-1.039
 2.360,-1.048
 2.353,-1.062
 2.353,-1.086
 2.374,-1.084
 2.353,-1.109
 2.336,-1.118
 2.350,-1.107
 2.328,-1.109
 2.311,-1.117
 2.328,-1.109
 2.301,-1.107
 2.315,-1.073
 2.315,-1.073
 2.299,-1.058
 2.304,-1.038
 2.315,-1.026
 2.326,-1.013
 2.328,-0.991
 2.336,-1.000
 2.328,-0.991
 2.335,-0.977
 2.339,-0.979
 2.342,-0.957
 2.349,-0.943
 2.339,-0.932
 2.336,-0.907
 2.314,-0.908
 2.317,-0.887
 2.300,-0.849
 2.307,-0.829
 2.314,-0.814
 2.311,-0.836
 2.301,-0.802
 2.314,-0.814
 2.299,-0.843
 2.292,-0.816
 2.304,-0.850
 2.290,-0.838
 2.284,-0.834
 2.277,-0.848
 2.287,-0.836
 2.280,-0.850
 2.282,-0.852
 2.277,-0.872
 2.304,-0.897
 2.273,-0.893
 2.280,-0.921
 2.304,-0.921
 2.304,-0.921
 2.318,-0.934
 2.339,-0.932
 2.315,-0.955
 2.325,-0.966
 2.322,-0.988
 2.339,-1.002
 2.336,-1.024
 2.339,-1.049
 2.352,-1.086
 2.336,-1.118
 2.350,-1.131
 2.350,-1.154
 2.354,-1.203
 2.364,-1.214
 2.358,-1.256
 2.364,-1.261
 2.375,-1.272
 2.378,-1.297
 2.392,-1.310
 2.385,-1.329
 2.391,-1.334
 2.385,-1.329
 2.385,-1.329
 2.402,-1.321
 2.399,-1.295
 2.410,-1.306
 2.406,-1.280
 2.415,-1.264
 2.429,-1.277
 2.425,-1.274
 2.426,-1.274
 2.412,-1.285
 2.420,-1.270
 2.430,-1.257
 2.454,-1.234
 2.436,-1.215
 2.460,-1.191
 2.477,-1.183
 2.464,-1.217
 2.444,-1.223
 2.461,-1.238
 2.454,-1.234
 2.423,-1.225
 2.426,-1.204
 2.426,-1.204
 2.415,-1.217
 2.410,-1.236
 2.410,-1.236
 2.399,-1.248
 2.396,-1.270
 2.378,-1.250
 2.350,-1.248
 2.353,-1.274
 2.343,-1.263
 2.326,-1.271
 2.343,-1.263
 2.313,-1.282
 2.327,-1.295
 2.316,-1.307
 2.303,-1.318
 2.306,-1.320
 2.327,-1.318
 2.303,-1.318
 2.291,-1.307
 2.286,-1.326
 2.292,-1.331
 2.286,-1.326
 2.281,-1.344
 2.298,-1.336
 2.308,-1.346
 2.322,-1.359
 2.313,-1.375
 2.314,-1.376
 2.338,-1.399
 2.338,-1.399
 2.365,-1.402
 2.373,-1.410
 2.390,-1.426
 2.404,-1.439
 2.373,-1.457
 2.390,-1.473
 2.401,-1.507
 2.404,-1.533
 2.404,-1.533
 2.398,-1.528
 2.356,-1.532
 2.364,-1.540
 2.366,-1.543
 2.380,-1.556
 2.374,-1.551
 2.377,-1.577
 2.385,-1.585
 2.402,-1.601
 2.391,-1.614
 2.388,-1.611
 2.394,-1.616
 2.387,-1.587
 2.377,-1.624
 2.377,-1.624
 2.364,-1.634
 2.367,-1.661
 2.378,-1.671
 2.392,-1.684
 2.368,-1.708
 2.364,-1.681
 2.360,-1.700
 2.357,-1.697
 2.354,-1.718
 2.352,-1.739
 2.346,-1.756
 2.358,-1.768
 2.383,-1.792
 2.375,-1.808
 2.376,-1.808
 2.380,-1.812
 2.380,-1.789
 2.374,-1.783
 2.363,-1.796
 2.366,-1.775
 2.377,-1.762
 2.386,-1.771
 2.393,-1.731
 2.382,-1.745
 2.379,-1.718
 2.387,-1.726
 2.393,-1.732
 2.403,-1.695
 2.392,-1.661
 2.395,-1.640
 2.389,-1.634
 2.381,-1.627
 2.378,-1.601
 2.378,-1.601
 2.391,-1.590
 2.378,-1.600
 2.357,-1.603
 2.351,-1.574
 2.365,-1.564
 2.354,-1.577
 2.350,-1.551
 2.321,-1.545
 2.318,-1.495
 2.283,-1.485
 2.283,-1.485
 2.267,-1.469
 2.283,-1.438
 2.280,-1.459
 2.270,-1.448
 2.283,-1.438
 2.277,-1.433
 2.283,-1.438
 2.293,-1.448
 2.307,-1.414
 2.317,-1.425
 2.322,-1.431
 2.331,-1.415
 2.352,-1.412
 2.358,-1.417
 2.344,-1.381
 2.338,-1.376
 2.365,-1.355
 2.359,-1.327
 2.372,-1.316
 2.389,-1.308
 2.397,-1.293
 2.406,-1.276
 2.400,-1.272
 2.414,-1.285
 2.414,-1.285
 2.410,-1.283
 2.424,-1.296
 2.434,-1.306
 2.452,-1.345
 2.466,-1.358
 2.448,-1.366
 2.452,-1.369
 2.448,-1.366
 2.435,-1.377
 2.448,-1.366
 2.445,-1.387
 2.452,-1.392
 2.449,-1.413
 2.439,-1.450
 2.442,-1.476
 2.449,-1.507
 2.481,-1.560
 2.482,-1.586
 2.447,-1.575
 2.429,-1.557
 2.412,-1.541
 2.418,-1.546
 2.391,-1.543
 2.439,-1.544
 2.429,-1.557
 2.415,-1.567
 2.418,-1.593
 2.412,-1.588
 2.412,-1.588
 2.398,-1.575
 2.395,-1.548
 2.407,-1.559
 2.418,-1.546
 2.386,-1.561
 2.386,-1.561
 2.401,-1.554
 2.398,-1.574
 2.405,-1.559
 2.398,-1.575
 2.425,-1.577
 2.398,-1.575
 2.421,-1.596
 2.415,-1.614
 2.415,-1.614
 2.430,-1.674
 2.437,-1.705
 2.454,-1.745
 2.451,-1.719
 2.440,-1.732
 2.440,-1.732
 2.413,-1.728
 2.419,-1.734
 2.440,-1.732
 2.430,-1.745
 2.465,-1.755
 2.448,-1.763
 2.454,-1.769
 2.465,-1.755
 2.467,-1.758
 2.478,-1.792
 2.448,-1.810
 2.479,-1.816
 2.500,-1.837
 2.504,-1.840
 2.504,-1.840
 2.501,-1.860
 2.490,-1.873
 2.459,-1.844
 2.449,-1.833
 2.454,-1.816
 2.451,-1.789
 2.468,-1.782
 2.459,-1.797
 2.445,-1.783
 2.441,-1.779
 2.427,-1.765
 2.436,-1.751
 2.416,-1.755
 2.391,-1.755
 2.403,-1.765
 2.373,-1.783
 2.390,-1.775
 2.403,-1.765
 2.407,-1.768
 2.430,-1.768
 2.414,-1.752
 2.430,-1.768
 2.462,-1.752
 2.476,-1.766
 2.465,-1.732
 2.427,-1.695
 2.430,-1.674
 2.440,-1.638
 2.429,-1.627
 2.426,-1.601
 2.385,-1.561
 2.402,-1.530
 2.377,-1.507
 2.380,-1.486
 2.383,-1.465
 2.366,-1.425
 2.369,-1.428
 2.352,-1.389
 2.342,-1.402
 2.345,-1.404
 2.329,-1.389
 2.331,-1.391
 2.353,-1.365
 2.342,-1.378
 2.342,-1.378
 2.349,-1.363
 2.344,-1.334
 2.365,-1.331
 2.366,-1.308
 2.376,-1.319
 2.370,-1.291
 2.393,-1.264
 2.438,-1.238
 2.420,-1.219
 2.444,-1.196
 2.448,-1.178
 2.465,-1.170
 2.480,-1.117
 2.472,-1.108
 2.486,-1.074
 2.476,-1.063
 2.482,-1.067
 2.486,-1.051
 2.473,-1.085
 2.476,-1.063
 2.473,-1.085
 2.492,-1.078
 2.489,-1.100
 2.479,-1.136
 2.466,-1.170
 2.474,-1.226
 2.487,-1.262
 2.498,-1.296
 2.498,-1.343
 2.477,-1.322
 2.436,-1.330
 2.456,-1.324
 2.439,-1.309
 2.428,-1.322
 2.456,-1.324
 2.436,-1.353
 2.429,-1.369
 2.401,-1.366
 2.388,-1.400
 2.380,-1.415
 2.342,-1.425
 2.348,-1.430
 2.342,-1.425
 2.318,-1.449
 2.318,-1.449
 2.312,-1.467
 2.321,-1.451
 2.315,-1.446
 2.293,-1.448
 2.320,-1.427
 2.307,-1.438
 2.321,-1.451
 2.304,-1.459
 2.308,-1.508
 2.318,-1.519
 2.312,-1.514
 2.331,-1.509
 2.328,-1.482
 2.345,-1.475
 2.358,-1.464
 2.363,-1.446
 2.404,-1.486
 2.411,-1.470
 2.414,-1.449
 2.417,-1.428
 2.417,-1.428
 2.420,-1.407
 2.414,-1.402
 2.452,-1.392
 2.462,-1.403
 2.445,-1.411
 2.462,-1.403
 2.483,-1.400
 2.462,-1.403
 2.490,-1.406
 2.496,-1.390
 2.503,-1.395
 2.497,-1.367
 2.476,-1.369
 2.452,-1.345
 2.462,-1.356
 2.465,-1.335
 2.448,-1.319
 2.452,-1.345
 2.430,-1.347
 2.434,-1.353
 2.427,-1.345
 2.424,-1.343
 2.400,-1.366
 2.427,-1.368
 2.414,-1.379
 2.430,-1.418
 2.432,-1.421
 2.425,-1.437
 2.441,-1.452
 2.403,-1.439
 2.423,-1.433
 2.417,-1.428
 2.414,-1.449
 2.439,-1.450
 2.422,-1.457
 2.429,-1.486
 2.412,-1.494
 2.415,-1.496
 2.415,-1.520
 2.398,-1.527
 2.418,-1.546
 2.439,-1.544
 2.443,-1.570
 2.457,-1.583
 2.440,-1.591
 2.470,-1.620
 2.474,-1.625
 2.464,-1.661
 2.485,-1.659
 2.457,-1.632
 2.454,-1.604
 2.450,-1.601
 2.443,-1.617
 2.457,-1.630
 2.461,-1.635
 2.464,-1.638
 2.447,-1.622
 2.437,-1.612
 2.418,-1.617
 2.415,-1.614
 2.408,-1.606
 2.402,-1.601
 2.391,-1.614
 2.404,-1.603
 2.377,-1.600
 2.359,-1.606
 2.380,-1.603
 2.377,-1.624
 2.391,-1.614
 2.385,-1.632
 2.381,-1.650
 2.370,-1.663
 2.405,-1.674
 2.412,-1.658
 2.396,-1.689
 2.394,-1.687
 2.391,-1.661
 2.398,-1.690
 2.422,-1.690
 2.412,-1.705
 2.416,-1.708
 2.412,-1.705
 2.413,-1.705
 2.430,-1.698
 2.426,-1.671
 2.430,-1.698
 2.437,-1.705
 2.451,-1.742
 2.468,-1.735
 2.465,-1.755
 2.471,-1.785
 2.462,-1.776
 2.454,-1.769
 2.454,-1.769
 2.448,-1.763
 2.454,-1.769
 2.441,-1.779
 2.430,-1.792
 2.417,-1.802
 2.438,-1.799
 2.417,-1.802
 2.416,-1.802
 2.406,-1.815
 2.420,-1.829
 2.400,-1.809
 2.393,-1.825
 2.389,-1.799
 2.381,-1.791
 2.357,-1.768
 2.355,-1.765
 2.347,-1.757
 2.344,-1.731
 2.344,-1.731
 2.336,-1.747
 2.317,-1.775
 2.331,-1.788
 2.328,-1.809
 2.356,-1.835
 2.386,-1.865
 2.400,-1.926
 2.428,-1.976
 2.457,-2.004
 2.468,-2.062
 2.504,-2.072
 2.511,-2.056
 2.531,-2.076
 2.541,-2.039
 2.542,-2.015
 2.566,-2.039
 2.545,-2.019
 2.551,-2.002
 2.534,-1.985
 2.502,-1.954
 2.495,-1.924
 2.453,-1.907
 2.449,-1.879
 2.419,-1.873
 2.398,-1.876
 2.373,-1.875
 2.342,-1.845
 2.321,-1.848
 2.318,-1.822
 2.311,-1.838
 2.289,-1.841
 2.273,-1.848
 2.265,-1.864
 2.246,-1.868
 2.225,-1.871
 2.242,-1.864
 2.246,-1.868
 2.225,-1.871
 2.233,-1.878
 2.246,-1.868
 2.241,-1.887
 2.249,-1.895
 2.249,-1.895
 2.271,-1.892
 2.298,-1.895
 2.301,-1.875
 2.321,-1.895
 2.314,-1.912
 2.332,-1.882
 2.322,-1.896
 2.335,-1.909
 2.353,-1.879
 2.374,-1.899
 2.391,-1.893
 2.384,-1.909
 2.411,-1.913
 2.392,-1.917
 2.419,-1.920
 2.427,-1.927
 2.430,-1.954
 2.443,-1.944
 2.430,-1.954
 2.436,-1.913
 2.395,-1.896
 2.395,-1.896
 2.395,-1.896
 2.402,-1.880
 2.398,-1.876
 2.381,-1.859
 2.384,-1.886
 2.398,-1.876
 2.391,-1.870
 2.409,-1.910
 2.406,-1.907
 2.395,-1.896
 2.384,-1.886
 2.367,-1.846
 2.366,-1.868
 2.349,-1.828
 2.349,-1.828
 2.373,-1.852
 2.329,-1.809
 2.335,-1.791
 2.321,-1.778
 2.321,-1.754
 2.332,-1.741
 2.326,-1.735
 2.320,-1.707
 2.310,-1.697
 2.313,-1.676
 2.313,-1.629
 2.320,-1.613
 2.323,-1.592
 2.331,-1.600
 2.331,-1.600
 2.333,-1.579
 2.330,-1.553
 2.326,-1.548
 2.333,-1.532
 2.347,-1.522
 2.343,-1.496
 2.330,-1.506
 2.360,-1.535
 2.378,-1.507
 2.371,-1.522
 2.395,-1.522
 2.403,-1.530
 2.416,-1.520
 2.427,-1.507
 2.429,-1.510
 2.433,-1.512
 2.437,-1.518
 2.444,-1.523
 2.451,-1.531
 2.427,-1.554
 2.454,-1.557
 2.451,-1.578
 2.458,-1.583
 2.455,-1.604
 2.482,-1.607
 2.468,-1.594
 2.448,-1.599
 2.465,-1.615
 2.489,-1.591
 2.478,-1.604
 2.517,-1.594
 2.510,-1.589
 2.503,-1.581
 2.499,-1.555
 2.503,-1.581
 2.503,-1.557
 2.486,-1.565
 2.486,-1.565
 2.499,-1.555
 2.481,-1.583
 2.495,-1.549
 2.464,-1.544
 2.478,-1.557
 2.461,-1.541
 2.451,-1.554
 2.451,-1.554
 2.427,-1.554
 2.433,-1.559
 2.427,-1.554
 2.406,-1.604
 2.406,-1.627
 2.414,-1.658
 2.420,-1.687
 2.414,-1.682
 2.393,-1.684
 2.397,-1.687
 2.390,-1.705
 2.383,-1.721
 2.369,-1.731
 2.373,-1.758
 2.376,-1.784
 2.356,-1.812
 2.373,-1.852
 2.405,-1.883
 2.392,-1.917
 2.406,-1.930
 2.378,-1.927
 2.374,-1.946
 2.371,-1.943
 2.371,-1.943
 2.361,-1.980
 2.355,-1.973
 2.361,-2.003
 2.383,-2.024
 2.373,-2.061
 2.376,-2.088
 2.394,-2.105
 2.398,-2.155
 2.408,-2.165
 2.395,-2.175
 2.436,-2.169
 2.443,-2.176
 2.461,-2.169
 2.440,-2.149
 2.429,-2.115
 2.449,-2.112
 2.435,-2.075
 2.416,-2.081
 2.424,-2.041
 2.397,-2.037
 2.396,-2.014
 2.377,-2.017
 2.396,-2.014
 2.420,-1.990
 2.410,-1.980
 2.423,-1.970
 2.431,-1.977
 2.420,-1.991
 2.417,-2.011
 2.444,-2.014
 2.472,-2.018
 2.469,-2.015
 2.485,-2.008
 2.468,-1.991
 2.479,-1.954
 2.479,-1.954
 2.513,-1.894
 2.494,-1.829
 2.502,-1.790
 2.480,-1.746
 2.456,-1.675
 2.452,-1.601
 2.458,-1.560
 2.444,-1.546
 2.455,-1.533
 2.455,-1.534
 2.449,-1.528
 2.444,-1.546
 2.465,-1.544
 2.444,-1.547
 2.479,-1.557
 2.462,-1.565
 2.455,-1.604
 2.452,-1.625
 2.455,-1.651
 2.458,-1.677
 2.452,-1.719
 2.456,-1.745
 2.477,-1.789
 2.491,-1.826
 2.498,-1.856
 2.516,-1.874
 2.543,-1.924
 2.526,-1.931
 2.526,-1.931
 2.554,-1.934
 2.534,-1.938
 2.544,-1.924
 2.537,-1.918
 2.529,-1.911
 2.519,-1.900
 2.515,-1.897
 2.519,-1.900
 2.505,-1.887
 2.505,-1.887
 2.481,-1.863
 2.463,-1.823
 2.456,-1.839
 2.442,-1.826
 2.442,-1.826
 2.445,-1.805
 2.428,-1.789
 2.418,-1.802
 2.393,-1.778
 2.404,-1.812
 2.397,-1.805
 2.369,-1.802
 2.375,-1.808
 2.369,-1.802
 2.367,-1.822
 2.383,-1.839
 2.377,-1.833
 2.397,-1.852
 2.397,-1.852
 2.418,-1.849
 2.435,-1.866
 2.415,-1.870
 2.432,-1.863
 2.439,-1.846
 2.428,-1.860
 2.445,-1.852
 2.466,-1.850
 2.456,-1.863
 2.463,-1.870
 2.477,-1.907
 2.483,-1.913
 2.494,-1.947
 2.525,-1.977
 2.567,-1.971
 2.572,-1.952
 2.561,-1.965
 2.550,-1.955
 2.574,-1.955
 2.564,-1.945
 2.592,-1.948
 2.585,-1.964
 2.561,-1.965
 2.578,-2.005
 2.589,-2.015
 2.600,-2.049
 2.579,-2.052
 2.589,-2.063
 2.579,-2.053
 2.579,-2.076
 2.576,-2.096
 2.580,-2.076
 2.573,-2.093
 2.569,-2.089
 2.580,-2.076
 2.552,-2.073
 2.552,-2.073
 2.535,-2.056
 2.541,-2.086
 2.531,-2.075
 2.507,-2.075
 2.497,-2.089
 2.480,-2.072
 2.448,-2.088
 2.442,-2.081
 2.428,-2.068
 2.431,-2.048
 2.406,-2.024
 2.402,-2.020
 2.375,-2.017
 2.361,-2.027
 2.351,-2.040
 2.345,-2.034
 2.340,-2.054
 2.348,-2.060
 2.345,-2.081
 2.365,-2.101
 2.362,-2.074
 2.368,-2.081
 2.372,-2.084
 2.393,-2.081
 2.372,-2.084
 2.369,-2.057
 2.386,-2.051
 2.375,-2.017
 2.385,-2.027
 2.375,-2.017
 2.393,-1.987
 2.386,-2.004
 2.396,-2.014
 2.409,-2.004
 2.437,-2.007
 2.420,-1.990
 2.434,-2.004
 2.420,-1.990
 2.441,-1.987
 2.447,-1.994
 2.454,-1.977
 2.461,-1.984
 2.468,-1.967
 2.455,-1.978
 2.458,-1.957
 2.451,-1.951
 2.457,-1.957
 2.481,-1.934
 2.471,-1.947
 2.485,-1.960
 2.489,-1.964
 2.502,-1.954
 2.513,-1.941
 2.502,-1.954
 2.523,-1.927
 2.529,-1.911
 2.519,-1.924
 2.539,-1.921
 2.537,-1.918
 2.529,-1.911
 2.536,-1.894
 2.533,-1.890
 2.529,-1.864
 2.522,-1.881
 2.525,-1.861
 2.549,-1.837
 2.535,-1.846
 2.521,-1.832
 2.507,-1.843
 2.493,-1.829
 2.500,-1.813
 2.490,-1.803
 2.511,-1.800
 2.524,-1.790
 2.507,-1.796
 2.500,-1.813
 2.518,-1.853
 2.528,-1.863
 2.528,-1.864
 2.556,-1.914
 2.563,-1.921
 2.581,-1.961
 2.578,-1.982
 2.574,-1.978
 2.578,-1.982
 2.609,-1.989
 2.626,-2.006
 2.623,-2.003
 2.623,-2.026
 2.627,-2.029
 2.648,-2.050
 2.641,-2.090
 2.652,-2.124
 2.639,-2.181
 2.653,-2.194
 2.635,-2.201
 2.626,-2.238
 2.615,-2.251
 2.567,-2.274
 2.568,-2.298
 2.551,-2.328
 2.535,-2.382
 2.535,-2.429
 2.532,-2.472
 2.525,-2.513
 2.530,-2.539
 2.512,-2.570
 2.512,-2.570
 2.512,-2.570
 2.515,-2.551
 2.522,-2.509
 2.511,-2.500
 2.522,-2.486
 2.505,-2.492
 2.525,-2.513
 2.529,-2.492
 2.536,-2.500
 2.546,-2.510
 2.557,-2.496
 2.584,-2.500
 2.580,-2.496
 2.598,-2.491
 2.611,-2.481
 2.608,-2.500
 2.621,-2.491
 2.650,-2.493
 2.654,-2.497
 2.651,-2.517
 2.651,-2.517
 2.647,-2.538
 2.654,-2.544
 2.657,-2.548
 2.658,-2.572
 2.640,-2.577
 2.634,-2.595
 2.654,-2.591
 2.644,-2.605
 2.654,-2.591
 2.616,-2.601
 2.620,-2.605
 2.606,-2.591
 2.613,-2.599
 2.598,-2.585
 2.581,-2.567
 2.582,-2.567
 2.575,-2.559
 2.585,-2.548
 2.560,-2.524
 2.560,-2.500
 2.552,-2.470
 2.556,-2.425
 2.535,-2.429
 2.545,-2.392
 2.528,-2.375
 2.510,-2.358
 2.531,-2.355
 2.513,-2.338
 2.534,-2.335
 2.507,-2.331
 2.534,-2.335
 2.531,-2.355
 2.538,-2.362
 2.534,-2.335
 2.544,-2.345
 2.545,-2.322
 2.528,-2.327
 2.524,-2.325
 2.524,-2.325
 2.532,-2.331
 2.534,-2.335
 2.542,-2.341
 2.559,-2.359
 2.569,-2.345
 2.565,-2.341
 2.597,-2.349
 2.590,-2.365
 2.596,-2.372
 2.596,-2.372
 2.590,-2.342
 2.631,-2.336
 2.614,-2.295
 2.617,-2.275
 2.616,-2.228
 2.589,-2.177
 2.581,-2.170
 2.588,-2.153
 2.578,-2.143
 2.581,-2.123
 2.580,-2.099
 2.612,-2.106
 2.594,-2.066
 2.594,-2.066
 2.590,-2.062
 2.587,-2.059
 2.615,-2.063
 2.612,-2.036
 2.628,-2.053
 2.629,-2.053
 2.628,-2.053
 2.643,-2.066
 2.663,-2.063
 2.667,-2.090
 2.677,-2.101
 2.674,-2.121
 2.691,-2.114
 2.670,-2.094
 2.677,-2.100
 2.677,-2.100
 2.663,-2.087
 2.691,-2.114
 2.660,-2.131
 2.650,-2.144
 2.664,-2.158
 2.674,-2.168
 2.671,-2.188
 2.678,-2.194
 2.689,-2.228
 2.678,-2.242
 2.672,-2.258
 2.692,-2.255
 2.689,-2.252
 2.679,-2.265
 2.679,-2.265
 2.661,-2.272
 2.665,-2.299
 2.637,-2.295
 2.621,-2.349
 2.648,-2.353
 2.632,-2.383
 2.635,-2.410
 2.621,-2.395
 2.614,-2.436
 2.619,-2.440
 2.581,-2.473
 2.590,-2.484
 2.573,-2.490
 2.598,-2.490
 2.598,-2.490
 2.594,-2.510
 2.594,-2.510
 2.601,-2.493
 2.580,-2.496
 2.608,-2.477
 2.594,-2.463
 2.573,-2.467
 2.583,-2.477
 2.595,-2.463
 2.591,-2.483
 2.574,-2.489
 2.595,-2.510
 2.580,-2.496
 2.562,-2.480
 2.600,-2.447
 2.593,-2.439
 2.579,-2.426
 2.573,-2.395
 2.555,-2.402
 2.572,-2.396
 2.586,-2.386
 2.586,-2.386
 2.590,-2.365
 2.576,-2.398
 2.583,-2.406
 2.607,-2.382
 2.589,-2.413
 2.596,-2.396
 2.621,-2.396
 2.610,-2.410
 2.614,-2.389
 2.620,-2.373
 2.602,-2.332
 2.627,-2.332
 2.641,-2.322
 2.634,-2.315
 2.644,-2.255
 2.653,-2.218
 2.647,-2.188
 2.618,-2.160
 2.625,-2.120
 2.614,-2.086
 2.625,-2.026
 2.611,-2.012
 2.614,-1.969
 2.611,-1.942
 2.621,-1.928
 2.603,-1.888
 2.641,-1.878
 2.645,-1.857
 2.635,-1.872
 2.679,-1.844
 2.662,-1.828
 2.665,-1.807
 2.679,-1.774
 2.671,-1.744
 2.679,-1.727
 2.709,-1.687
 2.699,-1.677
 2.689,-1.666
 2.685,-1.664
 2.716,-1.646
 2.709,-1.640
 2.709,-1.640
 2.737,-1.643
 2.730,-1.638
 2.727,-1.633
 2.733,-1.617
 2.751,-1.609
 2.737,-1.596
 2.733,-1.570
 2.726,-1.539
 2.719,-1.533
 2.726,-1.515
 2.726,-1.491
 2.726,-1.494
 2.719,-1.486
 2.709,-1.476
 2.691,-1.504
 2.698,-1.509
 2.688,-1.525
 2.692,-1.551
 2.685,-1.546
 2.671,-1.556
 2.664,-1.548
 2.646,-1.556
 2.668,-1.575
 2.654,-1.585
 2.640,-1.619
 2.637,-1.640
 2.637,-1.687
 2.637,-1.734
 2.651,-1.770
 2.666,-1.831
 2.683,-1.847
 2.662,-1.851
 2.662,-1.875
 2.634,-1.872
 2.662,-1.922
 2.652,-1.935
 2.662,-1.945
 2.655,-1.962
 2.673,-1.979
 2.663,-2.040
 2.653,-2.077
 2.674,-2.120
 2.681,-2.175
 2.678,-2.194
 2.688,-2.228
 2.678,-2.242
 2.689,-2.275
 2.703,-2.313
 2.733,-2.319
 2.724,-2.357
 2.713,-2.370
 2.700,-2.380
 2.720,-2.377
 2.716,-2.350
 2.727,-2.360
 2.706,-2.362
 2.682,-2.386
 2.679,-2.383
 2.682,-2.363
 2.686,-2.390
 2.696,-2.401
 2.662,-2.436
 2.652,-2.473
 2.635,-2.456
 2.628,-2.473
 2.610,-2.481
 2.617,-2.487
 2.611,-2.504
 2.594,-2.534
 2.598,-2.561
 2.598,-2.561
 2.615,-2.577
 2.595,-2.581
 2.581,-2.591
 2.584,-2.618
 2.612,-2.622
 2.606,-2.638
 2.623,-2.656
 2.630,-2.662
 2.621,-2.699
 2.610,-2.713
 2.631,-2.732
 2.635,-2.760
 2.632,-2.779
 2.632,-2.827
 2.646,-2.841
 2.643,-2.860
 2.647,-2.912
 2.647,-2.935
 2.658,-2.968
 2.675,-2.987
 2.668,-3.025
 2.658,-3.039
 2.668,-3.049
 2.682,-3.086
 2.699,-3.105
 2.715,-3.096
 2.733,-3.115
 2.708,-3.138
 2.722,-3.129
 2.736,-3.120
 2.715,-3.119
 2.756,-3.115
 2.743,-3.077
 2.746,-3.058
 2.774,-3.063
 2.777,-3.064
 2.815,-3.078
 2.835,-3.026
 2.846,-3.013
 2.863,-2.984
 2.858,-2.932
 2.886,-2.890
 2.875,-2.809
 2.885,-2.749
 2.885,-2.654
 2.877,-2.599
 2.877,-2.554
 2.887,-2.540
 2.911,-2.517
 2.911,-2.494
 2.937,-2.472
 2.945,-2.480
 2.920,-2.456
 2.868,-2.428
 2.851,-2.412
 2.808,-2.347
 2.801,-2.341
 2.802,-2.317
 2.764,-2.303
 2.749,-2.289
 2.742,-2.282
 2.746,-2.310
 2.756,-2.319
 2.721,-2.309
 2.719,-2.354
 2.690,-2.350
 2.694,-2.424
 2.678,-2.454
 2.665,-2.511
 2.645,-2.585
 2.614,-2.600
 2.635,-2.670
 2.642,-2.699
 2.677,-2.756
 2.715,-2.771
 2.736,-2.813
 2.754,-2.855
 2.764,-2.865
 2.771,-2.894
 2.789,-2.889
 2.820,-2.895
 2.834,-2.912
 2.865,-2.917
 2.861,-2.937
 2.899,-2.951
 2.902,-2.928
 2.886,-2.961
 2.899,-2.951
 2.900,-2.975
 2.904,-3.003
 2.917,-2.989
 2.920,-2.994
 2.911,-3.008
 2.887,-3.031
 2.880,-3.026
 2.900,-3.022
 2.866,-3.012
 2.873,-3.017
 2.841,-3.031
 2.813,-3.031
 2.785,-3.026
 2.782,-3.025
 2.758,-3.049
 2.756,-3.091
 2.707,-3.138
 2.686,-3.161
 2.704,-3.181
 2.693,-3.171
 2.679,-3.157
 2.697,-3.152
 2.642,-3.118
 2.635,-3.090
 2.620,-3.029
 2.620,-2.982
 2.622,-2.939
 2.629,-2.873
 2.635,-2.835
 2.632,-2.807
 2.639,-2.789
 2.652,-2.779
 2.659,-2.738
 2.700,-2.733
 2.694,-2.751
 2.697,-2.731
 2.714,-2.726
 2.725,-2.686
 2.735,-2.649
 2.720,-2.635
 2.713,-2.605
 2.734,-2.604
 2.741,-2.562
 2.764,-2.515
 2.786,-2.488
 2.778,-2.504
 2.781,-2.555
 2.802,-2.551
 2.841,-2.544
 2.855,-2.510
 2.851,-2.530
 2.844,-2.522
 2.826,-2.504
 2.830,-2.485
 2.854,-2.462
 2.833,-2.441
 2.830,-2.392
 2.833,-2.371
 2.812,-2.374
 2.787,-2.374
 2.771,-2.380
 2.777,-2.364
 2.756,-2.343
 2.777,-2.364
 2.749,-2.360
 2.735,-2.393
 2.725,-2.430
 2.722,-2.450
 2.739,-2.468
 2.764,-2.468
 2.750,-2.454
 2.778,-2.458
 2.795,-2.427
 2.799,-2.455
 2.795,-2.475
 2.805,-2.484
 2.812,-2.492
 2.809,-2.512
 2.803,-2.529
 2.813,-2.539
 2.816,-2.565
 2.830,-2.602
 2.827,-2.598
 2.866,-2.638
 2.880,-2.629
 2.890,-2.638
 2.890,-2.639
 2.892,-2.640
 2.893,-2.664
 2.903,-2.627
 2.903,-2.580
 2.896,-2.550
 2.892,-2.523
 2.896,-2.526
 2.882,-2.536
 2.878,-2.556
 2.886,-2.564
 2.868,-2.569
 2.852,-2.577
 2.851,-2.577
 2.809,-2.606
 2.814,-2.610
 2.768,-2.611
 2.775,-2.620
 2.765,-2.610
 2.747,-2.615
 2.744,-2.613
 2.737,-2.605
 2.716,-2.609
 2.727,-2.595
 2.709,-2.601
 2.717,-2.586
 2.723,-2.568
 2.692,-2.586
 2.744,-2.566
 2.737,-2.558
 2.761,-2.535
 2.775,-2.523
 2.768,-2.541
 2.761,-2.535
 2.751,-2.572
 2.748,-2.594
 2.751,-2.619
 2.752,-2.667
 2.787,-2.676
 2.769,-2.682
 2.787,-2.677
 2.783,-2.696
 2.791,-2.681
 2.839,-2.705
 2.835,-2.677
 2.878,-2.696
 2.874,-2.668
 2.887,-2.658
 2.873,-2.644
 2.875,-2.599
 2.879,-2.556
 2.861,-2.514
 2.862,-2.516
 2.865,-2.496
 2.861,-2.516
 2.865,-2.497
 2.858,-2.489
 2.868,-2.475
 2.872,-2.456
 2.868,-2.428
 2.879,-2.416
 2.871,-2.408
 2.871,-2.361
 2.861,-2.351
 2.867,-2.310
 2.875,-2.271
 2.882,-2.230
 2.870,-2.220
 2.895,-2.173
 2.880,-2.159
 2.873,-2.105
 2.855,-2.088
 2.821,-2.054
 2.835,-2.021
 2.793,-2.004
 2.796,-1.984
 2.772,-1.960
 2.786,-1.926
 2.762,-1.902
 2.734,-1.852
 2.727,-1.821
 2.723,-1.795
 2.713,-1.784
 2.688,-1.760
 2.671,-1.744
 2.682,-1.729
 2.688,-1.690
 2.678,-1.703
 2.675,-1.700
 2.671,-1.721
 2.692,-1.716
 2.703,-1.703
 2.706,-1.706
 2.706,-1.706
 2.685,-1.711
 2.703,-1.750
 2.696,-1.768
 2.686,-1.805
 2.690,-1.831
 2.676,-1.888
 2.683,-1.942
 2.691,-2.020
 2.688,-2.087
 2.736,-2.135
 2.719,-2.165
 2.755,-2.222
 2.741,-2.256
 2.769,-2.283
 2.773,-2.310
 2.762,-2.323
 2.790,-2.327
 2.821,-2.333
 2.787,-2.347
 2.815,-2.351
 2.797,-2.357
 2.825,-2.361
 2.817,-2.353
 2.821,-2.381
 2.804,-2.364
 2.801,-2.384
 2.832,-2.368
 2.801,-2.384
 2.801,-2.384
 2.801,-2.384
 2.793,-2.377
 2.780,-2.388
 2.776,-2.384
 2.763,-2.370
 2.766,-2.374
 2.735,-2.366
 2.728,-2.360
 2.713,-2.346
 2.693,-2.350
 2.697,-2.353
 2.686,-2.342
 2.665,-2.346
 2.648,-2.329
 2.631,-2.359
 2.634,-2.339
 2.634,-2.339
 2.641,-2.346
 2.634,-2.339
 2.617,-2.322
 2.617,-2.322
 2.620,-2.277
 2.630,-2.265
 2.620,-2.208
 2.633,-2.198
 2.647,-2.164
 2.612,-2.130
 2.657,-2.127
 2.653,-2.100
 2.626,-2.097
 2.667,-2.090
 2.660,-2.083
 2.681,-2.057
 2.652,-2.029
 2.663,-2.016
 2.691,-2.020
 2.676,-2.006
 2.691,-1.973
 2.687,-1.946
 2.676,-1.912
 2.669,-1.881
 2.638,-1.851
 2.658,-1.847
 2.651,-1.841
 2.651,-1.841
 2.654,-1.821
 2.651,-1.794
 2.658,-1.800
 2.675,-1.818
 2.651,-1.841
 2.641,-1.854
 2.634,-1.848
 2.645,-1.857
 2.668,-1.857
 2.644,-1.881
 2.641,-1.901
 2.669,-1.929
 2.659,-1.966
 2.666,-1.972
 2.693,-1.999
 2.710,-2.016
 2.703,-2.057
 2.729,-2.104
 2.735,-2.134
 2.732,-2.155
 2.760,-2.158
 2.780,-2.155
 2.788,-2.162
 2.788,-2.162
 2.760,-2.158
 2.753,-2.152
 2.760,-2.158
 2.777,-2.175
 2.774,-2.172
 2.749,-2.172
 2.753,-2.175
 2.746,-2.192
 2.729,-2.199
 2.725,-2.195
 2.711,-2.205
 2.714,-2.208
 2.711,-2.205
 2.705,-2.222
 2.691,-2.208
 2.698,-2.215
 2.705,-2.222
 2.698,-2.215
 2.691,-2.232
 2.701,-2.242
 2.702,-2.242
 2.705,-2.269
 2.726,-2.265
 2.740,-2.303
 2.740,-2.279
 2.750,-2.289
 2.751,-2.289
 2.754,-2.316
 2.761,-2.299
 2.764,-2.303
 2.754,-2.317
 2.757,-2.297
 2.760,-2.299
 2.765,-2.303
 2.788,-2.303
 2.785,-2.276
 2.788,-2.256
 2.791,-2.212
 2.788,-2.209
 2.802,-2.175
 2.798,-2.172
 2.791,-2.142
 2.794,-2.145
 2.787,-2.138
 2.787,-2.115
 2.773,-2.101
 2.777,-2.104
 2.759,-2.111
 2.767,-2.118
 2.763,-2.091
 2.735,-2.087
 2.753,-2.081
 2.710,-2.063
 2.718,-2.070
 2.714,-2.043
 2.714,-2.043
 2.690,-2.020
 2.672,-2.003
 2.665,-1.996
 2.679,-2.009
 2.652,-2.006
 2.683,-1.989
 2.675,-1.982
 2.669,-1.976
 2.668,-1.975
 2.648,-1.979
 2.662,-1.969
 2.683,-1.943
 2.703,-1.939
 2.706,-1.918
 2.713,-1.902
 2.717,-1.905
 2.724,-1.889
 2.738,-1.855
 2.762,-1.832
 2.758,-1.805
 2.762,-1.808
 2.748,-1.795
 2.762,-1.832
 2.762,-1.832
 2.773,-1.866
 2.780,-1.872
 2.773,-1.913
 2.766,-1.953
 2.787,-1.997
 2.760,-2.041
 2.788,-2.091
 2.756,-2.108
 2.754,-2.152
 2.754,-2.152
 2.750,-2.172
 2.764,-2.209
 2.771,-2.216
 2.775,-2.243
 2.764,-2.256
 2.775,-2.290
 2.793,-2.284
 2.785,-2.300
 2.813,-2.304
 2.799,-2.337
 2.810,-2.323
 2.803,-2.317
 2.785,-2.300
 2.775,-2.266
 2.775,-2.266
 2.750,-2.242
 2.757,-2.249
 2.736,-2.228
 2.723,-2.239
 2.740,-2.256
 2.715,-2.232
 2.709,-2.249
 2.712,-2.252
 2.716,-2.256
 2.715,-2.232
 2.722,-2.239
 2.716,-2.209
 2.736,-2.205
 2.705,-2.175
 2.730,-2.175
 2.725,-2.171
 2.718,-2.165
 2.746,-2.168
 2.736,-2.205
 2.736,-2.205
 2.736,-2.205
 2.748,-2.216
 2.764,-2.209
 2.753,-2.222
 2.764,-2.209
 2.743,-2.188
 2.750,-2.195
 2.736,-2.205
 2.729,-2.199
 2.732,-2.178
 2.725,-2.171
 2.715,-2.161
 2.712,-2.134
 2.687,-2.111
 2.701,-2.101
 2.687,-2.087
 2.694,-2.070
 2.690,-2.067
 2.680,-2.057
 2.666,-2.043
 2.649,-2.026
 2.665,-1.996
 2.651,-1.959
 2.641,-1.949
 2.630,-1.915
 2.617,-1.925
 2.634,-1.941
 2.648,-1.932
 2.635,-1.942
 2.665,-1.972
 2.655,-1.962
 2.676,-2.006
 2.683,-2.012
 2.690,-2.043
 2.690,-2.067
 2.694,-2.070
 2.715,-2.067
 2.711,-2.087
 2.725,-2.077
 2.750,-2.078
 2.721,-2.097
 2.743,-2.071
 2.763,-2.067
 2.764,-2.091
 2.767,-2.094
 2.760,-2.088
 2.791,-2.071
 2.787,-2.068
 2.774,-2.078
 2.773,-2.078
 2.756,-2.061
 2.763,-2.067
 2.749,-2.054
 2.739,-2.044
 2.728,-2.057
 2.711,-2.040
 2.718,-2.047
 2.704,-2.033
 2.704,-2.033
 2.717,-2.023
 2.686,-2.040
 2.717,-2.023
 2.690,-2.020
 2.690,-2.020
 2.693,-1.999
 2.675,-2.006
 2.693,-1.999
 2.713,-1.996
 2.703,-2.010
 2.703,-2.009
 2.717,-2.000
 2.696,-2.003
 2.714,-1.996
 2.721,-2.003
 2.723,-2.006
 2.713,-2.020
 2.714,-2.043
 2.696,-2.050
 2.711,-2.064
 2.727,-2.033
 2.738,-2.020
 2.766,-2.023
 2.748,-1.983
 2.759,-2.017
 2.738,-2.020
 2.772,-2.007
 2.752,-2.010
 2.762,-2.020
 2.776,-2.034
 2.755,-2.037
 2.735,-2.040
 2.777,-2.057
 2.749,-2.054
 2.773,-2.077
 2.791,-2.094
 2.760,-2.088
 2.767,-2.094
 2.770,-2.098
 2.774,-2.125
 2.778,-2.152
 2.770,-2.145
 2.802,-2.176
 2.788,-2.186
 2.774,-2.219
 2.778,-2.223
 2.799,-2.219
 2.806,-2.250
 2.799,-2.266
 2.782,-2.273
 2.800,-2.314
 2.824,-2.290
 2.807,-2.321
 2.807,-2.321
 2.793,-2.331
 2.817,-2.331
 2.792,-2.306
 2.772,-2.263
 2.761,-2.229
 2.764,-2.209
 2.754,-2.152
 2.736,-2.158
 2.740,-2.138
 2.715,-2.114
 2.722,-2.097
 2.729,-2.081
 2.711,-2.040
 2.694,-2.023
 2.686,-1.969
 2.676,-1.959
 2.693,-1.929
 2.675,-1.888
 2.683,-1.871
 2.679,-1.844
 2.651,-1.841
 2.669,-1.834
 2.662,-1.828
 2.669,-1.834
 2.651,-1.841
 2.627,-1.864
 2.648,-1.884
 2.641,-1.878
 2.645,-1.905
 2.655,-1.915
 2.624,-1.932
 2.631,-1.938
 2.663,-1.969
 2.652,-1.982
 2.676,-2.006
 2.666,-2.019
 2.708,-2.036
 2.691,-2.020
 2.683,-2.013
 2.704,-2.010
 2.700,-2.006
 2.714,-1.973
 2.745,-1.933
 2.752,-1.939
 2.738,-1.902
 2.738,-1.902
 2.766,-1.906
 2.759,-1.899
 2.766,-1.906
 2.776,-1.916
 2.772,-1.936
 2.780,-1.943
 2.796,-1.913
 2.800,-1.940
 2.772,-1.936
 2.769,-1.957
 2.786,-1.973
 2.773,-1.983
 2.801,-1.987
 2.801,-1.987
 2.797,-2.007
 2.776,-2.010
 2.769,-2.004
 2.776,-2.010
 2.777,-2.010
 2.762,-1.997
 2.752,-1.987
 2.745,-1.980
 2.752,-1.987
 2.731,-1.989
 2.710,-1.969
 2.717,-1.976
 2.710,-1.969
 2.693,-1.952
 2.714,-1.949
 2.696,-1.933
 2.703,-1.939
 2.699,-1.912
 2.692,-1.905
 2.716,-1.881
 2.713,-1.855
 2.703,-1.845
 2.730,-1.825
 2.723,-1.842
 2.737,-1.808
 2.737,-1.808
 2.720,-1.790
 2.736,-1.784
 2.751,-1.798
 2.751,-1.798
 2.747,-1.818
 2.740,-1.811
 2.747,-1.818
 2.741,-1.835
 2.740,-1.858
 2.748,-1.865
 2.737,-1.879
 2.731,-1.896
 2.714,-1.926
 2.707,-1.942
 2.714,-1.973
 2.718,-1.999
 2.701,-2.030
 2.715,-2.067
 2.715,-2.067
 2.725,-2.101
 2.719,-2.118
 2.701,-2.124
 2.730,-2.151
 2.730,-2.151
 2.727,-2.172
 2.740,-2.162
 2.737,-2.182
 2.726,-2.195
 2.730,-2.222
 2.713,-2.205
 2.758,-2.226
 2.761,-2.205
 2.751,-2.219
 2.751,-2.219
 2.761,-2.206
 2.758,-2.226
 2.744,-2.236
 2.744,-2.259
 2.754,-2.246
 2.747,-2.239
 2.737,-2.229
 2.699,-2.215
 2.706,-2.222
 2.692,-2.208
 2.678,-2.218
 2.661,-2.249
 2.654,-2.241
 2.668,-2.279
 2.658,-2.269
 2.679,-2.265
 2.672,-2.283
 2.655,-2.289
 2.668,-2.279
 2.671,-2.259
 2.664,-2.252
 2.657,-2.245
 2.654,-2.218
 2.629,-2.194
 2.608,-2.197
 2.629,-2.194
 2.609,-2.198
 2.602,-2.190
 2.619,-2.208
 2.633,-2.221
 2.615,-2.227
 2.636,-2.248
 2.643,-2.231
 2.629,-2.241
 2.667,-2.255
 2.640,-2.251
 2.671,-2.235
 2.691,-2.232
 2.692,-2.232
 2.702,-2.242
 2.695,-2.235
 2.719,-2.236
 2.729,-2.245
 2.729,-2.246
 2.758,-2.273
 2.764,-2.256
 2.778,-2.246
 2.799,-2.243
 2.785,-2.229
 2.809,-2.206
 2.805,-2.202
 2.816,-2.213
 2.798,-2.172
 2.830,-2.179
 2.840,-2.189
 2.818,-2.169
 2.826,-2.176
 2.825,-2.176
 2.840,-2.189
 2.826,-2.199
 2.823,-2.219
 2.822,-2.243
 2.819,-2.263
 2.813,-2.280
 2.816,-2.307
 2.823,-2.314
 2.803,-2.364
 2.814,-2.398
 2.818,-2.425
 2.817,-2.449
 2.811,-2.465
 2.818,-2.473
 2.814,-2.492
 2.825,-2.502
 2.839,-2.516
 2.835,-2.536
 2.844,-2.567
 2.860,-2.560
 2.836,-2.583
 2.854,-2.577
 2.836,-2.607
 2.831,-2.672
 2.827,-2.738
 2.803,-2.809
 2.832,-2.837
 2.811,-2.861
 2.833,-2.884
 2.829,-2.903
 2.823,-2.922
 2.823,-2.922
 2.825,-2.923
 2.819,-2.918
 2.818,-2.917
 2.794,-2.893
 2.770,-2.870
 2.756,-2.832
 2.759,-2.813
 2.741,-2.771
 2.742,-2.747
 2.710,-2.718
 2.693,-2.699
 2.690,-2.698
 2.682,-2.666
 2.682,-2.666
 2.672,-2.656
 2.640,-2.624
 2.623,-2.609
 2.612,-2.599
 2.585,-2.547
 2.563,-2.528
 2.532,-2.472
 2.524,-2.419
 2.500,-2.395
 2.500,-2.348
 2.530,-2.308
 2.520,-2.274
 2.526,-2.234
 2.530,-2.237
 2.541,-2.224
 2.560,-2.221
 2.581,-2.170
 2.566,-2.133
 2.601,-2.120
 2.595,-2.090
 2.619,-2.090
 2.622,-2.070
 2.653,-2.053
 2.667,-2.043
 2.680,-2.033
 2.694,-1.999
 2.701,-2.006
 2.719,-2.023
 2.725,-2.007
 2.725,-2.007
 2.729,-1.986
 2.739,-1.997
 2.732,-1.966
 2.752,-1.963
 2.714,-1.973
 2.729,-1.986
 2.722,-1.980
 2.742,-1.976
 2.725,-1.960
 2.738,-1.949
 2.704,-1.916
 2.711,-1.923
 2.728,-1.939
 2.728,-1.939
 2.714,-1.973
 2.728,-1.986
 2.725,-2.007
 2.743,-2.047
 2.729,-2.081
 2.740,-2.114
 2.740,-2.162
 2.737,-2.182
 2.744,-2.236
 2.730,-2.246
 2.713,-2.252
 2.731,-2.246
 2.761,-2.252
 2.765,-2.233
 2.772,-2.239
 2.737,-2.229
 2.754,-2.199
 2.729,-2.175
 2.747,-2.192
 2.743,-2.165
 2.716,-2.138
 2.729,-2.128
 2.711,-2.087
 2.677,-2.053
 2.666,-2.019
 2.642,-2.019
 2.656,-2.009
 2.635,-2.013
 2.649,-2.026
 2.680,-2.033
 2.666,-2.019
 2.680,-2.033
 2.663,-2.063
 2.694,-2.070
 2.708,-2.084
 2.729,-2.081
 2.705,-2.057
 2.659,-2.060
 2.677,-2.053
 2.639,-2.040
 2.653,-2.077
 2.649,-2.049
 2.652,-2.053
 2.642,-2.090
 2.632,-2.080
 2.614,-2.086
 2.621,-2.093
 2.604,-2.100
 2.611,-2.154
 2.621,-2.140
 2.593,-2.160
 2.611,-2.154
 2.604,-2.147
 2.635,-2.130
 2.642,-2.137
 2.636,-2.130
 2.642,-2.137
 2.638,-2.134
 2.656,-2.151
 2.653,-2.147
 2.663,-2.157
 2.684,-2.178
 2.666,-2.184
 2.673,-2.191
 2.684,-2.225
 2.691,-2.255
 2.705,-2.245
 2.698,-2.238
 2.715,-2.232
 2.743,-2.236
 2.750,-2.219
 2.764,-2.232
 2.774,-2.242
 2.746,-2.239
 2.785,-2.229
 2.784,-2.253
 2.830,-2.250
 2.826,-2.270
 2.854,-2.274
 2.836,-2.280
 2.843,-2.287
 2.861,-2.328
 2.868,-2.310
 2.909,-2.304
 2.924,-2.318
 2.906,-2.324
 2.900,-2.342
 2.882,-2.348
 2.900,-2.342
 2.882,-2.348
 2.854,-2.344
 2.852,-2.365
 2.834,-2.371
 2.803,-2.388
 2.782,-2.391
 2.789,-2.398
 2.755,-2.411
 2.744,-2.423
 2.734,-2.437
 2.741,-2.468
 2.735,-2.438
 2.727,-2.432
 2.710,-2.438
 2.721,-2.472
 2.703,-2.454
 2.689,-2.440
 2.707,-2.434
 2.717,-2.397
 2.717,-2.397
 2.707,-2.387
 2.676,-2.379
 2.661,-2.367
 2.688,-2.346
 2.717,-2.326
