 0.910, 1.563
 0.888, 1.611
 0.836, 1.614
 0.798, 1.593
 0.744, 1.574
 0.724, 1.570
 0.698, 1.563
 0.665, 1.548
 0.620, 1.538
 0.603, 1.506
 0.569, 1.524
 0.552, 1.491
 0.543, 1.466
 0.516, 1.438
 0.499, 1.405
 0.464, 1.371
 0.430, 1.339
 0.413, 1.306
 0.378, 1.255
 0.395, 1.205
 0.386, 1.162
 0.360, 1.103
 0.360, 1.052
 0.368, 1.009
 0.360, 0.985
 0.351, 0.975
 0.360, 0.950
 0.343, 0.985
 0.343, 1.019
 0.353, 1.045
 0.361, 1.036
 0.343, 1.036
 0.352, 1.044
 0.352, 1.060
 0.370, 1.078
 0.369, 1.110
 0.360, 1.153
 0.370, 1.180
 0.361, 1.204
 0.352, 1.231
 0.352, 1.247
 0.344, 1.255
 0.335, 1.264
 0.334, 1.263
 0.335, 1.281
 0.334, 1.297
 0.343, 1.306
 0.344, 1.307
 0.334, 1.314
 0.334, 1.331
 0.334, 1.331
 0.343, 1.340
 0.343, 1.355
 0.342, 1.354
 0.334, 1.382
 0.352, 1.433
 0.335, 1.470
 0.352, 1.487
 0.334, 1.501
 0.335, 1.519
 0.351, 1.534
 0.342, 1.524
 0.360, 1.541
 0.351, 1.549
 0.343, 1.543
 0.334, 1.535
 0.352, 1.518
 0.361, 1.511
 0.360, 1.475
 0.378, 1.442
 0.386, 1.397
 0.394, 1.389
 0.421, 1.381
 0.421, 1.363
 0.405, 1.331
 0.421, 1.314
 0.431, 1.306
 0.439, 1.280
 0.447, 1.253
 0.448, 1.237
 0.447, 1.202
 0.448, 1.186
 0.457, 1.195
 0.475, 1.178
 0.467, 1.171
 0.475, 1.163
 0.458, 1.145
 0.449, 1.137
 0.422, 1.127
 0.421, 1.111
 0.395, 1.084
 0.404, 1.076
 0.387, 1.078
 0.387, 1.061
 0.387, 1.061
 0.379, 1.070
 0.370, 1.044
 0.361, 1.036
 0.343, 1.035
 0.352, 1.028
 0.361, 1.036
 0.352, 1.010
 0.335, 1.011
 0.325, 0.984
 0.335, 0.960
 0.317, 0.960
 0.309, 0.934
 0.317, 0.943
 0.300, 0.925
 0.317, 0.926
 0.335, 0.926
 0.344, 0.935
 0.353, 0.944
 0.352, 0.943
 0.353, 0.944
 0.343, 0.917
 0.343, 0.917
 0.352, 0.926
 0.360, 0.933
 0.369, 0.942
 0.387, 0.959
 0.387, 0.976
 0.414, 0.986
 0.431, 0.985
 0.440, 0.976
 0.440, 0.976
 0.440, 0.976
 0.431, 0.984
 0.448, 1.001
 0.449, 0.985
 0.457, 0.976
 0.475, 0.976
 0.466, 0.967
 0.474, 0.975
 0.457, 0.993
 0.448, 1.001
 0.457, 1.009
 0.440, 1.010
 0.457, 1.026
 0.466, 1.053
 0.466, 1.070
 0.458, 1.061
 0.440, 1.061
 0.439, 1.060
 0.457, 1.094
 0.457, 1.094
 0.457, 1.094
 0.439, 1.111
 0.430, 1.136
 0.431, 1.154
 0.422, 1.146
 0.422, 1.162
 0.404, 1.179
 0.386, 1.212
 0.387, 1.213
 0.386, 1.246
 0.360, 1.255
 0.361, 1.256
 0.343, 1.255
 0.360, 1.239
 0.334, 1.247
 0.325, 1.237
 0.326, 1.238
 0.316, 1.246
 0.299, 1.213
 0.308, 1.204
 0.308, 1.188
 0.300, 1.181
 0.317, 1.163
 0.317, 1.147
 0.308, 1.121
 0.300, 1.096
 0.292, 1.087
 0.326, 1.068
 0.309, 1.053
 0.343, 1.035
 0.317, 1.027
 0.309, 1.019
 0.326, 1.036
 0.327, 1.020
 0.336, 1.011
 0.309, 1.002
 0.310, 0.986
 0.300, 1.010
 0.292, 1.003
 0.309, 1.002
 0.318, 1.011
 0.292, 1.003
 0.309, 1.001
 0.310, 1.019
 0.309, 1.019
 0.309, 1.019
 0.310, 1.053
 0.300, 1.060
 0.292, 1.087
 0.300, 1.129
 0.283, 1.130
 0.292, 1.173
 0.283, 1.197
 0.283, 1.233
 0.257, 1.257
 0.256, 1.289
 0.256, 1.289
 0.247, 1.297
 0.230, 1.281
 0.230, 1.281
 0.212, 1.282
 0.213, 1.283
 0.204, 1.275
 0.187, 1.258
 0.186, 1.223
 0.178, 1.197
 0.160, 1.181
 0.151, 1.171
 0.134, 1.139
 0.126, 1.114
 0.117, 1.105
 0.126, 1.115
 0.126, 1.097
 0.109, 1.081
 0.108, 1.063
 0.108, 1.046
 0.117, 1.054
 0.126, 1.028
 0.135, 1.004
 0.143, 1.013
 0.161, 1.030
 0.161, 1.031
 0.161, 0.996
 0.153, 0.970
 0.161, 0.961
 0.152, 0.953
 0.170, 0.970
 0.187, 0.952
 0.178, 0.961
 0.205, 0.970
 0.205, 0.970
 0.214, 0.961
 0.222, 0.952
 0.213, 0.961
 0.213, 0.978
 0.239, 0.986
 0.231, 0.978
 0.248, 1.011
 0.248, 1.012
 0.248, 1.012
 0.248, 1.028
 0.248, 1.028
 0.247, 1.027
 0.248, 1.028
 0.266, 1.028
 0.265, 1.027
 0.265, 1.027
 0.265, 1.044
 0.274, 1.054
 0.283, 1.063
 0.283, 1.063
 0.283, 1.046
 0.274, 1.037
 0.256, 1.037
 0.274, 1.036
 0.273, 1.035
 0.274, 1.036
 0.282, 1.044
 0.292, 1.053
 0.300, 1.062
 0.283, 1.045
 0.301, 1.046
 0.291, 1.019
 0.291, 1.003
 0.291, 1.019
 0.274, 1.002
 0.274, 1.003
 0.291, 0.985
 0.274, 0.986
 0.283, 0.960
 0.274, 0.969
 0.257, 0.969
 0.257, 0.952
 0.248, 0.944
 0.239, 0.918
 0.238, 0.917
 0.248, 0.944
 0.265, 0.927
 0.257, 0.937
 0.275, 0.936
 0.275, 0.919
 0.283, 0.928
 0.283, 0.910
 0.300, 0.893
 0.300, 0.892
 0.309, 0.884
 0.326, 0.901
 0.300, 0.875
 0.283, 0.876
 0.291, 0.868
 0.300, 0.876
 0.300, 0.893
 0.291, 0.901
 0.291, 0.901
 0.300, 0.909
 0.309, 0.918
 0.317, 0.944
 0.317, 0.960
 0.326, 0.969
 0.326, 0.986
 0.343, 0.985
 0.352, 0.994
 0.352, 1.010
 0.352, 1.028
 0.369, 1.044
 0.369, 1.061
 0.387, 1.079
 0.379, 1.071
 0.388, 1.080
 0.387, 1.079
 0.378, 1.086
 0.370, 1.078
 0.369, 1.094
 0.352, 1.078
 0.361, 1.086
 0.343, 1.086
 0.343, 1.087
 0.317, 1.095
 0.326, 1.087
 0.317, 1.096
 0.308, 1.088
 0.300, 1.063
 0.299, 1.061
 0.291, 1.071
 0.274, 1.054
 0.274, 1.054
 0.274, 1.038
 0.265, 1.029
 0.247, 1.029
 0.265, 1.029
 0.265, 1.011
 0.256, 1.003
 0.238, 1.002
 0.230, 1.011
 0.247, 1.011
 0.256, 1.002
 0.256, 1.003
 0.256, 0.986
 0.248, 0.996
 0.248, 0.995
 0.239, 0.986
 0.248, 0.961
 0.247, 0.960
 0.239, 0.952
 0.256, 0.969
 0.256, 0.968
 0.248, 0.961
 0.257, 0.952
 0.265, 0.944
 0.265, 0.978
 0.265, 0.978
 0.274, 0.970
 0.274, 0.969
 0.265, 0.960
 0.274, 0.969
 0.291, 0.985
 0.300, 0.995
 0.282, 0.977
 0.300, 0.978
 0.300, 0.994
 0.291, 1.003
 0.300, 1.011
 0.308, 1.019
 0.300, 1.028
 0.299, 1.027
 0.290, 1.018
 0.309, 1.036
 0.317, 1.062
 0.336, 1.047
 0.318, 1.046
 0.309, 1.037
 0.318, 1.046
 0.308, 1.052
 0.326, 1.036
 0.317, 1.061
 0.326, 1.052
 0.309, 1.086
 0.317, 1.111
 0.292, 1.122
 0.292, 1.122
 0.283, 1.130
 0.275, 1.156
 0.283, 1.164
 0.266, 1.164
 0.265, 1.181
 0.239, 1.171
 0.222, 1.189
 0.213, 1.213
 0.187, 1.224
 0.169, 1.258
 0.160, 1.249
 0.160, 1.267
 0.151, 1.273
 0.151, 1.273
 0.142, 1.314
 0.142, 1.332
 0.169, 1.378
 0.160, 1.402
 0.160, 1.438
 0.169, 1.446
 0.160, 1.453
 0.160, 1.470
 0.160, 1.483
 0.151, 1.508
 0.151, 1.526
 0.151, 1.560
 0.142, 1.587
 0.133, 1.613
 0.133, 1.631
 0.125, 1.656
 0.098, 1.647
 0.107, 1.622
 0.107, 1.620
 0.116, 1.612
 0.098, 1.629
 0.090, 1.620
 0.081, 1.614
 0.098, 1.595
 0.089, 1.605
 0.089, 1.587
 0.089, 1.569
 0.090, 1.588
 0.089, 1.569
 0.089, 1.569
 0.089, 1.569
 0.089, 1.587
 0.090, 1.607
 0.098, 1.614
 0.115, 1.615
 0.124, 1.639
 0.116, 1.646
 0.124, 1.670
 0.141, 1.702
 0.142, 1.738
 0.150, 1.782
 0.150, 1.782
 0.159, 1.791
 0.141, 1.789
 0.141, 1.808
 0.150, 1.798
 0.141, 1.823
 0.133, 1.818
 0.132, 1.815
 0.115, 1.817
 0.123, 1.823
 0.106, 1.825
 0.115, 1.819
 0.115, 1.798
 0.115, 1.782
 0.124, 1.790
 0.150, 1.798
 0.158, 1.789
 0.167, 1.776
 0.184, 1.793
 0.202, 1.812
 0.228, 1.822
 0.238, 1.817
 0.228, 1.807
 0.264, 1.791
 0.272, 1.765
 0.272, 1.729
 0.272, 1.712
 0.254, 1.693
 0.272, 1.678
 0.263, 1.655
 0.263, 1.637
 0.264, 1.605
 0.255, 1.595
 0.264, 1.571
 0.263, 1.536
 0.264, 1.502
 0.238, 1.477
 0.237, 1.441
 0.246, 1.418
 0.229, 1.401
 0.220, 1.342
 0.212, 1.317
 0.203, 1.274
 0.186, 1.223
 0.168, 1.156
 0.160, 1.113
 0.159, 1.063
 0.176, 1.044
 0.186, 1.020
 0.186, 1.020
 0.186, 1.004
 0.195, 0.979
 0.212, 0.979
 0.212, 0.962
 0.239, 0.936
 0.247, 0.910
 0.256, 0.884
 0.273, 0.901
 0.291, 0.919
 0.309, 0.918
 0.317, 0.926
 0.343, 0.935
 0.361, 0.935
 0.379, 0.952
 0.405, 0.959
 0.431, 0.951
 0.406, 0.961
 0.448, 0.950
 0.456, 0.941
 0.474, 0.958
 0.500, 0.983
 0.503, 1.003
 0.503, 1.003
 0.537, 0.968
 0.518, 0.900
 0.491, 0.840
 0.467, 0.799
 0.475, 0.773
 0.467, 0.765
 0.494, 0.825
 0.503, 0.850
 0.486, 0.885
 0.467, 0.901
 0.441, 0.892
 0.406, 0.892
 0.397, 0.900
 0.406, 0.892
 0.422, 0.908
 0.413, 0.916
 0.396, 0.951
 0.387, 0.960
 0.353, 0.978
 0.317, 0.977
 0.308, 1.003
 0.299, 1.029
 0.299, 1.028
 0.307, 1.054
 0.280, 1.078
 0.262, 1.096
 0.262, 1.113
 0.235, 1.104
 0.243, 1.079
 0.261, 1.027
 0.287, 0.968
 0.287, 0.935
 0.297, 0.876
 0.298, 0.826
 0.297, 0.808
 0.289, 0.767
 0.280, 0.776
 0.263, 0.776
 0.272, 0.768
 0.262, 0.759
 0.271, 0.767
 0.271, 0.784
 0.288, 0.800
 0.288, 0.835
 0.297, 0.859
 0.280, 0.877
 0.271, 0.920
 0.271, 0.936
 0.262, 0.979
 0.253, 1.020
 0.253, 1.055
 0.262, 1.064
 0.244, 1.062
 0.270, 1.071
 0.252, 1.069
 0.270, 1.070
 0.278, 1.078
 0.287, 1.087
 0.297, 1.097
 0.296, 1.097
 0.288, 1.089
 0.288, 1.072
 0.261, 1.028
 0.278, 0.993
 0.252, 0.985
 0.261, 0.978
 0.253, 0.970
 0.253, 0.937
 0.245, 0.912
 0.235, 0.885
 0.227, 0.859
 0.227, 0.842
 0.209, 0.809
 0.218, 0.801
 0.218, 0.800
 0.227, 0.810
 0.236, 0.802
 0.227, 0.793
 0.236, 0.802
 0.236, 0.818
 0.235, 0.834
 0.227, 0.859
 0.244, 0.876
 0.262, 0.894
 0.262, 0.944
 0.262, 0.979
 0.262, 0.995
 0.253, 1.003
 0.245, 1.013
 0.235, 1.003
 0.235, 1.003
 0.209, 0.978
 0.200, 0.969
 0.192, 0.995
 0.192, 0.995
 0.192, 1.014
 0.192, 1.014
 0.166, 1.005
 0.174, 0.996
 0.182, 1.003
 0.183, 1.003
 0.183, 0.987
 0.165, 0.986
 0.157, 0.979
 0.148, 1.004
 0.139, 1.013
 0.131, 1.022
 0.113, 1.021
 0.122, 1.047
 0.113, 1.071
 0.105, 1.097
 0.096, 1.105
 0.096, 1.120
 0.088, 1.130
 0.087, 1.180
 0.079, 1.208
 0.053, 1.235
 0.061, 1.260
 0.088, 1.302
 0.096, 1.325
 0.105, 1.333
 0.079, 1.360
 0.071, 1.369
 0.062, 1.380
 0.027, 1.380
 0.001, 1.356
-0.007, 1.312
 0.001, 1.267
 0.002, 1.250
-0.016, 1.250
-0.025, 1.243
-0.025, 1.226
-0.042, 1.209
-0.025, 1.194
-0.016, 1.167
 0.002, 1.151
-0.007, 1.143
 0.011, 1.143
 0.037, 1.154
 0.072, 1.135
 0.063, 1.125
 0.071, 1.132
 0.062, 1.155
 0.097, 1.190
 0.097, 1.206
 0.097, 1.225
 0.079, 1.227
 0.053, 1.219
 0.028, 1.228
 0.019, 1.218
 0.020, 1.217
 0.038, 1.233
 0.038, 1.232
 0.046, 1.276
 0.063, 1.293
 0.089, 1.301
 0.133, 1.309
 0.149, 1.307
 0.167, 1.324
 0.184, 1.339
 0.193, 1.366
 0.193, 1.402
 0.167, 1.409
 0.158, 1.436
 0.175, 1.451
 0.167, 1.444
 0.175, 1.451
 0.167, 1.440
 0.175, 1.451
 0.184, 1.476
 0.176, 1.471
 0.185, 1.478
 0.175, 1.485
 0.158, 1.486
 0.149, 1.511
 0.158, 1.535
 0.149, 1.544
 0.132, 1.561
 0.123, 1.589
 0.123, 1.623
 0.114, 1.633
 0.114, 1.633
 0.105, 1.640
 0.096, 1.632
 0.105, 1.621
 0.096, 1.629
 0.114, 1.629
 0.105, 1.637
 0.105, 1.657
 0.096, 1.665
 0.087, 1.658
 0.113, 1.650
 0.096, 1.647
 0.096, 1.630
 0.096, 1.630
 0.113, 1.614
 0.114, 1.597
 0.122, 1.588
 0.123, 1.590
 0.131, 1.580
 0.131, 1.547
 0.140, 1.522
 0.132, 1.477
 0.140, 1.435
 0.131, 1.375
 0.122, 1.334
 0.123, 1.285
 0.132, 1.260
 0.132, 1.245
 0.140, 1.217
 0.158, 1.200
 0.149, 1.157
 0.140, 1.147
 0.123, 1.113
 0.122, 1.077
 0.140, 1.095
 0.140, 1.115
 0.158, 1.133
 0.167, 1.125
 0.192, 1.098
 0.193, 1.064
 0.201, 1.074
 0.211, 1.084
 0.246, 1.084
 0.261, 1.027
 0.260, 1.007
 0.277, 1.040
 0.269, 1.084
 0.262, 1.147
 0.263, 1.166
 0.289, 1.157
 0.288, 1.154
 0.279, 1.144
 0.280, 1.146
 0.288, 1.153
 0.271, 1.154
 0.263, 1.182
 0.237, 1.207
 0.220, 1.226
 0.193, 1.250
 0.175, 1.232
 0.175, 1.247
 0.166, 1.254
 0.141, 1.282
 0.149, 1.324
 0.132, 1.360
 0.140, 1.371
 0.123, 1.386
 0.114, 1.429
 0.123, 1.453
 0.123, 1.471
 0.114, 1.480
 0.114, 1.494
 0.097, 1.513
 0.088, 1.539
 0.079, 1.532
 0.079, 1.514
 0.053, 1.486
 0.027, 1.479
 0.018, 1.453
-0.000, 1.403
 0.009, 1.361
-0.017, 1.285
-0.026, 1.227
-0.044, 1.176
-0.069, 1.118
-0.087, 1.034
-0.130, 0.923
-0.165, 0.872
-0.164, 0.803
-0.164, 0.753
-0.173, 0.728
-0.190, 0.677
-0.190, 0.644
-0.173, 0.643
-0.173, 0.627
-0.165, 0.618
-0.155, 0.609
-0.156, 0.627
-0.120, 0.643
-0.094, 0.634
-0.085, 0.660
-0.068, 0.676
-0.041, 0.685
-0.024, 0.684
 0.002, 0.676
 0.011, 0.651
 0.002, 0.642
-0.007, 0.651
 0.037, 0.607
 0.046, 0.599
 0.046, 0.599
 0.063, 0.599
 0.072, 0.625
 0.081, 0.616
 0.081, 0.616
 0.107, 0.607
 0.133, 0.615
 0.142, 0.641
 0.159, 0.674
 0.186, 0.700
 0.195, 0.725
 0.212, 0.725
 0.229, 0.742
 0.229, 0.759
 0.247, 0.775
 0.246, 0.809
 0.237, 0.834
 0.229, 0.877
 0.255, 0.919
 0.255, 0.953
 0.264, 0.996
 0.263, 1.028
 0.263, 1.062
 0.263, 1.112
 0.281, 1.130
 0.272, 1.156
 0.263, 1.180
 0.237, 1.189
 0.228, 1.197
 0.202, 1.207
 0.193, 1.217
 0.193, 1.233
 0.176, 1.234
 0.167, 1.241
 0.141, 1.249
 0.149, 1.274
 0.141, 1.299
 0.123, 1.318
 0.097, 1.343
 0.070, 1.352
 0.053, 1.354
 0.036, 1.353
 0.001, 1.354
-0.017, 1.352
-0.034, 1.335
-0.052, 1.352
-0.069, 1.352
-0.078, 1.346
-0.095, 1.345
-0.104, 1.320
-0.122, 1.321
-0.139, 1.302
-0.148, 1.312
-0.165, 1.294
-0.173, 1.285
-0.191, 1.285
-0.209, 1.303
-0.201, 1.331
-0.183, 1.331
-0.200, 1.330
-0.191, 1.337
-0.208, 1.319
-0.200, 1.329
-0.209, 1.337
-0.200, 1.345
-0.200, 1.346
-0.200, 1.345
-0.183, 1.330
-0.191, 1.303
-0.183, 1.295
-0.183, 1.278
-0.191, 1.235
-0.183, 1.194
-0.174, 1.151
-0.165, 1.125
-0.165, 1.109
-0.130, 1.091
-0.122, 1.083
-0.096, 1.057
-0.070, 1.032
-0.052, 1.032
-0.035, 1.014
-0.026, 0.989
-0.026, 0.971
-0.018, 0.947
 0.017, 0.948
 0.035, 0.913
 0.070, 0.913
 0.078, 0.904
 0.105, 0.878
 0.131, 0.870
 0.139, 0.843
 0.148, 0.852
 0.148, 0.852
 0.157, 0.861
 0.175, 0.878
 0.192, 0.894
 0.210, 0.912
 0.236, 0.936
 0.244, 0.978
 0.271, 1.004
 0.288, 1.037
 0.280, 1.080
 0.297, 1.113
 0.289, 1.122
 0.254, 1.140
 0.253, 1.155
 0.245, 1.198
 0.218, 1.241
 0.184, 1.242
 0.166, 1.242
 0.148, 1.258
 0.148, 1.277
 0.131, 1.294
 0.122, 1.286
 0.096, 1.278
 0.096, 1.275
 0.087, 1.268
 0.087, 1.265
 0.078, 1.258
 0.061, 1.259
 0.070, 1.267
 0.043, 1.277
 0.044, 1.277
 0.026, 1.259
 0.026, 1.277
 0.017, 1.267
 0.009, 1.260
-0.009, 1.259
-0.035, 1.252
-0.026, 1.260
-0.035, 1.251
-0.044, 1.244
-0.044, 1.243
-0.061, 1.209
-0.061, 1.226
-0.070, 1.217
-0.079, 1.210
-0.087, 1.199
-0.087, 1.184
-0.096, 1.193
-0.096, 1.193
-0.087, 1.186
-0.088, 1.202
-0.079, 1.194
-0.078, 1.192
-0.087, 1.199
-0.078, 1.209
-0.070, 1.251
-0.070, 1.252
-0.070, 1.269
-0.061, 1.261
-0.061, 1.279
-0.052, 1.269
-0.061, 1.260
-0.070, 1.286
-0.061, 1.293
-0.052, 1.302
-0.044, 1.327
-0.044, 1.328
-0.044, 1.328
-0.053, 1.352
-0.044, 1.362
-0.035, 1.387
-0.018, 1.370
-0.009, 1.396
-0.009, 1.376
 0.017, 1.402
 0.026, 1.411
 0.026, 1.429
 0.052, 1.456
 0.061, 1.463
 0.061, 1.482
 0.087, 1.489
 0.096, 1.477
 0.105, 1.485
 0.096, 1.493
 0.105, 1.505
 0.105, 1.505
 0.105, 1.505
 0.113, 1.514
 0.105, 1.521
 0.122, 1.506
 0.113, 1.496
 0.096, 1.479
 0.105, 1.488
 0.096, 1.477
 0.096, 1.479
 0.096, 1.479
 0.087, 1.488
 0.096, 1.480
 0.087, 1.469
 0.079, 1.462
 0.087, 1.469
 0.087, 1.469
 0.087, 1.470
 0.070, 1.453
 0.070, 1.453
 0.078, 1.460
 0.052, 1.470
 0.070, 1.490
 0.052, 1.473
 0.043, 1.466
 0.044, 1.463
 0.026, 1.445
 0.026, 1.444
 0.017, 1.434
 0.017, 1.472
 0.026, 1.480
 0.017, 1.472
 0.008, 1.498
-0.000, 1.487
 0.008, 1.498
 0.008, 1.496
 0.009, 1.497
-0.009, 1.514
 0.000, 1.504
 0.009, 1.515
 0.009, 1.513
-0.000, 1.538
-0.000, 1.540
-0.000, 1.556
-0.000, 1.540
-0.000, 1.555
 0.009, 1.563
-0.000, 1.573
-0.009, 1.580
-0.017, 1.574
-0.009, 1.580
-0.026, 1.579
-0.009, 1.596
-0.009, 1.614
-0.009, 1.634
 0.009, 1.668
 0.009, 1.686
 0.009, 1.686
-0.009, 1.699
-0.026, 1.682
-0.026, 1.680
-0.026, 1.682
-0.027, 1.683
-0.035, 1.674
-0.053, 1.660
-0.052, 1.641
-0.088, 1.625
-0.088, 1.625
-0.087, 1.589
-0.105, 1.574
-0.113, 1.565
-0.131, 1.548
-0.140, 1.540
-0.114, 1.546
-0.132, 1.549
-0.132, 1.549
-0.149, 1.549
-0.140, 1.542
-0.140, 1.540
-0.123, 1.541
-0.105, 1.522
-0.105, 1.522
-0.079, 1.531
-0.079, 1.530
-0.053, 1.506
-0.026, 1.495
-0.009, 1.479
 0.017, 1.488
 0.017, 1.472
 0.043, 1.466
 0.043, 1.448
 0.043, 1.430
 0.052, 1.420
 0.061, 1.426
 0.070, 1.419
 0.078, 1.428
 0.087, 1.420
 0.105, 1.420
 0.113, 1.429
 0.113, 1.413
 0.113, 1.411
 0.105, 1.403
 0.105, 1.387
 0.105, 1.385
 0.105, 1.370
 0.105, 1.369
 0.096, 1.361
 0.096, 1.363
 0.096, 1.343
 0.096, 1.327
 0.105, 1.334
 0.113, 1.326
 0.113, 1.327
 0.105, 1.318
 0.105, 1.320
 0.096, 1.293
 0.087, 1.268
 0.087, 1.268
 0.079, 1.241
 0.062, 1.226
 0.061, 1.208
 0.061, 1.191
 0.052, 1.185
 0.035, 1.184
 0.017, 1.152
-0.009, 1.142
-0.017, 1.100
-0.026, 1.091
-0.026, 1.072
-0.052, 1.082
-0.052, 1.082
-0.053, 1.100
-0.044, 1.109
-0.053, 1.116
-0.035, 1.134
-0.018, 1.133
-0.017, 1.150
-0.009, 1.159
 0.009, 1.158
 0.017, 1.151
 0.009, 1.158
 0.009, 1.159
 0.000, 1.150
 0.000, 1.149
 0.000, 1.133
-0.008, 1.140
-0.009, 1.159
-0.000, 1.184
 0.009, 1.175
 0.009, 1.176
 0.017, 1.183
 0.009, 1.175
 0.035, 1.200
 0.026, 1.208
 0.035, 1.235
 0.035, 1.234
 0.044, 1.242
 0.061, 1.260
 0.070, 1.285
 0.096, 1.329
 0.114, 1.345
 0.131, 1.361
 0.131, 1.395
 0.131, 1.410
 0.149, 1.410
 0.157, 1.418
 0.149, 1.410
 0.140, 1.419
 0.122, 1.402
 0.105, 1.403
 0.096, 1.412
 0.088, 1.404
 0.061, 1.396
 0.070, 1.385
 0.052, 1.386
 0.035, 1.385
 0.018, 1.386
 0.017, 1.404
-0.009, 1.395
-0.026, 1.397
-0.026, 1.395
-0.035, 1.404
-0.044, 1.412
-0.070, 1.437
-0.079, 1.448
-0.097, 1.465
-0.106, 1.473
-0.114, 1.482
-0.114, 1.481
-0.123, 1.472
-0.123, 1.470
-0.132, 1.462
-0.123, 1.456
-0.114, 1.447
-0.123, 1.442
-0.115, 1.451
-0.106, 1.407
-0.114, 1.379
-0.096, 1.343
-0.096, 1.327
-0.087, 1.335
-0.079, 1.311
-0.070, 1.303
-0.061, 1.294
-0.052, 1.270
-0.044, 1.243
-0.035, 1.218
-0.026, 1.209
-0.018, 1.200
-0.018, 1.185
 0.017, 1.183
 0.044, 1.175
 0.061, 1.157
 0.079, 1.157
 0.079, 1.142
 0.105, 1.150
 0.105, 1.133
 0.114, 1.124
 0.131, 1.106
 0.149, 1.090
 0.157, 1.097
 0.149, 1.072
 0.166, 1.055
 0.175, 1.029
 0.175, 1.014
 0.184, 1.005
 0.202, 0.989
 0.211, 0.964
 0.202, 0.937
 0.219, 0.920
 0.210, 0.894
 0.218, 0.885
 0.201, 0.886
 0.193, 0.877
 0.201, 0.869
 0.192, 0.878
 0.184, 0.836
 0.167, 0.819
 0.149, 0.819
 0.140, 0.811
 0.149, 0.802
 0.140, 0.793
 0.140, 0.811
 0.123, 0.810
 0.123, 0.828
 0.122, 0.827
 0.114, 0.820
 0.123, 0.828
 0.096, 0.836
 0.088, 0.845
 0.088, 0.845
 0.079, 0.836
 0.062, 0.837
 0.061, 0.836
 0.052, 0.845
 0.061, 0.853
 0.053, 0.879
 0.061, 0.888
 0.061, 0.922
 0.061, 0.922
 0.052, 0.930
 0.052, 0.930
 0.052, 0.946
 0.079, 0.953
 0.087, 0.996
 0.113, 1.005
 0.113, 1.040
 0.131, 1.057
 0.148, 1.089
 0.175, 1.098
 0.183, 1.123
 0.183, 1.140
 0.201, 1.158
 0.218, 1.173
 0.219, 1.208
 0.227, 1.216
 0.236, 1.225
 0.227, 1.233
 0.235, 1.240
 0.236, 1.258
 0.244, 1.266
 0.235, 1.291
 0.262, 1.318
 0.262, 1.351
 0.279, 1.368
 0.279, 1.400
 0.271, 1.426
 0.297, 1.454
 0.288, 1.479
 0.298, 1.506
 0.280, 1.522
 0.280, 1.522
 0.279, 1.538
 0.253, 1.526
 0.245, 1.537
 0.236, 1.545
 0.209, 1.554
 0.192, 1.555
 0.166, 1.546
 0.139, 1.540
 0.122, 1.539
 0.078, 1.513
 0.061, 1.514
 0.043, 1.495
 0.017, 1.489
 0.008, 1.496
-0.010, 1.480
-0.018, 1.489
-0.027, 1.495
-0.045, 1.498
-0.036, 1.505
-0.062, 1.497
-0.080, 1.514
-0.097, 1.498
-0.097, 1.500
-0.106, 1.488
-0.123, 1.471
-0.123, 1.473
-0.115, 1.464
-0.115, 1.467
-0.115, 1.466
-0.115, 1.449
-0.097, 1.431
-0.088, 1.403
-0.088, 1.386
-0.088, 1.386
-0.079, 1.378
-0.071, 1.388
-0.080, 1.380
-0.071, 1.373
-0.071, 1.354
-0.071, 1.337
-0.062, 1.329
-0.062, 1.310
-0.053, 1.302
-0.053, 1.285
-0.053, 1.302
-0.044, 1.312
-0.036, 1.303
-0.018, 1.304
-0.018, 1.302
-0.027, 1.311
-0.018, 1.303
-0.009, 1.310
-0.018, 1.320
-0.001, 1.319
-0.018, 1.319
-0.010, 1.328
 0.008, 1.327
 0.025, 1.329
 0.034, 1.354
 0.034, 1.338
 0.034, 1.337
 0.034, 1.335
 0.043, 1.344
 0.052, 1.335
 0.052, 1.352
 0.060, 1.361
 0.078, 1.360
 0.069, 1.371
 0.087, 1.388
 0.078, 1.380
 0.095, 1.379
 0.104, 1.369
 0.104, 1.371
 0.113, 1.378
 0.113, 1.378
 0.113, 1.378
 0.121, 1.369
 0.130, 1.362
 0.130, 1.361
 0.130, 1.344
 0.148, 1.327
 0.139, 1.317
 0.157, 1.302
 0.165, 1.293
 0.165, 1.259
 0.165, 1.241
 0.183, 1.223
 0.192, 1.217
 0.209, 1.217
 0.227, 1.218
 0.227, 1.218
 0.236, 1.191
 0.253, 1.174
 0.253, 1.172
 0.253, 1.172
 0.270, 1.173
 0.253, 1.172
 0.271, 1.174
 0.270, 1.190
 0.262, 1.200
 0.271, 1.208
 0.261, 1.198
 0.262, 1.200
 0.244, 1.199
 0.236, 1.191
 0.210, 1.183
 0.200, 1.173
 0.201, 1.175
 0.192, 1.165
 0.166, 1.157
 0.139, 1.166
 0.113, 1.140
 0.105, 1.133
 0.113, 1.140
 0.087, 1.132
 0.070, 1.114
 0.069, 1.114
 0.061, 1.124
 0.061, 1.125
 0.070, 1.134
 0.052, 1.135
 0.061, 1.124
 0.061, 1.125
 0.078, 1.106
 0.070, 1.097
 0.079, 1.106
 0.087, 1.132
 0.079, 1.125
 0.087, 1.133
 0.079, 1.125
 0.079, 1.108
 0.079, 1.090
 0.087, 1.082
 0.096, 1.073
 0.087, 1.065
 0.087, 1.048
 0.087, 1.031
 0.079, 1.023
 0.096, 1.022
 0.096, 0.989
 0.114, 0.988
 0.122, 0.979
 0.140, 0.980
 0.140, 0.980
 0.149, 0.954
 0.157, 0.945
 0.175, 0.928
 0.175, 0.929
 0.201, 0.920
 0.210, 0.912
 0.193, 0.896
 0.201, 0.886
 0.219, 0.886
 0.218, 0.868
 0.210, 0.877
 0.219, 0.869
 0.210, 0.860
 0.219, 0.870
 0.219, 0.852
 0.228, 0.844
 0.237, 0.818
 0.227, 0.810
 0.254, 0.784
 0.236, 0.784
 0.236, 0.767
 0.219, 0.784
 0.227, 0.776
 0.236, 0.768
 0.236, 0.784
 0.236, 0.768
 0.245, 0.759
 0.245, 0.742
 0.245, 0.742
 0.253, 0.733
 0.262, 0.724
 0.271, 0.733
 0.254, 0.733
 0.272, 0.751
 0.289, 0.767
 0.280, 0.759
 0.289, 0.768
 0.271, 0.767
 0.280, 0.758
 0.262, 0.775
 0.262, 0.792
 0.262, 0.809
 0.245, 0.826
 0.236, 0.835
 0.253, 0.835
 0.236, 0.869
 0.227, 0.895
 0.227, 0.911
 0.227, 0.929
 0.236, 0.953
 0.236, 0.971
 0.227, 0.979
 0.227, 0.996
 0.236, 1.005
 0.227, 0.996
 0.227, 0.996
 0.210, 1.013
 0.209, 1.029
 0.210, 1.047
 0.209, 1.063
 0.210, 1.064
 0.210, 1.081
 0.219, 1.090
 0.227, 1.116
 0.227, 1.132
 0.228, 1.133
 0.228, 1.115
 0.210, 1.114
 0.218, 1.122
 0.227, 1.147
 0.236, 1.190
 0.218, 1.225
 0.227, 1.250
 0.219, 1.278
 0.201, 1.292
 0.210, 1.301
 0.201, 1.326
 0.183, 1.325
 0.184, 1.327
 0.175, 1.317
 0.166, 1.326
 0.131, 1.328
 0.122, 1.319
 0.113, 1.311
 0.105, 1.318
 0.087, 1.319
 0.078, 1.311
 0.069, 1.301
 0.069, 1.319
 0.052, 1.318
 0.052, 1.319
 0.061, 1.344
 0.061, 1.362
 0.061, 1.397
 0.069, 1.421
 0.052, 1.439
 0.061, 1.463
 0.052, 1.486
 0.069, 1.504
 0.061, 1.547
 0.069, 1.558
 0.052, 1.591
 0.069, 1.590
 0.061, 1.601
 0.060, 1.600
 0.043, 1.567
 0.043, 1.565
 0.034, 1.555
 0.025, 1.548
 0.026, 1.530
 0.017, 1.507
 0.017, 1.507
 0.034, 1.489
 0.034, 1.473
 0.034, 1.454
 0.025, 1.446
 0.043, 1.429
 0.052, 1.404
 0.043, 1.397
 0.052, 1.386
 0.052, 1.353
 0.069, 1.353
 0.087, 1.336
 0.087, 1.321
 0.096, 1.294
 0.105, 1.269
 0.113, 1.259
 0.113, 1.242
 0.139, 1.233
 0.148, 1.224
 0.174, 1.199
 0.192, 1.183
 0.210, 1.149
 0.228, 1.115
 0.236, 1.089
 0.236, 1.073
 0.236, 1.039
 0.254, 1.004
 0.254, 0.988
 0.262, 0.961
 0.263, 0.945
 0.280, 0.928
 0.262, 0.910
 0.263, 0.911
 0.280, 0.911
 0.263, 0.895
 0.271, 0.886
 0.262, 0.877
 0.280, 0.860
 0.289, 0.851
 0.280, 0.843
 0.280, 0.826
 0.280, 0.826
 0.281, 0.844
 0.281, 0.844
 0.290, 0.836
 0.290, 0.835
 0.289, 0.835
 0.281, 0.843
 0.280, 0.825
 0.254, 0.852
 0.245, 0.861
 0.237, 0.869
 0.237, 0.886
 0.236, 0.902
 0.211, 0.912
 0.193, 0.912
 0.176, 0.912
 0.140, 0.913
 0.132, 0.921
 0.123, 0.912
 0.097, 0.921
 0.079, 0.921
 0.053, 0.930
 0.035, 0.930
 0.018, 0.931
 0.009, 0.922
-0.008, 0.938
-0.008, 0.956
-0.017, 0.964
-0.026, 0.990
-0.026, 1.006
-0.035, 1.014
-0.026, 1.040
-0.018, 1.083
-0.000, 1.101
 0.009, 1.126
-0.000, 1.151
 0.026, 1.160
 0.035, 1.166
 0.035, 1.167
 0.052, 1.183
 0.070, 1.182
 0.078, 1.193
 0.087, 1.201
 0.087, 1.184
 0.105, 1.201
 0.122, 1.200
 0.122, 1.184
 0.131, 1.191
 0.131, 1.191
 0.157, 1.200
 0.157, 1.200
 0.174, 1.218
 0.192, 1.216
 0.192, 1.234
 0.209, 1.250
 0.236, 1.241
 0.227, 1.267
 0.244, 1.282
 0.245, 1.301
 0.262, 1.318
 0.279, 1.317
 0.288, 1.326
 0.287, 1.358
 0.288, 1.360
 0.288, 1.379
 0.271, 1.396
 0.280, 1.406
 0.271, 1.394
 0.261, 1.402
 0.261, 1.401
 0.261, 1.417
 0.244, 1.436
 0.235, 1.460
 0.227, 1.471
 0.218, 1.497
 0.209, 1.522
 0.192, 1.523
 0.183, 1.528
 0.156, 1.537
 0.147, 1.563
 0.130, 1.565
 0.139, 1.574
 0.130, 1.547
 0.121, 1.556
 0.113, 1.565
 0.112, 1.564
 0.104, 1.557
 0.104, 1.555
 0.095, 1.548
 0.095, 1.548
 0.086, 1.556
 0.086, 1.574
 0.078, 1.563
 0.060, 1.547
 0.069, 1.574
 0.069, 1.574
 0.069, 1.593
 0.060, 1.600
 0.034, 1.609
 0.034, 1.591
 0.034, 1.571
 0.016, 1.588
 0.017, 1.605
 0.008, 1.599
 0.008, 1.617
-0.010, 1.616
-0.001, 1.626
-0.010, 1.616
-0.010, 1.601
 0.008, 1.583
-0.001, 1.572
-0.001, 1.556
-0.010, 1.565
-0.010, 1.567
 0.008, 1.549
-0.001, 1.540
 0.008, 1.532
 0.008, 1.531
-0.001, 1.524
 0.008, 1.497
-0.001, 1.488
-0.001, 1.490
-0.001, 1.472
 0.017, 1.455
 0.016, 1.438
 0.017, 1.420
 0.043, 1.431
 0.060, 1.430
 0.052, 1.423
 0.078, 1.413
 0.095, 1.394
 0.122, 1.403
 0.131, 1.393
 0.139, 1.403
 0.166, 1.412
 0.174, 1.403
 0.192, 1.404
 0.218, 1.411
 0.210, 1.403
 0.227, 1.403
 0.244, 1.402
 0.253, 1.412
 0.253, 1.410
 0.253, 1.394
 0.253, 1.394
 0.253, 1.394
 0.254, 1.378
 0.262, 1.368
 0.254, 1.344
 0.254, 1.344
 0.236, 1.326
 0.245, 1.301
 0.227, 1.300
 0.227, 1.284
 0.236, 1.276
 0.218, 1.241
 0.227, 1.233
 0.210, 1.216
 0.219, 1.192
 0.219, 1.192
 0.201, 1.175
 0.210, 1.150
 0.192, 1.132
 0.183, 1.106
 0.193, 1.080
 0.192, 1.063
 0.193, 1.064
 0.201, 1.072
 0.202, 1.040
 0.201, 1.039
 0.219, 1.021
 0.219, 1.022
 0.219, 1.005
 0.220, 0.989
 0.210, 0.979
 0.210, 0.961
 0.210, 0.945
 0.210, 0.945
 0.193, 0.946
 0.193, 0.930
 0.193, 0.912
 0.167, 0.921
 0.176, 0.895
 0.167, 0.903
 0.167, 0.903
 0.158, 0.912
 0.150, 0.921
 0.150, 0.920
 0.167, 0.903
 0.150, 0.920
 0.158, 0.929
 0.150, 0.973
 0.158, 0.981
 0.141, 0.999
 0.150, 1.006
 0.149, 1.004
 0.149, 1.020
 0.149, 1.054
 0.149, 1.073
 0.158, 1.081
 0.149, 1.107
 0.158, 1.116
 0.140, 1.116
 0.124, 1.117
 0.123, 1.116
 0.114, 1.123
 0.105, 1.133
 0.088, 1.148
 0.079, 1.159
 0.070, 1.184
 0.053, 1.201
 0.053, 1.219
 0.044, 1.243
 0.035, 1.235
 0.044, 1.260
 0.035, 1.284
 0.044, 1.328
 0.053, 1.352
 0.053, 1.370
 0.044, 1.413
 0.044, 1.413
 0.061, 1.431
 0.079, 1.464
 0.079, 1.482
 0.070, 1.489
 0.070, 1.505
 0.061, 1.514
 0.052, 1.520
 0.070, 1.522
 0.070, 1.521
 0.061, 1.530
 0.052, 1.540
 0.052, 1.556
 0.052, 1.540
 0.061, 1.548
 0.052, 1.556
 0.061, 1.566
 0.052, 1.572
 0.052, 1.592
 0.053, 1.591
 0.061, 1.582
 0.079, 1.583
 0.079, 1.599
 0.079, 1.600
 0.088, 1.591
 0.079, 1.583
 0.061, 1.566
 0.070, 1.555
 0.061, 1.530
 0.061, 1.514
 0.061, 1.497
 0.070, 1.475
 0.070, 1.457
 0.061, 1.415
 0.070, 1.371
 0.053, 1.335
 0.079, 1.310
 0.061, 1.292
 0.079, 1.276
 0.087, 1.269
 0.096, 1.261
 0.097, 1.245
 0.105, 1.234
 0.105, 1.218
 0.105, 1.200
 0.123, 1.183
 0.140, 1.166
 0.131, 1.157
 0.122, 1.150
 0.131, 1.125
 0.140, 1.082
 0.149, 1.057
 0.149, 1.039
 0.140, 0.980
 0.149, 0.937
 0.132, 0.887
 0.167, 0.853
 0.158, 0.826
 0.158, 0.793
 0.158, 0.777
 0.167, 0.751
 0.167, 0.752
 0.176, 0.743
 0.185, 0.717
 0.185, 0.717
 0.193, 0.691
 0.202, 0.666
 0.228, 0.691
 0.237, 0.699
 0.246, 0.708
 0.255, 0.699
 0.273, 0.717
 0.263, 0.708
 0.281, 0.725
 0.290, 0.733
 0.307, 0.733
 0.316, 0.725
 0.325, 0.733
 0.316, 0.742
 0.333, 0.759
 0.324, 0.767
 0.325, 0.767
 0.307, 0.784
 0.290, 0.784
 0.281, 0.793
 0.272, 0.801
 0.246, 0.810
 0.254, 0.801
 0.236, 0.835
 0.236, 0.869
 0.227, 0.895
 0.236, 0.938
 0.228, 0.963
 0.219, 0.989
 0.218, 1.022
 0.227, 1.046
 0.236, 1.072
 0.236, 1.088
 0.227, 1.115
 0.218, 1.124
 0.209, 1.132
 0.210, 1.150
 0.236, 1.157
 0.228, 1.167
 0.236, 1.158
 0.218, 1.158
 0.210, 1.150
 0.200, 1.140
 0.192, 1.133
 0.192, 1.133
 0.174, 1.132
 0.175, 1.133
 0.175, 1.116
 0.157, 1.100
 0.140, 1.099
 0.148, 1.106
 0.139, 1.132
 0.139, 1.149
 0.140, 1.150
 0.131, 1.175
 0.131, 1.175
 0.131, 1.176
 0.122, 1.185
 0.105, 1.169
 0.105, 1.150
 0.096, 1.142
 0.096, 1.142
 0.070, 1.099
 0.078, 1.108
 0.087, 1.116
 0.087, 1.116
 0.096, 1.125
 0.105, 1.115
 0.113, 1.125
 0.130, 1.107
 0.130, 1.090
 0.130, 1.090
 0.139, 1.080
 0.130, 1.074
 0.130, 1.074
 0.131, 1.040
 0.131, 1.023
 0.139, 0.980
 0.140, 0.946
 0.140, 0.912
 0.148, 0.870
 0.157, 0.862
 0.166, 0.819
 0.149, 0.803
 0.166, 0.768
 0.167, 0.734
 0.158, 0.693
 0.149, 0.667
 0.150, 0.633
 0.141, 0.608
 0.132, 0.548
 0.132, 0.514
 0.088, 0.489
 0.097, 0.430
 0.097, 0.464
 0.106, 0.438
 0.098, 0.430
 0.088, 0.438
 0.115, 0.447
 0.105, 0.472
 0.114, 0.497
 0.132, 0.514
 0.140, 0.523
 0.141, 0.523
 0.158, 0.505
 0.158, 0.505
 0.158, 0.489
 0.167, 0.480
 0.176, 0.488
 0.194, 0.471
 0.176, 0.454
 0.176, 0.437
 0.184, 0.429
 0.185, 0.412
 0.202, 0.412
 0.211, 0.404
 0.228, 0.403
 0.228, 0.403
 0.247, 0.403
 0.247, 0.403
 0.255, 0.394
 0.256, 0.377
 0.263, 0.352
 0.263, 0.335
 0.281, 0.335
 0.281, 0.352
 0.299, 0.369
 0.298, 0.369
 0.307, 0.377
 0.316, 0.385
 0.325, 0.360
 0.334, 0.368
 0.351, 0.351
 0.360, 0.343
 0.359, 0.326
 0.368, 0.317
 0.394, 0.326
 0.421, 0.317
 0.431, 0.308
 0.430, 0.308
 0.439, 0.283
 0.456, 0.283
 0.455, 0.266
 0.473, 0.266
 0.473, 0.265
 0.499, 0.240
 0.508, 0.248
 0.525, 0.249
 0.518, 0.256
 0.527, 0.282
 0.518, 0.290
 0.528, 0.281
 0.509, 0.282
 0.500, 0.291
 0.481, 0.308
 0.481, 0.308
 0.464, 0.342
 0.446, 0.359
 0.438, 0.385
 0.429, 0.410
 0.402, 0.419
 0.394, 0.461
 0.367, 0.487
 0.368, 0.487
 0.358, 0.512
 0.340, 0.546
 0.323, 0.564
 0.323, 0.580
 0.324, 0.581
 0.332, 0.589
 0.332, 0.589
 0.350, 0.606
 0.340, 0.614
 0.341, 0.614
 0.358, 0.631
 0.376, 0.614
 0.385, 0.622
 0.384, 0.622
 0.394, 0.614
 0.420, 0.622
 0.420, 0.622
 0.412, 0.614
 0.428, 0.597
 0.438, 0.588
 0.454, 0.571
 0.462, 0.579
 0.481, 0.579
 0.463, 0.579
 0.481, 0.596
 0.498, 0.596
 0.508, 0.588
 0.526, 0.588
 0.551, 0.579
 0.551, 0.562
 0.550, 0.562
 0.550, 0.562
 0.577, 0.553
 0.568, 0.544
 0.577, 0.536
 0.586, 0.528
 0.611, 0.519
 0.638, 0.510
 0.655, 0.493
 0.665, 0.484
 0.664, 0.484
 0.690, 0.459
 0.699, 0.467
 0.681, 0.450
 0.682, 0.450
 0.691, 0.425
 0.666, 0.417
 0.666, 0.417
 0.638, 0.408
 0.594, 0.417
 0.568, 0.409
 0.550, 0.426
 0.533, 0.460
 0.506, 0.469
 0.498, 0.511
 0.481, 0.545
 0.472, 0.571
 0.447, 0.614
 0.463, 0.647
 0.455, 0.673
 0.437, 0.707
 0.420, 0.724
 0.421, 0.758
 0.411, 0.749
 0.411, 0.749
 0.385, 0.758
 0.393, 0.766
 0.367, 0.775
 0.367, 0.758
 0.341, 0.767
 0.332, 0.775
 0.323, 0.767
 0.341, 0.750
 0.332, 0.758
 0.324, 0.750
 0.332, 0.759
 0.315, 0.742
 0.324, 0.751
 0.332, 0.741
 0.315, 0.741
 0.306, 0.733
 0.305, 0.733
 0.332, 0.742
 0.323, 0.733
 0.324, 0.733
 0.349, 0.741
 0.350, 0.725
 0.367, 0.707
 0.358, 0.699
 0.358, 0.682
 0.376, 0.665
 0.376, 0.665
 0.376, 0.648
 0.376, 0.648
 0.402, 0.622
 0.394, 0.614
 0.402, 0.605
 0.385, 0.588
 0.384, 0.588
 0.393, 0.597
 0.402, 0.588
 0.402, 0.571
 0.402, 0.571
 0.402, 0.588
 0.402, 0.588
 0.402, 0.622
 0.403, 0.623
 0.394, 0.631
 0.402, 0.656
 0.411, 0.681
 0.428, 0.698
 0.436, 0.723
 0.446, 0.766
 0.454, 0.791
 0.472, 0.825
 0.490, 0.842
 0.516, 0.867
 0.533, 0.884
 0.525, 0.909
 0.525, 0.910
 0.542, 0.943
 0.534, 0.935
 0.516, 0.918
 0.515, 0.934
 0.524, 0.943
 0.533, 0.968
 0.524, 0.978
 0.508, 0.995
 0.498, 1.002
 0.507, 0.994
 0.498, 1.002
 0.498, 1.003
 0.498, 1.003
 0.480, 0.986
 0.481, 0.969
 0.489, 0.960
 0.489, 0.944
 0.482, 0.954
 0.472, 0.944
 0.481, 0.919
 0.472, 0.893
 0.463, 0.867
 0.455, 0.825
 0.445, 0.816
 0.438, 0.792
 0.420, 0.758
 0.402, 0.741
 0.385, 0.707
 0.385, 0.673
 0.385, 0.656
 0.376, 0.631
 0.358, 0.631
 0.359, 0.631
 0.359, 0.614
 0.350, 0.623
 0.350, 0.639
 0.341, 0.631
 0.350, 0.656
 0.350, 0.673
 0.342, 0.699
 0.333, 0.691
 0.324, 0.682
 0.333, 0.691
 0.314, 0.690
 0.315, 0.691
 0.306, 0.682
 0.289, 0.682
 0.298, 0.691
 0.298, 0.708
 0.316, 0.742
 0.316, 0.776
 0.316, 0.810
 0.333, 0.827
 0.350, 0.842
 0.350, 0.860
 0.341, 0.868
 0.342, 0.885
 0.342, 0.886
 0.333, 0.877
 0.343, 0.887
 0.342, 0.886
 0.334, 0.843
 0.333, 0.843
 0.333, 0.826
 0.316, 0.843
 0.324, 0.852
 0.307, 0.835
 0.316, 0.843
 0.307, 0.851
 0.307, 0.852
 0.307, 0.851
 0.307, 0.851
 0.298, 0.861
 0.298, 0.860
 0.299, 0.844
 0.298, 0.827
 0.298, 0.809
 0.289, 0.801
 0.298, 0.775
 0.290, 0.767
 0.281, 0.776
 0.281, 0.760
 0.299, 0.760
 0.298, 0.742
 0.281, 0.708
 0.289, 0.699
 0.289, 0.682
 0.298, 0.691
 0.307, 0.699
 0.308, 0.700
 0.307, 0.699
 0.307, 0.699
 0.325, 0.699
 0.333, 0.707
 0.333, 0.708
 0.333, 0.724
 0.333, 0.724
 0.342, 0.733
 0.350, 0.724
 0.368, 0.741
 0.376, 0.749
 0.376, 0.749
 0.376, 0.766
 0.403, 0.758
 0.411, 0.766
 0.420, 0.774
 0.429, 0.766
 0.438, 0.775
 0.428, 0.782
 0.438, 0.791
 0.438, 0.809
 0.446, 0.800
 0.465, 0.817
 0.455, 0.825
 0.456, 0.860
 0.455, 0.859
 0.464, 0.867
 0.473, 0.876
 0.480, 0.900
 0.498, 0.918
 0.499, 0.935
 0.499, 0.935
 0.517, 0.953
 0.525, 0.960
 0.516, 0.969
 0.534, 0.969
 0.516, 0.986
 0.517, 0.986
 0.533, 1.002
 0.534, 1.020
 0.542, 1.028
 0.517, 1.020
 0.516, 1.037
 0.507, 1.045
 0.499, 1.037
 0.499, 1.054
 0.490, 1.046
 0.481, 1.054
 0.480, 1.036
 0.464, 1.055
 0.455, 1.046
 0.455, 1.046
 0.429, 1.038
 0.420, 1.046
 0.412, 1.021
 0.402, 1.029
 0.376, 1.003
 0.367, 1.029
 0.358, 1.037
 0.341, 1.055
 0.332, 1.080
 0.332, 1.098
 0.324, 1.124
 0.315, 1.132
 0.306, 1.157
 0.297, 1.183
 0.297, 1.199
 0.279, 1.250
 0.253, 1.242
 0.236, 1.260
 0.218, 1.276
 0.192, 1.285
 0.201, 1.295
 0.183, 1.293
 0.175, 1.285
 0.148, 1.293
 0.139, 1.302
 0.131, 1.311
 0.122, 1.284
 0.130, 1.311
 0.122, 1.319
 0.096, 1.312
 0.105, 1.322
 0.104, 1.320
 0.105, 1.304
 0.096, 1.310
 0.095, 1.293
 0.078, 1.294
 0.087, 1.302
 0.087, 1.304
 0.095, 1.311
 0.096, 1.295
 0.096, 1.279
 0.113, 1.260
 0.113, 1.244
 0.122, 1.234
 0.122, 1.217
 0.122, 1.219
 0.122, 1.183
 0.122, 1.185
 0.148, 1.158
 0.148, 1.159
 0.140, 1.134
 0.148, 1.141
 0.148, 1.125
 0.166, 1.124
 0.148, 1.107
 0.157, 1.100
 0.148, 1.090
 0.166, 1.074
 0.183, 1.073
 0.166, 1.057
 0.201, 1.075
 0.201, 1.056
 0.192, 1.065
 0.218, 1.073
 0.218, 1.073
 0.253, 1.073
 0.253, 1.055
 0.253, 1.090
 0.271, 1.089
 0.271, 1.073
 0.262, 1.065
 0.271, 1.073
 0.271, 1.057
 0.279, 1.064
 0.280, 1.030
 0.271, 1.039
 0.271, 1.022
 0.271, 1.023
 0.271, 1.022
 0.288, 1.021
 0.288, 1.021
 0.305, 1.020
 0.306, 1.038
 0.297, 1.046
 0.297, 1.047
 0.324, 1.073
 0.323, 1.072
 0.332, 1.098
 0.340, 1.105
 0.350, 1.114
 0.341, 1.141
 0.341, 1.175
 0.359, 1.193
 0.350, 1.183
 0.350, 1.182
 0.358, 1.190
 0.358, 1.206
 0.359, 1.225
 0.358, 1.241
 0.350, 1.250
 0.324, 1.260
 0.332, 1.267
 0.315, 1.268
 0.306, 1.275
 0.297, 1.267
 0.280, 1.250
 0.253, 1.242
 0.253, 1.242
 0.245, 1.233
 0.228, 1.234
 0.210, 1.235
 0.193, 1.234
 0.193, 1.218
 0.175, 1.234
 0.166, 1.226
 0.158, 1.234
 0.148, 1.241
 0.140, 1.234
 0.140, 1.267
 0.131, 1.278
 0.114, 1.279
 0.114, 1.261
 0.096, 1.279
 0.087, 1.269
 0.070, 1.252
 0.061, 1.260
 0.052, 1.250
 0.052, 1.252
 0.052, 1.251
 0.026, 1.278
 0.026, 1.278
 0.026, 1.294
 0.017, 1.305
 0.026, 1.329
 0.026, 1.329
 0.035, 1.356
 0.035, 1.354
 0.035, 1.372
 0.052, 1.404
 0.052, 1.422
 0.061, 1.448
 0.061, 1.464
 0.079, 1.482
 0.070, 1.506
 0.078, 1.514
 0.096, 1.515
 0.095, 1.514
 0.105, 1.506
 0.104, 1.522
 0.113, 1.515
 0.122, 1.525
 0.140, 1.523
 0.149, 1.517
 0.157, 1.524
 0.175, 1.489
 0.174, 1.487
 0.174, 1.470
 0.183, 1.480
 0.200, 1.461
 0.209, 1.454
 0.218, 1.464
 0.227, 1.437
 0.236, 1.447
 0.236, 1.445
 0.244, 1.454
 0.262, 1.454
 0.279, 1.470
 0.280, 1.489
 0.297, 1.504
 0.297, 1.505
 0.306, 1.531
 0.314, 1.538
 0.306, 1.547
 0.323, 1.528
 0.314, 1.538
 0.306, 1.531
 0.297, 1.520
 0.288, 1.512
 0.297, 1.503
 0.297, 1.487
 0.289, 1.498
 0.271, 1.480
 0.280, 1.473
 0.279, 1.438
 0.253, 1.429
 0.244, 1.402
 0.261, 1.384
 0.253, 1.395
 0.270, 1.394
 0.253, 1.395
 0.271, 1.396
 0.270, 1.394
 0.280, 1.388
 0.288, 1.411
 0.288, 1.412
 0.280, 1.404
 0.280, 1.385
 0.280, 1.404
 0.262, 1.403
 0.271, 1.395
 0.271, 1.395
 0.280, 1.385
 0.271, 1.379
 0.253, 1.376
 0.245, 1.352
 0.227, 1.353
 0.227, 1.336
 0.218, 1.328
 0.209, 1.317
 0.201, 1.293
 0.201, 1.295
 0.192, 1.286
 0.184, 1.279
 0.175, 1.269
 0.166, 1.243
 0.148, 1.243
 0.157, 1.232
 0.140, 1.235
 0.157, 1.234
 0.166, 1.243
 0.157, 1.235
 0.166, 1.226
 0.157, 1.219
 0.157, 1.218
 0.166, 1.192
 0.157, 1.167
 0.157, 1.166
 0.166, 1.158
 0.157, 1.150
 0.149, 1.124
 0.149, 1.125
 0.140, 1.116
 0.149, 1.108
 0.149, 1.090
 0.149, 1.090
 0.157, 1.083
 0.158, 1.082
 0.175, 1.082
 0.184, 1.072
 0.192, 1.081
 0.201, 1.090
 0.228, 1.081
 0.228, 1.083
 0.237, 1.091
 0.245, 1.065
 0.245, 1.064
 0.253, 1.054
 0.271, 1.055
 0.271, 1.055
 0.271, 1.056
 0.289, 1.056
 0.298, 1.047
 0.315, 1.030
 0.315, 1.013
 0.333, 1.013
 0.324, 1.005
 0.324, 0.987
 0.315, 0.979
 0.324, 0.970
 0.333, 0.962
 0.333, 0.979
 0.333, 0.979
 0.333, 0.980
 0.324, 0.971
 0.306, 0.936
 0.315, 0.944
 0.306, 0.953
 0.315, 0.963
 0.307, 0.971
 0.298, 0.980
 0.280, 0.979
 0.280, 0.978
 0.280, 1.013
 0.272, 1.022
 0.272, 1.039
 0.281, 1.065
 0.254, 1.106
 0.263, 1.115
 0.262, 1.131
 0.254, 1.157
 0.263, 1.166
 0.262, 1.182
 0.254, 1.175
 0.237, 1.192
 0.237, 1.176
 0.228, 1.184
 0.228, 1.182
 0.228, 1.184
 0.219, 1.191
 0.219, 1.209
 0.211, 1.218
 0.193, 1.217
 0.193, 1.235
 0.184, 1.242
 0.176, 1.251
 0.176, 1.269
 0.167, 1.294
 0.158, 1.320
 0.167, 1.328
 0.149, 1.345
 0.158, 1.370
 0.149, 1.376
 0.141, 1.404
 0.141, 1.420
 0.132, 1.432
 0.132, 1.449
 0.140, 1.457
 0.132, 1.449
 0.132, 1.446
 0.114, 1.428
 0.114, 1.428
 0.114, 1.428
 0.123, 1.439
 0.106, 1.438
 0.115, 1.430
 0.106, 1.422
 0.097, 1.413
 0.088, 1.423
 0.106, 1.404
 0.106, 1.388
 0.097, 1.380
 0.097, 1.361
 0.097, 1.346
 0.115, 1.344
 0.124, 1.354
 0.124, 1.355
 0.115, 1.328
 0.124, 1.303
 0.124, 1.285
 0.132, 1.293
 0.142, 1.303
 0.142, 1.285
 0.124, 1.285
 0.124, 1.285
 0.133, 1.277
 0.159, 1.287
 0.168, 1.277
 0.150, 1.262
 0.159, 1.252
 0.168, 1.226
 0.177, 1.233
 0.177, 1.233
 0.177, 1.235
 0.185, 1.241
 0.186, 1.243
 0.203, 1.261
 0.203, 1.260
 0.221, 1.278
 0.221, 1.277
 0.203, 1.260
 0.229, 1.268
 0.238, 1.258
 0.238, 1.277
 0.238, 1.293
 0.255, 1.310
 0.264, 1.301
 0.264, 1.284
 0.264, 1.285
 0.282, 1.301
 0.273, 1.293
 0.282, 1.302
 0.281, 1.283
 0.290, 1.274
 0.299, 1.282
 0.299, 1.285
 0.300, 1.286
 0.300, 1.270
 0.308, 1.261
 0.299, 1.234
 0.290, 1.208
 0.299, 1.199
 0.307, 1.189
 0.299, 1.200
 0.308, 1.190
 0.317, 1.183
 0.308, 1.175
 0.307, 1.140
 0.308, 1.141
 0.325, 1.123
 0.308, 1.124
 0.308, 1.090
 0.325, 1.072
 0.351, 1.063
 0.333, 1.063
 0.333, 1.080
 0.343, 1.090
 0.342, 1.089
 0.360, 1.090
 0.351, 1.080
 0.351, 1.080
 0.359, 1.089
 0.350, 1.097
 0.359, 1.089
 0.368, 1.080
 0.359, 1.089
 0.369, 1.098
 0.386, 1.098
 0.395, 1.108
 0.395, 1.106
 0.395, 1.106
 0.385, 1.113
 0.394, 1.121
 0.377, 1.140
 0.394, 1.173
 0.394, 1.174
 0.386, 1.183
 0.394, 1.191
 0.385, 1.199
 0.385, 1.216
 0.377, 1.225
 0.385, 1.233
 0.375, 1.240
 0.368, 1.250
 0.376, 1.275
 0.368, 1.284
 0.359, 1.310
 0.359, 1.309
 0.350, 1.319
 0.332, 1.335
 0.324, 1.344
 0.315, 1.370
 0.314, 1.369
 0.314, 1.386
 0.313, 1.401
 0.305, 1.428
 0.305, 1.445
 0.305, 1.479
 0.306, 1.499
 0.297, 1.506
 0.296, 1.505
 0.313, 1.520
 0.295, 1.501
 0.296, 1.520
 0.313, 1.535
 0.305, 1.546
 0.323, 1.565
 0.314, 1.573
 0.323, 1.583
 0.340, 1.598
 0.332, 1.589
 0.349, 1.624
 0.340, 1.630
 0.340, 1.649
 0.332, 1.658
 0.332, 1.658
 0.349, 1.656
 0.349, 1.656
 0.324, 1.669
 0.315, 1.659
 0.314, 1.657
 0.314, 1.675
 0.297, 1.707
 0.297, 1.728
 0.279, 1.743
 0.279, 1.761
 0.270, 1.787
 0.261, 1.795
 0.270, 1.787
 0.252, 1.817
 0.226, 1.828
 0.200, 1.835
 0.199, 1.864
 0.217, 1.885
 0.208, 1.928
 0.226, 1.961
 0.243, 2.014
 0.234, 2.022
 0.252, 2.039
 0.242, 2.062
 0.216, 2.071
 0.207, 2.064
 0.215, 2.038
 0.224, 1.968
 0.242, 1.846
 0.260, 1.658
 0.270, 1.512
 0.252, 1.340
 0.218, 1.240
 0.183, 1.173
 0.157, 1.118
 0.132, 1.043
 0.088, 0.966
 0.062, 0.906
 0.044, 0.888
 0.070, 0.862
 0.062, 0.837
 0.061, 0.820
 0.026, 0.822
 0.009, 0.839
-0.009, 0.856
-0.044, 0.856
-0.026, 0.838
-0.035, 0.829
-0.044, 0.837
-0.061, 0.871
-0.079, 0.889
-0.087, 0.881
-0.070, 0.882
-0.096, 0.889
-0.097, 0.890
-0.141, 0.882
-0.167, 0.856
-0.149, 0.822
-0.148, 0.788
-0.166, 0.771
-0.184, 0.755
-0.193, 0.678
-0.184, 0.619
-0.166, 0.567
-0.165, 0.517
-0.183, 0.449
-0.192, 0.373
-0.174, 0.287
-0.165, 0.211
-0.164, 0.092
-0.173, 0.017
-0.191,-0.086
-0.199,-0.197
-0.208,-0.273
-0.217,-0.402
-0.235,-0.538
-0.261,-0.681
-0.305,-0.877
-0.304,-1.043
-0.303,-1.195
-0.259,-1.341
-0.223,-1.511
-0.196,-1.659
-0.161,-1.830
-0.098,-1.957
 0.017,-2.107
 0.088,-2.254
 0.141,-2.339
 0.194,-2.405
 0.238,-2.470
 0.309,-2.541
 0.362,-2.618
 0.406,-2.680
 0.423,-2.711
 0.450,-2.756
 0.458,-2.763
 0.467,-2.755
 0.477,-2.806
 0.492,-2.828
 0.501,-2.838
 0.529,-2.854
 0.546,-2.872
 0.592,-2.912
 0.618,-2.933
 0.628,-2.978
 0.680,-3.043
 0.714,-3.102
 0.768,-3.191
 0.857,-3.291
 0.894,-3.435
 0.964,-3.535
 1.000,-3.621
 1.054,-3.694
 1.088,-3.754
 1.107,-3.814
 1.151,-3.804
 1.184,-3.779
 1.213,-3.794
 1.201,-3.775
 1.209,-3.765
 1.193,-3.769
 1.182,-3.720
 1.150,-3.663
 1.131,-3.591
 1.096,-3.556
 1.087,-3.481
 1.059,-3.433
 1.049,-3.388
 1.029,-3.309
 1.039,-3.207
 1.025,-3.136
 1.015,-3.040
 1.018,-2.964
 1.032,-2.852
 1.059,-2.777
 1.050,-2.716
 1.064,-2.639
 1.082,-2.557
 1.099,-2.438
 1.101,-2.375
 1.084,-2.310
 1.084,-2.275
 1.084,-2.241
 1.064,-2.202
 1.048,-2.190
 1.022,-2.182
 1.019,-2.160
 1.012,-2.138
 0.983,-2.106
 0.968,-2.094
 0.942,-2.120
 0.923,-2.084
 0.932,-2.077
 0.930,-2.038
 0.914,-2.025
 0.888,-2.015
 0.877,-2.035
 0.851,-2.013
 0.851,-1.979
 0.844,-1.957
 0.844,-1.942
 0.818,-1.934
 0.801,-1.936
 0.801,-1.951
 0.765,-1.965
 0.738,-1.987
 0.719,-1.999
 0.712,-1.997
 0.684,-1.984
 0.659,-1.981
 0.634,-1.993
 0.616,-1.991
 0.599,-2.012
 0.607,-2.034
 0.591,-2.071
 0.582,-2.095
 0.581,-2.056
 0.588,-2.042
 0.579,-1.998
 0.580,-1.988
 0.572,-1.981
 0.536,-1.978
 0.528,-1.973
 0.483,-1.963
 0.475,-2.006
 0.439,-2.021
 0.403,-2.033
 0.387,-2.054
 0.377,-2.044
 0.369,-2.059
 0.360,-2.066
 0.324,-2.078
 0.316,-2.107
 0.298,-2.153
 0.298,-2.190
 0.272,-2.216
 0.272,-2.250
 0.290,-2.287
 0.307,-2.299
 0.325,-2.319
 0.378,-2.320
 0.387,-2.324
 0.395,-2.283
 0.421,-2.240
 0.439,-2.208
 0.447,-2.164
 0.491,-2.085
 0.518,-2.014
 0.543,-1.915
 0.579,-1.852
 0.614,-1.801
 0.640,-1.755
 0.659,-1.726
 0.666,-1.680
 0.694,-1.658
 0.728,-1.639
 0.753,-1.628
 0.764,-1.607
 0.790,-1.583
 0.783,-1.579
 0.775,-1.572
 0.782,-1.541
 0.764,-1.558
 0.780,-1.553
 0.771,-1.528
 0.772,-1.496
 0.780,-1.469
 0.791,-1.449
 0.789,-1.428
 0.797,-1.419
 0.807,-1.428
 0.806,-1.409
 0.807,-1.413
 0.823,-1.392
 0.816,-1.404
 0.799,-1.407
 0.797,-1.419
 0.790,-1.430
 0.787,-1.424
 0.797,-1.435
 0.771,-1.426
 0.762,-1.433
 0.745,-1.437
 0.744,-1.418
 0.736,-1.427
 0.728,-1.420
 0.709,-1.418
 0.720,-1.414
 0.719,-1.395
 0.702,-1.381
 0.676,-1.372
 0.665,-1.359
 0.675,-1.353
 0.674,-1.349
 0.657,-1.351
 0.639,-1.351
 0.638,-1.347
 0.613,-1.326
 0.621,-1.315
 0.621,-1.299
 0.621,-1.299
 0.612,-1.254
 0.613,-1.208
 0.603,-1.162
 0.585,-1.110
 0.594,-1.069
 0.585,-1.008
 0.577,-0.952
 0.576,-0.915
 0.567,-0.875
 0.576,-0.833
 0.566,-0.788
 0.559,-0.749
