 0.080,-3.444
 0.089,-3.447
 0.089,-3.450
 0.089,-3.454
 0.098,-3.454
 0.098,-3.475
 0.116,-3.458
 0.116,-3.458
 0.125,-3.437
 0.143,-3.433
 0.143,-3.420
 0.170,-3.419
 0.160,-3.430
 0.170,-3.389
 0.187,-3.367
 0.170,-3.357
 0.178,-3.343
 0.205,-3.336
 0.205,-3.336
 0.205,-3.315
 0.214,-3.316
 0.232,-3.295
 0.223,-3.305
 0.241,-3.302
 0.259,-3.298
 0.259,-3.306
 0.259,-3.284
 0.277,-3.288
 0.286,-3.295
 0.295,-3.299
 0.286,-3.295
 0.303,-3.292
 0.313,-3.288
 0.304,-3.278
 0.303,-3.271
 0.304,-3.278
 0.303,-3.257
 0.313,-3.254
 0.303,-3.243
 0.312,-3.264
 0.313,-3.254
 0.321,-3.254
 0.312,-3.247
 0.303,-3.243
 0.312,-3.250
 0.313,-3.243
 0.322,-3.233
 0.313,-3.243
 0.313,-3.261
 0.303,-3.271
 0.294,-3.316
 0.285,-3.316
 0.267,-3.340
 0.259,-3.333
 0.250,-3.344
 0.232,-3.347
 0.250,-3.343
 0.232,-3.347
 0.223,-3.340
 0.214,-3.343
 0.205,-3.357
 0.205,-3.367
 0.205,-3.371
 0.196,-3.382
 0.187,-3.367
 0.188,-3.375
 0.178,-3.364
 0.188,-3.375
 0.179,-3.368
 0.169,-3.371
 0.170,-3.392
 0.179,-3.395
 0.179,-3.395
 0.187,-3.388
 0.170,-3.406
 0.152,-3.396
 0.152,-3.388
 0.152,-3.392
 0.152,-3.402
 0.143,-3.395
 0.152,-3.392
 0.161,-3.378
 0.161,-3.385
 0.170,-3.364
 0.188,-3.375
 0.197,-3.385
 0.205,-3.385
 0.205,-3.406
 0.223,-3.389
 0.223,-3.368
 0.233,-3.365
 0.223,-3.354
 0.223,-3.375
 0.233,-3.365
 0.232,-3.361
 0.232,-3.368
 0.214,-3.361
 0.188,-3.375
 0.170,-3.374
 0.161,-3.377
 0.161,-3.385
 0.169,-3.371
 0.188,-3.375
 0.196,-3.368
 0.232,-3.361
 0.259,-3.358
 0.285,-3.361
 0.295,-3.358
 0.330,-3.341
 0.348,-3.337
 0.348,-3.345
 0.357,-3.344
 0.375,-3.348
 0.393,-3.366
 0.419,-3.369
 0.428,-3.377
 0.463,-3.373
 0.491,-3.374
 0.527,-3.378
 0.545,-3.381
 0.546,-3.389
 0.553,-3.402
 0.554,-3.420
 0.544,-3.409
 0.544,-3.423
 0.545,-3.431
 0.553,-3.399
 0.536,-3.402
 0.527,-3.395
 0.491,-3.409
 0.482,-3.405
 0.455,-3.391
 0.438,-3.394
 0.411,-3.383
 0.375,-3.397
 0.357,-3.387
 0.348,-3.351
 0.312,-3.358
 0.312,-3.358
 0.285,-3.326
 0.267,-3.330
 0.267,-3.309
 0.249,-3.295
 0.249,-3.277
 0.231,-3.273
 0.214,-3.263
 0.204,-3.249
 0.186,-3.231
 0.151,-3.234
 0.142,-3.206
 0.124,-3.196
 0.107,-3.168
 0.071,-3.185
 0.053,-3.153
 0.044,-3.146
 0.036,-3.125
 0.053,-3.122
 0.062,-3.115
 0.044,-3.132
 0.036,-3.118
 0.053,-3.122
 0.044,-3.104
 0.036,-3.118
 0.053,-3.101
 0.080,-3.091
 0.080,-3.080
 0.107,-3.067
 0.125,-3.070
 0.115,-3.060
 0.116,-3.056
 0.107,-3.052
 0.133,-3.021
 0.142,-3.018
 0.187,-3.008
 0.196,-2.994
 0.214,-2.998
 0.241,-2.987
 0.286,-2.998
 0.312,-2.991
 0.339,-2.992
 0.358,-3.002
 0.393,-2.999
 0.402,-2.996
 0.438,-3.010
 0.428,-3.014
 0.447,-3.038
 0.455,-3.038
 0.456,-3.045
 0.474,-3.049
 0.473,-3.056
 0.482,-3.084
 0.472,-3.070
 0.473,-3.080
 0.483,-3.077
 0.483,-3.077
 0.483,-3.063
 0.491,-3.063
 0.491,-3.098
 0.499,-3.084
 0.490,-3.091
 0.491,-3.098
 0.472,-3.074
 0.446,-3.087
 0.437,-3.094
 0.437,-3.108
 0.420,-3.118
 0.392,-3.104
 0.366,-3.118
 0.348,-3.117
 0.330,-3.145
 0.313,-3.135
 0.276,-3.127
 0.268,-3.106
 0.250,-3.123
 0.232,-3.120
 0.205,-3.116
 0.205,-3.109
 0.178,-3.106
 0.178,-3.105
 0.160,-3.102
 0.133,-3.081
 0.106,-3.045
 0.114,-3.024
 0.105,-3.000
 0.114,-3.007
 0.123,-3.003
 0.123,-2.997
 0.132,-3.004
 0.159,-2.997
 0.168,-3.004
 0.186,-3.029
 0.204,-3.025
 0.232,-3.060
 0.240,-3.067
 0.249,-3.103
 0.285,-3.121
 0.284,-3.131
 0.303,-3.152
 0.303,-3.156
 0.321,-3.170
 0.330,-3.170
 0.329,-3.180
 0.330,-3.198
 0.330,-3.233
 0.339,-3.240
 0.340,-3.250
 0.339,-3.278
 0.330,-3.289
 0.322,-3.282
 0.304,-3.278
 0.313,-3.288
 0.295,-3.285
 0.286,-3.313
 0.277,-3.323
 0.268,-3.330
 0.269,-3.337
 0.251,-3.333
 0.251,-3.355
 0.242,-3.362
 0.215,-3.382
 0.197,-3.413
 0.161,-3.440
 0.143,-3.465
 0.134,-3.510
 0.125,-3.503
 0.125,-3.542
 0.116,-3.562
 0.125,-3.577
 0.117,-3.605
 0.125,-3.625
 0.135,-3.644
 0.135,-3.650
 0.126,-3.678
 0.126,-3.700
 0.126,-3.696
 0.117,-3.693
 0.126,-3.692
 0.126,-3.692
 0.144,-3.709
 0.153,-3.716
 0.162,-3.686
 0.171,-3.672
 0.171,-3.645
 0.179,-3.630
 0.188,-3.629
 0.188,-3.616
 0.206,-3.594
 0.215,-3.574
 0.224,-3.564
 0.224,-3.542
 0.232,-3.539
 0.232,-3.514
 0.242,-3.525
 0.251,-3.514
 0.250,-3.510
 0.269,-3.522
 0.277,-3.504
 0.277,-3.508
 0.286,-3.505
 0.296,-3.494
 0.278,-3.502
 0.277,-3.481
 0.269,-3.516
 0.269,-3.530
 0.268,-3.540
 0.269,-3.548
 0.286,-3.544
 0.287,-3.551
 0.296,-3.527
 0.304,-3.526
 0.305,-3.548
 0.295,-3.533
 0.286,-3.544
 0.295,-3.533
 0.286,-3.536
 0.304,-3.526
 0.295,-3.494
 0.304,-3.478
 0.313,-3.467
 0.304,-3.456
 0.313,-3.467
 0.312,-3.442
 0.312,-3.442
 0.295,-3.463
 0.295,-3.477
 0.304,-3.491
 0.304,-3.501
 0.295,-3.529
 0.277,-3.529
 0.277,-3.543
 0.277,-3.529
 0.277,-3.508
 0.277,-3.516
 0.251,-3.505
 0.259,-3.511
 0.251,-3.526
 0.242,-3.511
 0.242,-3.519
 0.224,-3.550
 0.197,-3.557
 0.206,-3.567
 0.206,-3.585
 0.170,-3.598
 0.179,-3.609
 0.161,-3.626
 0.153,-3.627
 0.143,-3.630
 0.144,-3.651
 0.135,-3.672
 0.126,-3.692
 0.108,-3.713
 0.117,-3.715
 0.108,-3.748
 0.108,-3.748
 0.126,-3.765
 0.117,-3.794
 0.126,-3.792
 0.117,-3.821
 0.117,-3.829
 0.117,-3.828
 0.126,-3.844
 0.135,-3.846
 0.153,-3.851
 0.145,-3.857
 0.144,-3.836
 0.145,-3.822
 0.171,-3.825
 0.180,-3.823
 0.189,-3.794
 0.198,-3.762
 0.216,-3.771
 0.225,-3.738
 0.243,-3.747
 0.242,-3.711
 0.269,-3.687
 0.270,-3.678
 0.287,-3.683
 0.287,-3.693
 0.304,-3.685
 0.313,-3.675
 0.314,-3.669
 0.323,-3.624
 0.314,-3.621
 0.314,-3.594
 0.314,-3.576
 0.314,-3.580
 0.314,-3.572
 0.322,-3.579
 0.331,-3.582
 0.322,-3.571
 0.323,-3.575
 0.313,-3.564
 0.313,-3.565
 0.314,-3.569
 0.304,-3.571
 0.304,-3.575
 0.295,-3.560
 0.269,-3.558
 0.269,-3.544
 0.250,-3.557
 0.233,-3.543
 0.233,-3.522
 0.224,-3.523
 0.215,-3.508
 0.224,-3.515
 0.215,-3.526
 0.188,-3.507
 0.179,-3.504
 0.161,-3.504
 0.143,-3.500
 0.143,-3.507
 0.134,-3.493
 0.108,-3.490
 0.108,-3.489
 0.099,-3.492
 0.099,-3.500
 0.099,-3.496
 0.099,-3.518
 0.099,-3.496
 0.108,-3.489
 0.108,-3.490
 0.108,-3.474
 0.117,-3.496
 0.126,-3.494
 0.135,-3.483
 0.117,-3.477
 0.126,-3.458
 0.126,-3.476
 0.117,-3.479
 0.117,-3.471
 0.117,-3.458
 0.126,-3.447
 0.135,-3.427
 0.153,-3.427
 0.153,-3.423
 0.144,-3.420
 0.162,-3.412
 0.161,-3.416
 0.161,-3.403
 0.179,-3.399
 0.180,-3.406
 0.179,-3.399
 0.207,-3.414
 0.197,-3.403
 0.224,-3.389
 0.233,-3.403
 0.251,-3.378
 0.270,-3.386
 0.278,-3.358
 0.287,-3.365
 0.305,-3.355
 0.314,-3.337
 0.332,-3.341
 0.341,-3.334
 0.349,-3.320
 0.368,-3.328
 0.376,-3.314
 0.368,-3.310
 0.385,-3.307
 0.367,-3.299
 0.368,-3.307
 0.377,-3.296
 0.368,-3.293
 0.368,-3.279
 0.359,-3.286
 0.341,-3.303
 0.323,-3.313
 0.314,-3.341
 0.287,-3.348
 0.278,-3.355
 0.287,-3.369
 0.260,-3.389
 0.242,-3.428
 0.215,-3.456
 0.197,-3.500
 0.180,-3.529
 0.179,-3.543
 0.180,-3.547
 0.171,-3.557
 0.153,-3.567
 0.153,-3.588
 0.144,-3.604
 0.144,-3.626
 0.162,-3.643
 0.162,-3.643
 0.171,-3.645
 0.189,-3.654
 0.189,-3.659
 0.189,-3.676
 0.189,-3.685
 0.189,-3.690
 0.197,-3.675
 0.189,-3.690
 0.198,-3.700
 0.207,-3.707
 0.198,-3.722
 0.206,-3.716
 0.225,-3.738
 0.206,-3.738
 0.206,-3.738
 0.216,-3.757
 0.207,-3.746
 0.216,-3.779
 0.216,-3.775
 0.198,-3.757
 0.198,-3.757
 0.198,-3.727
 0.198,-3.749
 0.189,-3.720
 0.189,-3.707
 0.199,-3.704
 0.207,-3.672
 0.199,-3.687
 0.199,-3.652
 0.180,-3.626
 0.189,-3.606
 0.189,-3.598
 0.180,-3.595
 0.171,-3.602
 0.189,-3.598
 0.180,-3.578
 0.171,-3.559
 0.198,-3.578
 0.198,-3.578
 0.189,-3.581
 0.198,-3.591
 0.198,-3.591
 0.198,-3.592
 0.189,-3.602
 0.171,-3.598
 0.189,-3.623
 0.189,-3.615
 0.189,-3.623
 0.171,-3.619
 0.180,-3.609
 0.180,-3.609
 0.180,-3.601
 0.171,-3.602
 0.171,-3.588
 0.189,-3.588
 0.190,-3.579
 0.189,-3.585
 0.181,-3.613
 0.171,-3.637
 0.171,-3.615
 0.162,-3.626
 0.171,-3.615
 0.153,-3.602
 0.153,-3.584
 0.162,-3.591
 0.162,-3.599
 0.153,-3.580
 0.153,-3.588
 0.162,-3.578
 0.162,-3.556
 0.162,-3.542
 0.180,-3.521
 0.171,-3.518
 0.189,-3.497
 0.181,-3.490
 0.171,-3.466
 0.172,-3.462
 0.163,-3.455
 0.172,-3.448
 0.163,-3.434
 0.163,-3.455
 0.171,-3.441
 0.163,-3.455
 0.163,-3.455
 0.163,-3.434
 0.172,-3.462
 0.180,-3.444
 0.189,-3.445
 0.208,-3.449
 0.208,-3.449
 0.208,-3.449
 0.225,-3.445
 0.226,-3.453
 0.226,-3.466
 0.217,-3.473
 0.226,-3.488
 0.225,-3.494
 0.217,-3.526
 0.226,-3.536
 0.216,-3.539
 0.226,-3.554
 0.217,-3.557
 0.225,-3.568
 0.225,-3.567
 0.216,-3.557
 0.226,-3.589
 0.225,-3.568
 0.216,-3.578
 0.216,-3.578
 0.217,-3.574
 0.226,-3.589
 0.225,-3.567
 0.208,-3.571
 0.208,-3.571
 0.217,-3.595
 0.234,-3.596
 0.252,-3.574
 0.252,-3.578
 0.288,-3.579
 0.288,-3.592
 0.306,-3.583
 0.306,-3.575
 0.297,-3.572
 0.297,-3.572
 0.297,-3.586
 0.306,-3.597
 0.297,-3.599
 0.289,-3.600
 0.288,-3.593
 0.297,-3.582
 0.288,-3.565
 0.288,-3.557
 0.279,-3.576
 0.261,-3.558
 0.252,-3.565
 0.244,-3.558
 0.234,-3.539
 0.207,-3.550
 0.198,-3.539
 0.189,-3.532
 0.163,-3.508
 0.171,-3.479
 0.153,-3.483
 0.153,-3.483
 0.144,-3.469
 0.136,-3.448
 0.136,-3.440
 0.135,-3.444
 0.144,-3.434
 0.153,-3.427
 0.135,-3.417
 0.144,-3.402
 0.126,-3.392
 0.135,-3.378
 0.126,-3.363
 0.126,-3.371
 0.134,-3.357
 0.135,-3.361
 0.144,-3.354
 0.135,-3.343
 0.135,-3.343
 0.135,-3.353
 0.126,-3.350
 0.108,-3.332
 0.108,-3.332
 0.099,-3.346
 0.099,-3.332
 0.090,-3.332
 0.063,-3.325
 0.072,-3.314
 0.072,-3.304
 0.063,-3.276
 0.072,-3.287
 0.081,-3.272
 0.090,-3.276
 0.072,-3.279
 0.071,-3.254
 0.072,-3.244
 0.081,-3.251
 0.090,-3.227
 0.099,-3.206
 0.107,-3.192
 0.116,-3.189
 0.134,-3.171
 0.144,-3.161
 0.144,-3.147
 0.161,-3.158
 0.179,-3.144
 0.197,-3.123
 0.215,-3.106
 0.233,-3.110
 0.233,-3.103
 0.251,-3.106
 0.260,-3.113
 0.269,-3.103
 0.278,-3.117
 0.287,-3.086
 0.278,-3.117
 0.305,-3.124
 0.287,-3.142
 0.296,-3.152
 0.296,-3.163
 0.278,-3.187
 0.287,-3.194
 0.269,-3.225
 0.269,-3.232
 0.269,-3.225
 0.269,-3.232
 0.287,-3.236
 0.269,-3.253
 0.261,-3.260
 0.269,-3.260
 0.251,-3.285
 0.251,-3.277
 0.260,-3.284
 0.251,-3.316
 0.250,-3.309
 0.251,-3.333
 0.260,-3.323
 0.251,-3.333
 0.260,-3.330
 0.251,-3.333
 0.233,-3.337
 0.241,-3.344
 0.233,-3.351
 0.241,-3.344
 0.242,-3.340
 0.233,-3.337
 0.233,-3.316
 0.224,-3.322
 0.233,-3.305
 0.224,-3.287
 0.206,-3.291
 0.197,-3.263
 0.206,-3.252
 0.197,-3.232
 0.188,-3.214
 0.170,-3.221
 0.152,-3.203
 0.162,-3.193
 0.144,-3.182
 0.134,-3.165
 0.134,-3.165
 0.135,-3.147
 0.135,-3.147
 0.144,-3.130
 0.144,-3.109
 0.153,-3.109
 0.161,-3.095
 0.153,-3.116
 0.161,-3.123
 0.161,-3.151
 0.161,-3.158
 0.170,-3.130
 0.170,-3.130
 0.179,-3.130
 0.188,-3.113
 0.188,-3.120
 0.215,-3.109
 0.215,-3.123
 0.215,-3.109
 0.224,-3.113
 0.242,-3.103
 0.233,-3.092
 0.242,-3.096
 0.242,-3.082
 0.259,-3.092
 0.251,-3.092
 0.260,-3.082
 0.269,-3.089
 0.260,-3.085
 0.278,-3.096
 0.278,-3.103
 0.278,-3.103
 0.269,-3.089
 0.278,-3.103
 0.278,-3.096
 0.278,-3.117
 0.278,-3.117
 0.278,-3.096
 0.269,-3.113
 0.260,-3.127
 0.260,-3.148
 0.260,-3.134
 0.260,-3.134
 0.260,-3.141
 0.252,-3.148
 0.260,-3.141
 0.251,-3.162
 0.269,-3.173
 0.269,-3.194
 0.278,-3.197
 0.279,-3.205
 0.269,-3.194
 0.260,-3.183
 0.260,-3.190
 0.269,-3.190
 0.269,-3.197
 0.278,-3.204
 0.269,-3.211
 0.278,-3.225
 0.278,-3.218
 0.260,-3.222
 0.287,-3.215
 0.287,-3.229
 0.296,-3.205
 0.296,-3.183
 0.306,-3.163
 0.324,-3.145
 0.323,-3.124
 0.351,-3.104
 0.350,-3.097
 0.351,-3.104
 0.359,-3.111
 0.350,-3.132
 0.342,-3.128
 0.350,-3.131
 0.351,-3.153
 0.351,-3.174
 0.332,-3.187
 0.333,-3.205
 0.332,-3.215
 0.324,-3.215
 0.315,-3.205
 0.315,-3.205
 0.324,-3.222
 0.315,-3.226
 0.306,-3.233
 0.306,-3.246
 0.305,-3.226
 0.296,-3.201
 0.287,-3.190
 0.288,-3.184
 0.287,-3.177
 0.287,-3.177
 0.278,-3.170
 0.287,-3.155
 0.287,-3.162
 0.287,-3.162
 0.288,-3.145
 0.297,-3.159
 0.287,-3.159
 0.279,-3.155
 0.288,-3.159
 0.279,-3.166
 0.288,-3.180
 0.297,-3.183
 0.297,-3.191
 0.324,-3.180
 0.296,-3.187
 0.315,-3.191
 0.305,-3.191
 0.306,-3.233
 0.305,-3.229
 0.306,-3.247
 0.315,-3.261
 0.314,-3.254
 0.297,-3.278
 0.315,-3.278
 0.288,-3.281
 0.288,-3.316
 0.278,-3.319
 0.297,-3.344
 0.288,-3.355
 0.279,-3.365
 0.270,-3.380
 0.296,-3.397
 0.269,-3.425
 0.278,-3.428
 0.287,-3.435
 0.297,-3.432
 0.296,-3.428
 0.288,-3.442
 0.296,-3.449
 0.287,-3.435
 0.306,-3.460
 0.305,-3.439
 0.297,-3.471
 0.305,-3.456
 0.296,-3.463
 0.305,-3.478
 0.295,-3.494
 0.305,-3.513
 0.296,-3.523
 0.278,-3.519
 0.296,-3.523
 0.296,-3.515
 0.287,-3.548
 0.296,-3.537
 0.296,-3.537
 0.296,-3.558
 0.287,-3.557
 0.260,-3.572
 0.242,-3.568
 0.242,-3.567
 0.233,-3.561
 0.215,-3.556
 0.216,-3.551
 0.224,-3.557
 0.243,-3.536
 0.243,-3.536
 0.252,-3.539
 0.252,-3.547
 0.270,-3.547
 0.278,-3.540
 0.288,-3.538
 0.297,-3.537
 0.305,-3.548
 0.296,-3.533
 0.305,-3.523
 0.315,-3.520
 0.323,-3.505
 0.323,-3.491
 0.324,-3.478
 0.323,-3.474
 0.324,-3.478
 0.323,-3.474
 0.305,-3.478
 0.305,-3.478
 0.305,-3.491
 0.296,-3.488
 0.296,-3.498
 0.288,-3.513
 0.269,-3.512
 0.261,-3.519
 0.252,-3.512
 0.234,-3.522
 0.225,-3.536
 0.207,-3.518
 0.207,-3.518
 0.198,-3.512
 0.198,-3.508
 0.180,-3.511
 0.189,-3.501
 0.207,-3.519
 0.198,-3.512
 0.198,-3.504
 0.216,-3.529
 0.207,-3.519
 0.234,-3.526
 0.225,-3.533
 0.225,-3.525
 0.208,-3.536
 0.198,-3.511
 0.198,-3.512
 0.199,-3.502
 0.189,-3.483
 0.181,-3.498
 0.171,-3.501
 0.180,-3.504
 0.181,-3.490
 0.180,-3.482
 0.181,-3.477
 0.181,-3.476
 0.172,-3.483
 0.163,-3.494
 0.172,-3.497
 0.181,-3.511
 0.163,-3.494
 0.163,-3.507
 0.172,-3.522
 0.153,-3.531
 0.172,-3.536
 0.154,-3.553
 0.145,-3.560
 0.136,-3.571
 0.136,-3.563
 0.109,-3.577
 0.109,-3.581
 0.100,-3.570
 0.109,-3.567
 0.126,-3.560
 0.127,-3.581
 0.144,-3.577
 0.144,-3.577
 0.162,-3.560
 0.171,-3.549
 0.190,-3.540
 0.198,-3.547
 0.225,-3.536
 0.235,-3.534
 0.243,-3.546
 0.234,-3.561
 0.261,-3.550
 0.261,-3.550
 0.271,-3.555
 0.261,-3.544
 0.252,-3.555
 0.252,-3.565
 0.243,-3.581
 0.225,-3.599
 0.225,-3.598
 0.243,-3.607
 0.243,-3.606
 0.234,-3.613
 0.243,-3.628
 0.234,-3.627
 0.225,-3.642
 0.216,-3.652
 0.198,-3.683
 0.199,-3.691
 0.180,-3.700
 0.189,-3.715
 0.189,-3.729
 0.180,-3.749
 0.181,-3.770
 0.180,-3.779
 0.154,-3.798
 0.162,-3.805
 0.162,-3.792
 0.163,-3.796
 0.163,-3.787
 0.163,-3.809
 0.154,-3.798
 0.154,-3.794
 0.154,-3.798
 0.154,-3.808
 0.154,-3.794
 0.145,-3.787
 0.127,-3.783
 0.109,-3.774
 0.109,-3.757
 0.091,-3.761
 0.082,-3.741
 0.064,-3.710
 0.064,-3.691
 0.064,-3.669
 0.073,-3.667
 0.065,-3.665
 0.073,-3.664
 0.073,-3.647
 0.091,-3.618
 0.091,-3.612
 0.091,-3.595
 0.100,-3.588
 0.091,-3.585
 0.118,-3.584
 0.127,-3.585
 0.136,-3.588
 0.136,-3.567
 0.145,-3.546
 0.154,-3.536
 0.154,-3.544
 0.163,-3.512
 0.181,-3.508
 0.199,-3.477
 0.226,-3.441
 0.226,-3.414
 0.235,-3.404
 0.244,-3.397
 0.262,-3.366
 0.243,-3.341
 0.244,-3.348
 0.270,-3.338
 0.261,-3.362
 0.289,-3.355
 0.288,-3.365
 0.288,-3.373
 0.297,-3.397
 0.306,-3.404
 0.288,-3.425
 0.278,-3.438
 0.280,-3.450
 0.252,-3.460
 0.234,-3.477
 0.226,-3.492
 0.234,-3.512
 0.225,-3.544
 0.216,-3.564
 0.198,-3.574
 0.190,-3.589
 0.180,-3.591
 0.181,-3.599
 0.163,-3.595
 0.163,-3.630
 0.145,-3.634
 0.153,-3.619
 0.145,-3.634
 0.144,-3.616
 0.127,-3.616
 0.127,-3.616
 0.118,-3.601
 0.118,-3.588
 0.100,-3.570
 0.100,-3.570
 0.100,-3.574
 0.109,-3.577
 0.109,-3.581
 0.117,-3.605
 0.127,-3.630
 0.127,-3.651
 0.118,-3.671
 0.154,-3.697
 0.163,-3.722
 0.172,-3.746
 0.181,-3.774
 0.181,-3.731
 0.199,-3.757
 0.217,-3.740
 0.217,-3.740
 0.217,-3.753
 0.225,-3.752
 0.226,-3.764
 0.244,-3.747
 0.236,-3.775
 0.236,-3.801
 0.254,-3.814
 0.236,-3.849
 0.245,-3.852
 0.226,-3.848
 0.227,-3.852
 0.226,-3.847
 0.209,-3.852
 0.217,-3.858
 0.209,-3.865
 0.200,-3.880
 0.200,-3.858
 0.191,-3.877
 0.200,-3.866
 0.191,-3.873
 0.182,-3.862
 0.155,-3.864
 0.164,-3.862
 0.164,-3.840
 0.138,-3.851
 0.138,-3.837
 0.119,-3.794
 0.101,-3.781
 0.092,-3.769
 0.083,-3.776
 0.065,-3.745
 0.056,-3.747
 0.038,-3.738
 0.029,-3.745
 0.011,-3.727
 0.011,-3.714
 0.012,-3.723
 0.011,-3.714
 0.002,-3.720
 0.003,-3.734
 0.011,-3.741
 0.011,-3.719
 0.011,-3.713
 0.020,-3.707
 0.020,-3.707
 0.011,-3.704
 0.038,-3.668
 0.029,-3.679
 0.037,-3.664
 0.038,-3.660
 0.056,-3.664
 0.055,-3.625
 0.064,-3.623
 0.082,-3.605
 0.091,-3.598
 0.100,-3.596
 0.118,-3.570
 0.118,-3.578
 0.136,-3.540
 0.145,-3.547
 0.163,-3.551
 0.163,-3.543
 0.172,-3.557
 0.163,-3.543
 0.163,-3.543
 0.190,-3.540
 0.180,-3.522
 0.199,-3.516
 0.198,-3.512
 0.207,-3.501
 0.199,-3.516
 0.207,-3.515
 0.208,-3.523
 0.198,-3.512
 0.217,-3.526
 0.234,-3.547
 0.225,-3.550
 0.217,-3.551
 0.226,-3.540
 0.207,-3.550
 0.207,-3.550
 0.216,-3.557
 0.217,-3.551
 0.216,-3.516
 0.208,-3.530
 0.199,-3.519
 0.207,-3.536
 0.208,-3.536
 0.216,-3.543
 0.207,-3.532
 0.208,-3.536
 0.207,-3.515
 0.198,-3.512
 0.198,-3.512
 0.190,-3.505
 0.208,-3.509
 0.189,-3.497
 0.190,-3.505
 0.189,-3.518
 0.189,-3.519
 0.190,-3.540
 0.180,-3.543
 0.181,-3.551
 0.172,-3.557
 0.172,-3.571
 0.181,-3.586
 0.172,-3.584
 0.163,-3.599
 0.163,-3.613
 0.163,-3.648
 0.154,-3.662
 0.145,-3.665
 0.154,-3.680
 0.136,-3.697
 0.136,-3.711
 0.136,-3.732
 0.136,-3.741
 0.136,-3.785
 0.127,-3.800
 0.118,-3.829
 0.127,-3.831
 0.118,-3.815
 0.127,-3.852
 0.127,-3.852
 0.118,-3.859
 0.127,-3.865
 0.127,-3.870
 0.127,-3.892
 0.127,-3.905
 0.145,-3.923
 0.136,-3.921
 0.145,-3.906
 0.145,-3.914
 0.163,-3.897
 0.163,-3.879
 0.163,-3.866
 0.172,-3.851
 0.190,-3.855
 0.181,-3.827
 0.181,-3.792
 0.190,-3.803
 0.190,-3.759
 0.181,-3.774
 0.190,-3.746
 0.181,-3.739
 0.181,-3.726
 0.190,-3.711
 0.172,-3.715
 0.163,-3.722
 0.172,-3.693
 0.154,-3.680
 0.163,-3.665
 0.154,-3.662
 0.154,-3.641
 0.162,-3.647
 0.154,-3.649
 0.163,-3.630
 0.162,-3.648
 0.163,-3.630
 0.162,-3.634
 0.171,-3.614
 0.180,-3.603
 0.199,-3.594
 0.207,-3.579
 0.216,-3.582
 0.216,-3.582
 0.234,-3.557
 0.225,-3.554
 0.243,-3.536
 0.243,-3.537
 0.243,-3.523
 0.234,-3.508
 0.243,-3.523
 0.252,-3.516
 0.233,-3.512
 0.243,-3.523
 0.251,-3.508
 0.243,-3.488
 0.252,-3.477
 0.251,-3.460
 0.243,-3.453
 0.233,-3.438
 0.234,-3.425
 0.225,-3.396
 0.225,-3.379
 0.215,-3.358
 0.206,-3.344
 0.197,-3.340
 0.198,-3.337
 0.189,-3.347
 0.189,-3.347
 0.179,-3.350
 0.171,-3.365
 0.161,-3.354
 0.171,-3.365
 0.162,-3.358
 0.162,-3.364
 0.144,-3.375
 0.153,-3.382
 0.135,-3.396
 0.126,-3.414
 0.126,-3.406
 0.126,-3.427
 0.108,-3.445
 0.108,-3.437
 0.099,-3.452
 0.108,-3.437
 0.108,-3.459
 0.099,-3.448
 0.090,-3.472
 0.099,-3.469
 0.099,-3.496
 0.090,-3.515
 0.081,-3.521
 0.081,-3.521
 0.072,-3.532
 0.072,-3.542
 0.073,-3.563
 0.063,-3.552
 0.055,-3.580
 0.064,-3.609
 0.064,-3.601
 0.055,-3.616
 0.054,-3.633
 0.054,-3.633
 0.064,-3.630
 0.055,-3.629
 0.046,-3.661
 0.055,-3.650
 0.037,-3.664
 0.028,-3.678
 0.028,-3.670
 0.046,-3.683
 0.055,-3.672
 0.055,-3.681
 0.055,-3.703
 0.073,-3.695
 0.081,-3.714
 0.109,-3.707
 0.127,-3.712
 0.154,-3.723
 0.172,-3.732
 0.190,-3.737
 0.225,-3.729
 0.207,-3.725
 0.217,-3.722
 0.225,-3.707
 0.226,-3.712
 0.235,-3.705
 0.243,-3.677
 0.243,-3.663
 0.252,-3.666
 0.235,-3.656
 0.244,-3.646
 0.234,-3.635
 0.225,-3.632
 0.225,-3.624
 0.226,-3.614
 0.225,-3.593
 0.207,-3.589
 0.207,-3.575
 0.207,-3.567
 0.190,-3.575
 0.198,-3.547
 0.180,-3.529
 0.172,-3.509
 0.163,-3.473
 0.145,-3.463
 0.154,-3.452
 0.154,-3.431
 0.145,-3.428
 0.136,-3.413
 0.118,-3.417
 0.118,-3.417
 0.100,-3.427
 0.100,-3.434
 0.090,-3.388
 0.090,-3.396
 0.072,-3.378
 0.073,-3.374
 0.064,-3.385
 0.054,-3.367
 0.046,-3.346
 0.045,-3.325
 0.045,-3.325
 0.045,-3.311
 0.055,-3.314
 0.055,-3.322
 0.055,-3.318
 0.055,-3.318
 0.055,-3.304
 0.055,-3.283
 0.046,-3.280
 0.037,-3.286
 0.037,-3.286
 0.037,-3.273
 0.028,-3.272
 0.010,-3.276
 0.037,-3.265
 0.028,-3.255
 0.019,-3.251
 0.028,-3.237
 0.028,-3.227
 0.010,-3.223
 0.010,-3.223
 0.028,-3.227
 0.028,-3.237
 0.037,-3.248
 0.064,-3.255
 0.055,-3.265
 0.065,-3.276
 0.082,-3.273
 0.073,-3.269
 0.082,-3.290
 0.100,-3.304
 0.092,-3.305
 0.119,-3.308
 0.101,-3.319
 0.119,-3.302
 0.101,-3.319
 0.127,-3.309
 0.118,-3.304
 0.127,-3.319
 0.136,-3.308
 0.118,-3.326
 0.109,-3.323
 0.118,-3.308
 0.109,-3.322
 0.109,-3.322
 0.109,-3.315
 0.091,-3.339
 0.100,-3.325
 0.082,-3.350
 0.082,-3.350
 0.064,-3.346
 0.055,-3.343
 0.064,-3.325
 0.046,-3.346
 0.055,-3.335
 0.055,-3.332
 0.046,-3.332
 0.037,-3.335
 0.046,-3.332
 0.046,-3.332
 0.019,-3.321
 0.028,-3.315
 0.037,-3.300
 0.037,-3.304
 0.046,-3.311
 0.037,-3.265
 0.037,-3.273
 0.046,-3.255
 0.028,-3.266
 0.046,-3.241
 0.037,-3.244
 0.055,-3.234
 0.064,-3.224
 0.073,-3.238
 0.082,-3.213
 0.073,-3.220
 0.082,-3.213
 0.082,-3.206
 0.091,-3.199
 0.091,-3.196
 0.082,-3.182
 0.091,-3.147
 0.091,-3.126
 0.091,-3.130
 0.100,-3.123
 0.118,-3.119
 0.109,-3.116
 0.109,-3.109
 0.118,-3.105
 0.109,-3.081
 0.117,-3.067
 0.109,-3.080
 0.118,-3.063
 0.100,-3.052
 0.091,-3.059
 0.109,-3.056
 0.090,-3.042
 0.091,-3.038
 0.091,-3.045
 0.082,-3.035
 0.091,-3.039
 0.082,-3.035
 0.082,-3.028
 0.082,-3.035
 0.091,-3.024
 0.082,-3.014
 0.100,-3.000
 0.109,-2.986
 0.100,-2.965
 0.118,-2.947
 0.109,-2.948
 0.117,-2.944
 0.136,-2.924
 0.127,-2.941
 0.145,-2.923
 0.127,-2.923
 0.127,-2.926
 0.136,-2.944
 0.127,-2.955
 0.127,-2.955
 0.127,-2.969
 0.127,-2.976
 0.127,-2.969
 0.136,-3.000
 0.136,-3.018
 0.127,-3.039
 0.127,-3.060
 0.127,-3.105
 0.118,-3.137
 0.118,-3.172
 0.118,-3.206
 0.118,-3.228
 0.118,-3.207
 0.109,-3.207
 0.109,-3.217
 0.109,-3.231
 0.109,-3.266
 0.100,-3.273
 0.100,-3.301
 0.100,-3.301
 0.091,-3.322
 0.074,-3.361
 0.083,-3.343
 0.065,-3.367
 0.074,-3.374
 0.073,-3.392
 0.065,-3.424
 0.065,-3.434
 0.056,-3.466
 0.056,-3.479
 0.046,-3.496
 0.046,-3.504
 0.055,-3.489
 0.047,-3.525
 0.038,-3.518
 0.037,-3.542
 0.038,-3.577
 0.037,-3.555
 0.037,-3.549
 0.037,-3.536
 0.047,-3.525
 0.037,-3.522
 0.056,-3.507
 0.046,-3.500
 0.055,-3.476
 0.055,-3.476
 0.055,-3.469
 0.046,-3.437
 0.037,-3.431
 0.046,-3.434
 0.046,-3.426
 0.055,-3.441
 0.055,-3.437
 0.046,-3.455
 0.046,-3.469
 0.028,-3.465
 0.028,-3.472
 0.019,-3.475
 0.028,-3.507
 0.019,-3.532
 0.019,-3.545
 0.019,-3.567
 0.020,-3.559
 0.010,-3.591
 0.002,-3.584
 0.010,-3.591
 0.011,-3.595
 0.019,-3.598
 0.020,-3.629
 0.028,-3.622
 0.020,-3.629
 0.038,-3.641
 0.037,-3.637
 0.037,-3.645
 0.037,-3.645
 0.037,-3.637
 0.037,-3.637
 0.046,-3.618
 0.010,-3.604
 0.020,-3.580
 0.019,-3.545
 0.028,-3.507
 0.037,-3.493
 0.046,-3.490
 0.056,-3.480
 0.056,-3.458
 0.037,-3.448
 0.047,-3.416
 0.055,-3.431
 0.055,-3.431
 0.055,-3.440
 0.037,-3.448
 0.037,-3.405
 0.037,-3.392
 0.028,-3.385
 0.028,-3.377
 0.038,-3.374
 0.019,-3.353
 0.019,-3.339
 0.002,-3.339
-0.008,-3.328
-0.008,-3.336
-0.008,-3.307
-0.017,-3.317
-0.008,-3.297
-0.017,-3.282
-0.017,-3.304
 0.001,-3.279
-0.008,-3.279
-0.008,-3.265
-0.008,-3.244
 0.001,-3.258
 0.001,-3.251
 0.010,-3.262
 0.010,-3.276
 0.001,-3.279
 0.001,-3.286
-0.008,-3.272
-0.007,-3.276
 0.001,-3.290
 0.001,-3.283
 0.011,-3.279
-0.007,-3.275
 0.011,-3.279
 0.011,-3.279
 0.011,-3.272
 0.020,-3.269
 0.029,-3.258
 0.029,-3.244
 0.056,-3.203
 0.083,-3.154
 0.083,-3.126
 0.110,-3.095
 0.119,-3.067
 0.110,-3.060
 0.101,-3.031
 0.092,-3.028
 0.110,-3.018
 0.083,-3.035
 0.092,-3.042
 0.074,-3.052
 0.083,-3.052
 0.083,-3.052
 0.083,-3.073
 0.074,-3.083
 0.083,-3.101
 0.092,-3.130
 0.101,-3.129
 0.101,-3.137
 0.092,-3.147
 0.101,-3.150
 0.110,-3.165
 0.110,-3.158
 0.101,-3.172
 0.109,-3.196
 0.100,-3.182
 0.119,-3.193
 0.118,-3.175
 0.119,-3.193
 0.127,-3.186
 0.109,-3.182
 0.110,-3.189
 0.109,-3.182
 0.109,-3.168
 0.128,-3.172
 0.119,-3.172
 0.127,-3.186
 0.145,-3.182
 0.154,-3.175
 0.163,-3.165
 0.153,-3.151
 0.163,-3.151
 0.154,-3.140
 0.181,-3.134
 0.181,-3.137
 0.190,-3.134
 0.172,-3.130
 0.181,-3.134
 0.172,-3.116
 0.181,-3.134
 0.172,-3.123
 0.190,-3.113
 0.208,-3.109
 0.208,-3.130
 0.199,-3.137
 0.199,-3.165
 0.217,-3.187
 0.217,-3.180
 0.235,-3.183
 0.226,-3.194
 0.235,-3.197
 0.253,-3.205
 0.253,-3.219
 0.262,-3.212
 0.271,-3.243
 0.261,-3.261
 0.262,-3.285
 0.253,-3.306
 0.235,-3.323
 0.226,-3.355
 0.235,-3.372
 0.217,-3.397
 0.199,-3.407
 0.181,-3.424
 0.181,-3.445
 0.136,-3.448
 0.118,-3.473
 0.109,-3.493
 0.091,-3.497
 0.091,-3.497
 0.073,-3.493
 0.064,-3.508
 0.047,-3.517
 0.037,-3.493
 0.038,-3.518
 0.029,-3.521
 0.011,-3.529
 0.029,-3.525
 0.011,-3.528
 0.020,-3.518
 0.002,-3.492
-0.007,-3.489
-0.007,-3.464
-0.016,-3.457
-0.043,-3.415
-0.043,-3.394
-0.043,-3.384
-0.043,-3.363
-0.052,-3.356
-0.061,-3.352
-0.052,-3.334
-0.070,-3.359
-0.070,-3.338
-0.070,-3.338
-0.079,-3.349
-0.079,-3.341
-0.079,-3.349
-0.061,-3.345
-0.034,-3.342
-0.034,-3.342
-0.025,-3.328
-0.016,-3.339
 0.011,-3.328
 0.011,-3.328
 0.038,-3.339
 0.055,-3.346
 0.073,-3.363
 0.100,-3.363
 0.127,-3.367
 0.145,-3.369
 0.181,-3.347
 0.181,-3.369
 0.199,-3.365
 0.217,-3.383
 0.226,-3.376
 0.244,-3.387
 0.262,-3.404
 0.280,-3.401
 0.289,-3.425
 0.306,-3.426
 0.333,-3.429
 0.342,-3.416
 0.360,-3.398
 0.360,-3.398
 0.369,-3.405
 0.350,-3.415
 0.342,-3.430
 0.324,-3.412
 0.307,-3.412
 0.297,-3.422
 0.288,-3.425
 0.262,-3.443
 0.235,-3.432
 0.226,-3.457
 0.199,-3.467
 0.190,-3.466
 0.181,-3.498
 0.172,-3.483
 0.154,-3.501
 0.154,-3.509
 0.154,-3.487
 0.136,-3.512
 0.136,-3.526
 0.127,-3.529
 0.128,-3.554
 0.127,-3.546
 0.118,-3.578
 0.118,-3.578
 0.091,-3.577
 0.109,-3.564
 0.109,-3.563
 0.101,-3.578
 0.119,-3.596
 0.110,-3.624
 0.119,-3.652
 0.110,-3.651
 0.120,-3.684
 0.119,-3.675
 0.119,-3.676
 0.120,-3.684
 0.110,-3.686
 0.120,-3.684
 0.128,-3.690
 0.120,-3.697
 0.147,-3.691
 0.146,-3.687
 0.138,-3.666
 0.138,-3.666
 0.146,-3.659
 0.156,-3.670
 0.155,-3.676
 0.165,-3.673
 0.155,-3.662
 0.155,-3.627
 0.155,-3.614
 0.164,-3.617
 0.164,-3.603
 0.164,-3.603
 0.182,-3.599
 0.182,-3.586
 0.182,-3.578
 0.182,-3.586
 0.174,-3.579
 0.173,-3.557
 0.164,-3.555
 0.155,-3.532
 0.146,-3.551
 0.155,-3.540
 0.146,-3.515
 0.138,-3.530
 0.147,-3.519
 0.138,-3.516
 0.137,-3.508
 0.110,-3.511
 0.101,-3.522
 0.110,-3.507
 0.093,-3.515
 0.101,-3.487
 0.101,-3.487
 0.093,-3.488
 0.092,-3.480
 0.083,-3.490
 0.084,-3.473
 0.074,-3.462
 0.075,-3.466
 0.065,-3.451
 0.065,-3.473
 0.066,-3.455
 0.048,-3.451
 0.048,-3.438
 0.038,-3.426
 0.029,-3.420
 0.029,-3.420
 0.011,-3.416
 0.020,-3.413
 0.020,-3.388
 0.020,-3.409
 0.029,-3.399
 0.029,-3.416
 0.047,-3.420
 0.065,-3.416
 0.074,-3.452
 0.092,-3.476
 0.101,-3.496
 0.110,-3.515
 0.101,-3.539
 0.128,-3.572
 0.128,-3.593
 0.137,-3.635
 0.146,-3.677
 0.137,-3.710
 0.146,-3.757
 0.155,-3.768
 0.136,-3.781
 0.155,-3.807
 0.173,-3.803
 0.172,-3.807
 0.190,-3.825
 0.190,-3.838
 0.199,-3.853
 0.217,-3.845
 0.218,-3.902
 0.218,-3.902
 0.236,-3.919
 0.236,-3.941
 0.245,-3.926
 0.245,-3.948
 0.245,-3.948
 0.254,-3.950
 0.254,-3.959
 0.263,-3.944
 0.254,-3.959
 0.245,-3.948
 0.227,-3.939
 0.236,-3.941
 0.218,-3.915
 0.218,-3.902
 0.236,-3.884
 0.217,-3.858
 0.227,-3.864
 0.227,-3.869
 0.218,-3.880
 0.209,-3.873
 0.217,-3.862
 0.218,-3.875
 0.236,-3.835
 0.227,-3.846
 0.236,-3.836
 0.227,-3.821
 0.227,-3.829
 0.235,-3.806
 0.227,-3.786
 0.236,-3.762
 0.245,-3.729
 0.226,-3.702
 0.235,-3.670
 0.236,-3.660
 0.227,-3.636
 0.218,-3.621
 0.209,-3.618
 0.208,-3.610
 0.209,-3.614
 0.200,-3.603
 0.181,-3.599
 0.200,-3.604
 0.190,-3.592
 0.173,-3.579
 0.182,-3.572
 0.173,-3.557
 0.173,-3.565
 0.173,-3.540
 0.164,-3.537
 0.164,-3.533
 0.146,-3.529
 0.128,-3.519
 0.128,-3.494
 0.111,-3.497
 0.110,-3.501
 0.083,-3.483
 0.092,-3.480
 0.083,-3.469
 0.083,-3.455
 0.084,-3.459
 0.102,-3.442
 0.101,-3.467
 0.101,-3.473
 0.101,-3.473
 0.102,-3.491
 0.101,-3.500
 0.111,-3.498
 0.110,-3.494
 0.119,-3.504
 0.128,-3.519
 0.129,-3.515
 0.129,-3.537
 0.128,-3.546
 0.137,-3.557
 0.156,-3.575
 0.155,-3.584
 0.146,-3.586
 0.146,-3.603
 0.129,-3.624
 0.146,-3.624
 0.146,-3.638
 0.156,-3.670
 0.147,-3.690
 0.156,-3.719
 0.147,-3.730
 0.155,-3.728
 0.164,-3.708
 0.164,-3.708
 0.173,-3.715
 0.173,-3.736
 0.164,-3.743
 0.173,-3.758
 0.173,-3.758
 0.155,-3.767
 0.155,-3.789
 0.155,-3.802
 0.191,-3.811
 0.200,-3.818
 0.209,-3.829
 0.209,-3.829
 0.218,-3.849
 0.218,-3.849
 0.227,-3.851
 0.227,-3.873
 0.236,-3.853
 0.254,-3.841
 0.254,-3.850
 0.254,-3.841
 0.254,-3.841
 0.245,-3.825
 0.236,-3.814
 0.237,-3.809
 0.246,-3.777
 0.246,-3.790
 0.237,-3.801
 0.227,-3.782
 0.218,-3.797
 0.218,-3.761
 0.210,-3.741
 0.210,-3.741
 0.191,-3.750
 0.183,-3.765
 0.173,-3.746
 0.156,-3.733
 0.156,-3.719
 0.128,-3.690
 0.129,-3.699
 0.110,-3.708
 0.102,-3.714
 0.093,-3.729
 0.075,-3.717
 0.075,-3.725
 0.056,-3.711
 0.048,-3.718
 0.056,-3.719
 0.029,-3.686
 0.030,-3.708
 0.030,-3.700
 0.020,-3.703
 0.020,-3.703
 0.002,-3.698
-0.006,-3.700
 0.011,-3.678
-0.006,-3.700
-0.016,-3.693
 0.002,-3.702
 0.002,-3.711
 0.011,-3.717
 0.011,-3.717
 0.011,-3.739
 0.020,-3.742
 0.002,-3.763
 0.020,-3.759
 0.038,-3.777
 0.038,-3.764
 0.056,-3.760
 0.064,-3.753
 0.074,-3.742
 0.074,-3.742
 0.092,-3.747
 0.083,-3.710
 0.101,-3.701
 0.091,-3.690
 0.119,-3.697
 0.118,-3.687
 0.127,-3.655
 0.136,-3.662
 0.136,-3.641
 0.137,-3.645
 0.145,-3.659
 0.145,-3.655
 0.164,-3.650
 0.164,-3.650
 0.172,-3.649
 0.172,-3.635
 0.172,-3.641
 0.172,-3.627
 0.190,-3.610
 0.172,-3.606
 0.181,-3.603
 0.190,-3.588
 0.199,-3.590
 0.208,-3.579
 0.208,-3.558
 0.217,-3.559
 0.217,-3.551
 0.217,-3.555
 0.226,-3.562
 0.226,-3.558
 0.226,-3.562
 0.217,-3.547
 0.217,-3.555
 0.226,-3.544
 0.217,-3.555
 0.217,-3.555
 0.226,-3.558
 0.235,-3.586
 0.226,-3.597
 0.226,-3.589
 0.217,-3.625
 0.208,-3.628
 0.208,-3.636
 0.208,-3.632
 0.190,-3.659
 0.190,-3.671
 0.181,-3.669
 0.173,-3.706
 0.181,-3.699
 0.172,-3.719
 0.200,-3.752
 0.190,-3.768
 0.181,-3.778
 0.181,-3.796
 0.181,-3.809
 0.164,-3.800
 0.181,-3.809
 0.154,-3.824
 0.154,-3.824
 0.136,-3.855
 0.146,-3.852
 0.136,-3.837
 0.128,-3.835
 0.128,-3.835
 0.127,-3.826
 0.110,-3.830
 0.110,-3.826
 0.101,-3.824
 0.091,-3.799
 0.101,-3.788
 0.101,-3.775
 0.091,-3.742
 0.101,-3.753
 0.091,-3.742
 0.074,-3.756
 0.064,-3.749
 0.064,-3.745
 0.065,-3.767
 0.083,-3.771
 0.065,-3.766
 0.074,-3.778
 0.074,-3.777
 0.065,-3.788
 0.073,-3.803
 0.101,-3.775
 0.110,-3.759
 0.110,-3.729
 0.118,-3.722
 0.118,-3.714
 0.145,-3.700
 0.145,-3.651
 0.172,-3.623
 0.181,-3.603
 0.181,-3.590
 0.190,-3.575
 0.208,-3.565
 0.235,-3.534
 0.244,-3.513
 0.262,-3.496
 0.262,-3.474
 0.271,-3.468
 0.262,-3.453
 0.280,-3.453
 0.289,-3.447
 0.280,-3.436
 0.280,-3.443
 0.289,-3.433
 0.289,-3.433
 0.281,-3.426
 0.289,-3.425
 0.289,-3.433
 0.298,-3.436
 0.289,-3.433
 0.271,-3.415
 0.271,-3.411
 0.263,-3.394
 0.262,-3.387
 0.262,-3.400
 0.262,-3.387
 0.235,-3.390
 0.253,-3.397
 0.244,-3.404
 0.244,-3.425
 0.235,-3.436
 0.244,-3.456
 0.254,-3.471
 0.254,-3.450
 0.235,-3.450
 0.254,-3.450
 0.244,-3.453
 0.218,-3.450
 0.227,-3.439
 0.227,-3.439
 0.209,-3.425
 0.218,-3.432
 0.209,-3.429
 0.200,-3.432
 0.182,-3.449
 0.173,-3.477
 0.154,-3.469
 0.164,-3.467
 0.163,-3.445
 0.154,-3.421
 0.154,-3.407
 0.163,-3.389
 0.155,-3.390
 0.163,-3.375
 0.163,-3.375
 0.163,-3.375
 0.163,-3.354
 0.163,-3.361
 0.163,-3.326
 0.154,-3.305
 0.164,-3.309
 0.154,-3.308
 0.154,-3.319
 0.172,-3.302
 0.172,-3.288
 0.172,-3.274
 0.163,-3.277
 0.164,-3.281
 0.163,-3.274
 0.163,-3.287
 0.172,-3.281
 0.172,-3.273
 0.190,-3.263
 0.190,-3.263
 0.199,-3.256
 0.217,-3.260
 0.217,-3.253
 0.235,-3.260
 0.235,-3.257
 0.253,-3.274
 0.262,-3.268
 0.262,-3.264
 0.280,-3.271
 0.280,-3.264
 0.288,-3.271
 0.289,-3.292
 0.288,-3.271
 0.289,-3.279
 0.298,-3.268
 0.298,-3.282
 0.298,-3.285
 0.298,-3.296
 0.307,-3.310
 0.307,-3.324
 0.288,-3.320
 0.298,-3.338
 0.289,-3.341
 0.288,-3.345
 0.288,-3.345
 0.289,-3.380
 0.289,-3.401
 0.279,-3.404
 0.279,-3.429
 0.289,-3.454
 0.279,-3.457
 0.288,-3.471
 0.306,-3.460
 0.297,-3.475
 0.306,-3.468
 0.315,-3.492
 0.315,-3.479
 0.324,-3.481
 0.325,-3.489
 0.307,-3.485
 0.324,-3.481
 0.334,-3.483
 0.325,-3.468
 0.334,-3.465
 0.325,-3.468
 0.307,-3.447
 0.298,-3.457
 0.297,-3.436
 0.280,-3.443
 0.279,-3.404
 0.280,-3.422
 0.271,-3.419
 0.253,-3.428
 0.253,-3.450
 0.253,-3.450
 0.226,-3.474
 0.217,-3.485
 0.190,-3.491
 0.190,-3.499
 0.181,-3.488
 0.162,-3.498
 0.163,-3.492
 0.154,-3.491
 0.145,-3.523
 0.136,-3.543
 0.126,-3.546
 0.127,-3.553
 0.126,-3.532
 0.135,-3.525
 0.135,-3.539
 0.135,-3.539
 0.135,-3.547
 0.144,-3.533
 0.153,-3.547
 0.162,-3.589
 0.126,-3.633
 0.135,-3.697
 0.116,-3.692
 0.126,-3.690
 0.125,-3.659
 0.117,-3.670
 0.108,-3.685
 0.117,-3.683
 0.126,-3.712
 0.108,-3.711
 0.116,-3.732
 0.117,-3.736
 0.116,-3.732
 0.134,-3.736
 0.116,-3.718
 0.116,-3.732
 0.135,-3.718
 0.143,-3.704
 0.134,-3.701
 0.143,-3.677
 0.161,-3.673
 0.161,-3.673
 0.161,-3.665
 0.161,-3.673
 0.188,-3.649
 0.197,-3.638
 0.215,-3.629
 0.215,-3.629
 0.234,-3.646
 0.224,-3.657
 0.242,-3.667
 0.243,-3.671
 0.261,-3.667
 0.260,-3.671
 0.297,-3.689
 0.287,-3.692
 0.297,-3.693
 0.296,-3.671
 0.315,-3.693
 0.315,-3.676
 0.314,-3.703
 0.324,-3.714
 0.323,-3.709
 0.332,-3.703
 0.332,-3.703
 0.341,-3.706
 0.323,-3.696
 0.341,-3.657
 0.332,-3.650
 0.332,-3.664
 0.332,-3.642
 0.333,-3.619
 0.351,-3.615
 0.341,-3.587
 0.350,-3.580
 0.350,-3.559
 0.360,-3.542
 0.369,-3.532
 0.378,-3.543
 0.378,-3.525
 0.378,-3.525
 0.388,-3.522
 0.396,-3.525
 0.387,-3.536
 0.387,-3.550
 0.395,-3.562
 0.387,-3.577
 0.395,-3.584
 0.387,-3.598
 0.387,-3.598
 0.387,-3.598
 0.378,-3.609
 0.387,-3.634
 0.360,-3.662
 0.369,-3.668
 0.360,-3.689
 0.351,-3.703
 0.342,-3.728
 0.333,-3.756
 0.324,-3.766
 0.297,-3.804
 0.279,-3.812
 0.271,-3.814
 0.244,-3.843
 0.253,-3.857
 0.217,-3.866
 0.199,-3.875
 0.190,-3.899
 0.163,-3.919
 0.145,-3.945
 0.118,-3.960
 0.109,-3.984
 0.110,-3.980
 0.110,-3.988
 0.119,-3.990
 0.119,-3.999
 0.119,-4.039
 0.128,-4.045
 0.137,-4.069
 0.137,-4.109
 0.145,-4.116
 0.155,-4.136
 0.164,-4.155
 0.155,-4.197
 0.155,-4.219
 0.182,-4.212
 0.173,-4.245
 0.172,-4.223
 0.191,-4.241
 0.200,-4.239
 0.218,-4.235
 0.227,-4.251
 0.227,-4.263
 0.236,-4.288
 0.245,-4.304
 0.263,-4.299
 0.263,-4.339
 0.272,-4.363
 0.281,-4.369
 0.281,-4.392
 0.272,-4.393
 0.290,-4.398
 0.281,-4.405
 0.290,-4.411
 0.290,-4.416
 0.280,-4.395
 0.290,-4.394
 0.281,-4.382
 0.290,-4.359
 0.290,-4.346
 0.299,-4.312
 0.290,-4.298
 0.290,-4.271
 0.281,-4.255
 0.290,-4.236
 0.281,-4.207
 0.282,-4.203
 0.281,-4.203
 0.281,-4.203
 0.272,-4.192
 0.272,-4.183
 0.272,-4.200
 0.263,-4.202
 0.262,-4.180
 0.254,-4.183
 0.245,-4.185
 0.254,-4.183
 0.263,-4.176
 0.263,-4.176
 0.272,-4.174
 0.272,-4.165
 0.263,-4.163
 0.263,-4.141
 0.254,-4.147
 0.245,-4.128
 0.245,-4.119
 0.245,-4.106
 0.245,-4.106
 0.227,-4.088
 0.245,-4.079
 0.245,-4.070
 0.236,-4.064
 0.227,-4.053
 0.227,-4.031
 0.236,-4.029
 0.236,-3.985
 0.236,-3.994
 0.236,-3.981
 0.227,-3.943
 0.236,-3.959
 0.236,-3.919
 0.236,-3.893
 0.245,-3.882
 0.245,-3.847
 0.237,-3.826
 0.227,-3.807
 0.218,-3.801
 0.218,-3.779
 0.218,-3.757
 0.200,-3.748
 0.199,-3.704
 0.182,-3.695
 0.182,-3.695
 0.181,-3.673
 0.173,-3.653
 0.181,-3.638
 0.191,-3.636
 0.182,-3.629
 0.191,-3.614
 0.173,-3.604
 0.190,-3.592
 0.173,-3.583
 0.182,-3.572
 0.163,-3.568
 0.164,-3.541
 0.155,-3.526
 0.164,-3.541
 0.173,-3.530
 0.163,-3.533
 0.155,-3.548
 0.172,-3.540
 0.182,-3.572
 0.173,-3.565
 0.164,-3.589
 0.182,-3.593
 0.181,-3.617
 0.181,-3.625
 0.191,-3.636
 0.182,-3.660
 0.172,-3.657
 0.190,-3.653
 0.190,-3.688
 0.182,-3.695
 0.190,-3.702
 0.181,-3.712
 0.199,-3.708
 0.172,-3.719
 0.172,-3.737
 0.172,-3.732
 0.172,-3.758
 0.172,-3.771
 0.190,-3.789
 0.199,-3.818
 0.190,-3.842
 0.190,-3.864
 0.199,-3.901
 0.200,-3.923
 0.218,-3.928
 0.208,-3.930
 0.199,-3.928
 0.209,-3.917
 0.209,-3.917
 0.218,-3.906
 0.208,-3.908
 0.226,-3.913
 0.253,-3.902
 0.244,-3.895
 0.226,-3.899
 0.226,-3.891
 0.218,-3.879
 0.199,-3.853
 0.190,-3.873
 0.191,-3.860
 0.191,-3.859
 0.182,-3.861
 0.191,-3.868
 0.173,-3.872
 0.182,-3.879
 0.173,-3.877
 0.190,-3.899
 0.190,-3.890
 0.172,-3.908
 0.172,-3.894
 0.181,-3.897
 0.172,-3.881
 0.154,-3.877
 0.154,-3.899
 0.154,-3.864
 0.154,-3.877
 0.154,-3.863
 0.145,-3.870
 0.137,-3.877
 0.137,-3.877
 0.136,-3.855
 0.127,-3.874
 0.127,-3.852
 0.109,-3.835
 0.119,-3.846
 0.101,-3.837
 0.101,-3.863
 0.110,-3.852
 0.091,-3.887
 0.092,-3.891
 0.101,-3.889
 0.091,-3.922
 0.109,-3.905
 0.101,-3.898
 0.118,-3.898
 0.109,-3.896
 0.101,-3.898
 0.118,-3.876
 0.119,-3.881
 0.128,-3.882
 0.137,-3.863
 0.137,-3.872
 0.155,-3.859
 0.145,-3.883
 0.164,-3.884
 0.154,-3.886
 0.155,-3.881
 0.173,-3.877
 0.163,-3.853
 0.155,-3.833
 0.163,-3.818
 0.154,-3.811
 0.163,-3.818
 0.164,-3.814
 0.164,-3.800
 0.154,-3.802
 0.136,-3.793
 0.154,-3.789
 0.136,-3.771
 0.146,-3.769
 0.145,-3.747
 0.136,-3.758
 0.154,-3.754
 0.145,-3.761
 0.146,-3.769
 0.145,-3.782
 0.145,-3.786
 0.136,-3.779
 0.118,-3.775
 0.127,-3.769
 0.118,-3.775
 0.128,-3.786
 0.136,-3.785
 0.145,-3.796
 0.163,-3.796
 0.181,-3.792
 0.181,-3.787
 0.181,-3.787
 0.182,-3.783
 0.172,-3.794
 0.173,-3.768
 0.182,-3.783
 0.173,-3.754
 0.173,-3.768
 0.164,-3.752
 0.173,-3.741
 0.173,-3.762
 0.172,-3.745
 0.173,-3.754
 0.173,-3.762
 0.173,-3.754
 0.155,-3.745
 0.164,-3.734
 0.155,-3.723
 0.155,-3.706
 0.155,-3.698
 0.146,-3.677
 0.146,-3.677
 0.137,-3.666
 0.137,-3.657
 0.137,-3.649
 0.128,-3.646
 0.119,-3.631
 0.119,-3.631
 0.119,-3.617
 0.119,-3.609
 0.110,-3.624
 0.101,-3.621
 0.092,-3.634
 0.092,-3.624
 0.092,-3.624
 0.092,-3.645
 0.101,-3.639
 0.110,-3.650
 0.119,-3.660
 0.119,-3.666
 0.128,-3.694
 0.128,-3.694
 0.137,-3.697
 0.146,-3.712
 0.146,-3.690
 0.146,-3.712
 0.173,-3.723
 0.173,-3.715
 0.191,-3.728
 0.200,-3.713
 0.200,-3.730
 0.218,-3.752
 0.218,-3.744
 0.227,-3.763
 0.236,-3.761
 0.254,-3.787
 0.254,-3.787
 0.281,-3.790
 0.272,-3.805
 0.299,-3.808
 0.290,-3.819
 0.299,-3.830
 0.290,-3.819
 0.290,-3.823
 0.290,-3.819
 0.281,-3.830
 0.290,-3.819
 0.289,-3.815
 0.272,-3.840
 0.271,-3.845
 0.254,-3.832
 0.263,-3.834
 0.254,-3.818
 0.245,-3.802
 0.245,-3.798
 0.245,-3.798
 0.245,-3.798
 0.245,-3.803
 0.236,-3.801
 0.227,-3.786
 0.209,-3.790
 0.191,-3.794
 0.182,-3.783
 0.182,-3.787
 0.163,-3.778
 0.155,-3.776
 0.155,-3.776
 0.128,-3.782
 0.128,-3.769
 0.110,-3.764
 0.092,-3.786
 0.083,-3.775
 0.083,-3.771
 0.065,-3.792
 0.056,-3.795
 0.038,-3.816
 0.011,-3.809
 0.020,-3.812
-0.007,-3.813
 0.002,-3.816
-0.007,-3.809
-0.016,-3.820
-0.006,-3.823
-0.015,-3.838
-0.015,-3.829
-0.015,-3.851
-0.006,-3.858
-0.015,-3.864
 0.003,-3.869
 0.003,-3.882
 0.003,-3.891
 0.012,-3.906
 0.039,-3.926
 0.048,-3.955
 0.048,-3.964
 0.066,-3.999
 0.066,-3.999
 0.066,-4.012
 0.066,-4.017
 0.075,-4.006
 0.093,-4.010
 0.093,-3.997
 0.084,-3.999
 0.093,-3.997
 0.111,-3.993
 0.102,-4.004
 0.093,-3.997
 0.093,-3.988
 0.084,-4.004
 0.084,-4.017
 0.075,-4.023
 0.048,-4.003
 0.030,-3.998
 0.012,-3.990
 0.012,-4.003
 0.012,-4.016
-0.006,-4.020
 0.003,-4.022
-0.006,-4.038
 0.012,-4.038
 0.030,-4.034
 0.048,-4.043
 0.066,-4.038
 0.066,-4.052
 0.074,-4.054
 0.066,-4.047
 0.083,-4.056
 0.092,-4.045
 0.092,-4.041
 0.102,-4.043
 0.120,-4.039
 0.120,-4.074
 0.146,-4.054
 0.147,-4.063
 0.147,-4.046
 0.165,-4.063
 0.174,-4.070
 0.174,-4.066
 0.183,-4.046
 0.192,-4.022
 0.201,-4.016
 0.192,-4.009
 0.201,-4.007
 0.210,-4.005
 0.210,-3.987
 0.210,-3.970
 0.209,-3.952
 0.191,-3.947
 0.192,-3.969
 0.191,-3.947
 0.174,-3.934
 0.183,-3.914
 0.173,-3.894
 0.155,-3.899
 0.155,-3.899
 0.146,-3.905
 0.146,-3.892
 0.155,-3.859
 0.137,-3.863
 0.155,-3.859
 0.147,-3.866
 0.137,-3.877
 0.137,-3.868
 0.137,-3.864
 0.129,-3.857
 0.129,-3.856
 0.120,-3.840
 0.111,-3.839
 0.111,-3.861
 0.093,-3.852
 0.093,-3.865
 0.066,-3.863
 0.084,-3.859
 0.075,-3.870
 0.066,-3.845
 0.074,-3.830
 0.092,-3.821
 0.101,-3.806
 0.101,-3.815
 0.110,-3.804
 0.110,-3.800
 0.128,-3.804
 0.137,-3.785
 0.137,-3.793
 0.146,-3.782
 0.146,-3.782
 0.146,-3.769
 0.155,-3.754
 0.155,-3.762
 0.164,-3.765
 0.155,-3.772
 0.146,-3.769
 0.146,-3.760
 0.128,-3.751
 0.146,-3.769
 0.146,-3.761
 0.146,-3.769
 0.155,-3.754
 0.155,-3.762
 0.173,-3.776
 0.182,-3.779
 0.182,-3.769
 0.173,-3.754
 0.173,-3.762
 0.173,-3.749
 0.155,-3.744
 0.146,-3.738
 0.146,-3.730
 0.119,-3.740
 0.119,-3.740
 0.119,-3.732
 0.119,-3.723
 0.101,-3.701
 0.110,-3.716
 0.101,-3.687
 0.101,-3.683
 0.083,-3.691
 0.083,-3.669
 0.083,-3.691
 0.065,-3.673
 0.056,-3.658
 0.047,-3.669
 0.038,-3.654
 0.029,-3.651
 0.038,-3.641
 0.029,-3.647
 0.020,-3.645
 0.028,-3.630
 0.029,-3.634
 0.038,-3.627
 0.038,-3.606
 0.056,-3.610
 0.064,-3.595
 0.082,-3.613
 0.082,-3.613
 0.100,-3.609
 0.110,-3.614
 0.136,-3.582
 0.154,-3.565
 0.173,-3.555
 0.190,-3.530
 0.200,-3.527
 0.200,-3.506
 0.200,-3.514
 0.209,-3.503
 0.209,-3.509
 0.209,-3.517
 0.209,-3.509
 0.217,-3.502
 0.227,-3.513
 0.245,-3.509
 0.254,-3.528
 0.272,-3.542
 0.281,-3.549
 0.299,-3.553
 0.307,-3.573
 0.326,-3.599
 0.326,-3.612
 0.344,-3.630
 0.362,-3.665
 0.370,-3.682
 0.389,-3.725
 0.397,-3.728
 0.407,-3.760
 0.416,-3.771
 0.415,-3.785
 0.416,-3.807
 0.424,-3.827
 0.407,-3.866
 0.425,-3.884
 0.415,-3.886
 0.398,-3.929
 0.389,-3.931
 0.389,-3.954
 0.380,-3.951
 0.370,-3.966
 0.326,-3.995
 0.308,-3.977
 0.290,-3.981
 0.281,-4.005
 0.272,-4.016
 0.255,-4.042
 0.254,-4.068
 0.254,-4.082
 0.236,-4.099
 0.227,-4.119
 0.228,-4.141
 0.209,-4.136
 0.201,-4.169
 0.174,-4.145
 0.173,-4.123
 0.165,-4.138
 0.156,-4.140
 0.138,-4.140
 0.138,-4.162
 0.120,-4.157
 0.111,-4.155
 0.111,-4.168
 0.102,-4.184
 0.093,-4.190
 0.093,-4.181
 0.093,-4.155
 0.102,-4.127
 0.093,-4.120
 0.093,-4.120
 0.093,-4.111
 0.084,-4.109
 0.066,-4.087
 0.048,-4.069
 0.048,-4.056
 0.048,-4.033
 0.021,-4.014
 0.020,-3.978
 0.002,-3.974
 0.003,-3.970
-0.006,-3.959
-0.016,-3.956
-0.007,-3.932
 0.002,-3.899
 0.011,-3.910
 0.011,-3.884
 0.011,-3.884
 0.038,-3.869
 0.047,-3.858
 0.065,-3.841
 0.074,-3.826
 0.092,-3.817
 0.128,-3.782
 0.137,-3.758
 0.164,-3.734
 0.164,-3.712
 0.173,-3.727
 0.181,-3.734
 0.181,-3.747
 0.190,-3.741
 0.199,-3.726
 0.200,-3.703
 0.208,-3.710
 0.217,-3.695
 0.226,-3.706
 0.235,-3.691
 0.244,-3.693
 0.253,-3.682
 0.271,-3.700
 0.271,-3.686
 0.271,-3.692
 0.289,-3.718
 0.298,-3.702
 0.298,-3.724
 0.298,-3.711
 0.307,-3.718
 0.307,-3.704
 0.315,-3.703
 0.307,-3.696
 0.316,-3.693
 0.298,-3.668
 0.316,-3.645
 0.307,-3.638
 0.307,-3.616
 0.307,-3.616
 0.306,-3.622
 0.289,-3.626
 0.297,-3.597
 0.289,-3.591
 0.298,-3.570
 0.288,-3.555
 0.280,-3.535
 0.289,-3.524
 0.280,-3.513
 0.279,-3.517
 0.261,-3.509
 0.271,-3.524
 0.271,-3.507
 0.253,-3.502
 0.235,-3.510
 0.217,-3.502
 0.199,-3.506
 0.198,-3.484
 0.181,-3.484
 0.190,-3.481
 0.181,-3.466
 0.172,-3.499
 0.163,-3.488
 0.172,-3.477
 0.163,-3.488
 0.190,-3.495
 0.209,-3.534
 0.217,-3.541
