 0.119,-5.645
 0.119,-5.645
 0.105,-5.636
 0.119,-5.626
 0.119,-5.646
 0.134,-5.626
 0.134,-5.608
 0.119,-5.607
 0.119,-5.607
 0.119,-5.607
 0.104,-5.607
 0.105,-5.598
 0.090,-5.617
 0.075,-5.559
 0.090,-5.560
 0.090,-5.560
 0.104,-5.550
 0.090,-5.541
 0.090,-5.522
 0.061,-5.569
 0.076,-5.550
 0.076,-5.569
 0.104,-5.588
 0.104,-5.569
 0.089,-5.569
 0.104,-5.569
 0.119,-5.588
 0.147,-5.570
 0.162,-5.589
 0.162,-5.617
 0.191,-5.627
 0.205,-5.608
 0.220,-5.599
 0.278,-5.599
 0.293,-5.628
 0.307,-5.618
 0.307,-5.618
 0.321,-5.609
 0.364,-5.600
 0.379,-5.629
 0.392,-5.600
 0.378,-5.610
 0.408,-5.600
 0.435,-5.582
 0.437,-5.601
 0.451,-5.583
 0.465,-5.592
 0.480,-5.583
 0.508,-5.573
 0.509,-5.612
 0.552,-5.593
 0.552,-5.592
 0.567,-5.612
 0.609,-5.612
 0.611,-5.631
 0.623,-5.603
 0.623,-5.603
 0.653,-5.612
 0.665,-5.603
 0.683,-5.641
 0.696,-5.622
 0.711,-5.632
 0.712,-5.622
 0.725,-5.622
 0.741,-5.651
 0.756,-5.632
 0.769,-5.642
 0.783,-5.651
 0.811,-5.642
 0.841,-5.652
 0.884,-5.634
 0.913,-5.662
 0.928,-5.663
 0.956,-5.653
 0.987,-5.664
 1.058,-5.673
 1.057,-5.692
 1.088,-5.703
 1.069,-5.720
 1.072,-5.740
 1.086,-5.721
 1.057,-5.749
 1.060,-5.768
 1.056,-5.767
 1.044,-5.796
 1.044,-5.796
 1.043,-5.815
 1.015,-5.824
 1.014,-5.814
 0.973,-5.843
 0.988,-5.862
 0.988,-5.862
 0.975,-5.910
 0.943,-5.861
 0.902,-5.918
 0.856,-5.917
 0.813,-5.954
 0.801,-5.955
 0.712,-5.962
 0.685,-5.982
 0.627,-5.981
 0.583,-5.961
 0.542,-5.991
 0.525,-6.007
 0.497,-6.017
 0.440,-6.045
 0.439,-6.063
 0.440,-6.045
 0.410,-6.034
 0.397,-6.064
 0.397,-6.064
 0.353,-6.044
 0.368,-6.064
 0.367,-6.043
 0.368,-6.063
 0.367,-6.053
 0.367,-6.053
 0.383,-6.055
 0.396,-6.082
 0.383,-6.094
 0.368,-6.074
 0.354,-6.083
 0.369,-6.113
 0.368,-6.082
 0.368,-6.092
 0.382,-6.073
 0.339,-6.053
 0.353,-6.045
 0.368,-6.025
 0.354,-6.055
 0.383,-6.055
 0.368,-6.026
 0.383,-6.055
 0.382,-6.034
 0.397,-6.036
 0.397,-6.046
 0.396,-6.026
 0.412,-6.027
 0.425,-5.997
 0.397,-6.007
 0.411,-5.998
 0.425,-5.998
 0.440,-5.970
 0.424,-5.959
 0.426,-5.980
 0.440,-5.989
 0.439,-5.951
 0.440,-5.970
 0.453,-5.941
 0.441,-5.952
 0.470,-5.923
 0.425,-5.922
 0.470,-5.924
 0.467,-5.865
 0.469,-5.886
 0.467,-5.875
 0.482,-5.857
 0.512,-5.848
 0.525,-5.819
 0.542,-5.801
 0.542,-5.745
 0.540,-5.725
 0.555,-5.716
 0.538,-5.668
 0.554,-5.678
 0.539,-5.630
 0.524,-5.611
 0.540,-5.611
 0.495,-5.554
 0.483,-5.564
 0.468,-5.545
 0.467,-5.534
 0.439,-5.544
 0.423,-5.506
 0.452,-5.516
 0.438,-5.506
 0.409,-5.497
 0.424,-5.506
 0.424,-5.506
 0.410,-5.505
 0.425,-5.487
 0.409,-5.487
 0.410,-5.525
 0.423,-5.487
 0.424,-5.468
 0.438,-5.459
 0.452,-5.402
 0.452,-5.393
 0.451,-5.374
 0.467,-5.383
 0.452,-5.392
 0.451,-5.374
 0.452,-5.392
 0.465,-5.384
 0.466,-5.421
 0.466,-5.393
 0.451,-5.375
 0.452,-5.393
 0.465,-5.365
 0.452,-5.393
 0.452,-5.392
 0.437,-5.383
 0.438,-5.402
 0.437,-5.383
 0.438,-5.402
 0.437,-5.364
 0.437,-5.364
 0.467,-5.374
 0.436,-5.336
 0.452,-5.336
 0.467,-5.326
 0.480,-5.326
 0.467,-5.326
 0.479,-5.318
 0.465,-5.308
 0.465,-5.308
 0.464,-5.270
 0.466,-5.289
 0.464,-5.271
 0.437,-5.289
 0.437,-5.260
 0.422,-5.289
 0.423,-5.307
 0.393,-5.317
 0.408,-5.345
 0.408,-5.344
 0.378,-5.335
 0.379,-5.354
 0.393,-5.354
 0.379,-5.373
 0.393,-5.354
 0.379,-5.364
 0.394,-5.392
 0.364,-5.344
 0.379,-5.344
 0.364,-5.326
 0.364,-5.345
 0.379,-5.344
 0.378,-5.335
 0.365,-5.306
 0.379,-5.296
 0.394,-5.278
 0.394,-5.287
 0.392,-5.289
 0.408,-5.288
 0.407,-5.260
 0.421,-5.261
 0.422,-5.279
 0.435,-5.251
 0.421,-5.242
 0.437,-5.241
 0.421,-5.241
 0.423,-5.259
 0.435,-5.251
 0.422,-5.279
 0.451,-5.269
 0.451,-5.261
 0.422,-5.279
 0.450,-5.289
 0.436,-5.288
 0.451,-5.307
 0.436,-5.279
 0.437,-5.298
 0.436,-5.279
 0.437,-5.317
 0.437,-5.317
 0.421,-5.318
 0.422,-5.326
 0.407,-5.327
 0.408,-5.345
 0.408,-5.326
 0.408,-5.316
 0.424,-5.325
 0.423,-5.307
 0.423,-5.307
 0.423,-5.307
 0.422,-5.289
 0.437,-5.260
 0.451,-5.261
 0.437,-5.260
 0.437,-5.260
 0.393,-5.241
 0.408,-5.269
 0.421,-5.241
 0.407,-5.231
 0.393,-5.241
 0.393,-5.261
 0.378,-5.260
 0.407,-5.251
 0.378,-5.260
 0.379,-5.240
 0.393,-5.241
 0.394,-5.278
 0.393,-5.260
 0.364,-5.269
 0.394,-5.278
 0.378,-5.279
 0.379,-5.288
 0.379,-5.288
 0.379,-5.316
 0.364,-5.326
 0.364,-5.345
 0.379,-5.345
 0.364,-5.326
 0.365,-5.344
 0.365,-5.344
 0.350,-5.344
 0.365,-5.364
 0.379,-5.364
 0.364,-5.383
 0.364,-5.383
 0.364,-5.383
 0.380,-5.383
 0.379,-5.373
 0.380,-5.383
 0.380,-5.411
 0.378,-5.392
 0.365,-5.420
 0.365,-5.439
 0.365,-5.439
 0.364,-5.449
 0.365,-5.439
 0.351,-5.467
 0.350,-5.448
 0.351,-5.487
 0.365,-5.477
 0.350,-5.477
 0.351,-5.496
 0.350,-5.477
 0.350,-5.506
 0.336,-5.505
 0.335,-5.486
 0.351,-5.487
 0.351,-5.486
 0.365,-5.477
 0.381,-5.477
 0.364,-5.448
 0.365,-5.487
 0.394,-5.468
 0.379,-5.449
 0.365,-5.477
 0.393,-5.430
 0.379,-5.430
 0.378,-5.392
 0.379,-5.430
 0.380,-5.411
 0.378,-5.392
 0.350,-5.439
 0.379,-5.430
 0.365,-5.420
 0.350,-5.439
 0.349,-5.420
 0.336,-5.449
 0.335,-5.410
 0.335,-5.411
 0.350,-5.438
 0.349,-5.420
 0.336,-5.429
 0.335,-5.411
 0.336,-5.411
 0.321,-5.410
 0.349,-5.382
 0.336,-5.411
 0.364,-5.411
 0.350,-5.401
 0.380,-5.411
 0.364,-5.391
 0.365,-5.401
 0.364,-5.392
 0.350,-5.401
 0.364,-5.392
 0.378,-5.392
 0.393,-5.383
 0.393,-5.383
 0.393,-5.383
 0.423,-5.392
 0.378,-5.392
 0.409,-5.440
 0.437,-5.430
 0.408,-5.430
 0.423,-5.449
 0.422,-5.430
 0.408,-5.468
 0.423,-5.449
 0.422,-5.468
 0.437,-5.459
 0.421,-5.459
 0.408,-5.468
 0.407,-5.450
 0.407,-5.449
 0.408,-5.468
 0.393,-5.440
 0.423,-5.449
 0.408,-5.459
 0.422,-5.411
 0.422,-5.421
 0.421,-5.383
 0.438,-5.421
 0.437,-5.382
 0.452,-5.421
 0.452,-5.402
 0.450,-5.374
 0.451,-5.393
 0.466,-5.374
 0.479,-5.384
 0.480,-5.364
 0.479,-5.384
 0.481,-5.402
 0.495,-5.412
 0.509,-5.412
 0.496,-5.440
 0.493,-5.413
 0.480,-5.422
 0.495,-5.412
 0.480,-5.421
 0.495,-5.412
 0.479,-5.403
 0.495,-5.412
 0.480,-5.421
 0.479,-5.412
 0.481,-5.402
 0.493,-5.393
 0.466,-5.411
 0.479,-5.383
 0.465,-5.393
 0.466,-5.411
 0.479,-5.355
 0.451,-5.373
 0.451,-5.373
 0.480,-5.364
 0.466,-5.355
 0.479,-5.346
 0.480,-5.364
 0.465,-5.336
 0.465,-5.317
 0.495,-5.326
 0.464,-5.308
 0.451,-5.316
 0.451,-5.336
 0.465,-5.345
 0.466,-5.354
 0.465,-5.336
 0.480,-5.364
 0.480,-5.364
 0.450,-5.355
 0.452,-5.373
 0.450,-5.355
 0.437,-5.383
 0.423,-5.392
 0.407,-5.393
 0.408,-5.411
 0.407,-5.392
 0.394,-5.420
 0.393,-5.383
 0.364,-5.411
 0.350,-5.458
 0.363,-5.430
 0.364,-5.448
 0.364,-5.448
 0.336,-5.457
 0.322,-5.485
 0.350,-5.457
 0.321,-5.486
 0.335,-5.496
 0.307,-5.495
 0.336,-5.505
 0.335,-5.495
 0.336,-5.505
 0.336,-5.524
 0.336,-5.524
 0.322,-5.524
 0.321,-5.505
 0.322,-5.524
 0.336,-5.533
 0.336,-5.524
 0.322,-5.524
 0.306,-5.523
 0.307,-5.533
 0.307,-5.533
 0.307,-5.534
 0.308,-5.571
 0.307,-5.552
 0.292,-5.571
 0.292,-5.571
 0.292,-5.590
 0.293,-5.581
 0.307,-5.571
 0.322,-5.600
 0.307,-5.552
 0.322,-5.600
 0.322,-5.619
 0.322,-5.580
 0.351,-5.609
 0.336,-5.590
 0.321,-5.619
 0.337,-5.619
 0.335,-5.571
 0.351,-5.572
 0.351,-5.572
 0.335,-5.552
 0.351,-5.553
 0.335,-5.553
 0.337,-5.562
 0.336,-5.562
 0.321,-5.562
 0.322,-5.581
 0.321,-5.562
 0.322,-5.581
 0.307,-5.590
 0.292,-5.571
 0.322,-5.580
 0.322,-5.571
 0.307,-5.590
 0.293,-5.599
 0.292,-5.590
 0.307,-5.590
 0.293,-5.561
 0.293,-5.599
 0.307,-5.609
 0.307,-5.609
 0.323,-5.609
 0.322,-5.628
 0.308,-5.628
 0.294,-5.637
 0.293,-5.656
 0.294,-5.637
 0.293,-5.618
 0.307,-5.590
 0.337,-5.619
 0.322,-5.600
 0.337,-5.619
 0.350,-5.590
 0.322,-5.637
 0.337,-5.619
 0.336,-5.609
 0.366,-5.628
 0.365,-5.609
 0.380,-5.638
 0.395,-5.619
 0.394,-5.610
 0.409,-5.610
 0.394,-5.591
 0.395,-5.629
 0.394,-5.591
 0.408,-5.591
 0.409,-5.610
 0.437,-5.591
 0.409,-5.582
 0.423,-5.562
 0.407,-5.562
 0.437,-5.573
 0.422,-5.544
 0.452,-5.563
 0.438,-5.553
 0.438,-5.553
 0.452,-5.544
 0.438,-5.553
 0.438,-5.553
 0.423,-5.563
 0.408,-5.544
 0.423,-5.572
 0.408,-5.534
 0.424,-5.543
 0.424,-5.544
 0.408,-5.543
 0.408,-5.525
 0.393,-5.524
 0.394,-5.534
 0.394,-5.534
 0.393,-5.524
 0.424,-5.544
 0.422,-5.525
 0.422,-5.535
 0.408,-5.525
 0.407,-5.506
 0.394,-5.543
 0.407,-5.506
 0.408,-5.525
 0.408,-5.525
 0.407,-5.506
 0.408,-5.525
 0.407,-5.506
 0.380,-5.525
 0.394,-5.534
 0.408,-5.535
 0.409,-5.582
 0.422,-5.544
 0.409,-5.554
 0.409,-5.562
 0.409,-5.581
 0.409,-5.563
 0.423,-5.562
 0.394,-5.591
 0.408,-5.601
 0.422,-5.600
 0.394,-5.592
 0.407,-5.563
 0.409,-5.582
 0.395,-5.572
 0.394,-5.591
 0.424,-5.601
 0.423,-5.582
 0.408,-5.601
 0.408,-5.601
 0.394,-5.610
 0.366,-5.601
 0.380,-5.600
 0.351,-5.610
 0.365,-5.619
 0.351,-5.628
 0.380,-5.639
 0.351,-5.628
 0.322,-5.638
 0.322,-5.638
 0.293,-5.628
 0.279,-5.657
 0.278,-5.637
 0.264,-5.647
 0.206,-5.646
 0.220,-5.655
 0.192,-5.655
 0.177,-5.626
 0.178,-5.645
 0.164,-5.636
 0.148,-5.654
 0.134,-5.655
 0.134,-5.626
 0.134,-5.645
 0.105,-5.617
 0.106,-5.607
 0.105,-5.597
 0.090,-5.597
 0.091,-5.607
 0.090,-5.616
 0.105,-5.616
 0.105,-5.636
 0.134,-5.607
 0.133,-5.617
 0.149,-5.636
 0.162,-5.626
 0.163,-5.646
 0.177,-5.626
 0.178,-5.646
 0.192,-5.655
 0.192,-5.636
 0.206,-5.665
 0.206,-5.627
 0.207,-5.656
 0.235,-5.637
 0.235,-5.618
 0.250,-5.618
 0.264,-5.590
 0.250,-5.618
 0.264,-5.609
 0.278,-5.618
 0.279,-5.637
 0.279,-5.590
 0.294,-5.638
 0.293,-5.609
 0.292,-5.590
 0.308,-5.628
 0.307,-5.552
 0.307,-5.590
 0.307,-5.590
 0.307,-5.609
 0.323,-5.609
 0.336,-5.609
 0.337,-5.619
 0.322,-5.638
 0.351,-5.628
 0.322,-5.638
 0.365,-5.637
 0.336,-5.647
 0.336,-5.647
 0.351,-5.628
 0.336,-5.628
 0.336,-5.590
 0.351,-5.609
 0.351,-5.609
 0.336,-5.609
 0.336,-5.628
 0.322,-5.600
 0.322,-5.600
 0.336,-5.590
 0.321,-5.561
 0.322,-5.561
 0.321,-5.543
 0.322,-5.562
 0.322,-5.561
 0.321,-5.542
 0.308,-5.571
 0.321,-5.562
 0.278,-5.562
 0.293,-5.552
 0.307,-5.552
 0.293,-5.552
 0.307,-5.552
 0.293,-5.552
 0.293,-5.552
 0.306,-5.523
 0.279,-5.542
 0.292,-5.514
 0.307,-5.533
 0.293,-5.552
 0.292,-5.533
 0.279,-5.542
 0.292,-5.514
 0.292,-5.514
 0.278,-5.542
 0.278,-5.504
 0.279,-5.542
 0.292,-5.514
 0.293,-5.552
 0.279,-5.542
 0.278,-5.523
 0.263,-5.523
 0.278,-5.523
 0.264,-5.514
 0.278,-5.504
 0.278,-5.504
 0.279,-5.523
 0.278,-5.513
 0.279,-5.542
 0.278,-5.542
 0.292,-5.533
 0.293,-5.552
 0.292,-5.514
 0.292,-5.515
 0.308,-5.514
 0.292,-5.514
 0.293,-5.533
 0.292,-5.514
 0.293,-5.552
 0.307,-5.561
 0.321,-5.562
 0.322,-5.581
 0.292,-5.571
 0.307,-5.590
 0.322,-5.581
 0.307,-5.571
 0.322,-5.581
 0.322,-5.581
 0.307,-5.600
 0.307,-5.599
 0.292,-5.571
 0.279,-5.599
 0.292,-5.571
 0.278,-5.618
 0.278,-5.618
 0.264,-5.646
 0.265,-5.666
 0.279,-5.675
 0.265,-5.665
 0.265,-5.646
 0.265,-5.665
 0.236,-5.675
 0.264,-5.684
 0.236,-5.694
 0.236,-5.665
 0.221,-5.665
 0.221,-5.684
 0.249,-5.646
 0.249,-5.647
 0.236,-5.675
 0.278,-5.637
 0.236,-5.675
 0.265,-5.665
 0.264,-5.656
 0.250,-5.685
 0.249,-5.665
 0.236,-5.694
 0.221,-5.703
 0.236,-5.741
 0.236,-5.723
 0.221,-5.722
 0.222,-5.742
 0.207,-5.712
 0.192,-5.732
 0.178,-5.760
 0.164,-5.731
 0.178,-5.760
 0.164,-5.731
 0.149,-5.750
 0.149,-5.750
 0.149,-5.730
 0.135,-5.759
 0.164,-5.750
 0.135,-5.759
 0.135,-5.760
 0.150,-5.778
 0.121,-5.788
 0.135,-5.788
 0.135,-5.816
 0.164,-5.845
 0.150,-5.816
 0.149,-5.864
 0.150,-5.854
 0.164,-5.845
 0.165,-5.855
 0.179,-5.864
 0.150,-5.874
 0.150,-5.892
 0.150,-5.911
 0.164,-5.902
 0.165,-5.892
 0.164,-5.883
 0.179,-5.864
 0.164,-5.845
 0.179,-5.874
 0.207,-5.844
 0.193,-5.874
 0.207,-5.883
 0.193,-5.873
 0.208,-5.903
 0.207,-5.883
 0.208,-5.865
 0.222,-5.874
 0.192,-5.864
 0.207,-5.883
 0.207,-5.844
 0.237,-5.875
 0.222,-5.836
 0.222,-5.837
 0.222,-5.837
 0.236,-5.826
 0.222,-5.817
 0.250,-5.807
 0.265,-5.798
 0.265,-5.818
 0.264,-5.760
 0.265,-5.780
 0.265,-5.780
 0.251,-5.789
 0.236,-5.789
 0.251,-5.789
 0.236,-5.789
 0.237,-5.779
 0.236,-5.808
 0.237,-5.780
 0.236,-5.770
 0.236,-5.790
 0.237,-5.779
 0.251,-5.789
 0.222,-5.799
 0.236,-5.798
 0.222,-5.799
 0.221,-5.760
 0.221,-5.760
 0.208,-5.789
 0.178,-5.759
 0.221,-5.760
 0.206,-5.741
 0.192,-5.731
 0.178,-5.703
 0.192,-5.674
 0.192,-5.694
 0.207,-5.694
 0.192,-5.674
 0.221,-5.685
 0.220,-5.636
 0.221,-5.647
 0.206,-5.627
 0.206,-5.627
 0.206,-5.608
 0.192,-5.589
 0.192,-5.637
 0.163,-5.627
 0.178,-5.608
 0.163,-5.627
 0.177,-5.627
 0.149,-5.637
 0.149,-5.636
 0.149,-5.637
 0.149,-5.646
 0.149,-5.627
 0.149,-5.636
 0.134,-5.645
 0.134,-5.646
 0.149,-5.645
 0.120,-5.655
 0.120,-5.674
 0.134,-5.645
 0.120,-5.655
 0.119,-5.664
 0.105,-5.635
 0.105,-5.655
 0.105,-5.655
 0.120,-5.645
 0.120,-5.655
 0.134,-5.645
 0.119,-5.664
 0.119,-5.626
 0.105,-5.636
 0.105,-5.598
 0.105,-5.617
 0.105,-5.598
 0.076,-5.569
 0.076,-5.588
 0.091,-5.588
 0.075,-5.578
 0.062,-5.579
 0.076,-5.569
 0.062,-5.578
 0.062,-5.578
 0.061,-5.540
 0.047,-5.569
 0.032,-5.549
 0.047,-5.559
 0.047,-5.540
 0.061,-5.540
 0.062,-5.559
 0.047,-5.540
 0.018,-5.559
 0.032,-5.550
 0.003,-5.539
 0.032,-5.550
 0.047,-5.559
 0.047,-5.559
 0.062,-5.560
 0.047,-5.559
 0.076,-5.550
 0.076,-5.550
 0.076,-5.569
 0.090,-5.560
 0.076,-5.550
 0.076,-5.569
 0.091,-5.550
 0.105,-5.560
 0.090,-5.560
 0.090,-5.541
 0.119,-5.551
 0.104,-5.570
 0.105,-5.560
 0.119,-5.560
 0.105,-5.560
 0.104,-5.570
 0.105,-5.560
 0.119,-5.569
 0.119,-5.588
 0.133,-5.560
 0.119,-5.589
 0.148,-5.579
 0.163,-5.589
 0.163,-5.608
 0.148,-5.598
 0.163,-5.627
 0.149,-5.636
 0.163,-5.646
 0.178,-5.665
 0.177,-5.674
 0.193,-5.703
 0.207,-5.693
 0.207,-5.694
 0.192,-5.694
 0.221,-5.684
 0.192,-5.694
 0.192,-5.712
 0.178,-5.741
 0.163,-5.741
 0.178,-5.702
 0.163,-5.741
 0.178,-5.760
 0.164,-5.731
 0.164,-5.751
 0.135,-5.759
 0.135,-5.798
 0.135,-5.798
 0.121,-5.825
 0.120,-5.835
 0.121,-5.825
 0.106,-5.826
 0.121,-5.845
 0.106,-5.844
 0.107,-5.854
 0.077,-5.862
 0.092,-5.892
 0.092,-5.891
 0.078,-5.901
 0.078,-5.921
 0.063,-5.909
 0.064,-5.948
 0.064,-5.948
 0.078,-5.976
 0.078,-5.958
 0.107,-5.947
 0.064,-5.987
 0.064,-5.968
 0.093,-5.958
 0.078,-5.959
 0.078,-5.957
 0.078,-5.958
 0.078,-5.957
 0.107,-5.948
 0.093,-5.959
 0.078,-5.900
 0.063,-5.930
 0.078,-5.939
 0.049,-5.929
 0.064,-5.949
 0.078,-5.919
 0.064,-5.949
 0.064,-5.948
 0.049,-5.957
 0.064,-5.959
 0.064,-5.966
 0.049,-5.996
 0.049,-5.996
 0.050,-6.014
 0.035,-5.987
 0.035,-5.994
 0.049,-5.996
 0.049,-5.996
 0.020,-5.985
 0.049,-5.996
 0.034,-5.956
 0.035,-5.995
 0.064,-5.948
 0.049,-5.957
 0.064,-5.968
 0.064,-5.948
 0.079,-5.967
 0.064,-5.987
 0.064,-5.976
 0.064,-5.987
 0.079,-5.986
 0.079,-5.968
 0.079,-5.968
 0.078,-5.929
 0.079,-5.968
 0.093,-5.939
 0.079,-5.968
 0.093,-5.977
 0.108,-5.958
 0.108,-5.979
 0.122,-5.967
 0.108,-5.997
 0.123,-5.978
 0.123,-5.996
 0.108,-5.997
 0.122,-5.968
 0.108,-5.997
 0.108,-5.996
 0.093,-5.996
 0.109,-6.025
 0.108,-6.015
 0.109,-6.025
 0.094,-6.044
 0.065,-6.052
 0.080,-6.054
 0.094,-6.062
 0.080,-6.054
 0.094,-6.044
 0.079,-6.043
 0.065,-6.054
 0.080,-6.053
 0.080,-6.054
 0.065,-6.034
 0.065,-6.052
 0.080,-6.054
 0.064,-6.024
 0.065,-6.034
 0.064,-6.016
 0.065,-6.034
 0.050,-6.035
 0.065,-6.033
 0.035,-6.034
 0.050,-6.024
 0.035,-6.023
 0.035,-6.044
 0.050,-5.985
 0.021,-5.996
 0.035,-5.987
 0.050,-5.986
 0.064,-5.997
 0.079,-5.986
 0.093,-5.977
 0.093,-5.977
 0.108,-5.957
 0.093,-5.959
 0.108,-5.958
 0.093,-5.977
 0.107,-5.968
 0.121,-5.957
 0.151,-5.960
 0.136,-5.940
 0.136,-5.921
 0.136,-5.960
 0.136,-5.901
 0.136,-5.921
 0.151,-5.920
 0.136,-5.940
 0.136,-5.940
 0.164,-5.901
 0.151,-5.903
 0.150,-5.892
 0.164,-5.883
 0.150,-5.874
 0.149,-5.864
 0.165,-5.865
 0.164,-5.826
 0.164,-5.826
 0.164,-5.826
 0.193,-5.816
 0.179,-5.817
 0.164,-5.787
 0.178,-5.779
 0.193,-5.741
 0.164,-5.731
 0.164,-5.751
 0.164,-5.731
 0.135,-5.741
 0.121,-5.731
 0.106,-5.702
 0.120,-5.703
 0.091,-5.683
 0.091,-5.683
 0.076,-5.683
 0.062,-5.654
 0.047,-5.673
 0.048,-5.644
 0.018,-5.673
 0.018,-5.635
-0.011,-5.644
-0.010,-5.654
-0.011,-5.643
-0.025,-5.634
-0.011,-5.606
-0.025,-5.577
-0.011,-5.606
-0.040,-5.596
-0.026,-5.605
-0.011,-5.606
 0.003,-5.540
 0.047,-5.578
 0.047,-5.540
 0.061,-5.531
 0.061,-5.512
 0.061,-5.493
 0.076,-5.493
 0.075,-5.455
 0.046,-5.484
 0.032,-5.474
 0.032,-5.455
 0.032,-5.474
 0.017,-5.417
 0.018,-5.426
 0.003,-5.445
 0.003,-5.426
 0.003,-5.445
 0.003,-5.407
 0.017,-5.398
 0.017,-5.416
 0.003,-5.388
 0.002,-5.406
 0.017,-5.369
 0.003,-5.351
 0.032,-5.360
 0.017,-5.303
 0.017,-5.321
 0.016,-5.284
 0.046,-5.313
 0.031,-5.312
 0.031,-5.294
 0.031,-5.331
 0.031,-5.294
 0.031,-5.331
 0.061,-5.332
 0.075,-5.303
 0.074,-5.350
 0.060,-5.322
 0.075,-5.342
 0.060,-5.359
 0.060,-5.342
 0.089,-5.370
 0.089,-5.351
 0.074,-5.370
 0.060,-5.360
 0.060,-5.379
 0.061,-5.389
 0.060,-5.379
 0.046,-5.389
 0.046,-5.369
 0.075,-5.360
 0.075,-5.379
 0.075,-5.379
 0.060,-5.360
 0.089,-5.388
 0.075,-5.361
 0.075,-5.408
 0.074,-5.370
 0.074,-5.370
 0.075,-5.379
 0.089,-5.351
 0.104,-5.379
 0.089,-5.351
 0.060,-5.360
 0.075,-5.408
 0.074,-5.389
 0.060,-5.417
 0.089,-5.408
 0.075,-5.427
 0.090,-5.446
 0.075,-5.426
 0.090,-5.446
 0.075,-5.455
 0.061,-5.474
 0.061,-5.474
 0.090,-5.465
 0.076,-5.493
 0.061,-5.474
 0.076,-5.512
 0.076,-5.494
 0.075,-5.494
 0.075,-5.541
 0.076,-5.531
 0.061,-5.522
 0.076,-5.550
 0.076,-5.550
 0.061,-5.550
 0.062,-5.559
 0.075,-5.597
 0.047,-5.597
 0.062,-5.597
 0.090,-5.617
 0.076,-5.607
 0.062,-5.616
 0.105,-5.636
 0.076,-5.644
 0.090,-5.674
 0.062,-5.692
 0.033,-5.720
 0.019,-5.749
 0.019,-5.728
 0.005,-5.796
 0.034,-5.787
 0.034,-5.806
 0.048,-5.835
 0.049,-5.825
 0.048,-5.835
 0.092,-5.845
 0.107,-5.854
 0.107,-5.893
 0.135,-5.873
 0.151,-5.903
 0.150,-5.893
 0.150,-5.893
 0.151,-5.903
 0.150,-5.911
 0.151,-5.903
 0.150,-5.892
 0.121,-5.902
 0.136,-5.903
 0.136,-5.883
 0.092,-5.912
 0.121,-5.902
 0.092,-5.892
 0.092,-5.874
 0.062,-5.825
 0.048,-5.892
 0.063,-5.844
 0.048,-5.854
 0.033,-5.854
 0.033,-5.834
 0.019,-5.864
 0.018,-5.853
 0.033,-5.834
 0.048,-5.854
 0.004,-5.824
 0.019,-5.863
 0.019,-5.825
 0.019,-5.843
 0.033,-5.854
 0.033,-5.834
 0.063,-5.883
 0.077,-5.854
 0.063,-5.863
 0.048,-5.864
 0.048,-5.872
 0.034,-5.891
 0.034,-5.891
 0.034,-5.891
 0.034,-5.911
 0.034,-5.863
 0.033,-5.893
 0.033,-5.854
 0.019,-5.882
 0.019,-5.863
 0.004,-5.881
 0.019,-5.882
-0.010,-5.853
 0.019,-5.844
-0.010,-5.835
-0.025,-5.795
-0.040,-5.806
-0.040,-5.796
-0.069,-5.796
-0.040,-5.806
-0.084,-5.776
-0.083,-5.786
-0.083,-5.786
-0.112,-5.776
-0.112,-5.786
-0.111,-5.747
-0.141,-5.757
-0.140,-5.776
-0.155,-5.766
-0.155,-5.805
-0.169,-5.803
-0.169,-5.814
-0.183,-5.823
-0.183,-5.842
-0.198,-5.842
-0.197,-5.822
-0.184,-5.833
-0.184,-5.804
-0.199,-5.823
-0.199,-5.824
-0.198,-5.803
-0.184,-5.833
-0.183,-5.823
-0.198,-5.803
-0.184,-5.804
-0.169,-5.766
-0.170,-5.785
-0.169,-5.776
-0.170,-5.785
-0.155,-5.786
-0.155,-5.766
-0.140,-5.786
-0.140,-5.785
-0.140,-5.776
-0.112,-5.786
-0.111,-5.804
-0.097,-5.805
-0.111,-5.814
-0.096,-5.824
-0.082,-5.796
-0.068,-5.785
-0.082,-5.796
-0.068,-5.767
-0.068,-5.767
-0.039,-5.777
-0.053,-5.767
-0.025,-5.787
-0.010,-5.768
-0.010,-5.768
 0.005,-5.797
-0.010,-5.739
 0.019,-5.788
 0.019,-5.749
 0.033,-5.759
 0.048,-5.778
 0.048,-5.758
 0.033,-5.759
 0.048,-5.740
 0.062,-5.749
 0.062,-5.730
 0.077,-5.730
 0.062,-5.768
 0.077,-5.749
 0.062,-5.749
 0.077,-5.750
 0.091,-5.721
 0.062,-5.731
 0.076,-5.740
 0.091,-5.721
 0.091,-5.741
 0.105,-5.711
 0.121,-5.731
 0.120,-5.702
 0.105,-5.712
 0.106,-5.731
 0.105,-5.674
 0.105,-5.712
 0.091,-5.702
 0.090,-5.693
 0.105,-5.693
 0.105,-5.673
 0.105,-5.693
 0.090,-5.673
 0.090,-5.674
 0.105,-5.674
 0.090,-5.673
 0.091,-5.683
 0.091,-5.645
 0.076,-5.683
 0.076,-5.665
 0.077,-5.616
 0.077,-5.636
 0.047,-5.635
 0.047,-5.635
 0.062,-5.635
 0.033,-5.607
 0.047,-5.635
 0.003,-5.616
 0.018,-5.626
 0.033,-5.626
 0.033,-5.606
 0.003,-5.597
 0.018,-5.606
 0.018,-5.597
 0.003,-5.597
 0.003,-5.577
-0.011,-5.606
-0.011,-5.606
-0.012,-5.596
-0.011,-5.606
 0.003,-5.578
-0.011,-5.607
-0.025,-5.578
-0.026,-5.568
-0.040,-5.577
-0.026,-5.549
-0.041,-5.559
-0.011,-5.530
-0.026,-5.511
-0.026,-5.549
-0.011,-5.511
-0.012,-5.540
-0.011,-5.511
-0.012,-5.502
-0.026,-5.511
-0.012,-5.483
 0.003,-5.483
 0.003,-5.482
-0.012,-5.483
 0.017,-5.493
-0.012,-5.482
 0.003,-5.502
 0.017,-5.492
 0.002,-5.492
 0.017,-5.493
-0.012,-5.483
 0.003,-5.502
 0.003,-5.502
 0.003,-5.521
 0.003,-5.540
 0.017,-5.511
-0.012,-5.521
-0.012,-5.521
-0.012,-5.521
 0.003,-5.539
-0.026,-5.511
-0.026,-5.549
-0.026,-5.549
-0.040,-5.540
-0.041,-5.558
-0.055,-5.539
-0.056,-5.577
-0.055,-5.596
-0.055,-5.577
-0.069,-5.606
-0.055,-5.577
-0.069,-5.568
-0.055,-5.596
-0.069,-5.567
-0.085,-5.568
-0.069,-5.567
-0.084,-5.596
-0.069,-5.605
-0.098,-5.595
-0.070,-5.587
-0.069,-5.567
-0.084,-5.596
-0.084,-5.596
-0.098,-5.596
-0.069,-5.606
-0.084,-5.605
-0.084,-5.615
-0.084,-5.615
-0.084,-5.605
-0.084,-5.625
-0.054,-5.605
-0.084,-5.615
-0.069,-5.625
-0.068,-5.615
-0.054,-5.644
-0.054,-5.605
-0.055,-5.625
-0.040,-5.654
-0.040,-5.634
-0.040,-5.673
-0.010,-5.653
-0.011,-5.682
 0.004,-5.701
-0.010,-5.701
-0.011,-5.720
 0.004,-5.720
 0.019,-5.749
 0.034,-5.768
 0.034,-5.787
 0.048,-5.816
 0.049,-5.825
 0.049,-5.864
 0.034,-5.882
 0.048,-5.853
 0.063,-5.873
 0.078,-5.882
 0.078,-5.921
 0.049,-5.921
 0.048,-5.910
 0.049,-5.959
 0.063,-5.930
 0.063,-5.930
 0.049,-5.939
 0.049,-5.957
 0.034,-5.958
 0.049,-5.957
 0.035,-5.987
 0.049,-5.978
 0.050,-5.968
 0.035,-6.007
 0.035,-5.986
 0.050,-6.007
 0.020,-6.006
 0.021,-6.014
 0.036,-6.055
 0.006,-6.033
 0.007,-6.044
 0.021,-6.035
 0.020,-6.043
 0.021,-6.092
 0.021,-6.053
 0.006,-6.111
 0.007,-6.101
 0.021,-6.110
 0.006,-6.111
 0.007,-6.119
 0.021,-6.110
 0.021,-6.148
 0.021,-6.127
 0.007,-6.158
-0.008,-6.138
 0.007,-6.158
 0.022,-6.167
 0.036,-6.155
 0.051,-6.195
 0.066,-6.176
 0.051,-6.235
 0.051,-6.235
 0.065,-6.262
 0.051,-6.292
 0.080,-6.299
 0.081,-6.321
 0.066,-6.340
 0.095,-6.330
 0.109,-6.342
 0.109,-6.339
 0.109,-6.379
 0.094,-6.398
 0.066,-6.376
 0.080,-6.389
 0.066,-6.340
 0.066,-6.322
 0.065,-6.283
 0.065,-6.233
 0.051,-6.235
 0.036,-6.176
 0.021,-6.149
 0.006,-6.111
 0.007,-6.062
-0.023,-6.043
-0.008,-5.985
-0.037,-5.957
-0.038,-5.938
-0.066,-5.899
-0.082,-5.910
-0.081,-5.843
-0.111,-5.853
-0.082,-5.824
-0.111,-5.804
-0.126,-5.795
-0.111,-5.776
-0.111,-5.776
-0.112,-5.767
-0.111,-5.719
-0.126,-5.701
-0.141,-5.681
-0.127,-5.644
-0.141,-5.633
-0.141,-5.586
-0.156,-5.614
-0.127,-5.538
-0.156,-5.510
-0.157,-5.481
-0.157,-5.453
-0.143,-5.481
-0.142,-5.443
-0.142,-5.443
-0.114,-5.453
-0.113,-5.434
-0.128,-5.463
-0.113,-5.434
-0.114,-5.453
-0.084,-5.482
-0.084,-5.444
-0.070,-5.472
-0.056,-5.443
-0.041,-5.463
-0.012,-5.463
-0.026,-5.435
 0.003,-5.463
 0.003,-5.444
 0.032,-5.455
 0.032,-5.455
 0.032,-5.436
 0.046,-5.445
 0.046,-5.426
 0.003,-5.445
 0.003,-5.426
-0.041,-5.397
-0.013,-5.387
 0.002,-5.339
 0.002,-5.311
 0.001,-5.283
 0.001,-5.245
 0.015,-5.216
 0.030,-5.160
 0.030,-5.160
 0.015,-5.122
 0.059,-5.095
 0.059,-5.084
 0.058,-5.066
 0.059,-5.075
 0.088,-5.084
 0.088,-5.095
 0.088,-5.113
 0.117,-5.141
 0.117,-5.161
 0.132,-5.180
 0.161,-5.199
 0.147,-5.227
 0.161,-5.237
 0.176,-5.256
 0.176,-5.256
 0.204,-5.275
 0.220,-5.275
 0.234,-5.285
 0.233,-5.276
 0.263,-5.295
 0.277,-5.286
 0.306,-5.296
 0.306,-5.315
 0.335,-5.287
 0.335,-5.296
 0.335,-5.287
 0.366,-5.314
 0.366,-5.334
 0.350,-5.315
 0.350,-5.315
 0.335,-5.306
 0.336,-5.325
 0.349,-5.297
 0.350,-5.315
 0.321,-5.324
 0.349,-5.297
 0.322,-5.315
 0.321,-5.306
 0.306,-5.315
 0.293,-5.343
 0.306,-5.315
 0.293,-5.343
 0.263,-5.334
 0.248,-5.352
 0.234,-5.343
 0.220,-5.371
 0.205,-5.371
 0.191,-5.380
 0.176,-5.370
 0.191,-5.399
 0.162,-5.380
 0.118,-5.407
 0.133,-5.408
 0.104,-5.436
 0.104,-5.436
 0.104,-5.418
 0.075,-5.465
 0.060,-5.454
 0.061,-5.492
 0.046,-5.483
 0.061,-5.512
 0.046,-5.540
 0.046,-5.521
 0.047,-5.540
 0.047,-5.578
 0.032,-5.549
-0.026,-5.568
-0.011,-5.569
-0.025,-5.559
-0.026,-5.606
-0.054,-5.587
-0.040,-5.616
-0.054,-5.615
-0.054,-5.616
-0.084,-5.653
-0.083,-5.663
-0.083,-5.682
-0.097,-5.691
-0.111,-5.700
-0.141,-5.710
-0.111,-5.719
-0.125,-5.748
-0.125,-5.748
-0.154,-5.776
-0.155,-5.757
-0.139,-5.757
-0.154,-5.776
-0.154,-5.776
-0.154,-5.795
-0.169,-5.785
-0.139,-5.776
-0.154,-5.776
-0.154,-5.776
-0.155,-5.758
-0.155,-5.738
-0.170,-5.738
-0.155,-5.757
-0.170,-5.738
-0.155,-5.709
-0.170,-5.681
-0.170,-5.633
-0.185,-5.643
-0.171,-5.595
-0.171,-5.595
-0.157,-5.586
-0.156,-5.567
-0.171,-5.538
-0.142,-5.529
-0.142,-5.500
-0.128,-5.501
-0.127,-5.481
-0.114,-5.453
-0.128,-5.405
-0.128,-5.405
-0.114,-5.377
-0.099,-5.348
-0.115,-5.348
-0.100,-5.329
-0.085,-5.302
-0.085,-5.339
-0.056,-5.293
-0.085,-5.340
-0.070,-5.321
-0.071,-5.312
-0.042,-5.321
-0.041,-5.312
-0.028,-5.312
-0.027,-5.321
-0.042,-5.302
-0.013,-5.311
 0.002,-5.303
-0.014,-5.302
 0.016,-5.293
 0.031,-5.275
 0.030,-5.284
 0.031,-5.237
 0.045,-5.246
 0.045,-5.245
 0.059,-5.255
 0.059,-5.236
 0.059,-5.218
 0.073,-5.246
 0.102,-5.237
 0.088,-5.246
 0.103,-5.246
 0.102,-5.256
 0.118,-5.294
 0.103,-5.274
 0.103,-5.237
 0.088,-5.265
 0.088,-5.246
 0.103,-5.275
 0.103,-5.237
 0.117,-5.247
 0.117,-5.227
 0.102,-5.228
 0.132,-5.246
 0.103,-5.237
 0.117,-5.247
 0.132,-5.209
 0.117,-5.190
 0.117,-5.207
 0.132,-5.189
 0.146,-5.199
 0.146,-5.236
 0.117,-5.190
 0.117,-5.227
 0.103,-5.237
 0.103,-5.237
 0.088,-5.256
 0.074,-5.256
 0.059,-5.256
 0.045,-5.302
 0.030,-5.303
 0.016,-5.331
 0.016,-5.312
 0.002,-5.378
 0.002,-5.340
-0.013,-5.340
 0.002,-5.341
-0.028,-5.330
-0.028,-5.349
-0.042,-5.359
-0.028,-5.331
-0.057,-5.340
-0.057,-5.302
-0.042,-5.301
-0.056,-5.311
-0.057,-5.302
-0.072,-5.301
-0.071,-5.274
-0.057,-5.302
-0.071,-5.292
-0.071,-5.292
-0.071,-5.310
-0.071,-5.272
-0.071,-5.310
-0.057,-5.320
-0.085,-5.302
-0.071,-5.330
-0.071,-5.311
-0.086,-5.311
-0.056,-5.311
-0.056,-5.311
-0.071,-5.330
-0.056,-5.330
-0.042,-5.358
-0.042,-5.378
-0.042,-5.377
-0.042,-5.415
-0.041,-5.397
-0.041,-5.407
-0.012,-5.407
-0.027,-5.388
-0.012,-5.416
-0.012,-5.406
-0.027,-5.397
-0.027,-5.397
-0.056,-5.387
-0.027,-5.435
-0.012,-5.397
-0.041,-5.407
-0.012,-5.416
-0.041,-5.397
-0.056,-5.426
-0.056,-5.407
-0.056,-5.426
-0.056,-5.426
-0.070,-5.415
-0.057,-5.415
-0.041,-5.406
-0.041,-5.445
-0.041,-5.445
-0.041,-5.426
-0.027,-5.454
-0.041,-5.426
-0.041,-5.445
-0.027,-5.454
-0.027,-5.454
-0.041,-5.482
-0.026,-5.473
-0.026,-5.483
 0.003,-5.483
-0.026,-5.473
-0.012,-5.502
-0.012,-5.483
-0.026,-5.511
-0.041,-5.502
-0.026,-5.473
-0.041,-5.502
-0.011,-5.511
-0.012,-5.521
-0.012,-5.521
-0.026,-5.530
 0.004,-5.569
 0.003,-5.559
 0.004,-5.568
-0.011,-5.607
-0.011,-5.626
-0.025,-5.654
 0.004,-5.644
-0.010,-5.673
-0.011,-5.683
-0.025,-5.654
-0.025,-5.673
-0.040,-5.692
-0.025,-5.712
-0.025,-5.711
-0.054,-5.720
-0.040,-5.730
-0.039,-5.720
-0.040,-5.730
-0.069,-5.739
-0.054,-5.739
-0.054,-5.778
-0.025,-5.787
-0.054,-5.796
-0.054,-5.797
-0.039,-5.796
-0.025,-5.768
-0.025,-5.748
-0.040,-5.787
-0.025,-5.768
-0.040,-5.767
-0.025,-5.768
-0.040,-5.748
-0.011,-5.759
-0.011,-5.759
-0.010,-5.739
-0.011,-5.759
 0.004,-5.730
 0.033,-5.759
 0.004,-5.768
 0.033,-5.758
 0.033,-5.779
 0.019,-5.749
 0.019,-5.769
 0.033,-5.779
 0.048,-5.778
 0.019,-5.788
 0.033,-5.759
 0.048,-5.779
 0.033,-5.778
 0.062,-5.788
 0.047,-5.788
 0.048,-5.778
 0.033,-5.797
 0.034,-5.807
 0.033,-5.815
 0.033,-5.797
 0.018,-5.777
 0.033,-5.797
 0.033,-5.797
 0.004,-5.787
-0.010,-5.816
 0.019,-5.806
 0.005,-5.797
-0.010,-5.816
-0.010,-5.796
-0.010,-5.816
-0.010,-5.806
-0.025,-5.825
-0.010,-5.816
-0.039,-5.834
-0.054,-5.854
-0.039,-5.853
-0.054,-5.872
-0.039,-5.873
-0.039,-5.862
-0.054,-5.873
-0.054,-5.853
-0.054,-5.853
-0.039,-5.873
-0.039,-5.853
-0.054,-5.853
-0.054,-5.815
-0.083,-5.824
-0.068,-5.787
-0.083,-5.786
-0.083,-5.806
-0.083,-5.767
-0.083,-5.767
-0.083,-5.767
-0.083,-5.729
-0.098,-5.758
-0.098,-5.719
-0.098,-5.720
-0.113,-5.682
-0.098,-5.653
-0.084,-5.692
-0.099,-5.662
-0.098,-5.663
-0.113,-5.662
-0.099,-5.634
-0.098,-5.644
-0.099,-5.634
-0.099,-5.634
-0.084,-5.615
-0.083,-5.577
-0.084,-5.596
-0.070,-5.586
-0.070,-5.586
-0.056,-5.558
-0.070,-5.520
-0.056,-5.520
-0.041,-5.492
-0.026,-5.473
-0.027,-5.454
-0.012,-5.426
 0.002,-5.435
 0.002,-5.397
 0.016,-5.407
 0.002,-5.397
 0.017,-5.378
 0.031,-5.369
 0.031,-5.369
 0.031,-5.332
 0.060,-5.321
 0.060,-5.303
 0.045,-5.302
 0.074,-5.294
 0.060,-5.284
 0.046,-5.274
 0.060,-5.246
 0.045,-5.245
 0.045,-5.245
 0.060,-5.227
 0.030,-5.235
 0.030,-5.217
 0.030,-5.235
 0.030,-5.198
 0.045,-5.208
 0.045,-5.189
 0.030,-5.189
 0.030,-5.207
 0.030,-5.178
 0.015,-5.159
 0.030,-5.178
 0.030,-5.160
 0.015,-5.160
 0.030,-5.141
 0.000,-5.140
 0.029,-5.149
 0.015,-5.122
 0.029,-5.150
 0.015,-5.160
 0.015,-5.159
 0.000,-5.158
 0.015,-5.150
 0.000,-5.178
 0.030,-5.169
 0.001,-5.169
 0.000,-5.178
 0.015,-5.179
 0.001,-5.206
 0.000,-5.177
-0.014,-5.187
-0.013,-5.196
-0.014,-5.207
 0.001,-5.206
 0.000,-5.197
-0.014,-5.207
 0.000,-5.235
 0.030,-5.217
 0.015,-5.217
 0.030,-5.226
 0.030,-5.246
 0.030,-5.264
 0.044,-5.236
 0.045,-5.283
 0.044,-5.254
 0.044,-5.274
 0.059,-5.293
 0.044,-5.293
 0.044,-5.331
 0.044,-5.293
 0.045,-5.322
 0.030,-5.321
 0.059,-5.332
 0.060,-5.379
 0.075,-5.388
 0.060,-5.426
 0.060,-5.436
 0.045,-5.435
 0.046,-5.474
 0.046,-5.493
 0.060,-5.502
 0.046,-5.531
 0.061,-5.530
 0.032,-5.578
 0.032,-5.607
 0.033,-5.626
 0.003,-5.635
 0.018,-5.664
 0.003,-5.693
 0.004,-5.683
-0.011,-5.721
-0.011,-5.740
-0.025,-5.758
-0.039,-5.777
-0.025,-5.825
-0.054,-5.815
-0.039,-5.854
-0.083,-5.824
-0.053,-5.845
-0.068,-5.825
-0.082,-5.853
-0.082,-5.892
-0.082,-5.871
-0.097,-5.901
-0.111,-5.881
-0.097,-5.834
-0.127,-5.843
-0.126,-5.833
-0.112,-5.863
-0.127,-5.843
-0.126,-5.862
-0.127,-5.843
-0.141,-5.813
-0.127,-5.843
-0.141,-5.852
-0.141,-5.814
-0.141,-5.834
-0.156,-5.776
-0.171,-5.805
-0.141,-5.777
-0.156,-5.776
-0.141,-5.777
-0.170,-5.728
-0.186,-5.729
-0.156,-5.700
-0.185,-5.690
-0.172,-5.662
-0.156,-5.624
-0.127,-5.615
-0.128,-5.586
-0.128,-5.558
-0.129,-5.548
-0.099,-5.520
-0.113,-5.549
-0.099,-5.538
-0.085,-5.529
-0.085,-5.549
-0.070,-5.492
-0.085,-5.492
-0.056,-5.482
-0.056,-5.482
-0.056,-5.501
-0.056,-5.482
-0.042,-5.511
-0.027,-5.492
-0.012,-5.463
-0.012,-5.502
-0.012,-5.464
 0.017,-5.473
 0.002,-5.454
 0.002,-5.454
 0.017,-5.454
 0.017,-5.435
 0.002,-5.435
 0.002,-5.397
 0.017,-5.378
-0.013,-5.388
 0.003,-5.388
 0.002,-5.378
-0.013,-5.387
-0.027,-5.388
 0.002,-5.397
 0.017,-5.378
 0.002,-5.378
 0.002,-5.378
-0.013,-5.387
 0.002,-5.378
 0.002,-5.397
 0.002,-5.397
 0.002,-5.397
 0.031,-5.388
 0.002,-5.407
 0.031,-5.368
 0.017,-5.417
 0.002,-5.397
 0.002,-5.397
 0.002,-5.416
-0.012,-5.407
 0.002,-5.435
 0.002,-5.435
-0.012,-5.463
-0.012,-5.445
 0.003,-5.445
-0.041,-5.444
-0.027,-5.463
-0.027,-5.454
-0.041,-5.482
-0.026,-5.473
-0.041,-5.501
-0.027,-5.492
-0.041,-5.463
-0.027,-5.492
-0.056,-5.482
-0.041,-5.501
-0.041,-5.530
-0.070,-5.511
-0.056,-5.520
-0.055,-5.510
-0.070,-5.510
-0.041,-5.520
-0.070,-5.530
-0.056,-5.520
-0.055,-5.501
-0.055,-5.539
-0.070,-5.530
-0.055,-5.501
-0.056,-5.520
-0.056,-5.482
-0.056,-5.520
-0.056,-5.520
-0.070,-5.520
-0.056,-5.520
-0.055,-5.539
-0.041,-5.558
-0.026,-5.549
-0.026,-5.567
-0.027,-5.577
-0.011,-5.549
-0.041,-5.587
-0.012,-5.559
-0.026,-5.568
-0.012,-5.597
-0.026,-5.568
-0.026,-5.607
-0.012,-5.616
-0.011,-5.606
-0.012,-5.654
-0.012,-5.635
-0.011,-5.645
 0.003,-5.654
 0.003,-5.644
 0.018,-5.683
 0.003,-5.654
 0.018,-5.683
 0.018,-5.711
 0.004,-5.711
 0.018,-5.740
 0.034,-5.730
 0.018,-5.759
 0.048,-5.759
 0.033,-5.759
 0.019,-5.788
 0.034,-5.769
 0.033,-5.779
 0.034,-5.807
 0.019,-5.806
 0.048,-5.816
 0.019,-5.825
 0.019,-5.845
 0.005,-5.836
-0.010,-5.816
 0.005,-5.835
-0.010,-5.844
-0.025,-5.864
-0.024,-5.883
-0.024,-5.862
-0.039,-5.912
-0.039,-5.873
-0.039,-5.873
-0.068,-5.883
-0.068,-5.863
-0.067,-5.873
-0.083,-5.862
-0.082,-5.872
-0.083,-5.863
-0.083,-5.824
-0.098,-5.835
-0.113,-5.777
-0.142,-5.806
-0.127,-5.786
-0.126,-5.766
-0.127,-5.786
-0.127,-5.747
-0.113,-5.720
-0.142,-5.691
-0.157,-5.690
-0.142,-5.691
-0.142,-5.653
-0.128,-5.700
-0.128,-5.682
-0.128,-5.662
-0.142,-5.691
-0.128,-5.662
-0.127,-5.691
-0.114,-5.691
-0.113,-5.643
-0.128,-5.681
-0.127,-5.671
-0.127,-5.672
-0.099,-5.672
-0.098,-5.652
-0.099,-5.672
-0.099,-5.672
-0.099,-5.672
-0.069,-5.663
-0.083,-5.634
-0.055,-5.654
-0.055,-5.653
-0.055,-5.664
-0.041,-5.635
-0.055,-5.634
-0.026,-5.645
-0.026,-5.663
-0.041,-5.663
-0.026,-5.664
-0.026,-5.644
-0.041,-5.626
-0.026,-5.606
-0.027,-5.597
-0.012,-5.597
-0.012,-5.578
-0.026,-5.607
-0.012,-5.616
-0.012,-5.616
 0.002,-5.607
 0.003,-5.588
 0.002,-5.607
-0.012,-5.578
-0.012,-5.616
-0.013,-5.626
 0.003,-5.626
-0.012,-5.616
 0.003,-5.625
 0.018,-5.645
 0.003,-5.664
 0.003,-5.616
 0.003,-5.636
-0.011,-5.645
 0.003,-5.654
 0.003,-5.692
 0.004,-5.673
 0.003,-5.692
 0.003,-5.692
 0.004,-5.711
 0.004,-5.750
 0.019,-5.749
-0.011,-5.797
 0.019,-5.787
 0.005,-5.797
 0.005,-5.836
 0.005,-5.816
-0.010,-5.855
-0.010,-5.845
-0.010,-5.873
-0.010,-5.883
-0.009,-5.892
-0.024,-5.893
-0.024,-5.911
-0.009,-5.920
-0.009,-5.930
-0.023,-5.929
-0.024,-5.950
-0.038,-5.959
-0.023,-5.968
-0.023,-5.978
-0.023,-5.968
-0.038,-5.998
-0.038,-5.959
-0.023,-5.968
-0.023,-5.978
-0.052,-5.986
-0.052,-5.968
-0.066,-5.977
-0.066,-5.977
-0.081,-5.978
-0.067,-5.948
-0.052,-5.988
-0.051,-5.978
-0.067,-5.987
-0.052,-6.006
-0.081,-6.014
-0.081,-6.035
-0.095,-6.005
-0.095,-6.005
-0.082,-6.017
-0.081,-5.996
-0.096,-6.026
-0.096,-6.025
-0.124,-6.034
-0.110,-6.064
-0.139,-6.042
-0.125,-6.073
-0.110,-6.053
-0.125,-6.073
-0.095,-6.083
-0.095,-6.062
-0.110,-6.092
-0.095,-6.083
-0.080,-6.081
-0.095,-6.101
-0.081,-6.071
-0.095,-6.101
-0.080,-6.082
-0.081,-6.053
-0.051,-6.093
-0.066,-6.052
-0.052,-6.083
-0.037,-6.102
-0.022,-6.111
-0.037,-6.112
-0.022,-6.093
-0.008,-6.123
 0.006,-6.092
-0.022,-6.111
 0.007,-6.122
 0.021,-6.110
 0.036,-6.122
 0.021,-6.102
-0.009,-6.073
 0.006,-6.094
-0.009,-6.034
-0.009,-6.055
-0.009,-6.016
-0.024,-5.996
 0.005,-6.007
 0.005,-5.987
 0.005,-6.007
 0.005,-6.007
 0.034,-5.997
 0.005,-6.007
 0.020,-5.968
 0.020,-5.988
 0.005,-5.969
 0.005,-5.969
 0.005,-5.950
-0.010,-5.949
-0.024,-5.921
-0.024,-5.921
-0.024,-5.901
-0.024,-5.921
-0.024,-5.862
-0.040,-5.883
-0.039,-5.854
-0.040,-5.844
-0.040,-5.845
-0.025,-5.796
-0.054,-5.835
-0.054,-5.835
-0.054,-5.796
-0.083,-5.806
-0.068,-5.749
-0.084,-5.749
-0.084,-5.749
-0.113,-5.738
-0.098,-5.739
-0.098,-5.747
-0.084,-5.749
-0.113,-5.719
-0.113,-5.738
-0.112,-5.748
-0.113,-5.738
-0.113,-5.719
-0.113,-5.719
-0.128,-5.700
-0.113,-5.701
-0.113,-5.681
-0.099,-5.672
-0.113,-5.662
-0.127,-5.633
-0.084,-5.672
-0.099,-5.634
-0.084,-5.653
-0.099,-5.615
-0.084,-5.615
-0.070,-5.625
-0.084,-5.595
-0.084,-5.615
-0.084,-5.615
-0.084,-5.633
-0.070,-5.625
-0.055,-5.624
-0.040,-5.616
-0.055,-5.606
-0.040,-5.577
-0.026,-5.588
-0.026,-5.568
-0.056,-5.578
-0.041,-5.559
-0.041,-5.549
-0.041,-5.568
-0.027,-5.539
-0.056,-5.520
-0.042,-5.511
-0.027,-5.483
 0.003,-5.502
-0.012,-5.463
 0.002,-5.492
-0.012,-5.482
 0.017,-5.473
 0.002,-5.473
 0.002,-5.454
 0.017,-5.473
 0.017,-5.474
 0.002,-5.454
 0.002,-5.492
 0.031,-5.483
 0.017,-5.474
 0.031,-5.463
 0.031,-5.463
 0.031,-5.483
 0.031,-5.463
 0.017,-5.454
 0.031,-5.445
 0.031,-5.454
 0.045,-5.454
 0.045,-5.416
 0.045,-5.417
 0.045,-5.435
 0.045,-5.416
 0.045,-5.397
 0.045,-5.416
 0.030,-5.435
 0.046,-5.455
 0.045,-5.436
 0.045,-5.454
 0.046,-5.473
 0.046,-5.474
 0.031,-5.464
 0.046,-5.473
 0.016,-5.483
 0.031,-5.464
 0.002,-5.492
 0.031,-5.502
 0.016,-5.464
 0.046,-5.512
 0.031,-5.483
 0.031,-5.521
 0.016,-5.502
 0.016,-5.483
 0.031,-5.521
 0.016,-5.502
 0.031,-5.521
 0.016,-5.521
 0.031,-5.521
 0.031,-5.588
 0.017,-5.559
 0.017,-5.559
 0.046,-5.569
 0.047,-5.579
 0.031,-5.588
 0.032,-5.578
 0.046,-5.588
 0.032,-5.617
 0.018,-5.607
 0.017,-5.626
 0.032,-5.636
 0.003,-5.664
 0.018,-5.683
 0.018,-5.663
 0.018,-5.683
 0.003,-5.682
 0.018,-5.702
 0.018,-5.721
 0.018,-5.720
 0.018,-5.740
 0.019,-5.731
 0.003,-5.740
-0.011,-5.769
-0.011,-5.749
 0.004,-5.788
-0.011,-5.749
-0.025,-5.758
-0.026,-5.778
-0.011,-5.749
-0.041,-5.740
-0.041,-5.778
-0.041,-5.797
-0.055,-5.787
-0.025,-5.797
-0.040,-5.826
-0.055,-5.825
-0.040,-5.844
-0.025,-5.835
-0.069,-5.834
-0.055,-5.864
-0.069,-5.873
-0.083,-5.864
-0.069,-5.893
-0.083,-5.881
-0.098,-5.883
-0.083,-5.882
-0.083,-5.882
-0.098,-5.882
-0.083,-5.882
-0.112,-5.892
-0.112,-5.892
-0.127,-5.901
-0.127,-5.883
-0.112,-5.910
-0.141,-5.892
-0.141,-5.881
-0.141,-5.910
-0.141,-5.892
-0.140,-5.889
-0.141,-5.910
-0.141,-5.910
-0.141,-5.910
-0.112,-5.940
-0.126,-5.929
-0.097,-5.968
-0.097,-5.987
-0.111,-5.995
-0.082,-6.006
-0.096,-5.976
-0.097,-5.968
-0.083,-5.977
-0.082,-5.968
-0.082,-5.988
-0.053,-5.968
-0.068,-5.997
-0.053,-6.006
-0.038,-5.987
-0.038,-6.026
-0.023,-5.986
-0.038,-6.026
-0.023,-6.007
-0.038,-6.045
-0.038,-6.026
-0.023,-6.025
-0.038,-6.055
-0.023,-6.064
-0.037,-6.073
-0.023,-6.065
-0.023,-6.043
-0.037,-6.073
-0.022,-6.053
-0.037,-6.091
-0.022,-6.093
-0.022,-6.054
-0.052,-6.103
-0.037,-6.112
-0.022,-6.111
-0.022,-6.132
-0.036,-6.120
-0.052,-6.121
-0.023,-6.121
-0.037,-6.130
-0.037,-6.112
-0.036,-6.119
-0.022,-6.150
-0.022,-6.149
-0.022,-6.150
-0.037,-6.180
-0.022,-6.129
-0.022,-6.150
-0.036,-6.159
-0.022,-6.168
-0.007,-6.188
-0.007,-6.149
-0.022,-6.150
-0.037,-6.141
-0.007,-6.130
-0.008,-6.141
-0.008,-6.139
-0.008,-6.160
 0.007,-6.140
-0.007,-6.149
 0.022,-6.142
 0.007,-6.140
 0.008,-6.151
 0.007,-6.122
-0.007,-6.131
 0.007,-6.143
 0.007,-6.122
-0.008,-6.141
 0.007,-6.122
-0.008,-6.120
-0.007,-6.131
-0.008,-6.063
 0.007,-6.104
-0.008,-6.084
-0.008,-6.102
-0.008,-6.084
-0.008,-6.063
-0.023,-6.064
-0.038,-6.055
-0.053,-6.035
-0.038,-6.037
-0.038,-6.015
-0.082,-6.006
-0.052,-6.007
-0.081,-5.996
-0.067,-6.026
-0.081,-5.996
-0.082,-6.006
-0.096,-5.997
-0.096,-5.977
-0.096,-5.997
-0.110,-5.968
-0.140,-5.978
-0.096,-5.958
-0.125,-5.948
-0.126,-5.968
-0.111,-5.938
-0.112,-5.959
-0.097,-5.978
-0.111,-5.949
-0.097,-5.979
-0.096,-5.958
-0.097,-5.987
-0.081,-5.978
-0.082,-5.967
-0.082,-5.988
-0.082,-5.968
-0.053,-5.978
-0.052,-6.007
-0.053,-5.996
-0.039,-6.008
-0.038,-5.987
-0.053,-6.007
-0.023,-6.007
-0.053,-5.996
-0.038,-6.026
-0.038,-5.987
-0.053,-6.007
-0.039,-5.969
-0.068,-5.958
-0.039,-5.969
-0.053,-5.968
-0.039,-5.969
-0.053,-5.978
-0.038,-5.949
-0.053,-5.978
-0.038,-5.949
-0.023,-5.968
-0.039,-5.969
-0.024,-5.950
-0.024,-5.989
-0.024,-5.950
-0.039,-5.969
-0.024,-5.988
-0.023,-5.967
-0.038,-5.988
-0.023,-5.968
-0.053,-5.978
-0.039,-5.969
-0.038,-5.949
-0.053,-5.979
-0.038,-5.959
-0.039,-5.969
-0.082,-5.949
-0.068,-5.920
-0.068,-5.940
-0.068,-5.920
-0.082,-5.911
-0.083,-5.921
-0.068,-5.901
-0.083,-5.902
-0.082,-5.892
-0.097,-5.873
-0.068,-5.883
-0.097,-5.891
-0.082,-5.892
-0.067,-5.873
-0.068,-5.901
-0.068,-5.902
-0.067,-5.891
-0.053,-5.903
-0.053,-5.921
-0.053,-5.921
-0.053,-5.902
-0.068,-5.901
-0.068,-5.940
-0.053,-5.921
-0.053,-5.921
-0.053,-5.921
-0.053,-5.900
-0.039,-5.911
-0.024,-5.892
-0.068,-5.901
-0.053,-5.902
-0.054,-5.892
-0.054,-5.931
-0.068,-5.901
-0.039,-5.911
-0.039,-5.912
-0.068,-5.862
-0.068,-5.883
-0.053,-5.863
-0.068,-5.883
-0.068,-5.864
-0.068,-5.863
-0.083,-5.874
-0.053,-5.863
-0.082,-5.854
-0.083,-5.873
-0.082,-5.853
-0.083,-5.874
-0.082,-5.853
-0.082,-5.853
-0.083,-5.834
-0.082,-5.853
-0.098,-5.835
-0.083,-5.816
-0.083,-5.816
-0.098,-5.835
-0.082,-5.796
-0.112,-5.806
-0.112,-5.767
-0.112,-5.767
-0.113,-5.759
-0.113,-5.739
-0.113,-5.759
-0.098,-5.739
-0.112,-5.749
-0.113,-5.758
-0.113,-5.738
-0.113,-5.759
-0.098,-5.739
-0.113,-5.720
-0.098,-5.739
-0.098,-5.719
-0.098,-5.739
-0.098,-5.739
-0.098,-5.739
-0.084,-5.730
-0.098,-5.701
-0.084,-5.730
-0.098,-5.739
-0.113,-5.739
-0.098,-5.739
-0.098,-5.719
-0.099,-5.710
-0.098,-5.739
-0.113,-5.720
-0.084,-5.730
-0.084,-5.691
-0.084,-5.711
-0.055,-5.701
-0.084,-5.692
-0.070,-5.721
-0.054,-5.682
-0.055,-5.702
-0.070,-5.682
-0.040,-5.672
-0.040,-5.682
-0.040,-5.673
-0.055,-5.673
-0.026,-5.663
-0.026,-5.663
-0.012,-5.654
-0.026,-5.682
-0.041,-5.683
-0.026,-5.663
 0.003,-5.664
 0.018,-5.664
 0.018,-5.645
 0.018,-5.683
 0.018,-5.683
 0.047,-5.674
 0.018,-5.683
 0.018,-5.664
 0.018,-5.683
 0.018,-5.683
 0.018,-5.702
 0.003,-5.693
 0.004,-5.711
 0.003,-5.703
 0.018,-5.712
-0.012,-5.711
-0.012,-5.731
-0.011,-5.730
-0.012,-5.751
-0.041,-5.739
-0.040,-5.730
-0.055,-5.730
-0.055,-5.710
-0.084,-5.720
-0.069,-5.740
-0.098,-5.729
-0.099,-5.749
-0.098,-5.729
-0.113,-5.758
-0.128,-5.739
-0.142,-5.748
-0.128,-5.749
-0.142,-5.709
-0.156,-5.758
-0.171,-5.748
-0.186,-5.728
-0.186,-5.748
-0.186,-5.728
-0.215,-5.738
-0.200,-5.758
-0.230,-5.737
-0.229,-5.748
-0.228,-5.728
-0.243,-5.757
-0.243,-5.756
-0.243,-5.756
-0.244,-5.776
-0.244,-5.738
-0.259,-5.796
-0.288,-5.756
-0.287,-5.766
-0.273,-5.766
-0.271,-5.775
-0.287,-5.776
-0.317,-5.785
-0.301,-5.785
-0.317,-5.786
-0.301,-5.785
-0.302,-5.823
-0.301,-5.852
-0.301,-5.842
-0.287,-5.882
-0.300,-5.870
-0.301,-5.909
-0.271,-5.938
-0.285,-5.937
-0.286,-5.986
-0.286,-5.975
-0.271,-5.995
-0.270,-6.024
-0.284,-6.023
-0.285,-6.043
-0.284,-6.022
-0.270,-6.071
-0.270,-6.070
-0.255,-6.069
-0.269,-6.099
-0.269,-6.099
-0.270,-6.139
-0.270,-6.120
-0.256,-6.129
-0.256,-6.179
-0.255,-6.147
-0.226,-6.177
-0.240,-6.167
-0.241,-6.156
-0.226,-6.187
-0.211,-6.157
-0.226,-6.177
-0.197,-6.188
-0.210,-6.175
-0.182,-6.197
-0.196,-6.223
-0.182,-6.215
-0.182,-6.254
-0.167,-6.253
-0.167,-6.274
-0.167,-6.252
-0.210,-6.271
-0.225,-6.262
-0.267,-6.278
-0.298,-6.310
-0.297,-6.299
-0.313,-6.329
-0.284,-6.370
-0.255,-6.376
-0.225,-6.416
-0.182,-6.425
-0.137,-6.436
-0.079,-6.465
-0.035,-6.445
-0.007,-6.468
 0.022,-6.457
 0.037,-6.466
 0.052,-6.468
 0.066,-6.455
 0.095,-6.467
 0.095,-6.427
 0.109,-6.419
 0.139,-6.430
 0.109,-6.379
 0.125,-6.421
 0.109,-6.400
 0.110,-6.401
 0.125,-6.420
 0.124,-6.398
 0.125,-6.421
 0.124,-6.381
 0.124,-6.381
 0.110,-6.382
 0.109,-6.361
 0.080,-6.371
 0.095,-6.352
 0.080,-6.332
 0.080,-6.314
 0.080,-6.274
 0.050,-6.267
 0.050,-6.227
 0.035,-6.208
 0.035,-6.190
 0.006,-6.139
 0.005,-6.103
 0.020,-6.084
 0.005,-6.046
 0.005,-6.027
-0.024,-5.978
-0.009,-5.980
-0.024,-5.921
-0.009,-5.902
-0.025,-5.903
-0.039,-5.834
-0.039,-5.836
-0.010,-5.826
-0.025,-5.807
-0.025,-5.826
-0.024,-5.778
-0.025,-5.788
-0.039,-5.797
-0.039,-5.797
-0.039,-5.797
-0.025,-5.768
-0.039,-5.798
-0.039,-5.797
-0.039,-5.797
-0.040,-5.807
-0.039,-5.816
-0.039,-5.836
-0.025,-5.807
-0.039,-5.816
-0.040,-5.807
