 1.581,-2.414
 1.574,-2.428
 1.571,-2.460
 1.570,-2.479
 1.569,-2.476
 1.549,-2.514
 1.553,-2.520
 1.542,-2.528
 1.545,-2.535
 1.544,-2.493
 1.553,-2.482
 1.542,-2.471
 1.517,-2.477
 1.500,-2.503
 1.499,-2.499
 1.522,-2.468
 1.544,-2.398
 1.543,-2.357
 1.558,-2.339
 1.547,-2.328
 1.535,-2.352
 1.525,-2.360
 1.518,-2.310
 1.537,-2.289
 1.555,-2.251
 1.558,-2.219
 1.552,-2.197
 1.552,-2.197
 1.545,-2.211
 1.542,-2.205
 1.539,-2.199
 1.532,-2.213
 1.528,-2.226
 1.494,-2.253
 1.513,-2.292
 1.492,-2.327
 1.492,-2.365
 1.501,-2.373
 1.496,-2.352
 1.523,-2.338
 1.520,-2.332
 1.522,-2.354
 1.518,-2.348
 1.545,-2.322
 1.587,-2.252
 1.615,-2.203
 1.654,-2.203
 1.619,-2.203
 1.610,-2.195
 1.617,-2.143
 1.628,-2.116
 1.649,-2.081
 1.606,-2.075
 1.581,-2.091
 1.551,-2.099
 1.550,-2.097
 1.552,-2.081
 1.578,-2.105
 1.570,-2.137
 1.581,-2.167
 1.572,-2.216
 1.592,-2.236
 1.597,-2.219
 1.599,-2.241
 1.607,-2.246
 1.576,-2.273
 1.581,-2.281
 1.581,-2.281
 1.583,-2.265
 1.574,-2.257
 1.554,-2.273
 1.534,-2.292
 1.522,-2.335
 1.504,-2.376
 1.492,-2.381
 1.472,-2.435
 1.483,-2.468
 1.462,-2.464
 1.457,-2.503
 1.439,-2.507
 1.436,-2.538
 1.417,-2.557
 1.413,-2.604
 1.405,-2.638
 1.396,-2.630
 1.407,-2.622
 1.410,-2.609
 1.396,-2.630
 1.396,-2.630
 1.374,-2.642
 1.352,-2.654
 1.368,-2.641
 1.368,-2.641
 1.359,-2.633
 1.362,-2.639
 1.350,-2.644
 1.361,-2.620
 1.388,-2.603
 1.388,-2.603
 1.383,-2.631
 1.391,-2.636
 1.435,-2.627
 1.462,-2.597
 1.488,-2.591
 1.525,-2.569
 1.533,-2.593
 1.533,-2.631
 1.550,-2.609
 1.584,-2.608
 1.602,-2.605
 1.609,-2.591
 1.620,-2.602
 1.627,-2.625
 1.621,-2.624
 1.641,-2.624
 1.618,-2.636
 1.628,-2.629
 1.637,-2.618
 1.631,-2.635
 1.644,-2.631
 1.624,-2.630
 1.636,-2.626
 1.660,-2.605
 1.630,-2.594
 1.636,-2.577
 1.634,-2.554
 1.639,-2.545
 1.649,-2.537
 1.632,-2.521
 1.643,-2.494
 1.648,-2.477
 1.681,-2.437
 1.709,-2.408
 1.681,-2.418
 1.681,-2.418
 1.678,-2.393
 1.699,-2.359
 1.717,-2.299
 1.690,-2.274
 1.691,-2.255
 1.657,-2.239
 1.627,-2.227
 1.627,-2.189
 1.620,-2.165
 1.634,-2.143
 1.615,-2.127
 1.609,-2.122
 1.575,-2.124
 1.534,-2.140
 1.521,-2.142
 1.507,-2.164
 1.522,-2.126
 1.513,-2.118
 1.495,-2.102
 1.478,-2.104
 1.467,-2.093
 1.468,-2.077
 1.485,-2.053
 1.493,-2.023
 1.504,-1.977
 1.503,-1.955
 1.506,-1.922
 1.513,-1.890
 1.524,-1.863
 1.515,-1.855
 1.511,-1.869
 1.512,-1.869
 1.529,-1.885
 1.552,-1.853
 1.583,-1.809
 1.603,-1.790
 1.625,-1.795
 1.631,-1.799
 1.631,-1.761
 1.637,-1.672
 1.634,-1.592
 1.625,-1.491
 1.615,-1.387
 1.588,-1.343
 1.552,-1.346
 1.529,-1.380
 1.532,-1.441
 1.518,-1.521
 1.519,-1.597
 1.512,-1.648
 1.502,-1.694
 1.503,-1.789
 1.461,-1.860
 1.433,-1.965
 1.404,-2.071
 1.384,-2.144
 1.377,-2.196
 1.354,-2.187
 1.337,-2.212
 1.320,-2.236
 1.300,-2.274
 1.247,-2.304
 1.243,-2.352
 1.201,-2.400
 1.180,-2.435
 1.168,-2.437
 1.171,-2.465
 1.181,-2.457
 1.192,-2.487
 1.202,-2.517
 1.200,-2.530
 1.214,-2.532
 1.223,-2.501
 1.224,-2.482
 1.242,-2.479
 1.229,-2.481
 1.241,-2.495
 1.269,-2.428
 1.338,-2.288
 1.427,-2.166
 1.474,-2.077
 1.495,-2.042
 1.511,-2.018
 1.540,-2.008
 1.544,-1.997
 1.555,-1.988
 1.531,-2.045
 1.511,-2.083
 1.479,-2.145
 1.457,-2.196
 1.423,-2.234
 1.395,-2.266
 1.374,-2.301
 1.367,-2.334
 1.359,-2.366
 1.338,-2.401
 1.331,-2.415
 1.309,-2.431
 1.301,-2.461
 1.281,-2.499
 1.269,-2.541
 1.271,-2.583
 1.259,-2.644
 1.250,-2.655
 1.263,-2.673
 1.260,-2.647
 1.302,-2.636
 1.310,-2.602
 1.317,-2.626
 1.319,-2.629
 1.336,-2.569
 1.359,-2.500
 1.381,-2.430
 1.419,-2.351
 1.450,-2.305
 1.465,-2.297
 1.475,-2.251
 1.482,-2.218
 1.482,-2.180
 1.505,-2.148
 1.482,-2.142
 1.477,-2.104
 1.477,-2.066
 1.467,-2.039
 1.448,-2.020
 1.414,-2.022
 1.405,-2.033
 1.395,-2.041
 1.354,-2.076
 1.366,-2.071
 1.366,-2.032
 1.368,-1.997
 1.406,-1.978
 1.393,-1.981
 1.393,-1.982
 1.391,-1.957
 1.416,-1.911
 1.426,-1.884
 1.408,-1.848
 1.411,-1.853
 1.406,-1.845
 1.396,-1.854
 1.406,-1.826
 1.385,-1.822
 1.365,-1.840
 1.325,-1.857
 1.318,-1.891
 1.309,-1.883
 1.298,-1.910
 1.281,-1.934
 1.259,-1.947
 1.222,-1.969
 1.211,-1.996
 1.210,-2.012
 1.211,-2.053
 1.179,-2.074
 1.162,-2.099
 1.132,-2.144
 1.102,-2.171
 1.085,-2.196
 1.082,-2.225
 1.073,-2.274
 1.072,-2.328
 1.072,-2.385
 1.076,-2.413
 1.078,-2.381
 1.091,-2.379
 1.098,-2.381
 1.085,-2.383
 1.105,-2.402
 1.130,-2.382
 1.171,-2.367
 1.221,-2.305
 1.260,-2.268
 1.282,-2.255
 1.328,-2.241
 1.340,-2.198
 1.379,-2.160
 1.406,-2.109
 1.427,-2.074
 1.442,-2.066
 1.443,-2.069
 1.474,-2.061
 1.503,-2.034
 1.524,-1.999
 1.551,-1.986
 1.534,-1.988
 1.542,-2.015
 1.558,-2.029
 1.539,-2.048
 1.548,-2.056
 1.561,-2.091
 1.545,-2.116
 1.548,-2.140
 1.561,-2.173
 1.534,-2.238
 1.512,-2.289
 1.521,-2.278
 1.520,-2.256
 1.533,-2.235
 1.532,-2.213
 1.533,-2.235
 1.523,-2.224
 1.522,-2.224
 1.515,-2.219
 1.521,-2.202
 1.504,-2.227
 1.495,-2.275
 1.474,-2.272
 1.487,-2.267
 1.484,-2.261
 1.473,-2.270
 1.482,-2.278
 1.461,-2.256
 1.434,-2.269
 1.413,-2.266
 1.395,-2.307
 1.374,-2.304
 1.384,-2.293
 1.389,-2.267
 1.377,-2.271
 1.380,-2.277
 1.381,-2.261
 1.368,-2.206
 1.387,-2.207
 1.392,-2.206
 1.362,-2.252
 1.355,-2.285
 1.345,-2.295
 1.348,-2.339
 1.347,-2.355
 1.329,-2.396
 1.330,-2.437
 1.308,-2.488
 1.291,-2.570
 1.259,-2.628
 1.259,-2.667
 1.298,-2.667
 1.297,-2.645
 1.340,-2.636
 1.368,-2.625
 1.381,-2.658
 1.399,-2.674
 1.393,-2.680
 1.404,-2.692
 1.383,-2.707
 1.386,-2.714
 1.427,-2.682
 1.428,-2.683
 1.441,-2.701
 1.450,-2.708
 1.420,-2.716
 1.418,-2.732
 1.405,-2.733
 1.378,-2.728
 1.374,-2.737
 1.356,-2.740
 1.386,-2.714
 1.395,-2.702
 1.410,-2.667
 1.417,-2.652
 1.417,-2.652
 1.419,-2.675
 1.405,-2.657
 1.416,-2.611
 1.453,-2.551
 1.444,-2.543
 1.445,-2.546
 1.424,-2.581
 1.419,-2.580
 1.415,-2.592
 1.426,-2.584
 1.424,-2.600
 1.402,-2.612
 1.406,-2.641
 1.408,-2.625
 1.419,-2.637
 1.439,-2.602
 1.468,-2.572
 1.470,-2.556
 1.466,-2.550
 1.454,-2.554
 1.454,-2.554
 1.441,-2.518
 1.473,-2.495
 1.481,-2.464
 1.475,-2.501
 1.466,-2.530
 1.436,-2.557
 1.439,-2.564
 1.439,-2.526
 1.448,-2.515
 1.446,-2.527
 1.432,-2.548
 1.406,-2.581
 1.405,-2.600
 1.406,-2.603
 1.409,-2.591
 1.396,-2.611
 1.376,-2.630
 1.365,-2.672
 1.353,-2.695
 1.367,-2.679
 1.389,-2.625
 1.414,-2.581
 1.432,-2.540
 1.448,-2.553
 1.446,-2.587
 1.432,-2.567
 1.472,-2.589
 1.480,-2.575
 1.463,-2.562
 1.485,-2.512
 1.505,-2.474
 1.528,-2.461
 1.525,-2.455
 1.504,-2.490
 1.514,-2.520
 1.501,-2.540
 1.474,-2.593
 1.484,-2.604
 1.466,-2.607
 1.478,-2.564
 1.485,-2.547
 1.465,-2.547
 1.462,-2.559
 1.462,-2.616
 1.472,-2.646
 1.471,-2.662
 1.476,-2.656
 1.499,-2.587
 1.512,-2.582
 1.531,-2.563
 1.514,-2.577
 1.494,-2.631
 1.480,-2.651
 1.471,-2.662
 1.465,-2.642
 1.453,-2.627
 1.486,-2.645
 1.495,-2.634
 1.504,-2.642
 1.486,-2.645
 1.474,-2.630
 1.486,-2.645
 1.484,-2.623
 1.473,-2.649
 1.456,-2.672
 1.453,-2.665
 1.448,-2.667
 1.457,-2.656
 1.436,-2.671
 1.426,-2.679
 1.422,-2.669
 1.413,-2.681
 1.406,-2.641
 1.457,-2.599
 1.480,-2.586
 1.457,-2.580
 1.438,-2.618
 1.396,-2.630
 1.395,-2.627
 1.418,-2.599
 1.424,-2.543
 1.426,-2.527
 1.424,-2.543
 1.404,-2.578
 1.367,-2.622
 1.366,-2.618
 1.360,-2.617
 1.389,-2.590
 1.359,-2.579
 1.361,-2.601
 1.357,-2.610
 1.337,-2.629
 1.339,-2.613
 1.339,-2.594
 1.349,-2.530
 1.367,-2.489
 1.367,-2.489
 1.372,-2.487
 1.391,-2.487
 1.415,-2.459
 1.445,-2.413
 1.481,-2.380
 1.489,-2.365
 1.485,-2.378
 1.485,-2.379
 1.502,-2.392
 1.523,-2.376
 1.532,-2.346
 1.543,-2.357
 1.534,-2.368
 1.530,-2.362
 1.544,-2.360
 1.565,-2.325
 1.574,-2.333
 1.585,-2.344
 1.560,-2.335
 1.573,-2.330
 1.592,-2.311
 1.572,-2.292
 1.595,-2.279
 1.581,-2.281
 1.571,-2.308
 1.550,-2.305
 1.548,-2.302
 1.552,-2.270
 1.551,-2.232
 1.576,-2.241
 1.566,-2.252
 1.555,-2.276
 1.526,-2.306
 1.484,-2.299
 1.466,-2.321
 1.455,-2.310
 1.453,-2.342
 1.465,-2.376
 1.452,-2.377
 1.435,-2.402
 1.436,-2.424
 1.428,-2.435
 1.411,-2.460
 1.406,-2.489
 1.408,-2.511
 1.407,-2.527
 1.395,-2.569
 1.408,-2.587
 1.438,-2.579
 1.441,-2.624
 1.429,-2.648
 1.404,-2.653
 1.364,-2.707
 1.371,-2.730
 1.378,-2.747
 1.370,-2.761
 1.370,-2.780
 1.376,-2.775
 1.402,-2.777
 1.390,-2.781
 1.379,-2.804
 1.375,-2.813
 1.385,-2.843
 1.394,-2.851
 1.407,-2.888
 1.398,-2.919
 1.398,-2.918
 1.422,-2.948
 1.438,-2.941
 1.468,-2.896
 1.507,-2.858
 1.503,-2.829
 1.533,-2.840
 1.529,-2.833
 1.552,-2.859
 1.562,-2.871
 1.580,-2.867
 1.594,-2.867
 1.619,-2.830
 1.639,-2.849
 1.651,-2.826
 1.678,-2.811
 1.690,-2.826
 1.697,-2.830
 1.701,-2.837
 1.704,-2.806
 1.680,-2.799
 1.676,-2.817
 1.651,-2.845
 1.622,-2.837
 1.642,-2.799
 1.648,-2.781
 1.660,-2.777
 1.647,-2.800
 1.631,-2.806
 1.642,-2.818
 1.620,-2.833
 1.632,-2.848
 1.639,-2.833
 1.631,-2.826
 1.659,-2.795
 1.647,-2.800
 1.659,-2.795
 1.657,-2.811
 1.649,-2.803
 1.658,-2.754
 1.677,-2.697
 1.692,-2.658
 1.679,-2.643
 1.652,-2.658
 1.645,-2.672
 1.603,-2.665
 1.604,-2.649
 1.592,-2.654
 1.573,-2.654
 1.543,-2.642
 1.530,-2.647
 1.523,-2.680
 1.502,-2.677
 1.476,-2.656
 1.469,-2.632
 1.457,-2.618
 1.459,-2.602
 1.455,-2.595
 1.445,-2.603
 1.454,-2.554
 1.471,-2.529
 1.486,-2.493
 1.452,-2.494
 1.437,-2.503
 1.418,-2.522
 1.385,-2.523
 1.386,-2.546
 1.367,-2.526
 1.368,-2.549
 1.372,-2.520
 1.342,-2.528
 1.333,-2.520
 1.320,-2.540
 1.317,-2.572
 1.325,-2.596
 1.333,-2.600
 1.338,-2.576
 1.338,-2.537
 1.341,-2.544
 1.341,-2.544
 1.319,-2.556
 1.300,-2.559
 1.308,-2.526
 1.289,-2.488
 1.300,-2.464
 1.298,-2.458
 1.261,-2.464
 1.250,-2.487
 1.221,-2.460
 1.212,-2.414
 1.202,-2.384
 1.192,-2.395
 1.189,-2.405
 1.201,-2.403
 1.262,-2.352
 1.299,-2.328
 1.342,-2.299
 1.350,-2.304
 1.329,-2.339
 1.338,-2.328
 1.364,-2.330
 1.374,-2.304
 1.385,-2.277
 1.386,-2.261
 1.398,-2.274
 1.407,-2.282
 1.449,-2.327
 1.476,-2.332
 1.494,-2.329
 1.535,-2.333
 1.543,-2.319
 1.544,-2.341
 1.532,-2.346
 1.553,-2.368
 1.543,-2.379
 1.551,-2.403
 1.543,-2.436
 1.521,-2.430
 1.530,-2.438
 1.535,-2.428
 1.523,-2.433
 1.487,-2.458
 1.468,-2.496
 1.437,-2.541
 1.468,-2.553
 1.484,-2.566
 1.467,-2.588
 1.452,-2.605
 1.443,-2.616
 1.435,-2.649
 1.456,-2.671
 1.450,-2.708
 1.459,-2.735
 1.458,-2.732
 1.438,-2.751
 1.413,-2.756
 1.406,-2.774
 1.398,-2.804
 1.387,-2.831
 1.369,-2.872
 1.357,-2.876
 1.359,-2.902
 1.368,-2.910
 1.387,-2.888
 1.378,-2.880
 1.386,-2.847
 1.419,-2.808
 1.429,-2.762
 1.432,-2.769
 1.460,-2.758
 1.465,-2.737
 1.467,-2.740
 1.462,-2.692
 1.482,-2.673
 1.486,-2.626
 1.495,-2.634
 1.487,-2.667
 1.495,-2.672
 1.485,-2.642
 1.497,-2.599
 1.495,-2.577
 1.507,-2.591
 1.525,-2.588
 1.504,-2.623
 1.524,-2.604
 1.510,-2.605
 1.504,-2.604
 1.523,-2.604
 1.515,-2.596
 1.527,-2.592
 1.493,-2.590
 1.485,-2.585
 1.465,-2.584
 1.466,-2.587
 1.462,-2.532
 1.479,-2.526
 1.479,-2.526
 1.464,-2.543
 1.443,-2.578
 1.436,-2.611
 1.445,-2.619
 1.457,-2.634
 1.467,-2.645
 1.476,-2.596
 1.500,-2.568
 1.517,-2.580
 1.528,-2.611
 1.525,-2.642
 1.521,-2.636
 1.535,-2.615
 1.544,-2.585
 1.547,-2.554
 1.557,-2.527
 1.553,-2.536
 1.524,-2.566
 1.501,-2.540
 1.506,-2.512
 1.524,-2.471
 1.505,-2.452
 1.507,-2.455
 1.494,-2.441
 1.489,-2.423
 1.489,-2.385
 1.479,-2.392
 1.438,-2.427
 1.433,-2.437
 1.416,-2.421
 1.416,-2.421
 1.407,-2.432
 1.388,-2.454
 1.387,-2.469
 1.381,-2.468
 1.380,-2.427
 1.398,-2.424
 1.388,-2.435
 1.385,-2.447
 1.378,-2.462
 1.388,-2.435
 1.380,-2.427
 1.370,-2.438
 1.357,-2.458
 1.340,-2.483
 1.369,-2.511
 1.337,-2.534
 1.328,-2.526
 1.335,-2.547
 1.360,-2.541
 1.361,-2.525
 1.371,-2.514
 1.384,-2.512
 1.399,-2.503
 1.398,-2.481
 1.408,-2.454
 1.428,-2.435
 1.438,-2.408
 1.433,-2.399
 1.436,-2.405
 1.425,-2.394
 1.435,-2.421
 1.448,-2.419
 1.438,-2.427
 1.448,-2.419
 1.459,-2.430
 1.456,-2.424
 1.468,-2.439
 1.474,-2.421
 1.485,-2.433
 1.485,-2.433
 1.494,-2.422
 1.497,-2.447
 1.486,-2.435
 1.468,-2.477
 1.456,-2.519
 1.434,-2.532
 1.425,-2.543
 1.422,-2.537
 1.419,-2.541
 1.401,-2.544
 1.391,-2.571
 1.343,-2.604
 1.330,-2.605
 1.312,-2.609
 1.323,-2.620
 1.310,-2.621
 1.301,-2.632
 1.298,-2.626
 1.310,-2.640
 1.320,-2.651
 1.329,-2.659
 1.343,-2.677
 1.359,-2.671
 1.362,-2.677
 1.382,-2.697
 1.388,-2.698
 1.399,-2.766
 1.394,-2.756
 1.396,-2.817
 1.398,-2.842
 1.411,-2.785
 1.443,-2.723
 1.458,-2.694
 1.457,-2.710
 1.445,-2.714
 1.441,-2.726
 1.436,-2.763
 1.463,-2.768
 1.458,-2.770
 1.469,-2.744
 1.477,-2.751
 1.472,-2.750
 1.488,-2.762
 1.488,-2.782
 1.477,-2.789
 1.465,-2.771
 1.455,-2.745
 1.463,-2.711
 1.467,-2.702
 1.458,-2.713
 1.438,-2.694
 1.431,-2.709
 1.427,-2.679
 1.409,-2.721
 1.398,-2.747
 1.368,-2.755
 1.351,-2.762
 1.359,-2.728
 1.370,-2.701
 1.380,-2.693
 1.368,-2.698
 1.351,-2.723
 1.337,-2.702
 1.329,-2.679
 1.350,-2.625
 1.338,-2.591
 1.338,-2.591
 1.329,-2.602
 1.312,-2.628
 1.312,-2.628
 1.291,-2.624
 1.305,-2.645
 1.303,-2.677
 1.282,-2.711
 1.281,-2.708
 1.297,-2.736
 1.309,-2.751
 1.338,-2.762
 1.351,-2.799
 1.344,-2.833
 1.311,-2.872
 1.303,-2.906
 1.281,-2.898
 1.282,-2.883
 1.273,-2.875
 1.280,-2.876
 1.281,-2.899
 1.279,-2.929
 1.289,-2.922
 1.331,-2.872
 1.350,-2.853
 1.354,-2.841
 1.360,-2.842
 1.339,-2.877
 1.336,-2.870
 1.356,-2.854
 1.362,-2.830
 1.391,-2.781
 1.393,-2.769
 1.395,-2.791
 1.359,-2.823
 1.359,-2.861
 1.397,-2.839
 1.418,-2.805
 1.429,-2.816
 1.436,-2.801
 1.438,-2.824
 1.444,-2.828
 1.437,-2.843
 1.450,-2.880
 1.447,-2.873
 1.451,-2.880
 1.446,-2.888
 1.448,-2.873
 1.460,-2.831
 1.458,-2.808
 1.479,-2.774
 1.487,-2.740
 1.485,-2.718
 1.485,-2.718
 1.473,-2.722
 1.504,-2.699
 1.492,-2.646
 1.497,-2.599
 1.528,-2.576
 1.516,-2.580
 1.519,-2.587
 1.527,-2.553
 1.547,-2.554
 1.555,-2.543
 1.552,-2.517
 1.564,-2.532
 1.543,-2.528
 1.504,-2.566
 1.494,-2.593
 1.463,-2.600
 1.461,-2.586
 1.429,-2.591
 1.410,-2.610
 1.399,-2.636
 1.347,-2.656
 1.339,-2.690
 1.330,-2.644
 1.331,-2.571
 1.333,-2.574
 1.318,-2.572
 1.290,-2.602
 1.288,-2.580
 1.270,-2.583
 1.261,-2.594
 1.250,-2.563
 1.254,-2.535
 1.273,-2.513
 1.274,-2.516
 1.285,-2.527
 1.261,-2.575
 1.262,-2.597
 1.261,-2.613
 1.270,-2.621
 1.252,-2.605
 1.272,-2.586
 1.285,-2.604
 1.290,-2.621
 1.281,-2.670
 1.262,-2.689
 1.270,-2.697
 1.283,-2.696
 1.293,-2.685
 1.303,-2.696
 1.312,-2.704
 1.318,-2.705
 1.320,-2.728
 1.338,-2.724
 1.340,-2.709
 1.360,-2.674
 1.368,-2.641
 1.389,-2.644
 1.378,-2.633
 1.368,-2.641
 1.370,-2.663
 1.371,-2.647
 1.364,-2.665
 1.373,-2.673
 1.351,-2.666
 1.351,-2.666
 1.358,-2.668
 1.358,-2.668
 1.357,-2.686
 1.339,-2.709
 1.351,-2.685
 1.350,-2.644
 1.353,-2.651
 1.362,-2.658
 1.360,-2.674
 1.341,-2.693
 1.338,-2.705
 1.321,-2.731
 1.302,-2.731
 1.273,-2.722
 1.254,-2.726
 1.222,-2.764
 1.214,-2.798
 1.212,-2.810
 1.209,-2.803
 1.252,-2.757
 1.281,-2.727
 1.303,-2.715
 1.313,-2.726
 1.333,-2.745
 1.332,-2.765
 1.348,-2.774
 1.370,-2.761
 1.407,-2.717
 1.425,-2.714
 1.456,-2.691
 1.464,-2.676
 1.495,-2.672
 1.506,-2.645
 1.527,-2.610
 1.559,-2.587
 1.545,-2.607
 1.534,-2.634
 1.524,-2.642
 1.524,-2.642
 1.537,-2.641
 1.536,-2.637
 1.527,-2.649
 1.525,-2.664
 1.542,-2.677
 1.503,-2.715
 1.501,-2.730
 1.497,-2.732
 1.509,-2.709
 1.510,-2.674
 1.522,-2.689
 1.518,-2.698
 1.477,-2.732
 1.445,-2.736
 1.444,-2.714
 1.454,-2.687
 1.453,-2.646
 1.448,-2.648
 1.429,-2.666
 1.388,-2.682
 1.350,-2.704
 1.349,-2.720
 1.361,-2.753
 1.391,-2.746
 1.409,-2.743
 1.408,-2.740
 1.444,-2.752
 1.467,-2.778
 1.477,-2.770
 1.486,-2.778
 1.497,-2.752
 1.511,-2.742
 1.522,-2.734
 1.553,-2.711
 1.535,-2.676
 1.558,-2.663
 1.569,-2.636
 1.558,-2.625
 1.544,-2.626
 1.513,-2.631
 1.505,-2.607
 1.512,-2.590
 1.513,-2.574
 1.504,-2.566
 1.493,-2.555
 1.487,-2.553
 1.457,-2.522
 1.460,-2.529
 1.450,-2.499
 1.436,-2.462
 1.417,-2.462
 1.405,-2.467
 1.367,-2.489
 1.369,-2.473
 1.349,-2.492
 1.352,-2.460
 1.337,-2.458
 1.328,-2.488
 1.318,-2.515
 1.318,-2.515
 1.301,-2.540
 1.301,-2.540
 1.306,-2.515
 1.335,-2.485
 1.312,-2.494
 1.301,-2.521
 1.278,-2.549
 1.260,-2.552
 1.250,-2.564
 1.252,-2.529
 1.275,-2.519
 1.282,-2.505
 1.253,-2.532
 1.261,-2.574
 1.229,-2.598
 1.223,-2.596
 1.263,-2.543
 1.304,-2.527
 1.313,-2.497
 1.328,-2.526
 1.328,-2.545
 1.355,-2.550
 1.358,-2.538
 1.389,-2.533
 1.388,-2.530
 1.390,-2.536
 1.386,-2.546
 1.379,-2.560
 1.391,-2.555
 1.370,-2.552
 1.382,-2.566
 1.388,-2.549
 1.389,-2.568
 1.366,-2.561
 1.364,-2.577
 1.349,-2.587
 1.358,-2.594
 1.362,-2.585
 1.371,-2.574
 1.349,-2.549
 1.350,-2.571
 1.337,-2.572
 1.331,-2.590
 1.331,-2.571
 1.320,-2.559
 1.341,-2.563
 1.329,-2.567
 1.321,-2.559
 1.302,-2.562
 1.309,-2.545
 1.301,-2.540
 1.300,-2.537
 1.300,-2.556
 1.311,-2.570
 1.311,-2.570
 1.344,-2.588
 1.331,-2.590
 1.351,-2.609
 1.339,-2.617
 1.337,-2.629
 1.349,-2.644
 1.358,-2.633
 1.380,-2.617
 1.400,-2.601
 1.390,-2.609
 1.391,-2.632
 1.378,-2.652
 1.369,-2.701
 1.378,-2.709
 1.375,-2.759
 1.369,-2.796
 1.378,-2.766
 1.371,-2.762
 1.371,-2.762
 1.368,-2.755
 1.368,-2.793
 1.346,-2.805
 1.339,-2.823
 1.351,-2.838
 1.352,-2.822
 1.347,-2.844
 1.352,-2.841
 1.339,-2.880
 1.338,-2.895
 1.326,-2.899
 1.360,-2.884
 1.380,-2.846
 1.391,-2.823
 1.400,-2.792
 1.388,-2.815
 1.372,-2.803
 1.370,-2.819
 1.360,-2.807
 1.369,-2.796
 1.366,-2.789
 1.349,-2.777
 1.358,-2.766
 1.331,-2.780
 1.331,-2.761
 1.330,-2.739
 1.330,-2.720
 1.315,-2.680
 1.327,-2.675
 1.323,-2.661
 1.313,-2.669
 1.296,-2.656
 1.303,-2.639
 1.312,-2.628
 1.330,-2.643
 1.299,-2.651
 1.273,-2.684
 1.250,-2.697
 1.231,-2.716
 1.223,-2.692
 1.223,-2.654
 1.236,-2.615
 1.224,-2.619
 1.185,-2.619
 1.156,-2.645
 1.144,-2.650
 1.136,-2.626
 1.135,-2.604
 1.147,-2.583
 1.176,-2.553
 1.174,-2.528
 1.194,-2.509
 1.201,-2.492
 1.199,-2.489
 1.232,-2.449
 1.263,-2.426
 1.267,-2.416
 1.276,-2.386
 1.295,-2.367
 1.295,-2.329
 1.300,-2.347
 1.309,-2.355
 1.336,-2.341
 1.357,-2.345
 1.388,-2.340
 1.408,-2.340
 1.419,-2.354
 1.439,-2.335
 1.470,-2.365
 1.450,-2.384
 1.436,-2.405
 1.448,-2.419
 1.436,-2.424
 1.428,-2.435
 1.420,-2.430
 1.406,-2.413
 1.400,-2.430
 1.377,-2.442
 1.369,-2.473
 1.358,-2.499
 1.365,-2.485
 1.381,-2.468
 1.400,-2.468
 1.404,-2.458
 1.385,-2.477
 1.361,-2.506
 1.361,-2.506
 1.367,-2.469
 1.377,-2.443
 1.377,-2.443
 1.385,-2.467
 1.389,-2.495
 1.398,-2.503
 1.380,-2.544
 1.371,-2.593
 1.349,-2.606
 1.351,-2.669
 1.359,-2.674
 1.350,-2.723
 1.350,-2.761
 1.337,-2.819
 1.341,-2.868
 1.340,-2.883
 1.330,-2.894
 1.352,-2.898
 1.367,-2.869
 1.358,-2.861
 1.387,-2.850
 1.399,-2.865
 1.411,-2.861
 1.439,-2.830
 1.452,-2.788
 1.487,-2.705
 1.516,-2.675
 1.525,-2.645
 1.511,-2.647
 1.523,-2.642
 1.542,-2.623
 1.554,-2.581
 1.587,-2.560
 1.584,-2.554
 1.586,-2.557
 1.583,-2.570
 1.574,-2.562
 1.574,-2.581
 1.561,-2.566
 1.577,-2.568
 1.585,-2.535
 1.592,-2.521
 1.592,-2.521
 1.571,-2.555
 1.563,-2.588
 1.562,-2.604
 1.523,-2.642
 1.546,-2.649
 1.544,-2.664
 1.530,-2.674
 1.529,-2.693
 1.509,-2.747
 1.488,-2.782
 1.455,-2.820
 1.437,-2.862
 1.426,-2.850
 1.427,-2.835
 1.430,-2.842
 1.418,-2.846
 1.391,-2.879
 1.399,-2.903
 1.388,-2.891
 1.421,-2.834
 1.438,-2.770
 1.459,-2.793
 1.475,-2.786
 1.476,-2.786
 1.496,-2.751
 1.523,-2.699
 1.537,-2.679
 1.525,-2.683
 1.525,-2.721
 1.496,-2.751
 1.462,-2.749
 1.465,-2.794
 1.486,-2.816
 1.469,-2.861
 1.461,-2.895
 1.470,-2.903
 1.501,-2.895
 1.507,-2.877
 1.514,-2.900
 1.506,-2.931
 1.513,-2.954
 1.524,-2.985
 1.522,-3.000
 1.523,-3.042
 1.525,-3.083
 1.526,-3.106
 1.560,-3.125
 1.578,-3.122
 1.575,-3.152
 1.582,-3.175
 1.589,-3.198
 1.603,-3.217
 1.604,-3.221
 1.624,-3.202
 1.636,-3.199
 1.642,-3.199
 1.624,-3.202
 1.612,-3.225
 1.621,-3.233
 1.612,-3.206
 1.618,-3.206
 1.634,-3.172
 1.626,-3.168
 1.607,-3.168
 1.580,-3.183
 1.587,-3.168
 1.589,-3.171
 1.564,-3.160
 1.562,-3.171
 1.563,-3.175
 1.559,-3.167
 1.555,-3.171
 1.557,-3.156
 1.548,-3.148
 1.519,-3.179
 1.515,-3.205
 1.497,-3.247
 1.476,-3.262
 1.467,-3.251
 1.470,-3.239
 1.468,-3.178
 1.470,-3.163
 1.468,-3.140
 1.448,-3.140
 1.429,-3.140
 1.416,-3.105
 1.389,-3.101
 1.368,-3.097
 1.370,-3.082
 1.361,-3.074
 1.369,-3.040
 1.362,-3.002
 1.361,-2.979
 1.343,-2.963
 1.325,-2.970
 1.312,-2.970
 1.305,-2.966
 1.303,-2.944
 1.281,-2.917
 1.270,-2.906
 1.259,-2.856
 1.253,-2.817
 1.273,-2.783
 1.292,-2.723
 1.333,-2.711
 1.340,-2.693
 1.380,-2.677
 1.408,-2.663
 1.445,-2.660
 1.485,-2.664
 1.513,-2.653
 1.536,-2.679
 1.576,-2.679
 1.574,-2.657
 1.593,-2.638
 1.581,-2.623
 1.575,-2.603
 1.554,-2.561
 1.531,-2.498
 1.540,-2.449
 1.541,-2.357
 1.536,-2.300
 1.527,-2.273
 1.499,-2.268
 1.490,-2.259
 1.474,-2.256
 1.473,-2.275
 1.463,-2.283
 1.451,-2.269
 1.474,-2.256
 1.483,-2.245
 1.476,-2.278
 1.465,-2.305
 1.455,-2.313
 1.447,-2.308
 1.426,-2.286
 1.437,-2.297
 1.426,-2.324
 1.395,-2.347
 1.368,-2.380
 1.375,-2.404
 1.369,-2.402
 1.378,-2.391
 1.378,-2.391
 1.389,-2.441
 1.367,-2.472
 1.357,-2.518
 1.355,-2.553
 1.344,-2.577
 1.330,-2.608
 1.339,-2.654
 1.335,-2.660
 1.336,-2.641
 1.333,-2.672
 1.331,-2.685
 1.318,-2.705
 1.310,-2.720
 1.311,-2.723
 1.321,-2.753
 1.323,-2.776
 1.299,-2.822
 1.292,-2.818
 1.292,-2.799
 1.312,-2.780
 1.322,-2.791
 1.330,-2.777
 1.342,-2.830
 1.340,-2.807
 1.350,-2.761
 1.361,-2.735
 1.358,-2.728
 1.359,-2.731
 1.349,-2.701
 1.339,-2.674
 1.321,-2.658
 1.326,-2.675
 1.318,-2.705
 1.310,-2.700
 1.310,-2.700
 1.344,-2.684
 1.324,-2.664
 1.345,-2.668
 1.332,-2.688
 1.309,-2.697
 1.311,-2.723
 1.307,-2.713
 1.299,-2.708
 1.301,-2.712
 1.309,-2.700
 1.314,-2.730
 1.312,-2.745
 1.314,-2.768
 1.303,-2.756
 1.322,-2.734
 1.332,-2.707
 1.329,-2.700
 1.340,-2.731
 1.320,-2.750
 1.319,-2.765
 1.302,-2.791
 1.271,-2.814
 1.252,-2.837
 1.252,-2.874
 1.239,-2.932
 1.232,-2.947
 1.261,-2.993
 1.253,-3.027
 1.253,-3.065
 1.245,-3.061
 1.289,-3.035
 1.304,-2.986
 1.303,-3.001
 1.301,-3.013
 1.287,-3.013
 1.299,-3.047
 1.299,-3.028
 1.292,-2.990
 1.304,-2.986
 1.313,-2.993
 1.304,-3.024
 1.282,-3.054
 1.302,-3.074
 1.302,-3.074
 1.340,-3.055
 1.373,-3.017
 1.409,-3.010
 1.449,-3.010
 1.506,-3.026
 1.513,-3.011
 1.566,-2.935
 1.584,-2.855
 1.604,-2.818
 1.593,-2.806
 1.591,-2.822
 1.585,-2.840
 1.576,-2.832
 1.560,-2.858
 1.549,-2.885
 1.537,-2.927
 1.518,-2.984
 1.493,-3.030
 1.485,-3.060
 1.466,-3.083
 1.447,-3.083
 1.471,-3.056
 1.469,-3.033
 1.450,-3.052
 1.418,-3.075
 1.417,-3.090
 1.380,-3.097
 1.378,-3.089
 1.371,-3.051
 1.382,-3.024
 1.370,-3.009
 1.381,-3.002
 1.356,-3.009
 1.347,-3.002
 1.370,-2.933
 1.397,-2.880
 1.400,-2.830
 1.399,-2.808
 1.370,-2.800
 1.361,-2.757
 1.331,-2.764
 1.323,-2.760
 1.291,-2.783
 1.280,-2.768
 1.307,-2.773
 1.325,-2.766
 1.349,-2.758
 1.369,-2.780
 1.381,-2.795
 1.371,-2.803
 1.397,-2.804
 1.409,-2.819
 1.415,-2.820
 1.419,-2.849
 1.413,-2.848
 1.411,-2.826
 1.432,-2.826
 1.435,-2.839
 1.424,-2.885
 1.417,-2.899
 1.409,-2.933
 1.403,-2.952
 1.410,-2.918
 1.430,-2.899
 1.438,-2.903
 1.436,-2.900
 1.433,-2.944
 1.421,-2.948
 1.399,-2.960
 1.398,-2.960
 1.387,-2.945
 1.370,-2.971
 1.358,-2.937
 1.369,-2.949
 1.400,-2.945
 1.379,-2.941
 1.372,-2.959
 1.371,-2.955
 1.370,-2.933
 1.390,-2.895
 1.408,-2.892
 1.418,-2.922
 1.415,-2.915
 1.396,-2.896
 1.418,-2.865
 1.428,-2.819
 1.453,-2.772
 1.479,-2.678
 1.489,-2.649
 1.490,-2.594
 1.457,-2.577
 1.463,-2.589
 1.472,-2.597
 1.452,-2.635
 1.449,-2.667
 1.444,-2.695
 1.436,-2.728
 1.436,-2.747
 1.410,-2.784
 1.400,-2.792
 1.387,-2.812
 1.381,-2.811
 1.370,-2.780
 1.372,-2.746
 1.375,-2.715
 1.332,-2.707
 1.321,-2.753
 1.289,-2.773
 1.280,-2.803
 1.252,-2.779
 1.253,-2.760
 1.235,-2.767
 1.221,-2.783
 1.191,-2.826
 1.203,-2.825
 1.194,-2.779
 1.226,-2.759
 1.217,-2.751
 1.228,-2.782
 1.226,-2.797
 1.211,-2.791
 1.212,-2.776
 1.241,-2.670
 1.271,-2.605
 1.304,-2.566
 1.292,-2.551
 1.285,-2.528
 1.273,-2.532
 1.234,-2.532
 1.225,-2.505
 1.224,-2.482
 1.214,-2.494
 1.222,-2.517
 1.203,-2.574
 1.193,-2.604
 1.203,-2.654
 1.205,-2.717
 1.195,-2.782
 1.175,-2.859
 1.196,-2.901
 1.203,-2.905
 1.224,-2.946
 1.222,-2.958
 1.223,-2.981
 1.214,-2.973
 1.220,-2.974
 1.202,-2.977
 1.201,-2.993
 1.183,-2.996
 1.183,-3.000
 1.172,-2.985
 1.196,-2.981
 1.205,-2.985
 1.214,-2.992
 1.204,-3.004
 1.221,-2.977
 1.233,-2.954
 1.252,-2.913
 1.250,-2.890
 1.250,-2.890
 1.267,-2.902
 1.270,-2.928
 1.279,-2.936
 1.279,-2.936
 1.280,-2.959
 1.270,-2.932
 1.305,-2.916
 1.294,-2.885
 1.306,-2.881
 1.294,-2.886
 1.269,-2.887
 1.250,-2.890
 1.248,-2.883
 1.258,-2.876
 1.262,-2.867
 1.261,-2.863
 1.254,-2.844
 1.262,-2.810
 1.253,-2.821
 1.242,-2.829
 1.220,-2.841
 1.203,-2.866
 1.172,-2.871
 1.173,-2.855
 1.166,-2.832
 1.184,-2.790
 1.185,-2.775
 1.213,-2.760
 1.200,-2.780
 1.180,-2.799
 1.200,-2.780
 1.205,-2.794
 1.216,-2.751
 1.216,-2.751
 1.236,-2.770
 1.232,-2.779
 1.214,-2.802
 1.221,-2.822
 1.190,-2.826
 1.201,-2.841
 1.212,-2.814
 1.226,-2.816
 1.226,-2.816
 1.204,-2.828
 1.204,-2.829
 1.191,-2.848
 1.214,-2.859
 1.222,-2.844
 1.214,-2.859
 1.234,-2.840
 1.222,-2.825
 1.234,-2.840
 1.233,-2.855
 1.211,-2.867
 1.211,-2.905
 1.199,-2.891
 1.195,-2.878
 1.216,-2.862
 1.208,-2.839
 1.199,-2.850
 1.194,-2.874
 1.173,-2.908
 1.172,-2.924
 1.182,-2.916
 1.194,-2.912
 1.204,-2.905
 1.195,-2.897
 1.204,-2.901
 1.202,-2.936
 1.234,-2.954
 1.242,-2.939
 1.265,-2.947
 1.265,-2.947
 1.292,-2.894
 1.303,-2.868
 1.321,-2.864
 1.333,-2.879
 1.331,-2.895
 1.330,-2.910
 1.321,-2.921
 1.327,-2.903
 1.321,-2.921
 1.332,-2.936
 1.332,-2.936
 1.335,-2.943
 1.333,-2.936
 1.343,-2.948
 1.352,-2.955
 1.360,-2.979
 1.351,-3.028
 1.345,-3.051
 1.327,-3.093
 1.337,-3.104
 1.340,-3.131
 1.354,-3.154
 1.354,-3.192
 1.335,-3.211
 1.340,-3.207
 1.348,-3.211
 1.377,-3.204
 1.386,-3.192
 1.432,-3.208
 1.430,-3.223
 1.439,-3.231
 1.450,-3.205
 1.475,-3.186
 1.477,-3.209
 1.485,-3.251
 1.484,-3.270
 1.498,-3.251
 1.487,-3.182
 1.514,-3.160
 1.504,-3.132
 1.491,-3.132
 1.470,-3.167
 1.453,-3.178
 1.434,-3.197
 1.433,-3.216
 1.436,-3.204
 1.440,-3.197
 1.440,-3.197
 1.441,-3.182
 1.430,-3.204
 1.425,-3.212
 1.428,-3.182
 1.448,-3.163
 1.440,-3.178
 1.438,-3.174
 1.437,-3.170
 1.427,-3.159
 1.415,-3.143
 1.419,-3.174
 1.410,-3.185
 1.379,-3.189
 1.377,-3.204
 1.346,-3.207
 1.349,-3.215
 1.352,-3.223
 1.345,-3.242
 1.336,-3.292
 1.313,-3.356
 1.271,-3.386
 1.280,-3.393
 1.280,-3.393
 1.282,-3.401
 1.251,-3.405
 1.233,-3.447
 1.222,-3.454
 1.244,-3.477
 1.244,-3.482
 1.263,-3.420
 1.266,-3.410
 1.283,-3.383
 1.271,-3.367
 1.290,-3.367
 1.289,-3.382
 1.282,-3.398
 1.281,-3.417
 1.252,-3.443
 1.252,-3.447
 1.210,-3.453
 1.213,-3.485
 1.205,-3.462
 1.146,-3.420
 1.120,-3.401
 1.068,-3.366
 1.069,-3.385
 1.066,-3.395
 1.084,-3.407
 1.095,-3.384
 1.103,-3.330
 1.126,-3.286
 1.157,-3.225
 1.137,-3.202
 1.166,-3.213
 1.173,-3.194
 1.194,-3.218
 1.213,-3.198
 1.212,-3.176
 1.243,-3.172
 1.241,-3.145
 1.273,-3.165
 1.263,-3.153
 1.290,-3.176
 1.311,-3.199
 1.338,-3.203
 1.338,-3.222
 1.368,-3.234
 1.397,-3.208
 1.431,-3.189
 1.469,-3.167
 1.470,-3.170
 1.490,-3.190
 1.515,-3.209
 1.506,-3.220
 1.523,-3.213
 1.535,-3.190
 1.556,-3.137
 1.584,-3.126
 1.586,-3.129
 1.583,-3.141
 1.583,-3.179
 1.572,-3.206
 1.583,-3.198
 1.587,-3.191
 1.576,-3.179
 1.578,-3.202
 1.568,-3.209
 1.534,-3.209
 1.535,-3.190
 1.543,-3.160
 1.545,-3.125
 1.536,-3.118
 1.512,-3.106
 1.487,-3.125
 1.484,-3.117
 1.449,-3.109
 1.463,-3.090
 1.430,-3.074
 1.431,-3.074
 1.398,-3.055
 1.378,-3.074
 1.368,-3.082
 1.347,-3.078
 1.350,-3.085
 1.348,-3.024
 1.351,-3.032
 1.352,-3.016
 1.351,-3.031
 1.333,-3.073
 1.330,-3.066
 1.300,-3.111
 1.280,-3.130
 1.279,-3.145
 1.284,-3.142
 1.304,-3.104
 1.304,-3.104
 1.312,-3.108
 1.287,-3.112
 1.287,-3.112
 1.288,-3.096
 1.302,-3.081
 1.304,-3.066
 1.304,-3.065
 1.316,-3.062
 1.291,-3.066
 1.300,-3.111
 1.309,-3.119
 1.307,-3.131
 1.306,-3.150
 1.316,-3.139
 1.317,-3.123
 1.329,-3.119
 1.351,-3.089
 1.377,-3.070
 1.405,-3.055
 1.412,-3.040
 1.399,-3.059
 1.383,-3.071
 1.395,-3.086
 1.415,-3.071
 1.430,-3.074
 1.442,-3.090
 1.418,-3.078
 1.438,-3.059
 1.444,-3.041
 1.448,-3.029
 1.440,-3.025
 1.438,-3.040
 1.443,-3.032
 1.431,-3.017
 1.420,-3.006
 1.411,-2.998
 1.390,-2.975
 1.392,-2.959
 1.387,-2.929
 1.387,-2.930
 1.378,-2.922
 1.368,-2.891
 1.381,-2.891
 1.370,-2.879
 1.372,-2.883
 1.350,-2.898
 1.317,-2.898
 1.331,-2.898
 1.330,-2.875
 1.321,-2.868
 1.331,-2.860
 1.319,-2.864
 1.340,-2.868
 1.327,-2.868
 1.308,-2.849
 1.310,-2.818
 1.310,-2.818
 1.314,-2.809
 1.324,-2.782
 1.305,-2.801
 1.302,-2.813
 1.280,-2.806
 1.271,-2.818
 1.248,-2.791
 1.220,-2.802
 1.273,-2.786
 1.281,-2.733
 1.303,-2.721
 1.339,-2.677
 1.350,-2.650
 1.350,-2.631
 1.357,-2.579
 1.398,-2.563
 1.407,-2.533
 1.428,-2.536
 1.428,-2.498
 1.425,-2.473
 1.465,-2.419
 1.464,-2.359
 1.464,-2.340
 1.446,-2.305
 1.446,-2.248
 1.420,-2.169
 1.389,-2.119
 1.371,-2.103
 1.351,-2.083
 1.298,-2.105
 1.269,-2.134
 1.238,-2.178
 1.219,-2.216
 1.221,-2.259
 1.191,-2.248
 1.183,-2.281
 1.152,-2.324
 1.133,-2.381
 1.104,-2.449
 1.083,-2.500
 1.076,-2.555
 1.075,-2.571
 1.077,-2.578
 1.088,-2.570
 1.085,-2.582
 1.075,-2.628
 1.073,-2.622
 1.072,-2.637
 1.083,-2.611
 1.101,-2.551
 1.145,-2.545
 1.155,-2.518
 1.156,-2.502
 1.167,-2.516
 1.193,-2.496
 1.184,-2.488
 1.210,-2.471
 1.200,-2.517
 1.191,-2.528
 1.200,-2.536
 1.204,-2.546
 1.223,-2.546
 1.223,-2.546
 1.234,-2.557
 1.222,-2.561
 1.242,-2.584
 1.251,-2.589
 1.261,-2.562
 1.300,-2.524
 1.319,-2.502
 1.311,-2.497
 1.319,-2.502
 1.320,-2.524
 1.331,-2.555
 1.347,-2.586
 1.331,-2.612
 1.321,-2.623
 1.332,-2.653
 1.334,-2.679
 1.331,-2.710
 1.331,-2.768
 1.328,-2.780
 1.339,-2.791
 1.310,-2.821
 1.267,-2.848
 1.250,-2.894
 1.269,-2.932
 1.259,-2.958
 1.282,-2.931
 1.311,-2.901
 1.315,-2.893
 1.342,-2.894
 1.339,-2.925
 1.339,-2.944
 1.356,-2.956
 1.369,-2.936
 1.390,-2.902
 1.399,-2.853
 1.389,-2.860
 1.393,-2.876
 1.395,-2.899
 1.367,-2.910
 1.331,-2.901
 1.303,-2.912
 1.283,-2.893
 1.304,-2.878
 1.361,-2.852
 1.399,-2.811
 1.436,-2.789
 1.472,-2.782
 1.474,-2.805
 1.495,-2.789
 1.507,-2.804
 1.519,-2.819
 1.516,-2.850
 1.526,-2.880
 1.516,-2.907
 1.514,-2.923
 1.526,-2.976
 1.534,-2.999
 1.536,-3.060
 1.535,-3.117
 1.537,-3.140
 1.548,-3.133
 1.554,-3.152
 1.554,-3.171
 1.553,-3.186
 1.554,-3.209
 1.539,-3.221
 1.536,-3.213
 1.520,-3.182
 1.520,-3.182
 1.529,-3.190
 1.490,-3.228
 1.485,-3.235
 1.497,-3.251
 1.475,-3.243
 1.484,-3.212
 1.498,-3.197
 1.508,-3.186
 1.520,-3.201
 1.488,-3.205
 1.476,-3.227
 1.456,-3.227
 1.456,-3.189
 1.460,-3.178
 1.449,-3.166
 1.428,-3.181
 1.438,-3.174
 1.425,-3.174
 1.438,-3.136
 1.449,-3.109
 1.436,-3.109
 1.426,-3.120
 1.428,-3.124
 1.411,-3.112
 1.404,-3.089
 1.414,-3.082
 1.443,-3.109
 1.427,-3.101
 1.427,-3.101
 1.406,-3.078
 1.416,-3.071
 1.431,-3.036
 1.439,-3.002
 1.422,-3.028
 1.410,-3.032
 1.400,-3.059
 1.411,-3.013
 1.409,-2.990
 1.392,-2.978
 1.382,-2.986
 1.351,-2.990
 1.322,-3.001
 1.319,-2.956
 1.313,-2.955
 1.302,-2.943
 1.283,-2.943
 1.272,-2.970
 1.250,-2.944
 1.235,-2.935
 1.205,-2.924
 1.207,-2.912
 1.209,-2.915
 1.195,-2.935
 1.206,-2.965
 1.193,-2.966
 1.203,-2.955
 1.184,-2.920
 1.214,-2.893
 1.235,-2.897
 1.225,-2.908
 1.215,-2.916
 1.197,-2.900
 1.195,-2.893
 1.217,-2.881
 1.217,-2.881
 1.226,-2.870
 1.215,-2.897
 1.224,-2.901
 1.215,-2.893
 1.215,-2.893
 1.234,-2.875
 1.255,-2.878
 1.251,-2.887
 1.263,-2.902
 1.275,-2.898
 1.294,-2.879
 1.279,-2.889
 1.276,-2.882
 1.267,-2.893
 1.285,-2.890
 1.293,-2.894
 1.284,-2.887
 1.280,-2.895
 1.293,-2.895
 1.293,-2.894
 1.304,-2.906
 1.307,-2.913
 1.275,-2.936
 1.276,-2.955
 1.266,-2.985
 1.246,-3.001
 1.248,-3.027
 1.235,-3.046
 1.225,-3.058
 1.233,-3.062
 1.214,-3.081
 1.227,-3.119
 1.215,-3.122
 1.225,-3.153
 1.214,-3.176
 1.203,-3.164
 1.216,-3.164
 1.216,-3.164
 1.211,-3.187
 1.208,-3.199
 1.216,-3.222
 1.195,-3.256
 1.182,-3.274
 1.184,-3.282
 1.195,-3.256
 1.196,-3.241
 1.207,-3.252
 1.194,-3.290
 1.176,-3.332
 1.156,-3.366
 1.166,-3.377
 1.160,-3.416
 1.168,-3.439
 1.169,-3.462
 1.168,-3.477
 1.166,-3.507
 1.176,-3.538
 1.156,-3.552
 1.159,-3.546
 1.141,-3.493
 1.119,-3.465
 1.100,-3.431
 1.079,-3.388
 1.030,-3.361
 1.021,-3.334
 0.983,-3.300
 0.974,-3.258
 0.952,-3.231
 0.933,-3.250
 0.922,-3.215
 0.910,-3.196
 0.892,-3.184
 0.901,-3.173
 0.884,-3.165
 0.846,-3.130
 0.854,-3.096
 0.884,-3.089
 0.911,-3.032
 0.971,-2.998
 1.000,-2.968
 1.029,-2.900
 1.061,-2.861
 1.068,-2.805
 1.108,-2.809
 1.107,-2.786
 1.117,-2.797
 1.129,-2.793
 1.146,-2.786
 1.166,-2.787
 1.197,-2.783
 1.197,-2.783
 1.190,-2.762
 1.209,-2.743
 1.230,-2.747
 1.246,-2.699
 1.253,-2.662
 1.254,-2.646
 1.232,-2.620
 1.224,-2.635
 1.245,-2.619
 1.235,-2.608
 1.248,-2.607
 1.236,-2.611
 1.237,-2.634
 1.227,-2.699
 1.214,-2.719
 1.207,-2.775
 1.195,-2.779
 1.177,-2.821
 1.168,-2.851
 1.137,-2.855
 1.138,-2.878
 1.116,-2.889
 1.079,-2.912
 1.049,-2.942
 0.998,-2.942
 0.942,-2.952
 0.903,-2.948
 0.865,-2.936
 0.827,-2.942
 0.817,-2.931
 0.788,-2.923
 0.785,-2.890
 0.774,-2.795
 0.783,-2.708
 0.793,-2.609
 0.797,-2.526
 0.816,-2.469
 0.815,-2.450
 0.836,-2.450
 0.834,-2.447
 0.835,-2.507
 0.833,-2.536
 0.852,-2.593
 0.872,-2.632
 0.891,-2.670
 0.913,-2.737
 0.913,-2.756
 0.924,-2.791
 0.933,-2.795
 0.939,-2.811
 0.920,-2.830
 0.918,-2.823
 0.901,-2.834
 0.913,-2.795
 0.931,-2.753
 0.973,-2.706
 1.011,-2.662
 1.019,-2.628
 1.037,-2.587
 1.056,-2.546
 1.106,-2.504
 1.106,-2.466
 1.127,-2.469
 1.137,-2.461
 1.107,-2.447
 1.088,-2.430
 1.066,-2.424
 1.038,-2.438
 1.030,-2.433
 1.018,-2.418
 1.010,-2.432
 0.979,-2.437
 0.960,-2.478
 0.941,-2.497
 0.940,-2.513
 0.962,-2.539
 0.960,-2.532
 0.959,-2.548
 0.977,-2.545
 0.987,-2.534
 0.990,-2.525
 1.010,-2.509
 1.003,-2.488
 0.993,-2.477
 0.960,-2.456
 0.960,-2.456
 0.939,-2.469
 0.930,-2.464
 0.942,-2.459
 0.941,-2.437
 0.922,-2.478
 0.920,-2.472
 0.911,-2.521
 0.911,-2.562
 0.901,-2.589
 0.913,-2.607
 0.903,-2.630
 0.892,-2.657
 0.872,-2.692
 0.860,-2.712
 0.872,-2.749
 0.872,-2.749
 0.853,-2.733
 0.854,-2.714
 0.831,-2.704
 0.832,-2.726
 0.852,-2.711
 0.844,-2.725
 0.836,-2.721
 0.825,-2.671
 0.817,-2.648
 0.805,-2.649
 0.765,-2.661
 0.765,-2.680
 0.753,-2.662
 0.755,-2.691
 0.764,-2.715
 0.764,-2.753
 0.785,-2.760
 0.814,-2.771
 0.856,-2.801
 0.865,-2.825
 0.893,-2.848
 0.913,-2.871
 0.911,-2.880
 0.922,-2.933
 0.930,-2.956
 0.940,-3.006
 0.950,-3.036
 0.949,-3.070
 0.940,-3.101
 0.939,-3.135
 0.959,-3.177
 0.971,-3.216
 0.959,-3.253
 0.960,-3.319
 0.960,-3.318
 0.952,-3.334
 0.943,-3.346
 0.929,-3.341
 0.949,-3.360
 0.946,-3.368
 0.938,-3.345
 0.959,-3.296
 0.978,-3.235
 0.971,-3.197
 0.961,-3.166
 0.912,-3.158
 0.901,-3.123
 0.860,-3.115
 0.820,-3.115
 0.771,-3.084
 0.754,-3.038
 0.765,-2.999
 0.784,-2.935
 0.814,-2.889
 0.821,-2.848
 0.791,-2.856
 0.802,-2.867
 0.812,-2.802
 0.825,-2.767
 0.844,-2.710
 0.825,-2.655
 0.824,-2.652
 0.801,-2.658
 0.802,-2.661
 0.812,-2.669
 0.832,-2.631
 0.852,-2.638
 0.832,-2.634
 0.844,-2.652
 0.853,-2.660
 0.863,-2.706
 0.873,-2.737
 0.881,-2.757
 0.902,-2.745
 0.911,-2.753
 0.901,-2.761
 0.922,-2.745
 0.940,-2.719
 0.941,-2.742
 0.940,-2.758
 0.949,-2.804
 0.950,-2.845
 0.929,-2.857
 0.942,-2.860
 0.962,-2.825
 0.952,-2.833
 0.944,-2.828
 0.942,-2.860
 0.933,-2.890
 0.921,-2.894
 0.921,-2.910
 0.931,-2.902
 0.920,-2.891
 0.913,-2.871
 0.912,-2.848
 0.911,-2.883
 0.903,-2.898
 0.921,-2.910
 0.902,-2.917
 0.903,-2.898
 0.893,-2.905
 0.893,-2.909
 0.891,-2.902
 0.893,-2.909
 0.913,-2.890
 0.901,-2.891
 0.902,-2.894
 0.890,-2.895
 0.890,-2.879
 0.910,-2.841
 0.923,-2.822
 0.914,-2.798
 0.912,-2.791
 0.905,-2.809
 0.903,-2.802
 0.893,-2.810
 0.884,-2.802
 0.882,-2.757
 0.873,-2.749
 0.882,-2.719
 0.862,-2.738
 0.883,-2.741
 0.872,-2.730
 0.894,-2.702
 0.894,-2.699
 0.892,-2.695
 0.903,-2.707
 0.900,-2.716
 0.901,-2.738
 0.892,-2.749
 0.882,-2.760
 0.884,-2.806
 0.882,-2.798
 0.884,-2.786
 0.902,-2.780
 0.921,-2.777
 0.912,-2.753
 0.930,-2.765
 0.932,-2.737
 0.943,-2.710
 0.952,-2.699
 0.943,-2.692
 0.940,-2.662
 0.931,-2.674
 0.930,-2.651
 0.940,-2.624
 0.951,-2.601
 0.940,-2.586
 0.942,-2.593
 0.941,-2.573
 0.921,-2.554
 0.933,-2.550
 0.920,-2.532
 0.921,-2.516
 0.940,-2.513
 0.940,-2.532
 0.930,-2.524
 0.959,-2.510
 0.959,-2.513
 0.969,-2.502
 0.959,-2.510
 0.980,-2.497
 0.988,-2.483
 0.980,-2.462
 0.991,-2.435
 0.981,-2.405
 0.951,-2.397
 0.950,-2.371
 0.970,-2.337
 0.958,-2.301
 0.957,-2.279
 0.948,-2.273
 0.928,-2.289
 0.911,-2.317
 0.932,-2.320
 0.911,-2.355
 0.922,-2.385
 0.899,-2.414
 0.890,-2.463
 0.899,-2.509
 0.900,-2.551
 0.902,-2.595
 0.900,-2.608
 0.881,-2.649
 0.852,-2.676
 0.831,-2.726
 0.811,-2.745
 0.811,-2.745
 0.794,-2.755
 0.795,-2.720
 0.775,-2.720
 0.766,-2.750
 0.753,-2.786
 0.744,-2.797
 0.774,-2.790
 0.773,-2.767
 0.783,-2.744
 0.792,-2.710
 0.793,-2.733
 0.793,-2.732
 0.803,-2.721
 0.804,-2.671
 0.813,-2.599
 0.813,-2.599
 0.812,-2.580
 0.821,-2.585
 0.833,-2.622
 0.841,-2.607
 0.872,-2.622
 0.872,-2.622
 0.872,-2.638
 0.891,-2.676
 0.878,-2.712
 0.890,-2.749
 0.910,-2.772
 0.890,-2.810
 0.902,-2.847
 0.892,-2.874
 0.893,-2.897
 0.891,-2.928
 0.909,-2.959
 0.899,-3.005
 0.907,-3.024
 0.929,-2.979
 0.940,-2.955
 0.968,-2.941
 1.000,-2.960
 0.988,-2.979
 0.998,-3.009
 1.008,-3.021
 1.027,-3.017
 1.059,-2.998
 1.067,-2.964
 1.098,-2.941
 1.096,-2.934
 1.094,-2.927
 1.086,-2.942
 1.084,-2.935
 1.066,-2.942
 1.045,-2.938
 1.028,-2.964
 1.030,-2.933
 1.049,-2.857
 1.070,-2.822
 1.087,-2.796
 1.075,-2.797
 1.036,-2.800
 1.035,-2.774
 1.045,-2.747
 1.046,-2.732
 1.026,-2.728
 1.017,-2.761
 0.979,-2.783
 0.959,-2.822
 0.969,-2.849
 0.958,-2.875
 0.958,-2.933
 0.986,-2.918
 1.009,-2.929
 1.019,-2.921
 1.017,-2.933
 1.029,-2.948
 1.037,-2.952
 1.046,-2.960
 1.046,-2.960
 1.034,-2.961
 1.028,-2.983
 1.038,-2.972
 1.049,-2.987
 1.071,-2.975
 1.070,-2.953
 1.089,-2.972
 1.075,-2.968
 1.057,-2.953
 1.047,-2.942
 1.036,-2.926
 1.019,-2.899
 1.017,-2.892
 0.999,-2.918
 0.980,-2.940
 0.940,-2.955
 0.940,-2.993
 0.900,-3.005
 0.890,-3.054
 0.881,-3.046
 0.889,-3.066
 0.911,-3.077
 0.930,-3.093
 0.912,-3.119
 0.922,-3.150
 0.920,-3.180
 0.930,-3.188
 0.958,-3.173
 0.970,-3.154
 0.980,-3.147
 0.991,-3.158
 0.983,-3.177
 0.980,-3.185
 0.970,-3.212
 0.969,-3.227
 0.987,-3.181
 0.998,-3.159
 1.007,-3.147
 1.019,-3.105
 1.039,-3.109
 1.018,-3.124
 1.041,-3.132
 1.029,-3.078
 1.040,-3.014
 1.039,-2.975
 1.036,-2.945
 1.039,-2.937
 1.047,-2.884
 1.068,-2.869
 1.077,-2.820
 1.085,-2.801
 1.067,-2.808
 1.075,-2.813
 1.086,-2.824
 1.078,-2.842
 1.086,-2.865
 1.078,-2.919
 1.070,-2.972
 1.060,-3.040
 1.068,-3.121
 1.047,-3.170
 1.028,-3.231
 1.036,-3.254
 1.028,-3.289
 1.030,-3.258
 1.049,-3.235
 1.070,-3.240
 1.066,-3.247
 1.066,-3.285
 1.076,-3.293
 1.065,-3.319
 1.058,-3.339
 1.066,-3.342
 1.068,-3.366
 1.067,-3.385
 1.075,-3.403
 1.033,-3.433
 1.042,-3.455
 1.065,-3.491
 1.076,-3.545
 1.056,-3.563
 1.060,-3.596
 1.080,-3.562
 1.101,-3.566
 1.100,-3.577
 1.095,-3.579
 1.085,-3.587
 1.102,-3.563
 1.123,-3.587
 1.136,-3.569
 1.124,-3.553
 1.125,-3.538
 1.115,-3.507
 1.116,-3.511
 1.126,-3.523
 1.103,-3.510
 1.126,-3.481
 1.152,-3.404
 1.193,-3.332
 1.234,-3.264
 1.271,-3.237
 1.292,-3.242
 1.289,-3.253
 1.278,-3.276
 1.259,-3.279
 1.260,-3.283
 1.286,-3.303
 1.285,-3.280
 1.258,-3.295
 1.257,-3.310
 1.221,-3.336
 1.204,-3.363
 1.194,-3.355
 1.194,-3.374
 1.194,-3.374
 1.171,-3.362
 1.175,-3.393
 1.174,-3.370
 1.165,-3.405
 1.176,-3.435
 1.155,-3.469
 1.156,-3.527
 1.145,-3.534
 1.157,-3.531
 1.159,-3.539
 1.157,-3.531
 1.155,-3.546
 1.134,-3.556
 1.116,-3.541
 1.127,-3.519
 1.135,-3.484
 1.136,-3.469
 1.126,-3.438
 1.115,-3.427
 1.117,-3.378
 1.097,-3.339
 1.101,-3.313
 1.088,-3.293
 1.077,-3.277
 1.056,-3.273
 1.044,-3.235
 1.038,-3.220
 1.056,-3.182
 1.047,-3.174
 1.059,-3.170
 1.037,-3.143
 1.048,-3.117
 1.046,-3.056
 1.058,-2.995
 1.077,-2.957
 1.075,-2.949
 1.096,-2.953
 1.096,-2.953
 1.094,-2.930
 1.076,-2.934
 1.085,-2.941
 1.107,-2.949
 1.115,-2.972
 1.126,-3.022
 1.107,-3.041
 1.107,-3.041
 1.110,-3.033
 1.119,-3.041
 1.118,-3.056
 1.117,-3.110
 1.114,-3.117
 1.104,-3.129
 1.105,-3.110
 1.106,-3.095
 1.118,-3.095
 1.137,-3.091
 1.129,-3.106
 1.117,-3.091
 1.097,-3.087
 1.106,-3.075
 1.105,-3.072
 1.098,-3.071
 1.098,-3.071
 1.079,-3.071
 1.050,-3.044
 1.048,-3.037
 1.018,-3.029
 1.026,-3.014
 1.006,-3.010
 1.008,-3.017
 1.008,-3.017
 1.000,-3.036
 0.991,-3.028
 1.003,-3.024
 1.003,-3.024
 0.999,-3.048
 0.990,-3.078
 0.988,-3.109
 0.987,-3.124
 1.008,-3.132
 1.029,-3.136
 1.051,-3.182
 1.041,-3.228
 1.040,-3.243
 1.020,-3.224
 1.018,-3.235
 1.031,-3.236
 1.010,-3.231
 0.999,-3.258
 0.971,-3.269
 0.949,-3.299
 0.952,-3.307
 0.960,-3.295
 0.972,-3.292
 0.972,-3.292
 0.998,-3.307
 0.980,-3.296
 1.009,-3.265
 1.020,-3.243
 1.063,-3.236
 1.070,-3.216
 1.080,-3.247
 1.089,-3.270
 1.087,-3.247
 1.078,-3.239
 1.047,-3.205
 1.060,-3.186
 1.029,-3.174
 1.009,-3.189
 0.992,-3.216
 0.980,-3.200
 0.961,-3.219
 0.940,-3.215
 0.941,-3.219
 0.933,-3.234
 0.950,-3.226
 0.952,-3.273
 0.940,-3.276
 0.932,-3.307
 0.923,-3.303
 0.931,-3.288
 0.921,-3.257
 0.909,-3.261
 0.910,-3.242
 0.922,-3.242
 0.922,-3.242
 0.924,-3.250
 0.912,-3.249
 0.930,-3.264
 0.911,-3.268
 0.909,-3.275
 0.900,-3.272
 0.911,-3.230
 0.912,-3.215
 0.912,-3.177
 0.910,-3.188
 0.901,-3.200
 0.891,-3.211
 0.891,-3.211
 0.893,-3.215
 0.901,-3.199
 0.902,-3.184
 0.911,-3.173
 0.910,-3.150
 0.911,-3.173
 0.899,-3.154
 0.920,-3.143
 0.920,-3.143
 0.909,-3.127
 0.912,-3.081
 0.931,-3.059
 0.913,-3.066
 0.883,-3.054
 0.872,-3.042
 0.853,-3.042
 0.841,-3.023
 0.852,-3.020
 0.851,-3.016
 0.860,-3.005
 0.872,-3.004
 0.880,-2.986
 0.872,-2.966
 0.871,-2.982
 0.861,-3.008
 0.892,-3.024
 0.880,-3.027
 0.881,-3.070
 0.871,-3.096
 0.860,-3.123
 0.842,-3.165
 0.851,-3.172
 0.823,-3.172
 0.833,-3.161
 0.823,-3.168
 0.802,-3.180
 0.771,-3.183
 0.764,-3.168
 0.793,-3.118
 0.793,-3.061
 0.793,-3.023
 0.781,-2.985
 0.773,-2.981
 0.753,-2.942
 0.753,-2.904
 0.754,-2.850
 0.752,-2.786
 0.743,-2.740
 0.742,-2.721
 0.723,-2.702
 0.725,-2.692
 0.734,-2.659
 0.724,-2.670
 0.733,-2.678
 0.712,-2.690
 0.733,-2.732
 0.761,-2.737
 0.782,-2.725
 0.802,-2.744
 0.811,-2.752
 0.802,-2.766
 0.791,-2.767
 0.811,-2.767
 0.821,-2.760
 0.831,-2.730
 0.832,-2.698
 0.832,-2.660
 0.834,-2.628
 0.814,-2.609
 0.793,-2.602
 0.764,-2.594
 0.762,-2.584
 0.762,-2.584
 0.791,-2.558
 0.802,-2.569
 0.813,-2.583
 0.831,-2.599
 0.833,-2.606
 0.843,-2.633
 0.823,-2.671
 0.833,-2.701
 0.831,-2.675
 0.842,-2.668
 0.842,-2.649
 0.841,-2.626
 0.832,-2.622
 0.830,-2.577
 0.822,-2.515
 0.812,-2.485
 0.800,-2.451
 0.783,-2.460
 0.763,-2.441
 0.724,-2.444
 0.714,-2.454
 0.694,-2.451
 0.714,-2.413
 0.722,-2.396
