 0.927,-2.902
 0.907,-2.880
 0.916,-2.888
 0.897,-2.869
 0.876,-2.843
 0.878,-2.835
 0.877,-2.813
 0.859,-2.779
 0.849,-2.752
 0.857,-2.700
 0.839,-2.688
 0.830,-2.658
 0.838,-2.645
 0.847,-2.652
 0.855,-2.657
 0.848,-2.659
 0.869,-2.643
 0.859,-2.670
 0.879,-2.673
 0.876,-2.682
 0.895,-2.701
 0.895,-2.701
 0.915,-2.720
 0.915,-2.704
 0.914,-2.682
 0.926,-2.678
 0.924,-2.675
 0.944,-2.675
 0.955,-2.689
 0.963,-2.675
 0.964,-2.682
 0.983,-2.679
 0.973,-2.686
 0.992,-2.705
 1.000,-2.728
 1.002,-2.735
 1.002,-2.735
 1.011,-2.724
 1.013,-2.712
 1.011,-2.705
 1.012,-2.709
 1.020,-2.694
 0.991,-2.702
 1.002,-2.697
 0.991,-2.683
 1.002,-2.697
 0.992,-2.705
 0.983,-2.716
 0.984,-2.700
 0.989,-2.714
 0.992,-2.705
 0.993,-2.690
 0.993,-2.690
 0.994,-2.712
 0.992,-2.705
 0.992,-2.705
 1.001,-2.713
 0.991,-2.702
 0.993,-2.690
 0.991,-2.683
 0.983,-2.679
 0.992,-2.668
 0.992,-2.668
 0.992,-2.668
 0.991,-2.646
 0.982,-2.660
 0.983,-2.641
 0.983,-2.641
 0.983,-2.641
 0.991,-2.646
 0.991,-2.649
 0.992,-2.630
 0.982,-2.657
 0.993,-2.652
 0.991,-2.646
 0.992,-2.634
 0.983,-2.626
 0.973,-2.615
 0.983,-2.626
 0.981,-2.619
 0.993,-2.615
 0.991,-2.612
 0.981,-2.619
 0.993,-2.615
 0.981,-2.619
 0.983,-2.626
 0.992,-2.634
 0.973,-2.652
 0.964,-2.660
 0.980,-2.650
 0.963,-2.675
 0.974,-2.671
 0.955,-2.689
 0.964,-2.682
 0.963,-2.712
 0.944,-2.731
 0.944,-2.731
 0.952,-2.735
 0.935,-2.723
 0.935,-2.723
 0.937,-2.730
 0.935,-2.723
 0.924,-2.746
 0.935,-2.761
 0.915,-2.757
 0.927,-2.775
 0.927,-2.793
 0.925,-2.805
 0.925,-2.824
 0.925,-2.858
 0.916,-2.891
 0.907,-2.920
 0.906,-2.954
 0.898,-2.969
 0.897,-2.980
 0.898,-3.003
 0.879,-3.021
 0.877,-3.014
 0.869,-3.029
 0.868,-3.006
 0.860,-3.002
 0.870,-2.976
 0.859,-2.965
 0.860,-2.950
 0.877,-2.939
 0.888,-2.936
 0.898,-2.928
 0.897,-2.906
 0.917,-2.910
 0.925,-2.895
 0.926,-2.865
 0.927,-2.849
 0.955,-2.835
 0.965,-2.831
 0.973,-2.798
 0.983,-2.787
 0.991,-2.758
 0.990,-2.736
 1.002,-2.735
 1.001,-2.694
 0.993,-2.690
 0.992,-2.686
 0.982,-2.694
 1.002,-2.697
 0.992,-2.668
 0.993,-2.671
 1.012,-2.653
 1.019,-2.638
 1.040,-2.642
 1.047,-2.628
 1.049,-2.631
 1.067,-2.594
 1.067,-2.594
 1.088,-2.597
 1.077,-2.586
 1.107,-2.578
 1.107,-2.578
 1.086,-2.575
 1.088,-2.597
 1.095,-2.583
 1.087,-2.575
 1.088,-2.560
 1.106,-2.557
 1.089,-2.544
 1.086,-2.501
 1.087,-2.482
 1.087,-2.429
 1.086,-2.407
 1.095,-2.378
 1.103,-2.346
 1.086,-2.333
 1.088,-2.339
 1.087,-2.317
 1.099,-2.350
 1.086,-2.370
 1.097,-2.381
 1.107,-2.411
 1.085,-2.423
 1.068,-2.448
 1.077,-2.456
 1.068,-2.485
 1.068,-2.504
 1.057,-2.527
 1.068,-2.578
 1.038,-2.583
 1.038,-2.583
 1.031,-2.597
 1.039,-2.604
 1.030,-2.615
 1.009,-2.627
 1.010,-2.649
 0.982,-2.660
 0.981,-2.675
 0.984,-2.704
 0.973,-2.689
 0.964,-2.697
 0.964,-2.697
 0.963,-2.675
 0.944,-2.678
 0.942,-2.672
 0.924,-2.675
 0.916,-2.652
 0.924,-2.638
 0.926,-2.625
 0.916,-2.614
 0.916,-2.614
 0.915,-2.592
 0.904,-2.616
 0.925,-2.604
 0.896,-2.611
 0.886,-2.619
 0.896,-2.630
 0.896,-2.630
 0.888,-2.662
 0.898,-2.670
 0.906,-2.697
 0.907,-2.734
 0.905,-2.764
 0.907,-2.805
 0.905,-2.839
 0.897,-2.906
 0.898,-2.984
 0.888,-3.063
 0.879,-3.130
 0.878,-3.107
 0.880,-3.077
 0.880,-3.062
 0.869,-3.066
 0.852,-3.054
 0.850,-3.047
 0.878,-3.036
 0.878,-3.018
 0.877,-2.995
 0.899,-2.987
 0.908,-2.958
 0.917,-2.950
 0.937,-2.913
 0.935,-2.906
 0.955,-2.891
 0.954,-2.888
 0.954,-2.869
 0.975,-2.858
 0.982,-2.843
 0.974,-2.820
 1.003,-2.791
 0.993,-2.761
 1.022,-2.735
 1.020,-2.728
 1.032,-2.709
 1.031,-2.705
 1.040,-2.732
 1.030,-2.721
 1.049,-2.702
 1.052,-2.693
 1.051,-2.709
 1.070,-2.728
 1.079,-2.736
 1.077,-2.766
 1.088,-2.781
 1.097,-2.770
 1.069,-2.762
 1.080,-2.739
 1.079,-2.735
 1.079,-2.754
 1.069,-2.762
 1.059,-2.769
 1.060,-2.791
 1.068,-2.777
 1.051,-2.784
 1.031,-2.783
 1.041,-2.810
 1.051,-2.821
 1.039,-2.821
 1.050,-2.836
 1.050,-2.799
 1.050,-2.799
 1.051,-2.784
 1.049,-2.777
 1.050,-2.762
 1.069,-2.743
 1.059,-2.713
 1.060,-2.698
 1.059,-2.676
 1.060,-2.664
 1.050,-2.634
 1.050,-2.634
 1.041,-2.645
 1.038,-2.617
 1.040,-2.623
 1.030,-2.631
 1.021,-2.604
 1.023,-2.611
 1.020,-2.620
 1.010,-2.628
 1.020,-2.620
 1.002,-2.623
 1.003,-2.645
 1.011,-2.668
 1.022,-2.701
 1.011,-2.743
 1.020,-2.784
 1.002,-2.825
 1.020,-2.859
 1.003,-2.884
 1.004,-2.906
 1.002,-2.918
 0.993,-2.929
 0.992,-2.941
 0.994,-2.985
 0.994,-3.022
 1.004,-3.049
 1.006,-3.093
 1.013,-3.149
 0.996,-3.209
 0.996,-3.246
 0.986,-3.272
 0.987,-3.295
 0.986,-3.309
 0.968,-3.351
 0.977,-3.377
 0.968,-3.384
 0.958,-3.396
 0.947,-3.380
 0.931,-3.392
 0.911,-3.388
 0.910,-3.402
 0.910,-3.402
 0.898,-3.383
 0.899,-3.406
 0.900,-3.391
 0.910,-3.365
 0.912,-3.373
 0.930,-3.369
 0.949,-3.351
 0.946,-3.358
 0.956,-3.350
 0.977,-3.340
 0.985,-3.306
 0.988,-3.317
 0.997,-3.306
 0.977,-3.302
 0.996,-3.284
 1.003,-3.246
 1.024,-3.235
 1.024,-3.198
 1.023,-3.142
 1.043,-3.071
 1.040,-2.989
 1.071,-2.930
 1.090,-2.874
 1.098,-2.807
 1.100,-2.776
 1.127,-2.744
 1.137,-2.699
 1.156,-2.680
 1.174,-2.677
 1.175,-2.662
 1.183,-2.648
 1.175,-2.643
 1.202,-2.632
 1.202,-2.632
 1.223,-2.636
 1.220,-2.648
 1.213,-2.662
 1.222,-2.654
 1.221,-2.651
 1.213,-2.665
 1.211,-2.659
 1.222,-2.673
 1.232,-2.681
 1.220,-2.685
 1.221,-2.688
 1.210,-2.674
 1.213,-2.665
 1.212,-2.643
 1.218,-2.645
 1.201,-2.632
 1.211,-2.621
 1.213,-2.628
 1.204,-2.601
 1.211,-2.621
 1.212,-2.643
 1.229,-2.656
 1.222,-2.673
 1.212,-2.681
 1.202,-2.688
 1.214,-2.684
 1.202,-2.688
 1.202,-2.688
 1.202,-2.688
 1.192,-2.696
 1.184,-2.691
 1.174,-2.662
 1.166,-2.657
 1.176,-2.631
 1.174,-2.624
 1.166,-2.620
 1.162,-2.591
 1.163,-2.576
 1.163,-2.576
 1.153,-2.584
 1.156,-2.590
 1.154,-2.568
 1.145,-2.579
 1.126,-2.597
 1.124,-2.610
 1.127,-2.616
 1.096,-2.620
 1.106,-2.613
 1.106,-2.613
 1.096,-2.620
 1.108,-2.635
 1.087,-2.631
 1.078,-2.642
 1.078,-2.642
 1.077,-2.639
 1.077,-2.657
 1.077,-2.657
 1.069,-2.672
 1.061,-2.648
 1.079,-2.664
 1.070,-2.656
 1.068,-2.650
 1.078,-2.679
 1.097,-2.698
 1.086,-2.684
 1.089,-2.690
 1.078,-2.676
 1.079,-2.698
 1.108,-2.709
 1.097,-2.732
 1.117,-2.736
 1.106,-2.740
 1.107,-2.762
 1.098,-2.754
 1.106,-2.740
 1.117,-2.773
 1.115,-2.766
 1.116,-2.788
 1.126,-2.781
 1.106,-2.777
 1.118,-2.810
 1.136,-2.807
 1.118,-2.810
 1.128,-2.821
 1.117,-2.826
 1.127,-2.818
 1.108,-2.818
 1.099,-2.829
 1.128,-2.821
 1.136,-2.807
 1.118,-2.810
 1.136,-2.807
 1.137,-2.829
 1.137,-2.829
 1.134,-2.838
 1.156,-2.848
 1.165,-2.856
 1.156,-2.848
 1.167,-2.862
 1.165,-2.856
 1.157,-2.870
 1.155,-2.863
 1.146,-2.874
 1.155,-2.863
 1.146,-2.837
 1.147,-2.822
 1.144,-2.815
 1.155,-2.826
 1.164,-2.834
 1.164,-2.834
 1.176,-2.833
 1.156,-2.829
 1.166,-2.841
 1.157,-2.833
 1.164,-2.834
 1.156,-2.829
 1.146,-2.837
 1.156,-2.848
 1.156,-2.848
 1.155,-2.845
 1.148,-2.881
 1.147,-2.859
 1.166,-2.878
 1.156,-2.867
 1.164,-2.871
 1.156,-2.904
 1.164,-2.890
 1.155,-2.919
 1.147,-2.915
 1.136,-2.900
 1.148,-2.919
 1.138,-2.907
 1.137,-2.923
 1.126,-2.945
 1.126,-2.945
 1.128,-2.952
 1.118,-2.960
 1.128,-2.990
 1.128,-2.990
 1.126,-2.983
 1.128,-2.990
 1.126,-2.983
 1.107,-2.964
 1.110,-2.952
 1.098,-2.956
 1.071,-2.952
 1.060,-2.937
 1.061,-2.922
 1.042,-2.903
 1.031,-2.892
 1.032,-2.877
 1.031,-2.892
 1.011,-2.888
 0.994,-2.876
 1.002,-2.862
 1.004,-2.869
 1.003,-2.847
 1.012,-2.873
 1.022,-2.866
 1.029,-2.885
 1.031,-2.892
 1.030,-2.907
 1.032,-2.929
 1.033,-2.951
 1.041,-2.974
 1.061,-2.997
 1.051,-2.985
 1.050,-3.001
 1.061,-2.997
 1.061,-2.997
 1.061,-2.997
 1.059,-2.989
 1.042,-2.978
 1.042,-2.978
 1.031,-2.982
 1.042,-2.978
 1.041,-2.955
 1.041,-2.959
 1.061,-2.959
 1.040,-2.933
 1.061,-2.922
 1.060,-2.900
 1.069,-2.907
 1.079,-2.900
 1.087,-2.867
 1.078,-2.863
 1.089,-2.874
 1.099,-2.866
 1.099,-2.870
 1.088,-2.855
 1.109,-2.859
 1.126,-2.837
 1.116,-2.844
 1.117,-2.829
 1.116,-2.807
 1.136,-2.811
 1.126,-2.799
 1.144,-2.796
 1.155,-2.792
 1.135,-2.788
 1.156,-2.792
 1.164,-2.800
 1.163,-2.815
 1.156,-2.830
 1.144,-2.834
 1.157,-2.852
 1.137,-2.848
 1.144,-2.871
 1.147,-2.897
 1.156,-2.904
 1.148,-2.919
 1.147,-2.934
 1.157,-2.960
 1.176,-2.979
 1.174,-2.972
 1.156,-2.975
 1.156,-2.975
 1.146,-2.983
 1.147,-3.005
 1.135,-3.009
 1.128,-3.042
 1.128,-3.042
 1.110,-3.064
 1.121,-3.079
 1.100,-3.053
 1.111,-3.087
 1.091,-3.083
 1.071,-3.079
 1.080,-3.068
 1.069,-3.057
 1.062,-3.075
 1.072,-3.064
 1.061,-3.090
 1.052,-3.082
 1.050,-3.075
 1.051,-3.098
 1.061,-3.086
 1.051,-3.094
 1.051,-3.098
 1.041,-3.068
 1.045,-3.060
 1.034,-3.048
 1.033,-3.045
 1.024,-3.056
 1.022,-3.045
 1.014,-3.026
 1.013,-3.004
 1.010,-3.012
 1.013,-3.004
 1.004,-3.015
 1.006,-3.003
 1.005,-3.000
 1.003,-2.993
 1.014,-3.007
 1.002,-3.008
 1.012,-3.019
 1.002,-3.026
 0.993,-3.037
 0.996,-3.048
 1.014,-3.063
 1.015,-3.101
 1.014,-3.116
 1.041,-3.157
 1.052,-3.191
 1.041,-3.194
 1.044,-3.168
 1.064,-3.150
 1.071,-3.135
 1.082,-3.147
 1.069,-3.128
 1.080,-3.142
 1.089,-3.132
 1.079,-3.120
 1.100,-3.109
 1.079,-3.083
 1.091,-3.064
 1.091,-3.064
 1.090,-3.042
 1.081,-3.016
 1.077,-2.986
 1.079,-2.956
 1.097,-2.916
 1.088,-2.889
 1.099,-2.885
 1.097,-2.841
 1.099,-2.829
 1.091,-2.806
 1.078,-2.825
 1.078,-2.863
 1.097,-2.859
 1.099,-2.866
 1.099,-2.866
 1.107,-2.837
 1.100,-2.851
 1.116,-2.841
 1.116,-2.844
 1.107,-2.837
 1.116,-2.841
 1.118,-2.848
 1.098,-2.844
 1.107,-2.837
 1.107,-2.837
 1.107,-2.837
 1.100,-2.851
 1.108,-2.855
 1.109,-2.896
 1.109,-2.896
 1.098,-2.919
 1.118,-2.960
 1.116,-2.990
 1.098,-2.994
 1.089,-2.986
 1.069,-3.019
 1.062,-3.034
 1.059,-3.027
 1.050,-3.038
 1.059,-3.027
 1.039,-3.023
 1.032,-3.023
 1.041,-2.993
 1.034,-2.993
 1.035,-2.977
 1.024,-2.981
 1.025,-3.003
 1.022,-2.993
 1.003,-3.011
 1.014,-3.023
 1.014,-3.022
 1.004,-3.034
 1.002,-3.026
 0.996,-3.029
 0.987,-3.022
 0.977,-3.029
 0.997,-3.014
 0.984,-2.992
 0.984,-2.992
 0.984,-2.992
 0.993,-2.981
 0.985,-2.940
 0.993,-2.925
 0.995,-2.917
 0.994,-2.895
 1.003,-2.899
 1.004,-2.922
 1.002,-2.918
 0.996,-2.917
 1.016,-2.921
 1.014,-2.914
 1.033,-2.933
 1.031,-2.926
 1.032,-2.948
 1.052,-2.952
 1.042,-2.941
 1.062,-2.944
 1.060,-2.937
 1.070,-2.948
 1.069,-2.963
 1.068,-2.960
 1.089,-2.986
 1.089,-2.982
 1.090,-2.971
 1.101,-2.982
 1.089,-2.986
 1.100,-2.997
 1.107,-2.982
 1.109,-3.005
 1.109,-3.005
 1.107,-2.983
 1.100,-2.997
 1.098,-2.990
 1.089,-2.986
 1.101,-2.982
 1.106,-2.960
 1.118,-2.957
 1.119,-2.941
 1.102,-2.929
 1.121,-2.911
 1.129,-2.934
 1.137,-2.941
 1.135,-2.934
 1.128,-2.949
 1.147,-2.968
 1.127,-2.964
 1.129,-2.971
 1.148,-2.990
 1.138,-3.035
 1.156,-3.050
 1.145,-3.073
 1.127,-3.076
 1.126,-3.091
 1.108,-3.095
 1.090,-3.098
 1.089,-3.113
 1.081,-3.128
 1.061,-3.087
 1.043,-3.090
 1.023,-3.071
 1.022,-3.045
 1.013,-3.041
 1.003,-3.011
 0.975,-3.003
 0.976,-2.988
 0.955,-2.944
 0.928,-2.906
 0.936,-2.872
 0.917,-2.854
 0.927,-2.809
 0.925,-2.765
 0.925,-2.750
 0.935,-2.701
 0.934,-2.683
 0.973,-2.668
 0.963,-2.656
 0.963,-2.660
 0.953,-2.649
 0.954,-2.633
 0.965,-2.610
 0.963,-2.604
 0.964,-2.588
 0.982,-2.585
 0.962,-2.582
 0.981,-2.601
 0.990,-2.590
 1.002,-2.589
 1.001,-2.585
 0.993,-2.581
 1.012,-2.600
 0.990,-2.590
 1.011,-2.596
 1.019,-2.564
 1.020,-2.548
 1.030,-2.541
 1.048,-2.519
 1.059,-2.496
 1.058,-2.474
 1.058,-2.474
 1.079,-2.459
 1.076,-2.471
 1.089,-2.451
 1.078,-2.440
 1.078,-2.440
 1.098,-2.459
 1.076,-2.471
 1.096,-2.474
 1.095,-2.490
 1.097,-2.512
 1.107,-2.523
 1.097,-2.549
 1.099,-2.593
 1.108,-2.600
 1.099,-2.630
 1.110,-2.644
 1.088,-2.653
 1.096,-2.677
 1.095,-2.692
 1.076,-2.710
 1.106,-2.759
 1.097,-2.751
 1.072,-2.756
 1.073,-2.775
 1.063,-2.783
 1.052,-2.787
 1.028,-2.807
 1.020,-2.822
 1.019,-2.799
 0.991,-2.814
 0.973,-2.817
 0.954,-2.817
 0.937,-2.823
 0.946,-2.846
 0.916,-2.854
 0.898,-2.891
 0.867,-2.913
 0.869,-2.958
 0.850,-2.957
 0.850,-2.957
 0.841,-2.950
 0.830,-2.954
 0.841,-2.965
 0.831,-2.972
 0.831,-2.972
 0.861,-2.969
 0.850,-2.954
 0.841,-2.950
 0.850,-2.957
 0.859,-2.965
 0.861,-2.969
 0.869,-2.991
 0.889,-3.032
 0.879,-3.055
 0.898,-3.077
 0.918,-3.096
 0.927,-3.104
 0.938,-3.138
 0.965,-3.141
 0.974,-3.149
 0.985,-3.164
 1.010,-3.179
 1.022,-3.176
 1.033,-3.191
 1.043,-3.202
 1.054,-3.213
 1.081,-3.217
 1.082,-3.203
 1.110,-3.210
 1.108,-3.203
 1.119,-3.218
 1.118,-3.195
 1.120,-3.203
 1.120,-3.203
 1.137,-3.214
 1.131,-3.252
 1.118,-3.251
 1.102,-3.278
 1.102,-3.277
 1.082,-3.292
 1.093,-3.270
 1.071,-3.262
 1.072,-3.266
 1.062,-3.255
 1.043,-3.236
 1.043,-3.183
 1.042,-3.161
 1.043,-3.146
 1.014,-3.135
 1.014,-3.116
 1.005,-3.108
 0.984,-3.067
 0.976,-3.045
 0.975,-3.022
 0.965,-3.011
 0.957,-3.007
 0.944,-2.988
 0.937,-2.988
 0.936,-2.966
 0.946,-2.955
 0.938,-2.973
 0.945,-2.970
 0.936,-2.966
 0.936,-2.966
 0.937,-2.947
 0.948,-2.947
 0.946,-2.940
 0.958,-2.936
 0.956,-2.929
 0.945,-2.914
 0.946,-2.899
 0.944,-2.911
 0.956,-2.929
 0.957,-2.914
 0.976,-2.895
 0.977,-2.917
 0.975,-2.910
 0.985,-2.940
 0.996,-2.936
 1.004,-2.922
 1.015,-2.918
 1.022,-2.884
 1.022,-2.884
 1.041,-2.881
 1.012,-2.870
 1.003,-2.866
 1.011,-2.851
 1.022,-2.847
 1.042,-2.850
 1.032,-2.839
 1.033,-2.824
 1.050,-2.799
 1.051,-2.783
 1.051,-2.746
 1.039,-2.713
 1.050,-2.690
 1.039,-2.657
 1.049,-2.634
 1.059,-2.623
 1.047,-2.590
 1.049,-2.578
 1.048,-2.556
 1.049,-2.541
 1.056,-2.527
 1.065,-2.535
 1.058,-2.533
 1.085,-2.538
 1.069,-2.563
 1.107,-2.600
 1.096,-2.623
 1.125,-2.635
 1.112,-2.651
 1.113,-2.673
 1.106,-2.687
 1.115,-2.695
 1.127,-2.713
 1.134,-2.714
 1.156,-2.758
 1.155,-2.773
 1.135,-2.770
 1.157,-2.780
 1.137,-2.777
 1.138,-2.796
 1.127,-2.784
 1.106,-2.796
 1.099,-2.795
 1.068,-2.780
 1.061,-2.795
 1.040,-2.791
 1.038,-2.803
 1.030,-2.817
 1.000,-2.821
 0.983,-2.828
 0.973,-2.817
 0.953,-2.813
 0.946,-2.812
 0.953,-2.813
 0.926,-2.809
 0.935,-2.798
 0.914,-2.809
 0.916,-2.816
 0.916,-2.816
 0.917,-2.838
 0.916,-2.854
 0.906,-2.861
 0.917,-2.872
 0.915,-2.903
 0.927,-2.921
 0.939,-2.936
 0.939,-2.973
 0.931,-2.988
 0.939,-3.007
 0.959,-3.045
 0.958,-3.097
 0.956,-3.127
 0.967,-3.175
 0.957,-3.220
 0.939,-3.265
 0.923,-3.310
 0.923,-3.309
 0.905,-3.317
 0.902,-3.268
 0.902,-3.268
 0.910,-3.253
 0.908,-3.245
 0.909,-3.231
 0.908,-3.208
 0.910,-3.178
 0.912,-3.149
 0.891,-3.107
 0.893,-3.077
 0.882,-3.044
 0.890,-3.014
 0.871,-2.958
 0.879,-2.906
 0.880,-2.875
 0.879,-2.816
 0.889,-2.790
 0.899,-2.745
 0.907,-2.712
 0.918,-2.689
 0.927,-2.659
 0.926,-2.656
 0.955,-2.652
 0.954,-2.630
 0.955,-2.636
 0.974,-2.633
 0.993,-2.618
 1.012,-2.600
 1.020,-2.582
 1.020,-2.585
 1.048,-2.572
 1.057,-2.564
 1.078,-2.571
 1.077,-2.549
 1.118,-2.555
 1.125,-2.541
 1.146,-2.545
 1.146,-2.545
 1.173,-2.531
 1.174,-2.534
 1.190,-2.509
 1.211,-2.513
 1.193,-2.515
 1.211,-2.512
 1.184,-2.508
 1.193,-2.497
 1.202,-2.486
 1.194,-2.478
 1.191,-2.435
 1.183,-2.411
 1.192,-2.400
 1.182,-2.371
 1.193,-2.366
 1.181,-2.334
 1.203,-2.358
 1.202,-2.374
 1.192,-2.400
 1.182,-2.411
 1.180,-2.443
 1.191,-2.457
 1.191,-2.456
 1.193,-2.460
 1.201,-2.483
 1.190,-2.506
 1.174,-2.515
 1.185,-2.526
 1.176,-2.575
 1.186,-2.604
 1.173,-2.643
 1.154,-2.661
 1.163,-2.703
 1.144,-2.722
 1.146,-2.728
 1.134,-2.733
 1.128,-2.732
 1.127,-2.747
 1.117,-2.754
 1.117,-2.754
 1.096,-2.766
 1.089,-2.765
 1.069,-2.762
 1.049,-2.743
 1.059,-2.735
 1.038,-2.710
 1.030,-2.705
 1.021,-2.697
 1.011,-2.705
 1.022,-2.719
 1.020,-2.713
 1.021,-2.735
 1.011,-2.742
 1.011,-2.780
 1.012,-2.764
 1.019,-2.784
 1.002,-2.809
 1.000,-2.803
 0.992,-2.832
 1.003,-2.847
 1.021,-2.843
 1.005,-2.854
 1.015,-2.865
 1.023,-2.888
 1.012,-2.910
 1.021,-2.914
 1.024,-2.944
 1.033,-2.936
 1.034,-2.955
 1.036,-2.959
 1.022,-2.955
 1.032,-2.982
 1.040,-3.004
 1.039,-3.019
 1.051,-3.038
 1.042,-3.049
 1.054,-3.068
 1.062,-3.053
 1.071,-3.042
 1.063,-3.038
 1.061,-3.030
 1.083,-3.041
 1.073,-3.030
 1.091,-3.064
 1.102,-3.075
 1.108,-3.076
 1.101,-3.090
 1.109,-3.098
 1.129,-3.117
 1.159,-3.113
 1.157,-3.143
 1.178,-3.170
 1.186,-3.192
 1.215,-3.200
 1.207,-3.215
 1.215,-3.237
 1.216,-3.260
 1.225,-3.267
 1.224,-3.263
 1.227,-3.271
 1.224,-3.226
 1.227,-3.234
 1.216,-3.204
 1.206,-3.192
 1.207,-3.215
 1.206,-3.211
 1.198,-3.226
 1.185,-3.207
 1.185,-3.207
 1.189,-3.200
 1.196,-3.185
 1.199,-3.192
 1.207,-3.196
 1.205,-3.174
 1.207,-3.196
 1.203,-3.203
 1.196,-3.218
 1.176,-3.200
 1.175,-3.177
 1.188,-3.196
 1.176,-3.199
 1.169,-3.218
 1.149,-3.214
 1.148,-3.192
 1.130,-3.195
 1.138,-3.162
 1.130,-3.158
 1.119,-3.143
 1.108,-3.132
 1.091,-3.083
 1.079,-3.049
 1.071,-3.027
 1.061,-3.015
 1.050,-3.001
 1.052,-2.989
 1.060,-2.955
 1.062,-2.963
 1.052,-2.989
 1.051,-3.004
 1.052,-3.026
 1.070,-3.042
 1.072,-3.064
 1.071,-3.079
 1.070,-3.094
 1.072,-3.120
 1.071,-3.135
 1.062,-3.146
 1.061,-3.161
 1.061,-3.161
 1.072,-3.158
 1.050,-3.146
 1.051,-3.131
 1.052,-3.116
 1.052,-3.116
 1.054,-3.124
 1.052,-3.116
 1.053,-3.139
 1.053,-3.138
 1.051,-3.168
 1.043,-3.165
 1.049,-3.161
 1.051,-3.169
 1.053,-3.172
 1.062,-3.180
 1.073,-3.195
 1.072,-3.191
 1.073,-3.213
 1.082,-3.221
 1.081,-3.236
 1.092,-3.232
 1.081,-3.217
 1.091,-3.210
 1.111,-3.210
 1.120,-3.218
 1.150,-3.215
 1.130,-3.192
 1.131,-3.196
 1.131,-3.158
 1.128,-3.151
 1.120,-3.147
 1.129,-3.117
 1.130,-3.102
 1.120,-3.076
 1.128,-3.042
 1.139,-3.016
 1.147,-2.983
 1.148,-2.968
 1.177,-2.961
 1.166,-2.964
 1.167,-2.968
 1.176,-2.957
 1.177,-2.979
 1.168,-3.009
 1.185,-3.021
 1.179,-3.058
 1.178,-3.073
 1.169,-3.065
 1.170,-3.050
 1.149,-3.061
 1.150,-3.046
 1.147,-3.039
 1.138,-3.050
 1.139,-3.035
 1.139,-3.031
 1.122,-3.020
 1.110,-3.024
 1.102,-3.035
 1.102,-3.035
 1.100,-3.031
 1.122,-3.057
 1.111,-3.042
 1.101,-3.053
 1.101,-3.053
 1.082,-3.068
 1.082,-3.072
 1.072,-3.079
 1.053,-3.060
 1.034,-3.060
 1.004,-3.045
 1.006,-3.052
 1.005,-3.030
 0.998,-3.030
 0.999,-3.018
 0.988,-3.003
 0.998,-2.996
 0.996,-2.988
 0.975,-3.000
 0.994,-3.000
 0.984,-3.008
 1.005,-2.996
 1.015,-2.989
 1.025,-3.000
 1.034,-3.008
 1.033,-3.019
 1.034,-3.041
 1.062,-3.068
 1.073,-3.083
 1.073,-3.120
 1.090,-3.128
 1.093,-3.120
 1.122,-3.132
 1.113,-3.143
 1.141,-3.169
 1.148,-3.188
 1.160,-3.222
 1.177,-3.233
 1.167,-3.259
 1.188,-3.286
 1.168,-3.282
 1.181,-3.301
 1.169,-3.286
 1.168,-3.300
 1.178,-3.293
 1.177,-3.308
 1.172,-3.331
 1.172,-3.331
 1.171,-3.345
 1.171,-3.383
 1.149,-3.393
 1.151,-3.416
 1.131,-3.449
 1.111,-3.430
 1.104,-3.427
 1.120,-3.382
 1.103,-3.371
 1.093,-3.378
 1.074,-3.359
 1.084,-3.333
 1.073,-3.318
 1.065,-3.315
 1.064,-3.292
 1.064,-3.292
 1.065,-3.277
 1.044,-3.232
 1.035,-3.210
 1.025,-3.217
 1.015,-3.206
 1.017,-3.213
 1.015,-3.205
 1.006,-3.236
 1.004,-3.228
 1.014,-3.239
 0.997,-3.265
 0.996,-3.280
 0.989,-3.333
 1.000,-3.348
 0.990,-3.392
 1.010,-3.415
 0.998,-3.433
 1.018,-3.437
 1.017,-3.415
 1.026,-3.404
 1.017,-3.378
 1.006,-3.362
 1.016,-3.340
 1.016,-3.340
 1.018,-3.307
 1.028,-3.247
 1.026,-3.202
 1.046,-3.187
 1.053,-3.135
 1.053,-3.098
 1.064,-3.057
 1.080,-3.049
 1.109,-3.061
 1.118,-3.068
 1.147,-3.080
 1.149,-3.102
 1.147,-3.117
 1.168,-3.158
 1.186,-3.173
 1.195,-3.200
 1.207,-3.233
 1.195,-3.237
 1.198,-3.282
 1.197,-3.297
 1.186,-3.323
 1.178,-3.357
 1.166,-3.337
 1.158,-3.352
 1.160,-3.356
 1.167,-3.360
 1.176,-3.386
 1.174,-3.378
 1.197,-3.390
 1.207,-3.383
 1.217,-3.394
 1.237,-3.380
 1.244,-3.398
 1.253,-3.406
 1.262,-3.394
 1.260,-3.390
 1.272,-3.387
 1.271,-3.368
 1.293,-3.358
 1.283,-3.346
 1.300,-3.342
 1.300,-3.343
 1.298,-3.297
 1.291,-3.298
 1.293,-3.246
 1.281,-3.249
 1.281,-3.249
 1.278,-3.241
 1.272,-3.242
 1.282,-3.234
 1.263,-3.215
 1.245,-3.219
 1.242,-3.211
 1.215,-3.207
 1.205,-3.215
 1.175,-3.218
 1.168,-3.233
 1.146,-3.244
 1.138,-3.259
 1.130,-3.251
 1.140,-3.244
 1.130,-3.218
 1.127,-3.206
 1.149,-3.233
 1.138,-3.222
 1.146,-3.244
 1.139,-3.259
 1.136,-3.288
 1.126,-3.315
 1.139,-3.334
 1.129,-3.341
 1.112,-3.330
 1.101,-3.318
 1.102,-3.300
 1.100,-3.292
 1.099,-3.307
 1.081,-3.311
 1.071,-3.318
 1.062,-3.314
 1.055,-3.329
 1.043,-3.329
 1.026,-3.355
 1.034,-3.359
 1.024,-3.366
 1.025,-3.351
 1.025,-3.351
 1.026,-3.337
 1.014,-3.336
 1.015,-3.340
 1.005,-3.347
 1.014,-3.355
 1.007,-3.355
 1.005,-3.347
 1.015,-3.359
 1.025,-3.389
 1.024,-3.403
 1.036,-3.438
 1.043,-3.422
 1.045,-3.445
 1.046,-3.430
 1.053,-3.415
 1.054,-3.400
 1.052,-3.392
 1.054,-3.396
 1.044,-3.370
 1.044,-3.333
 1.064,-3.337
 1.061,-3.306
 1.072,-3.284
 1.073,-3.270
 1.090,-3.243
 1.102,-3.244
 1.119,-3.218
 1.139,-3.222
 1.139,-3.203
 1.148,-3.192
 1.168,-3.196
 1.177,-3.203
 1.177,-3.203
 1.206,-3.215
 1.204,-3.207
 1.216,-3.207
 1.243,-3.192
 1.255,-3.189
 1.283,-3.178
 1.292,-3.167
 1.321,-3.160
 1.318,-3.152
 1.339,-3.175
 1.321,-3.178
 1.329,-3.164
 1.332,-3.171
 1.320,-3.156
 1.320,-3.156
 1.321,-3.141
 1.329,-3.108
 1.321,-3.104
 1.320,-3.119
 1.330,-3.111
 1.312,-3.115
 1.300,-3.118
 1.312,-3.152
 1.320,-3.156
 1.320,-3.175
 1.311,-3.205
 1.300,-3.189
 1.293,-3.208
 1.300,-3.189
 1.299,-3.208
 1.292,-3.223
 1.292,-3.223
 1.305,-3.242
 1.283,-3.253
 1.275,-3.283
 1.254,-3.316
 1.233,-3.327
 1.234,-3.312
 1.224,-3.319
 1.215,-3.330
 1.197,-3.334
 1.194,-3.326
 1.196,-3.349
 1.186,-3.356
 1.177,-3.386
 1.179,-3.413
 1.189,-3.420
 1.200,-3.473
 1.189,-3.514
 1.198,-3.540
 1.208,-3.532
 1.218,-3.540
 1.210,-3.574
 1.218,-3.577
 1.218,-3.596
 1.208,-3.603
 1.215,-3.588
 1.199,-3.615
 1.198,-3.611
 1.189,-3.622
 1.181,-3.619
 1.178,-3.610
 1.171,-3.630
 1.160,-3.614
 1.140,-3.629
 1.131,-3.621
 1.129,-3.594
 1.122,-3.577
 1.120,-3.554
 1.113,-3.532
 1.131,-3.528
 1.126,-3.474
 1.129,-3.468
 1.149,-3.453
 1.149,-3.453
 1.140,-3.464
 1.158,-3.460
 1.159,-3.465
 1.158,-3.427
 1.169,-3.439
 1.170,-3.443
 1.168,-3.416
 1.179,-3.432
 1.157,-3.405
 1.157,-3.405
 1.168,-3.416
 1.166,-3.393
 1.170,-3.424
 1.169,-3.401
 1.150,-3.420
 1.132,-3.424
 1.109,-3.411
 1.110,-3.434
 1.109,-3.449
 1.099,-3.456
 1.092,-3.471
 1.060,-3.470
 1.064,-3.482
 1.054,-3.490
 1.025,-3.482
 1.027,-3.486
 1.033,-3.485
 1.015,-3.489
 1.034,-3.471
 1.015,-3.452
 1.025,-3.445
 1.014,-3.429
 1.016,-3.437
 1.034,-3.433
 1.043,-3.441
 1.042,-3.456
 1.031,-3.459
 1.044,-3.464
 1.045,-3.468
 1.055,-3.479
 1.065,-3.472
 1.082,-3.482
 1.092,-3.513
 1.101,-3.516
 1.099,-3.493
 1.121,-3.483
 1.129,-3.449
 1.121,-3.446
 1.140,-3.427
 1.138,-3.423
 1.150,-3.420
 1.157,-3.405
 1.160,-3.413
 1.168,-3.383
 1.167,-3.397
 1.187,-3.401
 1.185,-3.393
 1.206,-3.398
 1.205,-3.360
 1.215,-3.349
 1.215,-3.353
 1.232,-3.327
 1.236,-3.320
 1.236,-3.320
 1.243,-3.304
 1.263,-3.309
 1.260,-3.282
 1.272,-3.279
 1.262,-3.249
 1.241,-3.207
 1.244,-3.178
 1.221,-3.133
 1.204,-3.084
 1.215,-3.058
 1.194,-3.016
 1.216,-3.005
 1.202,-2.983
 1.202,-2.983
 1.203,-2.987
 1.194,-2.979
 1.196,-2.986
 1.204,-2.990
 1.195,-3.039
 1.194,-3.054
 1.193,-3.069
 1.175,-3.072
 1.174,-3.031
 1.175,-3.054
 1.175,-3.054
 1.184,-3.061
 1.195,-3.073
 1.183,-3.076
 1.184,-3.099
 1.186,-3.121
 1.167,-3.121
 1.169,-3.128
 1.176,-3.128
 1.158,-3.132
 1.155,-3.125
 1.146,-3.132
 1.157,-3.128
 1.144,-3.110
 1.137,-3.124
 1.147,-3.117
 1.127,-3.098
 1.120,-3.079
 1.128,-3.064
 1.121,-3.045
 1.120,-3.060
 1.117,-3.053
 1.110,-3.068
 1.116,-3.068
 1.100,-3.094
 1.120,-3.135
 1.109,-3.157
 1.119,-3.188
 1.127,-3.229
 1.128,-3.266
 1.138,-3.277
 1.119,-3.258
 1.139,-3.263
 1.136,-3.270
 1.118,-3.311
 1.119,-3.296
 1.138,-3.315
 1.141,-3.360
 1.139,-3.389
 1.130,-3.420
 1.129,-3.416
 1.119,-3.404
 1.110,-3.378
 1.118,-3.348
 1.109,-3.341
 1.119,-3.333
 1.136,-3.344
 1.138,-3.352
 1.137,-3.367
 1.139,-3.390
 1.149,-3.382
 1.157,-3.386
 1.139,-3.390
 1.146,-3.370
 1.137,-3.367
 1.138,-3.352
 1.137,-3.330
 1.148,-3.308
 1.146,-3.300
 1.148,-3.270
 1.129,-3.251
 1.117,-3.217
 1.129,-3.214
 1.127,-3.191
 1.138,-3.207
 1.128,-3.195
 1.136,-3.199
 1.137,-3.203
 1.155,-3.199
 1.137,-3.203
 1.157,-3.203
 1.146,-3.192
 1.147,-3.195
 1.164,-3.188
 1.154,-3.195
 1.146,-3.192
 1.155,-3.181
 1.158,-3.188
 1.156,-3.184
 1.157,-3.207
 1.167,-3.233
 1.174,-3.255
 1.177,-3.300
 1.175,-3.330
 1.176,-3.353
 1.186,-3.383
 1.176,-3.423
 1.178,-3.450
 1.166,-3.435
 1.158,-3.427
 1.168,-3.420
 1.157,-3.423
 1.159,-3.431
 1.149,-3.401
 1.158,-3.408
 1.167,-3.397
 1.156,-3.400
 1.166,-3.412
 1.157,-3.404
 1.147,-3.397
 1.148,-3.378
 1.135,-3.359
 1.137,-3.367
 1.147,-3.356
 1.129,-3.360
 1.122,-3.360
 1.121,-3.337
 1.123,-3.345
 1.121,-3.337
 1.130,-3.363
 1.131,-3.368
 1.129,-3.378
 1.131,-3.405
 1.139,-3.408
 1.129,-3.397
 1.140,-3.394
 1.147,-3.393
 1.148,-3.378
 1.140,-3.356
 1.140,-3.356
 1.151,-3.372
 1.167,-3.360
 1.187,-3.360
 1.185,-3.356
 1.194,-3.364
 1.205,-3.360
 1.205,-3.360
 1.218,-3.361
 1.247,-3.372
 1.265,-3.406
 1.273,-3.428
 1.290,-3.439
 1.302,-3.473
 1.329,-3.499
 1.331,-3.523
 1.335,-3.554
 1.341,-3.590
 1.341,-3.609
 1.328,-3.626
 1.309,-3.607
 1.310,-3.593
 1.300,-3.581
 1.283,-3.590
 1.271,-3.592
 1.292,-3.597
 1.294,-3.601
 1.272,-3.611
 1.273,-3.634
 1.253,-3.629
 1.244,-3.641
 1.234,-3.615
 1.214,-3.610
 1.206,-3.626
 1.195,-3.610
 1.176,-3.591
 1.178,-3.581
 1.165,-3.542
 1.159,-3.543
 1.149,-3.513
 1.146,-3.505
 1.146,-3.505
 1.117,-3.456
 1.120,-3.449
 1.120,-3.412
 1.110,-3.382
 1.110,-3.363
 1.097,-3.362
 1.128,-3.359
 1.099,-3.352
 1.108,-3.341
 1.109,-3.344
 1.117,-3.311
 1.119,-3.337
 1.109,-3.307
 1.108,-3.285
 1.118,-3.277
 1.116,-3.255
 1.107,-3.247
 1.108,-3.232
 1.117,-3.236
 1.128,-3.251
 1.126,-3.243
 1.156,-3.240
 1.175,-3.259
 1.183,-3.281
 1.203,-3.286
 1.232,-3.293
 1.243,-3.327
 1.243,-3.346
 1.263,-3.346
 1.264,-3.369
 1.262,-3.361
 1.253,-3.353
 1.234,-3.335
 1.213,-3.330
 1.196,-3.319
 1.147,-3.304
 1.120,-3.300
 1.091,-3.292
 1.050,-3.284
 1.030,-3.280
 0.991,-3.257
 0.973,-3.209
 0.964,-3.164
 0.935,-3.115
 0.935,-3.081
 0.924,-3.029
 0.935,-3.006
 0.954,-2.988
 0.983,-2.996
 0.985,-3.003
 1.002,-3.015
 1.013,-3.011
 1.022,-3.018
 1.021,-2.996
 1.032,-2.992
 1.041,-2.996
 1.041,-3.000
 1.032,-2.992
 1.040,-3.015
 1.060,-3.034
 1.068,-3.056
 1.088,-3.079
 1.090,-3.101
 1.089,-3.116
 1.118,-3.147
 1.127,-3.154
 1.137,-3.184
 1.146,-3.192
 1.155,-3.218
 1.167,-3.233
 1.166,-3.229
 1.168,-3.256
 1.168,-3.237
 1.166,-3.229
 1.158,-3.244
 1.156,-3.236
 1.157,-3.222
 1.149,-3.237
 1.129,-3.233
 1.140,-3.244
 1.129,-3.233
 1.120,-3.244
 1.128,-3.248
 1.117,-3.251
 1.119,-3.259
 1.110,-3.251
 1.101,-3.262
 1.111,-3.255
 1.090,-3.247
 1.081,-3.243
 1.069,-3.224
 1.060,-3.217
 1.070,-3.210
 1.060,-3.217
 1.043,-3.206
 1.041,-3.198
 1.062,-3.221
 1.042,-3.221
 1.040,-3.232
 1.032,-3.265
 1.061,-3.273
 1.042,-3.295
 1.052,-3.303
 1.060,-3.307
 1.062,-3.314
 1.072,-3.303
 1.054,-3.344
 1.073,-3.363
 1.063,-3.408
 1.065,-3.416
 1.063,-3.426
 1.055,-3.442
 1.055,-3.442
 1.054,-3.419
 1.056,-3.427
 1.045,-3.412
 1.034,-3.415
 1.024,-3.422
 1.033,-3.429
 1.024,-3.426
 1.006,-3.426
 1.006,-3.426
 0.995,-3.414
 0.992,-3.421
 0.984,-3.414
 0.976,-3.429
 0.976,-3.433
 0.968,-3.448
 0.967,-3.463
 0.979,-3.497
 0.967,-3.515
 0.976,-3.541
 0.976,-3.579
 0.976,-3.593
 0.958,-3.620
 0.958,-3.639
 0.949,-3.669
 0.931,-3.710
 0.930,-3.720
 0.931,-3.743
 0.930,-3.739
 0.930,-3.739
 0.950,-3.743
 0.959,-3.750
 0.990,-3.767
 0.998,-3.770
 0.998,-3.822
 1.027,-3.852
 1.026,-3.866
 1.056,-3.897
 1.104,-3.923
 1.152,-3.954
 1.183,-3.952
 1.181,-3.910
 1.184,-3.924
 1.192,-3.926
 1.192,-3.982
 1.171,-4.015
 1.160,-4.054
 1.151,-4.085
 1.151,-4.085
 1.116,-4.113
 1.116,-4.112
 1.084,-4.110
 1.068,-4.105
 1.078,-4.093
 1.068,-4.105
 1.079,-4.117
 1.067,-4.077
 1.058,-4.037
 1.047,-4.001
 1.027,-3.946
 1.028,-3.894
 1.026,-3.847
 1.017,-3.845
 0.989,-3.814
 0.969,-3.758
 0.951,-3.687
 0.920,-3.634
 0.913,-3.560
 0.882,-3.507
 0.872,-3.481
 0.883,-3.493
 0.862,-3.465
 0.854,-3.444
 0.853,-3.425
 0.852,-3.402
 0.845,-3.402
 0.863,-3.417
 0.864,-3.440
 0.872,-3.444
 0.882,-3.432
 0.891,-3.425
 0.891,-3.440
 0.901,-3.455
 0.921,-3.474
 0.940,-3.493
 0.931,-3.504
 0.938,-3.485
 0.939,-3.474
 0.958,-3.470
 0.986,-3.459
 1.025,-3.482
 1.043,-3.478
 1.064,-3.483
 1.081,-3.497
 1.091,-3.490
 1.093,-3.498
 1.112,-3.495
 1.104,-3.529
 1.112,-3.532
 1.120,-3.554
 1.121,-3.577
 1.119,-3.587
 1.121,-3.596
 1.130,-3.603
 1.130,-3.603
 1.123,-3.619
 1.150,-3.640
 1.141,-3.656
 1.150,-3.659
 1.151,-3.663
 1.162,-3.642
 1.169,-3.640
 1.180,-3.656
 1.197,-3.648
 1.187,-3.655
 1.207,-3.678
 1.206,-3.692
 1.208,-3.716
 1.209,-3.738
 1.208,-3.753
 1.209,-3.739
 1.188,-3.715
 1.179,-3.708
 1.178,-3.723
 1.167,-3.711
 1.169,-3.715
 1.149,-3.711
 1.122,-3.708
 1.111,-3.715
 1.110,-3.710
 1.102,-3.703
 1.090,-3.706
 1.075,-3.700
 1.055,-3.681
 1.045,-3.669
 1.037,-3.685
 1.026,-3.669
 0.989,-3.692
 0.967,-3.716
 0.949,-3.739
 0.951,-3.748
 0.931,-3.743
 0.933,-3.752
 0.922,-3.778
 0.911,-3.780
 0.901,-3.787
 0.900,-3.779
 0.892,-3.757
 0.901,-3.750
 0.872,-3.738
 0.884,-3.740
 0.881,-3.708
 0.883,-3.717
 0.892,-3.705
 0.901,-3.712
 0.893,-3.710
 0.920,-3.713
 0.930,-3.724
 0.930,-3.706
 0.939,-3.694
 0.950,-3.691
 0.948,-3.664
 0.968,-3.668
 0.987,-3.687
 0.985,-3.664
 1.006,-3.650
 1.023,-3.627
 1.024,-3.576
 1.043,-3.520
 1.061,-3.460
 1.072,-3.419
 1.088,-3.374
 1.108,-3.359
 1.146,-3.360
 1.145,-3.375
 1.166,-3.383
 1.185,-3.416
 1.206,-3.424
 1.235,-3.470
 1.241,-3.487
 1.242,-3.492
 1.271,-3.499
 1.293,-3.526
 1.273,-3.545
 1.301,-3.552
 1.301,-3.571
 1.308,-3.570
 1.300,-3.585
 1.309,-3.593
 1.298,-3.581
 1.320,-3.608
 1.319,-3.604
 1.329,-3.616
 1.329,-3.615
 1.310,-3.616
 1.320,-3.608
 1.319,-3.604
 1.312,-3.601
 1.312,-3.601
 1.318,-3.600
 1.311,-3.597
 1.318,-3.581
 1.301,-3.571
 1.301,-3.571
 1.290,-3.536
 1.292,-3.507
 1.290,-3.484
 1.301,-3.459
 1.290,-3.447
 1.279,-3.432
 1.272,-3.413
 1.261,-3.398
 1.262,-3.402
 1.262,-3.383
 1.269,-3.368
 1.253,-3.357
 1.241,-3.342
 1.251,-3.334
 1.251,-3.297
 1.240,-3.282
 1.233,-3.263
 1.224,-3.256
 1.224,-3.256
 1.241,-3.267
 1.229,-3.270
 1.242,-3.290
 1.241,-3.304
 1.244,-3.312
 1.254,-3.342
 1.253,-3.357
 1.262,-3.383
 1.251,-3.405
 1.241,-3.413
 1.233,-3.428
 1.222,-3.412
 1.215,-3.394
 1.203,-3.394
 1.205,-3.401
 1.176,-3.409
 1.185,-3.397
 1.178,-3.416
 1.167,-3.401
 1.158,-3.412
 1.157,-3.427
 1.145,-3.411
 1.157,-3.427
 1.127,-3.415
 1.127,-3.415
 1.128,-3.401
 1.127,-3.378
 1.128,-3.363
 1.137,-3.333
 1.109,-3.307
 1.119,-3.300
 1.126,-3.284
 1.129,-3.292
 1.145,-3.266
 1.137,-3.259
 1.128,-3.255
 1.145,-3.266
 1.147,-3.251
 1.144,-3.244
 1.144,-3.244
 1.154,-3.236
 1.143,-3.221
 1.145,-3.229
 1.153,-3.233
 1.135,-3.236
 1.139,-3.229
 1.136,-3.221
 1.167,-3.237
 1.166,-3.233
 1.155,-3.255
 1.166,-3.289
 1.173,-3.289
 1.175,-3.297
 1.157,-3.296
 1.157,-3.296
 1.168,-3.312
 1.165,-3.304
 1.167,-3.326
 1.165,-3.304
 1.157,-3.334
 1.168,-3.330
 1.165,-3.341
 1.169,-3.372
 1.167,-3.364
 1.176,-3.371
 1.185,-3.360
 1.183,-3.389
 1.176,-3.371
 1.195,-3.353
 1.195,-3.334
 1.177,-3.319
 1.193,-3.292
 1.205,-3.289
 1.204,-3.267
 1.203,-3.248
 1.215,-3.245
 1.194,-3.240
 1.205,-3.256
 1.204,-3.233
 1.204,-3.233
 1.204,-3.233
 1.212,-3.218
 1.195,-3.226
 1.195,-3.188
 1.213,-3.185
 1.203,-3.173
 1.183,-3.155
 1.206,-3.166
 1.214,-3.170
 1.233,-3.207
 1.233,-3.207
 1.250,-3.218
 1.262,-3.253
 1.280,-3.286
 1.280,-3.324
 1.301,-3.346
 1.290,-3.368
 1.283,-3.388
 1.310,-3.391
 1.300,-3.398
 1.300,-3.399
 1.299,-3.413
 1.302,-3.421
 1.281,-3.417
 1.272,-3.410
 1.262,-3.398
 1.251,-3.383
 1.259,-3.390
 1.260,-3.376
 1.252,-3.372
 1.255,-3.342
 1.243,-3.327
 1.235,-3.324
 1.233,-3.316
 1.224,-3.327
 1.226,-3.331
 1.214,-3.334
 1.218,-3.346
 1.199,-3.365
 1.198,-3.379
 1.169,-3.405
 1.155,-3.400
 1.156,-3.405
 1.146,-3.393
 1.138,-3.371
 1.122,-3.383
 1.111,-3.367
 1.103,-3.383
 1.080,-3.389
 1.077,-3.396
 1.089,-3.393
 1.089,-3.392
 1.082,-3.393
 1.092,-3.386
 1.082,-3.393
 1.073,-3.404
 1.069,-3.426
 1.071,-3.434
 1.062,-3.426
 1.052,-3.434
 1.054,-3.423
 1.052,-3.415
 1.053,-3.438
 1.052,-3.415
 1.042,-3.422
 1.034,-3.404
 1.033,-3.381
 1.034,-3.367
 1.024,-3.355
 1.032,-3.359
 1.033,-3.363
 1.031,-3.355
 1.042,-3.351
 1.043,-3.337
 1.070,-3.340
 1.081,-3.356
 1.070,-3.378
 1.099,-3.389
 1.099,-3.427
 1.098,-3.441
 1.119,-3.483
 1.126,-3.501
 1.137,-3.516
 1.148,-3.528
 1.148,-3.528
 1.168,-3.533
 1.166,-3.524
 1.196,-3.559
 1.195,-3.573
 1.225,-3.604
 1.236,-3.619
 1.253,-3.648
 1.265,-3.683
 1.285,-3.702
 1.284,-3.754
 1.306,-3.838
 1.304,-3.866
 1.306,-3.908
 1.315,-3.915
 1.322,-3.918
 1.294,-3.948
 1.303,-3.936
 1.286,-3.978
 1.268,-3.983
 1.256,-3.985
 1.229,-3.982
 1.208,-3.958
 1.200,-3.937
 1.190,-3.907
 1.168,-3.860
 1.170,-3.832
 1.149,-3.804
 1.169,-3.771
 1.178,-3.745
 1.167,-3.729
 1.159,-3.708
 1.169,-3.696
 1.169,-3.701
 1.189,-3.719
 1.177,-3.704
 1.208,-3.720
 1.197,-3.722
 1.189,-3.738
 1.198,-3.746
 1.197,-3.760
 1.228,-3.776
 1.236,-3.779
 1.247,-3.795
 1.247,-3.795
 1.255,-3.798
 1.257,-3.788
 1.246,-3.772
 1.218,-3.750
 1.207,-3.734
 1.186,-3.744
 1.179,-3.745
 1.168,-3.748
 1.161,-3.768
 1.171,-3.780
 1.160,-3.782
 1.171,-3.817
 1.187,-3.804
 1.198,-3.816
 1.190,-3.813
 1.188,-3.790
 1.171,-3.780
 1.188,-3.753
 1.169,-3.734
 1.170,-3.720
 1.148,-3.692
 1.141,-3.675
 1.130,-3.659
 1.112,-3.625
 1.112,-3.625
 1.119,-3.610
 1.122,-3.600
 1.121,-3.577
 1.112,-3.588
 1.121,-3.581
 1.120,-3.554
 1.121,-3.543
 1.120,-3.520
 1.120,-3.520
 1.130,-3.513
 1.157,-3.516
 1.158,-3.502
 1.167,-3.491
 1.157,-3.479
 1.158,-3.465
 1.147,-3.449
 1.159,-3.450
 1.158,-3.427
 1.177,-3.446
 1.159,-3.450
 1.166,-3.434
 1.178,-3.450
 1.197,-3.450
 1.207,-3.443
 1.207,-3.443
 1.223,-3.431
 1.226,-3.425
 1.216,-3.413
 1.226,-3.425
 1.227,-3.429
 1.206,-3.420
 1.225,-3.439
 1.224,-3.435
 1.214,-3.442
 1.205,-3.435
 1.223,-3.431
 1.225,-3.439
 1.225,-3.439
 1.225,-3.439
 1.216,-3.450
 1.214,-3.461
 1.227,-3.500
 1.217,-3.507
 1.207,-3.514
 1.216,-3.521
 1.193,-3.509
 1.176,-3.498
 1.176,-3.480
 1.166,-3.468
 1.148,-3.472
 1.155,-3.457
 1.140,-3.469
 1.130,-3.438
 1.130,-3.457
 1.121,-3.468
 1.119,-3.479
 1.139,-3.502
 1.138,-3.498
 1.119,-3.479
 1.111,-3.476
 1.100,-3.460
 1.093,-3.480
 1.101,-3.483
 1.081,-3.479
 1.091,-3.471
 1.091,-3.471
 1.093,-3.480
 1.081,-3.479
 1.091,-3.509
 1.102,-3.506
 1.110,-3.509
 1.102,-3.506
 1.111,-3.475
 1.110,-3.453
 1.120,-3.427
 1.118,-3.419
 1.110,-3.416
 1.120,-3.389
 1.119,-3.371
 1.131,-3.368
 1.118,-3.348
 1.140,-3.375
 1.148,-3.379
 1.129,-3.397
 1.159,-3.394
 1.149,-3.382
 1.150,-3.387
 1.150,-3.387
 1.150,-3.349
 1.151,-3.353
 1.148,-3.345
 1.141,-3.360
 1.150,-3.349
 1.159,-3.356
 1.157,-3.353
 1.156,-3.345
 1.147,-3.356
 1.148,-3.341
 1.137,-3.330
 1.141,-3.323
 1.138,-3.315
 1.150,-3.315
 1.149,-3.293
 1.138,-3.296
 1.177,-3.282
 1.193,-3.270
 1.194,-3.274
 1.214,-3.278
 1.214,-3.278
 1.214,-3.278
 1.211,-3.285
 1.205,-3.290
 1.205,-3.289
 1.205,-3.289
 1.197,-3.305
 1.204,-3.285
 1.195,-3.297
 1.195,-3.297
 1.194,-3.293
 1.207,-3.293
 1.196,-3.282
 1.187,-3.275
 1.186,-3.252
 1.185,-3.229
 1.175,-3.240
 1.182,-3.222
 1.195,-3.203
 1.186,-3.177
 1.175,-3.166
 1.187,-3.162
 1.184,-3.155
 1.166,-3.177
 1.176,-3.188
 1.175,-3.203
 1.185,-3.196
 1.184,-3.210
 1.185,-3.233
 1.187,-3.255
 1.176,-3.244
 1.197,-3.267
 1.203,-3.267
 1.196,-3.282
 1.204,-3.267
 1.192,-3.251
 1.186,-3.270
 1.203,-3.267
 1.196,-3.263
 1.196,-3.244
 1.186,-3.214
 1.186,-3.218
 1.165,-3.210
 1.167,-3.233
 1.155,-3.236
 1.145,-3.244
 1.139,-3.244
 1.147,-3.251
 1.140,-3.267
 1.148,-3.289
 1.156,-3.292
 1.147,-3.304
 1.135,-3.288
 1.147,-3.285
 1.148,-3.289
 1.138,-3.296
 1.149,-3.293
 1.156,-3.292
 1.166,-3.322
 1.186,-3.323
 1.184,-3.337
 1.187,-3.345
 1.196,-3.353
 1.169,-3.349
 1.168,-3.364
 1.166,-3.341
 1.157,-3.353
 1.146,-3.337
 1.147,-3.322
 1.148,-3.307
 1.137,-3.311
 1.139,-3.319
 1.128,-3.303
 1.119,-3.315
 1.129,-3.326
 1.128,-3.303
 1.129,-3.326
 1.109,-3.322
 1.119,-3.333
 1.120,-3.319
 1.100,-3.315
 1.101,-3.300
 1.080,-3.277
 1.062,-3.262
 1.062,-3.262
 1.050,-3.243
 1.051,-3.228
 1.050,-3.191
 1.023,-3.187
 1.044,-3.191
 1.033,-3.179
 1.033,-3.179
 1.030,-3.149
 1.032,-3.153
 1.031,-3.134
 1.040,-3.123
 1.042,-3.131
 1.060,-3.108
 1.070,-3.120
 1.070,-3.120
 1.099,-3.127
 1.081,-3.131
 1.099,-3.128
 1.119,-3.150
 1.138,-3.169
 1.155,-3.180
 1.167,-3.177
 1.185,-3.173
 1.196,-3.188
 1.215,-3.207
 1.235,-3.226
 1.255,-3.268
 1.263,-3.290
 1.263,-3.327
 1.282,-3.328
 1.281,-3.342
 1.273,-3.358
 1.291,-3.354
 1.291,-3.354
 1.282,-3.346
 1.272,-3.335
 1.275,-3.343
 1.272,-3.335
 1.273,-3.357
 1.263,-3.365
 1.260,-3.338
 1.253,-3.353
 1.254,-3.338
 1.236,-3.342
 1.236,-3.342
 1.212,-3.326
 1.195,-3.334
 1.194,-3.311
 1.195,-3.315
 1.187,-3.312
 1.176,-3.315
 1.186,-3.327
 1.176,-3.352
 1.177,-3.371
 1.167,-3.382
 1.166,-3.360
 1.150,-3.368
 1.157,-3.352
 1.147,-3.360
 1.149,-3.383
 1.137,-3.386
 1.159,-3.413
 1.139,-3.431
 1.159,-3.450
 1.159,-3.487
 1.147,-3.487
 1.149,-3.495
 1.147,-3.491
 1.120,-3.502
 1.110,-3.513
 1.109,-3.523
 1.081,-3.539
 1.090,-3.546
 1.071,-3.565
 1.053,-3.587
 1.061,-3.572
 1.062,-3.595
 1.061,-3.572
 1.042,-3.590
 1.035,-3.587
 1.014,-3.582
 1.016,-3.591
 1.024,-3.575
 1.004,-3.571
 1.005,-3.557
 1.013,-3.560
 1.005,-3.556
 1.013,-3.560
 0.995,-3.564
 0.996,-3.587
 1.005,-3.590
 1.005,-3.594
 1.034,-3.602
 1.043,-3.609
 1.054,-3.606
 1.062,-3.628
 1.064,-3.636
 1.073,-3.644
 1.073,-3.662
 1.055,-3.667
 1.062,-3.665
 1.064,-3.674
 1.053,-3.658
 1.044,-3.669
 1.036,-3.685
 1.015,-3.676
 1.017,-3.704
 1.006,-3.725
 1.015,-3.714
 0.997,-3.718
 0.996,-3.695
 0.978,-3.699
 0.977,-3.676
 0.978,-3.699
 0.968,-3.687
 0.966,-3.664
 0.968,-3.673
 0.977,-3.639
 0.957,-3.620
 0.958,-3.643
 0.965,-3.641
 0.976,-3.657
 0.967,-3.664
 0.967,-3.650
 0.969,-3.658
 0.958,-3.642
 0.950,-3.640
 0.968,-3.636
 0.948,-3.631
 0.948,-3.631
 0.956,-3.597
 0.949,-3.579
 0.968,-3.561
 0.968,-3.561
 0.969,-3.546
 0.976,-3.545
 0.987,-3.542
 0.977,-3.531
 0.986,-3.519
 0.996,-3.512
 0.985,-3.496
 0.996,-3.512
 1.005,-3.538
 1.004,-3.553
 1.016,-3.550
 1.024,-3.534
 1.035,-3.550
 1.045,-3.561
 1.034,-3.550
 1.054,-3.569
 1.042,-3.572
 1.044,-3.595
 1.034,-3.602
 1.016,-3.606
 1.018,-3.614
 1.015,-3.606
 1.007,-3.636
 0.995,-3.639
 1.004,-3.642
 1.015,-3.620
 1.024,-3.609
 1.026,-3.617
 1.025,-3.594
 1.044,-3.594
 1.036,-3.610
 1.043,-3.609
 1.072,-3.639
 1.072,-3.639
 1.081,-3.647
 1.092,-3.625
 1.111,-3.606
 1.123,-3.608
 1.141,-3.599
 1.137,-3.587
 1.139,-3.595
 1.120,-3.558
 1.122,-3.529
 1.103,-3.510
 1.112,-3.517
 1.112,-3.517
 1.100,-3.516
 1.101,-3.539
 1.099,-3.535
 1.109,-3.523
 1.102,-3.524
 1.091,-3.509
 1.102,-3.524
 1.091,-3.528
 1.081,-3.535
 1.073,-3.517
 1.082,-3.520
 1.064,-3.524
 1.063,-3.524
 1.071,-3.509
 1.073,-3.513
 1.062,-3.497
 1.063,-3.483
 1.063,-3.483
 1.042,-3.460
 1.053,-3.456
 1.051,-3.448
 1.023,-3.441
 1.024,-3.426
 1.013,-3.411
 1.015,-3.419
 1.014,-3.396
 0.995,-3.400
 0.995,-3.400
 0.985,-3.388
 0.976,-3.381
 0.984,-3.366
 0.985,-3.370
 0.986,-3.373
 0.994,-3.340
 0.985,-3.351
 1.021,-3.343
 1.023,-3.351
 1.024,-3.336
 1.042,-3.314
 1.044,-3.322
 1.051,-3.303
 1.052,-3.307
 1.070,-3.284
 1.078,-3.269
 1.070,-3.247
 1.060,-3.217
 1.071,-3.232
 1.070,-3.247
 1.060,-3.235
 1.062,-3.244
 1.051,-3.228
 1.053,-3.236
 1.053,-3.236
 1.041,-3.239
 1.053,-3.273
 1.051,-3.265
 1.032,-3.284
 1.023,-3.276
 1.012,-3.261
 0.985,-3.261
 0.984,-3.239
 0.975,-3.231
 0.975,-3.212
 0.964,-3.197
 0.956,-3.175
 0.936,-3.134
 0.927,-3.111
 0.917,-3.100
 0.915,-3.092
 0.917,-3.100
 0.926,-3.070
 0.926,-3.070
 0.927,-3.055
 0.937,-3.047
 0.948,-3.044
 0.946,-3.037
 0.956,-3.029
 0.977,-3.018
 0.986,-3.006
 0.987,-3.029
 1.003,-3.033
 0.991,-3.075
 1.030,-3.075
 1.038,-3.079
 1.061,-3.090
 1.079,-3.090
 1.100,-3.094
 1.121,-3.120
 1.147,-3.139
 1.157,-3.169
 1.174,-3.181
 1.193,-3.200
 1.213,-3.219
 1.223,-3.230
 1.206,-3.256
 1.226,-3.275
 1.235,-3.301
 1.216,-3.338
 1.203,-3.338
 1.216,-3.357
 1.205,-3.361
 1.195,-3.409
 1.197,-3.432
 1.177,-3.446
 1.179,-3.492
 1.177,-3.502
 1.158,-3.521
 1.140,-3.506
 1.119,-3.502
 1.101,-3.506
 1.090,-3.490
 1.081,-3.501
 1.072,-3.494
 1.041,-3.478
 1.044,-3.468
 1.023,-3.441
 1.023,-3.441
 1.014,-3.437
 1.002,-3.418
 1.004,-3.407
 0.995,-3.381
 0.966,-3.373
 0.987,-3.359
 0.975,-3.343
 0.958,-3.351
 0.965,-3.351
 0.965,-3.350
 0.965,-3.332
 0.973,-3.317
 0.956,-3.306
 0.966,-3.280
 0.975,-3.268
 0.976,-3.254
 0.984,-3.257
 1.004,-3.243
 1.013,-3.231
 1.013,-3.232
 1.004,-3.243
 1.002,-3.254
 1.013,-3.269
 1.032,-3.250
 1.033,-3.235
 1.042,-3.243
 1.050,-3.247
 1.061,-3.262
 1.078,-3.273
 1.087,-3.281
 1.098,-3.292
 1.107,-3.299
 1.118,-3.315
 1.147,-3.326
 1.147,-3.364
 1.166,-3.383
 1.193,-3.386
 1.186,-3.402
 1.192,-3.401
 1.183,-3.394
 1.186,-3.402
 1.173,-3.401
 1.173,-3.419
 1.154,-3.419
 1.167,-3.439
 1.159,-3.435
 1.159,-3.435
 1.151,-3.450
 1.140,-3.435
 1.129,-3.438
 1.119,-3.445
 1.088,-3.430
 1.079,-3.422
 1.079,-3.385
 1.042,-3.370
 1.034,-3.348
 1.022,-3.314
 1.014,-3.291
 1.013,-3.269
 0.993,-3.227
 0.994,-3.213
 0.993,-3.190
 0.984,-3.186
 1.002,-3.145
 0.973,-3.134
 0.974,-3.123
 0.973,-3.115
 0.974,-3.085
 0.993,-3.067
 0.983,-3.037
 0.984,-3.022
 1.010,-3.003
 1.012,-3.011
 1.032,-2.992
 1.041,-2.981
 1.042,-2.966
 1.029,-2.948
 1.070,-2.955
 1.069,-2.933
 1.087,-2.930
 1.108,-2.918
 1.126,-2.915
 1.136,-2.907
 1.134,-2.900
 1.154,-2.904
 1.175,-2.911
 1.192,-2.923
 1.205,-2.941
 1.213,-2.946
 1.231,-2.961
 1.241,-2.972
 1.249,-2.995
 1.252,-3.002
 1.271,-3.021
 1.280,-3.047
 1.282,-3.070
 1.288,-3.107
 1.272,-3.152
 1.281,-3.178
 1.260,-3.193
 1.244,-3.219
 1.213,-3.222
 1.176,-3.226
 1.176,-3.225
 1.164,-3.210
 1.147,-3.199
 1.155,-3.184
 1.155,-3.184
 1.156,-3.203
 1.116,-3.217
 1.118,-3.225
 1.135,-3.236
 1.128,-3.251
 1.129,-3.274
 1.100,-3.262
 1.110,-3.274
 1.118,-3.258
 1.100,-3.262
 1.100,-3.262
 1.109,-3.251
 1.110,-3.255
 1.117,-3.240
 1.117,-3.240
 1.138,-3.244
 1.138,-3.244
 1.156,-3.240
 1.155,-3.255
 1.157,-3.263
 1.176,-3.282
 1.176,-3.282
 1.188,-3.297
 1.175,-3.315
 1.184,-3.341
 1.193,-3.349
 1.192,-3.345
 1.205,-3.364
 1.213,-3.349
 1.215,-3.357
 1.225,-3.383
 1.233,-3.387
 1.244,-3.402
 1.242,-3.379
 1.254,-3.414
 1.245,-3.425
 1.245,-3.458
 1.246,-3.481
 1.244,-3.492
 1.235,-3.522
 1.225,-3.529
 1.195,-3.536
 1.206,-3.533
 1.176,-3.517
 1.167,-3.510
 1.146,-3.505
 1.137,-3.512
 1.120,-3.502
 1.118,-3.479
 1.101,-3.468
 1.082,-3.449
 1.080,-3.441
 1.063,-3.430
 1.060,-3.404
 1.042,-3.389
 1.033,-3.363
 1.022,-3.351
 1.033,-3.363
