 0.036,-3.614
 0.045,-3.617
 0.036,-3.647
 0.028,-3.653
 0.028,-3.673
 0.012,-3.689
 0.012,-3.714
 0.003,-3.744
-0.013,-3.772
-0.030,-3.809
-0.038,-3.847
-0.046,-3.862
-0.054,-3.896
-0.063,-3.902
-0.080,-3.910
-0.080,-3.930
-0.088,-3.944
-0.088,-3.969
-0.096,-3.970
-0.096,-3.983
-0.088,-3.989
-0.079,-3.991
-0.088,-3.989
-0.088,-3.977
-0.063,-3.991
-0.071,-4.001
-0.071,-3.993
-0.055,-3.985
-0.038,-3.993
-0.038,-3.981
-0.021,-3.998
 0.004,-4.000
 0.021,-4.017
 0.045,-4.031
 0.054,-4.037
 0.070,-4.041
 0.062,-4.047
 0.054,-4.066
 0.062,-4.056
 0.054,-4.082
 0.062,-4.104
 0.062,-4.112
 0.054,-4.131
 0.046,-4.137
 0.063,-4.174
 0.046,-4.194
 0.054,-4.208
 0.062,-4.235
 0.071,-4.252
 0.087,-4.269
 0.087,-4.277
 0.079,-4.279
 0.088,-4.298
 0.104,-4.294
 0.112,-4.276
 0.104,-4.290
 0.112,-4.267
 0.120,-4.261
 0.112,-4.235
 0.113,-4.227
 0.112,-4.194
 0.112,-4.174
 0.121,-4.156
 0.104,-4.135
 0.087,-4.131
 0.096,-4.121
 0.096,-4.100
 0.095,-4.092
 0.087,-4.066
 0.087,-4.086
 0.079,-4.080
 0.087,-4.066
 0.070,-4.070
 0.096,-4.056
 0.087,-4.066
 0.087,-4.054
 0.104,-4.050
 0.095,-4.047
 0.096,-4.056
 0.096,-4.044
 0.096,-4.044
 0.095,-4.039
 0.087,-4.038
 0.095,-4.023
 0.095,-4.027
 0.095,-4.011
 0.095,-3.991
 0.079,-3.995
 0.079,-3.995
 0.071,-3.988
 0.062,-3.978
 0.045,-3.974
 0.054,-3.972
 0.037,-3.968
 0.020,-3.952
 0.012,-3.966
-0.004,-3.941
-0.013,-3.935
-0.021,-3.901
-0.037,-3.909
-0.037,-3.884
-0.062,-3.873
-0.071,-3.888
-0.062,-3.906
-0.071,-3.928
-0.070,-3.973
-0.070,-3.977
-0.071,-4.022
-0.070,-4.038
-0.087,-4.062
-0.087,-4.083
-0.103,-4.111
-0.120,-4.159
-0.103,-4.168
-0.095,-4.206
-0.095,-4.227
-0.095,-4.255
-0.070,-4.270
-0.078,-4.304
-0.070,-4.314
-0.053,-4.347
-0.036,-4.343
-0.037,-4.351
-0.028,-4.337
-0.028,-4.341
-0.028,-4.345
-0.020,-4.326
-0.012,-4.341
 0.005,-4.304
-0.003,-4.299
 0.013,-4.283
 0.021,-4.256
 0.030,-4.222
 0.030,-4.181
 0.038,-4.147
 0.046,-4.108
 0.046,-4.067
 0.054,-4.054
 0.046,-3.994
 0.046,-3.966
 0.046,-3.933
 0.054,-3.919
 0.054,-3.907
 0.062,-3.905
 0.079,-3.910
 0.096,-3.914
 0.113,-3.910
 0.129,-3.918
 0.146,-3.914
 0.154,-3.940
 0.162,-3.947
 0.187,-3.949
 0.179,-3.931
 0.187,-3.924
 0.187,-3.928
 0.195,-3.947
 0.204,-3.949
 0.213,-3.980
 0.229,-3.988
 0.229,-4.021
 0.246,-4.041
 0.287,-4.047
 0.313,-4.066
 0.329,-4.099
 0.346,-4.127
 0.354,-4.154
 0.362,-4.168
 0.362,-4.180
 0.362,-4.176
 0.363,-4.197
 0.371,-4.211
 0.380,-4.213
 0.371,-4.203
 0.379,-4.217
 0.362,-4.237
 0.363,-4.241
 0.370,-4.227
 0.371,-4.248
 0.379,-4.253
 0.379,-4.286
 0.379,-4.286
 0.387,-4.292
 0.379,-4.323
 0.379,-4.335
 0.371,-4.361
 0.338,-4.382
 0.337,-4.393
 0.312,-4.420
 0.295,-4.427
 0.304,-4.466
 0.279,-4.492
 0.270,-4.498
 0.246,-4.521
 0.237,-4.511
 0.221,-4.543
 0.204,-4.564
 0.212,-4.577
 0.204,-4.608
 0.179,-4.609
 0.187,-4.636
 0.179,-4.637
 0.187,-4.638
 0.196,-4.626
 0.212,-4.598
 0.212,-4.602
 0.213,-4.586
 0.212,-4.589
 0.221,-4.599
 0.212,-4.551
 0.187,-4.557
 0.196,-4.556
 0.171,-4.525
 0.179,-4.512
 0.196,-4.463
 0.204,-4.441
 0.222,-4.429
 0.221,-4.404
 0.221,-4.409
 0.221,-4.400
 0.221,-4.400
 0.221,-4.396
 0.213,-4.397
 0.229,-4.406
 0.230,-4.390
 0.238,-4.393
 0.246,-4.375
 0.246,-4.374
 0.247,-4.400
 0.255,-4.397
 0.255,-4.393
 0.263,-4.387
 0.247,-4.382
 0.247,-4.403
 0.246,-4.374
 0.238,-4.405
 0.230,-4.407
 0.222,-4.392
 0.214,-4.411
 0.205,-4.417
 0.189,-4.433
 0.172,-4.449
 0.172,-4.452
 0.155,-4.478
 0.147,-4.462
 0.130,-4.458
 0.114,-4.446
 0.105,-4.403
 0.106,-4.384
 0.097,-4.345
 0.081,-4.340
 0.089,-4.330
 0.081,-4.316
 0.081,-4.316
 0.081,-4.303
 0.089,-4.281
 0.122,-4.261
 0.130,-4.250
 0.146,-4.222
 0.155,-4.192
 0.147,-4.158
 0.172,-4.153
 0.197,-4.114
 0.205,-4.112
 0.222,-4.112
 0.221,-4.136
 0.238,-4.149
 0.238,-4.157
 0.254,-4.177
 0.246,-4.199
 0.246,-4.220
 0.263,-4.224
 0.254,-4.234
 0.247,-4.249
 0.238,-4.251
 0.213,-4.289
 0.205,-4.315
 0.154,-4.323
 0.155,-4.364
 0.130,-4.365
 0.096,-4.385
 0.080,-4.390
 0.055,-4.407
 0.030,-4.417
 0.005,-4.439
-0.020,-4.466
-0.054,-4.498
-0.079,-4.515
-0.112,-4.545
-0.112,-4.556
-0.146,-4.584
-0.179,-4.595
-0.179,-4.607
-0.204,-4.610
-0.212,-4.595
-0.229,-4.600
-0.254,-4.605
-0.270,-4.596
-0.303,-4.589
-0.311,-4.573
-0.345,-4.562
-0.337,-4.539
-0.336,-4.519
-0.337,-4.516
-0.329,-4.501
-0.320,-4.491
-0.312,-4.485
-0.296,-4.464
-0.287,-4.463
-0.271,-4.426
-0.262,-4.425
-0.262,-4.409
-0.254,-4.382
-0.271,-4.354
-0.245,-4.319
-0.229,-4.303
-0.204,-4.264
-0.195,-4.234
-0.187,-4.216
-0.179,-4.189
-0.171,-4.188
-0.162,-4.165
-0.171,-4.167
-0.179,-4.149
-0.170,-4.151
-0.187,-4.135
-0.196,-4.145
-0.178,-4.137
-0.187,-4.155
-0.187,-4.135
-0.187,-4.155
-0.196,-4.165
-0.203,-4.183
-0.196,-4.198
-0.212,-4.226
-0.229,-4.263
-0.237,-4.285
-0.245,-4.303
-0.271,-4.337
-0.271,-4.366
-0.287,-4.398
-0.304,-4.410
-0.311,-4.428
-0.320,-4.479
-0.328,-4.485
-0.362,-4.526
-0.388,-4.585
-0.413,-4.635
-0.430,-4.700
-0.404,-4.692
-0.379,-4.703
-0.355,-4.702
-0.354,-4.681
-0.330,-4.696
-0.305,-4.669
-0.288,-4.686
-0.281,-4.696
-0.280,-4.708
-0.264,-4.729
-0.264,-4.719
-0.231,-4.708
-0.215,-4.702
-0.206,-4.670
-0.189,-4.643
-0.148,-4.595
-0.114,-4.559
-0.064,-4.511
-0.022,-4.468
 0.019,-4.423
 0.061,-4.380
 0.119,-4.343
 0.136,-4.327
 0.153,-4.302
 0.186,-4.311
 0.219,-4.290
 0.236,-4.299
 0.270,-4.320
 0.277,-4.350
 0.294,-4.371
 0.319,-4.405
 0.335,-4.454
 0.343,-4.513
 0.359,-4.562
 0.376,-4.616
 0.401,-4.654
 0.417,-4.708
 0.434,-4.757
 0.449,-4.813
 0.449,-4.861
 0.449,-4.889
 0.466,-4.915
 0.466,-4.936
 0.474,-4.921
 0.483,-4.936
 0.474,-4.921
 0.482,-4.910
 0.482,-4.910
 0.482,-4.901
 0.483,-4.894
 0.466,-4.889
 0.458,-4.872
 0.458,-4.877
 0.449,-4.845
 0.459,-4.844
 0.458,-4.823
 0.441,-4.807
 0.450,-4.785
 0.441,-4.769
 0.450,-4.736
 0.450,-4.715
 0.450,-4.683
 0.450,-4.650
 0.466,-4.613
 0.475,-4.579
 0.484,-4.536
 0.484,-4.509
 0.493,-4.486
 0.484,-4.472
 0.476,-4.470
 0.467,-4.471
 0.468,-4.476
 0.460,-4.486
 0.451,-4.471
 0.443,-4.469
 0.426,-4.465
 0.401,-4.454
 0.393,-4.448
 0.367,-4.454
 0.368,-4.447
 0.351,-4.454
 0.334,-4.470
 0.318,-4.474
 0.301,-4.490
 0.302,-4.499
 0.277,-4.489
 0.268,-4.499
 0.260,-4.505
 0.235,-4.518
 0.226,-4.507
 0.218,-4.513
 0.201,-4.518
 0.202,-4.506
 0.177,-4.495
 0.177,-4.504
 0.177,-4.495
 0.169,-4.489
 0.169,-4.489
 0.152,-4.484
 0.152,-4.494
 0.152,-4.472
 0.135,-4.477
 0.135,-4.477
 0.118,-4.484
 0.102,-4.493
 0.094,-4.494
 0.085,-4.505
 0.077,-4.515
 0.068,-4.500
 0.060,-4.531
 0.068,-4.532
 0.069,-4.553
 0.077,-4.547
 0.052,-4.549
 0.060,-4.564
 0.060,-4.543
 0.085,-4.553
 0.077,-4.559
 0.085,-4.544
 0.093,-4.564
 0.085,-4.549
 0.077,-4.559
 0.069,-4.553
 0.077,-4.559
 0.085,-4.558
 0.085,-4.561
 0.069,-4.565
 0.077,-4.580
 0.077,-4.592
 0.077,-4.601
 0.085,-4.607
 0.068,-4.623
 0.069,-4.656
 0.069,-4.658
 0.069,-4.679
 0.077,-4.664
 0.077,-4.669
 0.085,-4.667
 0.085,-4.663
 0.093,-4.666
 0.093,-4.657
 0.110,-4.673
 0.119,-4.663
 0.127,-4.669
 0.127,-4.678
 0.135,-4.684
 0.135,-4.684
 0.160,-4.695
 0.151,-4.696
 0.177,-4.711
 0.176,-4.702
 0.176,-4.739
 0.201,-4.750
 0.185,-4.778
 0.193,-4.809
 0.192,-4.832
 0.175,-4.901
 0.192,-4.967
 0.191,-4.973
 0.209,-4.983
 0.217,-4.961
 0.242,-4.951
 0.259,-4.924
 0.259,-4.865
 0.284,-4.837
 0.317,-4.779
 0.334,-4.763
 0.342,-4.736
 0.367,-4.710
 0.376,-4.713
 0.400,-4.682
 0.409,-4.648
 0.434,-4.594
 0.441,-4.530
 0.459,-4.479
 0.458,-4.405
 0.466,-4.374
 0.457,-4.319
 0.465,-4.260
 0.491,-4.230
 0.491,-4.177
 0.490,-4.145
 0.482,-4.122
 0.473,-4.108
 0.473,-4.108
 0.481,-4.093
 0.490,-4.088
 0.506,-4.076
 0.498,-4.069
 0.508,-4.088
 0.523,-4.075
 0.524,-4.076
 0.524,-4.063
 0.540,-4.039
 0.533,-4.041
 0.532,-4.021
 0.533,-4.025
 0.533,-4.025
 0.532,-4.004
 0.550,-4.009
 0.524,-3.978
 0.524,-3.966
 0.533,-3.960
 0.524,-3.946
 0.508,-3.950
 0.482,-3.952
 0.466,-3.956
 0.441,-3.965
 0.424,-3.965
 0.400,-3.995
 0.358,-4.013
 0.316,-4.055
 0.258,-4.110
 0.224,-4.178
 0.232,-4.229
 0.223,-4.246
 0.215,-4.281
 0.190,-4.300
 0.182,-4.330
 0.174,-4.370
 0.149,-4.392
 0.132,-4.436
 0.090,-4.470
 0.074,-4.509
 0.049,-4.503
 0.049,-4.483
 0.066,-4.471
 0.075,-4.433
 0.092,-4.375
 0.117,-4.342
 0.151,-4.285
 0.159,-4.251
 0.192,-4.207
 0.176,-4.165
 0.201,-4.148
 0.193,-4.121
 0.201,-4.079
 0.218,-4.067
 0.218,-4.034
 0.235,-4.038
 0.243,-4.028
 0.251,-4.026
 0.260,-4.016
 0.284,-4.019
 0.293,-4.033
 0.301,-4.015
 0.318,-4.019
 0.318,-4.019
 0.334,-3.983
 0.335,-3.991
 0.334,-3.970
 0.326,-3.964
 0.318,-3.954
 0.301,-3.954
 0.276,-3.968
 0.251,-3.969
 0.227,-3.983
 0.202,-3.989
 0.202,-4.001
 0.202,-4.022
 0.218,-4.018
 0.227,-4.032
 0.243,-4.065
 0.251,-4.083
 0.251,-4.120
 0.276,-4.106
 0.276,-4.134
 0.293,-4.139
 0.325,-4.135
 0.351,-4.158
 0.368,-4.170
 0.368,-4.191
 0.376,-4.229
 0.392,-4.282
 0.401,-4.325
 0.392,-4.370
 0.384,-4.397
 0.368,-4.454
 0.352,-4.486
 0.336,-4.544
 0.336,-4.567
 0.311,-4.615
 0.319,-4.641
 0.319,-4.632
 0.336,-4.642
 0.352,-4.621
 0.369,-4.626
 0.386,-4.614
 0.402,-4.601
 0.427,-4.600
 0.443,-4.574
 0.451,-4.552
 0.468,-4.536
 0.468,-4.516
 0.494,-4.507
 0.502,-4.492
 0.502,-4.476
 0.502,-4.493
 0.502,-4.472
 0.511,-4.482
 0.510,-4.461
 0.495,-4.470
 0.503,-4.460
 0.494,-4.461
 0.487,-4.464
 0.486,-4.455
 0.487,-4.476
 0.479,-4.470
 0.469,-4.472
 0.462,-4.491
 0.453,-4.508
 0.437,-4.512
 0.428,-4.534
 0.420,-4.540
 0.420,-4.561
 0.411,-4.574
 0.403,-4.580
 0.387,-4.605
 0.378,-4.615
 0.379,-4.629
 0.379,-4.640
 0.362,-4.657
 0.345,-4.652
 0.352,-4.656
 0.361,-4.650
 0.352,-4.635
 0.370,-4.612
 0.387,-4.610
 0.387,-4.593
 0.396,-4.576
 0.412,-4.571
 0.412,-4.572
 0.420,-4.573
 0.428,-4.562
 0.462,-4.572
 0.478,-4.579
 0.486,-4.581
 0.477,-4.586
 0.502,-4.592
 0.511,-4.617
 0.544,-4.596
 0.545,-4.605
 0.545,-4.605
 0.553,-4.623
 0.561,-4.613
 0.577,-4.620
 0.577,-4.625
 0.595,-4.634
 0.594,-4.608
 0.604,-4.645
 0.603,-4.635
 0.595,-4.650
 0.604,-4.644
 0.603,-4.656
 0.603,-4.689
 0.594,-4.701
 0.611,-4.706
 0.611,-4.706
 0.611,-4.706
 0.612,-4.715
 0.603,-4.700
 0.604,-4.721
 0.586,-4.733
 0.586,-4.740
 0.595,-4.743
 0.594,-4.722
 0.588,-4.747
 0.596,-4.720
 0.587,-4.725
 0.587,-4.730
 0.594,-4.722
 0.594,-4.734
 0.586,-4.728
 0.610,-4.718
 0.612,-4.711
 0.611,-4.690
 0.621,-4.694
 0.596,-4.683
 0.603,-4.668
 0.620,-4.673
 0.586,-4.663
 0.603,-4.668
 0.603,-4.656
 0.578,-4.646
 0.579,-4.634
 0.570,-4.619
 0.562,-4.634
 0.553,-4.623
 0.536,-4.618
 0.529,-4.633
 0.511,-4.640
 0.495,-4.645
 0.478,-4.661
 0.461,-4.656
 0.462,-4.682
 0.453,-4.699
 0.445,-4.730
 0.437,-4.752
 0.420,-4.801
 0.412,-4.811
 0.411,-4.839
 0.420,-4.861
 0.403,-4.877
 0.394,-4.899
 0.411,-4.920
 0.427,-4.916
 0.420,-4.931
 0.428,-4.942
 0.436,-4.954
 0.452,-4.987
 0.452,-4.982
 0.486,-4.997
 0.503,-5.007
 0.511,-5.008
 0.520,-5.040
 0.527,-5.036
 0.536,-5.046
 0.544,-5.047
 0.527,-5.042
 0.536,-5.042
 0.502,-5.020
 0.511,-5.036
 0.494,-5.040
 0.485,-5.036
 0.486,-5.046
 0.469,-5.052
 0.452,-5.057
 0.452,-5.090
 0.444,-5.079
 0.444,-5.116
 0.435,-5.133
 0.427,-5.149
 0.418,-5.154
 0.410,-5.160
 0.394,-5.197
 0.385,-5.182
 0.361,-5.197
 0.361,-5.192
 0.344,-5.175
 0.344,-5.164
 0.335,-5.148
 0.319,-5.137
 0.320,-5.126
 0.303,-5.104
 0.287,-5.098
 0.270,-5.088
 0.270,-5.093
 0.261,-5.066
 0.253,-5.039
 0.245,-5.038
 0.228,-4.995
 0.237,-4.995
 0.228,-4.968
 0.220,-4.924
 0.212,-4.907
 0.220,-4.876
 0.220,-4.864
 0.212,-4.849
 0.203,-4.838
 0.220,-4.832
 0.212,-4.805
 0.212,-4.814
 0.220,-4.776
 0.212,-4.761
 0.212,-4.749
 0.195,-4.740
 0.195,-4.719
 0.203,-4.692
 0.203,-4.660
 0.203,-4.620
 0.195,-4.598
 0.187,-4.580
 0.170,-4.543
 0.161,-4.528
 0.153,-4.538
 0.161,-4.519
 0.161,-4.507
 0.178,-4.500
 0.186,-4.518
 0.211,-4.505
 0.202,-4.506
 0.219,-4.523
 0.228,-4.545
 0.235,-4.546
 0.236,-4.588
 0.252,-4.595
 0.252,-4.604
 0.269,-4.621
 0.261,-4.643
 0.269,-4.653
 0.286,-4.649
 0.278,-4.664
 0.261,-4.659
 0.261,-4.671
 0.236,-4.681
 0.236,-4.672
 0.228,-4.703
 0.228,-4.691
 0.228,-4.691
 0.220,-4.706
 0.219,-4.701
 0.212,-4.716
 0.203,-4.734
 0.194,-4.758
 0.178,-4.767
 0.162,-4.751
 0.162,-4.749
 0.154,-4.747
 0.145,-4.760
 0.145,-4.760
 0.146,-4.757
 0.146,-4.778
 0.146,-4.790
 0.137,-4.789
 0.163,-4.793
 0.171,-4.798
 0.179,-4.814
 0.187,-4.820
 0.196,-4.821
 0.196,-4.842
 0.220,-4.838
 0.228,-4.854
 0.228,-4.854
 0.228,-4.837
 0.236,-4.853
 0.245,-4.865
 0.237,-4.869
 0.253,-4.881
 0.261,-4.898
 0.253,-4.909
 0.244,-4.905
 0.244,-4.914
 0.270,-4.908
 0.303,-4.914
 0.311,-4.929
 0.336,-4.930
 0.328,-4.973
 0.336,-4.974
 0.352,-5.002
 0.369,-5.012
 0.377,-5.013
 0.386,-5.045
 0.403,-5.061
 0.410,-5.062
 0.427,-5.100
 0.443,-5.111
 0.452,-5.127
 0.460,-5.133
 0.476,-5.139
 0.477,-5.149
 0.476,-5.127
 0.477,-5.126
 0.493,-5.121
 0.493,-5.133
 0.501,-5.127
 0.509,-5.106
 0.526,-5.112
 0.517,-5.101
 0.518,-5.085
 0.535,-5.079
 0.543,-5.047
 0.543,-5.041
 0.560,-5.020
 0.568,-5.009
 0.585,-4.982
 0.601,-4.956
 0.618,-4.945
 0.627,-4.906
 0.627,-4.906
 0.644,-4.895
 0.626,-4.885
 0.644,-4.895
 0.635,-4.884
 0.643,-4.886
 0.636,-4.868
 0.643,-4.853
 0.652,-4.868
 0.643,-4.841
 0.635,-4.847
 0.644,-4.862
 0.643,-4.853
 0.619,-4.873
 0.619,-4.884
 0.610,-4.874
 0.602,-4.900
 0.577,-4.906
 0.560,-4.922
 0.560,-4.922
 0.544,-4.922
 0.528,-4.927
 0.518,-4.939
 0.502,-4.943
 0.502,-4.955
 0.477,-4.944
 0.469,-4.938
 0.452,-4.921
 0.461,-4.921
 0.460,-4.900
 0.444,-4.883
 0.453,-4.871
 0.461,-4.865
 0.462,-4.859
 0.470,-4.843
 0.461,-4.828
 0.453,-4.834
 0.419,-4.824
 0.411,-4.830
 0.419,-4.808
 0.395,-4.811
 0.379,-4.821
 0.370,-4.821
 0.353,-4.817
 0.345,-4.834
 0.320,-4.823
 0.311,-4.822
 0.311,-4.801
 0.304,-4.805
 0.295,-4.794
 0.270,-4.783
 0.253,-4.799
 0.236,-4.790
 0.212,-4.805
 0.211,-4.816
 0.203,-4.810
 0.187,-4.815
 0.179,-4.821
 0.170,-4.815
 0.162,-4.804
 0.145,-4.820
 0.145,-4.841
 0.129,-4.848
 0.137,-4.868
 0.129,-4.857
 0.129,-4.890
 0.121,-4.917
 0.129,-4.913
 0.120,-4.924
 0.137,-4.940
 0.137,-4.924
 0.146,-4.918
 0.137,-4.935
 0.146,-4.951
 0.154,-4.952
 0.163,-4.962
 0.163,-4.963
 0.171,-4.958
 0.187,-4.978
 0.188,-4.962
 0.204,-4.972
 0.204,-4.972
 0.196,-4.967
 0.196,-4.989
 0.196,-4.979
 0.204,-4.985
 0.212,-4.995
 0.212,-4.990
 0.229,-5.005
 0.229,-5.000
 0.229,-5.016
 0.221,-5.027
 0.229,-5.039
 0.204,-5.076
 0.212,-5.093
 0.195,-5.109
 0.212,-5.119
 0.203,-5.120
 0.221,-5.141
 0.220,-5.153
 0.212,-5.165
 0.245,-5.175
 0.270,-5.143
 0.304,-5.126
 0.321,-5.110
 0.329,-5.104
 0.346,-5.110
 0.345,-5.099
 0.362,-5.121
 0.353,-5.105
 0.354,-5.138
 0.329,-5.153
 0.295,-5.185
 0.212,-5.237
 0.195,-5.266
 0.211,-5.284
 0.220,-5.283
 0.211,-5.261
 0.187,-5.271
 0.179,-5.265
 0.162,-5.260
 0.179,-5.277
 0.203,-5.239
 0.229,-5.228
 0.228,-5.195
 0.245,-5.147
 0.254,-5.114
 0.270,-5.072
 0.287,-5.044
 0.311,-5.024
 0.336,-4.997
 0.353,-4.959
 0.370,-4.921
 0.378,-4.888
 0.403,-4.845
 0.420,-4.801
 0.437,-4.752
 0.452,-4.695
 0.478,-4.661
 0.503,-4.602
 0.512,-4.568
 0.520,-4.514
 0.528,-4.471
 0.520,-4.449
 0.520,-4.412
 0.494,-4.385
 0.503,-4.363
 0.510,-4.348
 0.502,-4.346
 0.503,-4.330
 0.494,-4.308
 0.469,-4.285
 0.452,-4.281
 0.428,-4.279
 0.411,-4.274
 0.394,-4.291
 0.386,-4.296
 0.352,-4.304
 0.328,-4.322
 0.311,-4.350
 0.286,-4.377
 0.244,-4.386
 0.227,-4.382
 0.203,-4.397
 0.186,-4.392
 0.169,-4.376
 0.153,-4.380
 0.127,-4.377
 0.111,-4.385
 0.094,-4.369
 0.069,-4.358
 0.061,-4.364
 0.036,-4.317
 0.028,-4.308
 0.003,-4.264
-0.005,-4.258
 0.003,-4.240
-0.039,-4.221
-0.056,-4.209
-0.072,-4.184
-0.098,-4.157
-0.114,-4.145
-0.123,-4.102
-0.140,-4.082
-0.182,-4.059
-0.215,-4.042
-0.240,-4.048
-0.256,-4.036
-0.264,-4.042
-0.281,-4.038
-0.273,-4.036
-0.290,-4.028
-0.306,-4.023
-0.307,-4.044
-0.306,-4.039
-0.306,-4.056
-0.323,-4.060
-0.331,-4.062
-0.323,-4.072
-0.340,-4.051
-0.323,-4.052
-0.331,-4.029
-0.314,-4.025
-0.315,-4.021
-0.307,-3.995
-0.307,-3.995
-0.290,-4.011
-0.290,-4.003
-0.273,-4.007
-0.256,-4.004
-0.240,-4.008
-0.240,-4.008
-0.231,-4.010
-0.224,-4.028
-0.207,-4.024
-0.198,-4.067
-0.190,-4.061
-0.165,-4.080
-0.173,-4.086
-0.156,-4.094
-0.139,-4.098
-0.123,-4.094
-0.090,-4.094
-0.074,-4.087
-0.040,-4.083
-0.024,-4.079
-0.007,-4.095
 0.035,-4.094
 0.052,-4.110
 0.076,-4.100
 0.076,-4.104
 0.101,-4.119
 0.118,-4.115
 0.135,-4.140
 0.160,-4.142
 0.193,-4.158
 0.201,-4.164
 0.226,-4.183
 0.251,-4.202
 0.267,-4.214
 0.284,-4.230
 0.301,-4.251
 0.309,-4.253
 0.309,-4.278
 0.309,-4.301
 0.317,-4.328
 0.309,-4.355
 0.300,-4.356
 0.292,-4.387
 0.292,-4.399
 0.275,-4.415
 0.259,-4.419
 0.259,-4.415
 0.251,-4.425
 0.242,-4.431
 0.242,-4.431
 0.226,-4.435
 0.217,-4.425
 0.218,-4.429
 0.209,-4.431
 0.201,-4.457
 0.193,-4.467
 0.167,-4.485
 0.151,-4.510
 0.134,-4.517
 0.093,-4.555
 0.084,-4.549
 0.059,-4.554
 0.034,-4.562
 0.034,-4.541
 0.026,-4.551
 0.018,-4.541
 0.001,-4.515
 0.001,-4.516
-0.015,-4.495
-0.015,-4.483
 0.001,-4.476
-0.007,-4.449
-0.007,-4.442
-0.007,-4.433
-0.015,-4.427
 0.010,-4.433
-0.007,-4.424
 0.018,-4.427
 0.010,-4.412
 0.010,-4.400
 0.018,-4.394
 0.035,-4.369
 0.035,-4.378
 0.043,-4.347
 0.051,-4.342
 0.060,-4.320
 0.084,-4.289
 0.085,-4.281
 0.085,-4.240
 0.093,-4.222
 0.118,-4.196
 0.118,-4.175
 0.134,-4.168
 0.134,-4.127
 0.143,-4.125
 0.135,-4.119
 0.143,-4.093
 0.143,-4.080
 0.142,-4.040
 0.142,-4.027
 0.143,-4.015
 0.126,-3.991
 0.134,-3.976
 0.125,-3.946
 0.109,-3.930
 0.101,-3.923
 0.109,-3.893
 0.093,-3.881
 0.092,-3.877
 0.076,-3.868
 0.076,-3.863
 0.076,-3.863
 0.076,-3.867
 0.067,-3.865
 0.067,-3.878
 0.067,-3.879
 0.059,-3.885
 0.042,-3.889
 0.034,-3.871
 0.042,-3.831
 0.042,-3.814
 0.051,-3.772
 0.068,-3.776
 0.051,-3.764
 0.067,-3.781
 0.051,-3.789
 0.067,-3.798
 0.076,-3.812
 0.084,-3.810
 0.092,-3.824
 0.092,-3.832
 0.092,-3.828
 0.109,-3.836
 0.101,-3.822
 0.101,-3.842
 0.101,-3.842
 0.117,-3.838
 0.117,-3.838
 0.109,-3.840
 0.117,-3.838
 0.134,-3.842
 0.125,-3.844
 0.134,-3.842
 0.142,-3.828
 0.159,-3.832
 0.159,-3.832
 0.150,-3.822
 0.159,-3.808
 0.192,-3.788
 0.192,-3.775
 0.209,-3.779
 0.200,-3.774
 0.217,-3.758
 0.225,-3.728
 0.234,-3.693
 0.234,-3.668
 0.233,-3.619
 0.242,-3.617
 0.250,-3.583
 0.267,-3.584
 0.258,-3.574
 0.275,-3.570
 0.275,-3.558
 0.283,-3.528
 0.291,-3.529
 0.275,-3.512
 0.291,-3.509
 0.300,-3.486
 0.299,-3.466
 0.308,-3.464
 0.300,-3.454
 0.283,-3.450
 0.275,-3.463
 0.266,-3.417
 0.241,-3.411
 0.249,-3.372
 0.216,-3.319
 0.207,-3.284
 0.207,-3.232
 0.198,-3.209
 0.173,-3.170
 0.164,-3.124
 0.147,-3.098
 0.139,-3.053
 0.130,-3.033
 0.130,-3.017
 0.130,-2.997
 0.130,-2.984
 0.138,-2.971
 0.139,-2.975
 0.147,-2.984
 0.147,-2.981
 0.155,-3.007
 0.172,-3.017
 0.172,-3.037
 0.181,-3.046
 0.181,-3.066
 0.198,-3.088
 0.198,-3.098
 0.198,-3.137
 0.207,-3.154
 0.206,-3.180
 0.198,-3.186
 0.207,-3.177
 0.215,-3.161
 0.216,-3.148
 0.207,-3.157
 0.207,-3.144
 0.199,-3.144
 0.207,-3.138
 0.190,-3.134
 0.173,-3.115
 0.173,-3.108
 0.148,-3.095
 0.148,-3.101
 0.139,-3.091
 0.139,-3.104
 0.139,-3.124
 0.140,-3.134
 0.139,-3.170
 0.139,-3.182
 0.148,-3.205
 0.156,-3.218
 0.156,-3.244
 0.173,-3.264
 0.182,-3.290
 0.181,-3.306
 0.182,-3.310
 0.190,-3.316
 0.191,-3.352
 0.174,-3.368
 0.174,-3.381
 0.174,-3.414
 0.166,-3.433
 0.166,-3.469
 0.158,-3.478
 0.150,-3.514
 0.158,-3.531
 0.150,-3.550
 0.142,-3.560
 0.133,-3.579
 0.141,-3.565
 0.142,-3.589
 0.133,-3.566
 0.142,-3.551
 0.142,-3.563
 0.134,-3.553
 0.134,-3.553
 0.117,-3.542
 0.108,-3.536
 0.108,-3.536
 0.092,-3.532
 0.092,-3.527
 0.092,-3.507
 0.058,-3.494
 0.075,-3.478
 0.067,-3.464
 0.067,-3.471
 0.058,-3.474
 0.059,-3.478
 0.075,-3.478
 0.058,-3.474
 0.075,-3.478
 0.075,-3.471
 0.067,-3.471
 0.067,-3.471
 0.083,-3.468
 0.075,-3.481
 0.075,-3.478
 0.067,-3.471
 0.067,-3.484
 0.059,-3.490
 0.059,-3.510
 0.050,-3.480
 0.042,-3.494
 0.042,-3.494
 0.025,-3.490
 0.025,-3.497
 0.025,-3.490
 0.017,-3.484
 0.017,-3.484
 0.000,-3.480
 0.017,-3.471
 0.009,-3.474
 0.009,-3.474
 0.000,-3.460
 0.000,-3.460
 0.017,-3.458
-0.000,-3.438
-0.000,-3.445
 0.008,-3.415
 0.008,-3.428
-0.000,-3.418
-0.008,-3.385
-0.008,-3.389
-0.008,-3.360
-0.025,-3.343
-0.025,-3.318
-0.025,-3.298
-0.034,-3.275
-0.034,-3.256
-0.042,-3.242
-0.050,-3.223
-0.034,-3.203
-0.051,-3.194
-0.051,-3.194
-0.059,-3.168
-0.043,-3.168
-0.034,-3.171
-0.026,-3.168
-0.018,-3.174
-0.026,-3.165
-0.026,-3.171
-0.009,-3.181
 0.007,-3.184
 0.032,-3.191
 0.032,-3.191
 0.049,-3.195
 0.041,-3.214
 0.049,-3.227
 0.033,-3.224
 0.041,-3.230
 0.041,-3.237
 0.033,-3.224
 0.049,-3.227
 0.041,-3.217
 0.041,-3.217
 0.024,-3.221
 0.033,-3.204
 0.024,-3.201
 0.024,-3.201
 0.007,-3.197
-0.001,-3.175
-0.010,-3.145
-0.018,-3.145
-0.010,-3.106
-0.002,-3.100
 0.006,-3.097
 0.006,-3.090
 0.006,-3.090
-0.002,-3.093
 0.007,-3.097
 0.023,-3.084
 0.031,-3.074
 0.040,-3.077
 0.056,-3.058
 0.065,-3.068
 0.073,-3.074
 0.073,-3.084
 0.090,-3.088
 0.098,-3.094
 0.106,-3.101
 0.123,-3.108
 0.123,-3.101
 0.132,-3.114
 0.148,-3.111
 0.140,-3.118
 0.157,-3.121
 0.140,-3.118
 0.157,-3.121
 0.140,-3.105
 0.157,-3.101
 0.140,-3.088
 0.140,-3.085
 0.123,-3.075
 0.131,-3.049
 0.115,-3.046
 0.115,-3.033
 0.098,-3.010
 0.098,-3.016
 0.097,-2.981
 0.089,-2.974
 0.064,-2.970
 0.055,-2.957
 0.039,-2.964
 0.047,-2.951
 0.030,-2.948
 0.039,-2.941
 0.055,-2.938
 0.039,-2.941
 0.047,-2.948
 0.047,-2.948
 0.039,-2.960
 0.047,-2.977
 0.039,-2.984
 0.047,-2.977
 0.030,-2.967
 0.039,-2.947
 0.030,-2.954
 0.030,-2.973
 0.030,-2.967
 0.022,-2.987
 0.014,-2.993
 0.014,-2.987
 0.014,-2.980
 0.014,-2.964
 0.014,-2.967
 0.022,-2.980
 0.014,-2.964
 0.014,-2.983
 0.014,-2.996
 0.006,-3.003
-0.003,-3.012
 0.006,-3.003
-0.002,-3.016
-0.019,-3.015
-0.011,-3.038
-0.003,-3.051
-0.011,-3.051
-0.011,-3.058
-0.019,-3.077
-0.019,-3.109
-0.019,-3.129
-0.018,-3.155
-0.002,-3.178
 0.007,-3.201
 0.007,-3.233
 0.007,-3.253
 0.016,-3.301
 0.016,-3.321
 0.024,-3.344
 0.033,-3.350
 0.024,-3.364
 0.033,-3.367
 0.041,-3.380
 0.033,-3.386
 0.025,-3.396
 0.033,-3.406
 0.008,-3.405
 0.017,-3.415
 0.008,-3.418
-0.001,-3.415
-0.008,-3.399
-0.009,-3.383
-0.026,-3.386
-0.025,-3.383
-0.034,-3.386
-0.034,-3.386
-0.042,-3.385
-0.042,-3.356
-0.042,-3.343
-0.050,-3.337
-0.051,-3.324
-0.059,-3.314
-0.067,-3.308
-0.059,-3.314
-0.067,-3.304
-0.067,-3.288
-0.076,-3.291
-0.076,-3.298
-0.076,-3.298
-0.084,-3.304
-0.084,-3.324
-0.084,-3.317
-0.084,-3.324
-0.075,-3.346
-0.084,-3.369
-0.092,-3.379
-0.092,-3.404
-0.092,-3.444
-0.092,-3.457
-0.092,-3.473
-0.092,-3.492
-0.108,-3.521
-0.100,-3.535
-0.100,-3.548
-0.116,-3.580
-0.125,-3.590
-0.116,-3.609
-0.116,-3.629
-0.108,-3.635
-0.108,-3.651
-0.100,-3.665
-0.107,-3.664
-0.099,-3.681
-0.107,-3.684
-0.107,-3.696
-0.099,-3.706
-0.091,-3.713
-0.099,-3.730
-0.091,-3.740
-0.091,-3.773
-0.074,-3.789
-0.090,-3.798
-0.090,-3.830
-0.082,-3.833
-0.090,-3.859
-0.090,-3.863
-0.082,-3.853
-0.082,-3.893
-0.082,-3.873
-0.073,-3.879
-0.082,-3.889
-0.073,-3.891
-0.065,-3.889
-0.073,-3.879
-0.073,-3.879
-0.065,-3.890
-0.073,-3.875
-0.082,-3.873
-0.073,-3.830
-0.090,-3.830
-0.073,-3.818
-0.082,-3.788
-0.082,-3.792
-0.082,-3.772
-0.082,-3.775
-0.099,-3.759
-0.107,-3.745
-0.099,-3.743
-0.099,-3.739
-0.099,-3.727
-0.091,-3.720
-0.099,-3.723
-0.108,-3.724
-0.091,-3.733
-0.099,-3.727
-0.091,-3.733
-0.082,-3.735
-0.099,-3.743
-0.099,-3.739
-0.099,-3.743
-0.099,-3.747
-0.124,-3.733
-0.116,-3.759
-0.124,-3.757
-0.124,-3.765
-0.116,-3.759
-0.107,-3.769
-0.124,-3.780
-0.124,-3.773
-0.116,-3.783
-0.132,-3.791
-0.124,-3.790
-0.123,-3.794
-0.115,-3.784
-0.123,-3.781
-0.132,-3.779
-0.132,-3.775
-0.132,-3.779
-0.140,-3.797
-0.157,-3.814
-0.148,-3.820
-0.165,-3.836
-0.165,-3.844
-0.174,-3.850
-0.190,-3.866
-0.198,-3.872
-0.215,-3.884
-0.215,-3.921
-0.223,-3.923
-0.232,-3.953
-0.240,-3.959
-0.248,-3.961
-0.232,-3.986
-0.240,-3.987
-0.257,-4.024
-0.265,-4.013
-0.256,-4.016
-0.265,-4.030
-0.289,-4.015
-0.299,-4.001
-0.290,-3.991
-0.299,-3.981
-0.290,-3.979
-0.282,-3.965
-0.291,-3.946
-0.265,-3.940
-0.282,-3.916
-0.257,-3.906
-0.248,-3.876
-0.240,-3.862
-0.241,-3.853
-0.224,-3.821
-0.224,-3.808
-0.224,-3.800
-0.215,-3.791
-0.215,-3.771
-0.198,-3.747
-0.198,-3.722
-0.198,-3.702
-0.182,-3.694
-0.182,-3.681
-0.174,-3.667
-0.157,-3.671
-0.157,-3.664
-0.157,-3.684
-0.149,-3.677
-0.149,-3.690
-0.149,-3.710
-0.141,-3.696
-0.141,-3.716
-0.141,-3.716
-0.157,-3.712
-0.149,-3.710
-0.141,-3.696
-0.141,-3.704
-0.132,-3.694
-0.133,-3.690
-0.124,-3.688
-0.124,-3.680
-0.124,-3.668
-0.116,-3.661
-0.107,-3.664
-0.116,-3.649
-0.132,-3.641
-0.124,-3.655
-0.133,-3.649
-0.124,-3.635
-0.141,-3.643
-0.132,-3.641
-0.124,-3.635
-0.124,-3.655
-0.132,-3.654
-0.141,-3.668
-0.132,-3.674
-0.133,-3.681
-0.141,-3.675
-0.141,-3.675
-0.158,-3.691
-0.149,-3.694
-0.174,-3.720
-0.174,-3.712
-0.190,-3.708
-0.190,-3.716
-0.199,-3.706
-0.208,-3.707
-0.216,-3.697
-0.215,-3.693
-0.224,-3.703
-0.232,-3.689
-0.241,-3.699
-0.224,-3.667
-0.241,-3.667
-0.241,-3.674
-0.241,-3.666
-0.249,-3.660
-0.241,-3.667
-0.249,-3.657
-0.258,-3.670
-0.257,-3.663
-0.257,-3.654
-0.241,-3.654
-0.249,-3.640
-0.241,-3.641
-0.241,-3.634
-0.233,-3.632
-0.233,-3.631
-0.240,-3.618
-0.241,-3.638
-0.240,-3.630
-0.232,-3.612
-0.232,-3.615
-0.240,-3.618
-0.241,-3.638
-0.240,-3.630
-0.249,-3.640
-0.249,-3.628
-0.249,-3.660
-0.249,-3.660
-0.240,-3.655
-0.241,-3.667
-0.241,-3.670
-0.224,-3.658
-0.233,-3.659
-0.232,-3.664
-0.241,-3.690
-0.232,-3.709
-0.239,-3.720
-0.248,-3.718
-0.248,-3.718
-0.232,-3.726
-0.241,-3.719
-0.249,-3.745
-0.257,-3.772
-0.256,-3.776
-0.265,-3.807
-0.257,-3.825
-0.273,-3.841
-0.299,-3.859
-0.298,-3.883
-0.307,-3.893
-0.306,-3.906
-0.298,-3.896
-0.298,-3.916
-0.298,-3.899
-0.298,-3.904
-0.290,-3.910
-0.281,-3.912
-0.290,-3.910
-0.290,-3.890
-0.282,-3.887
-0.282,-3.875
-0.290,-3.865
-0.282,-3.859
-0.289,-3.841
-0.273,-3.845
-0.273,-3.845
-0.273,-3.825
-0.265,-3.823
-0.264,-3.815
-0.248,-3.835
-0.273,-3.825
-0.273,-3.825
-0.273,-3.833
-0.257,-3.812
-0.249,-3.810
-0.249,-3.810
-0.257,-3.813
-0.232,-3.807
-0.231,-3.779
-0.232,-3.787
-0.232,-3.754
-0.215,-3.738
-0.215,-3.726
-0.207,-3.712
-0.199,-3.710
-0.182,-3.693
-0.191,-3.683
-0.183,-3.677
-0.182,-3.673
-0.191,-3.691
-0.182,-3.681
-0.191,-3.671
-0.182,-3.661
-0.190,-3.663
-0.182,-3.641
-0.182,-3.641
-0.174,-3.635
-0.174,-3.622
-0.182,-3.608
-0.183,-3.616
-0.182,-3.596
-0.183,-3.612
-0.191,-3.606
-0.191,-3.618
-0.183,-3.616
-0.191,-3.625
-0.191,-3.618
-0.191,-3.618
-0.182,-3.621
-0.182,-3.628
-0.191,-3.618
-0.182,-3.628
-0.183,-3.632
-0.166,-3.641
-0.166,-3.654
-0.157,-3.656
-0.165,-3.666
-0.174,-3.687
-0.183,-3.664
-0.200,-3.692
-0.191,-3.698
-0.191,-3.707
-0.207,-3.703
-0.215,-3.698
-0.223,-3.712
-0.223,-3.692
-0.224,-3.667
-0.232,-3.668
-0.232,-3.644
-0.249,-3.631
-0.257,-3.621
-0.257,-3.634
-0.257,-3.621
-0.265,-3.608
-0.290,-3.605
-0.291,-3.588
-0.307,-3.568
-0.308,-3.572
-0.332,-3.542
-0.325,-3.543
-0.333,-3.517
-0.324,-3.523
-0.333,-3.500
-0.332,-3.509
-0.341,-3.507
-0.341,-3.507
-0.358,-3.490
-0.350,-3.500
-0.349,-3.493
-0.374,-3.490
-0.366,-3.477
-0.374,-3.470
-0.383,-3.467
-0.374,-3.454
-0.392,-3.445
-0.392,-3.428
-0.392,-3.445
-0.384,-3.422
-0.392,-3.428
-0.391,-3.422
-0.390,-3.427
-0.389,-3.440
-0.390,-3.431
-0.390,-3.414
-0.408,-3.412
-0.408,-3.392
-0.417,-3.389
-0.409,-3.386
-0.409,-3.366
-0.418,-3.376
-0.408,-3.360
-0.408,-3.360
-0.416,-3.350
-0.399,-3.343
-0.399,-3.347
-0.391,-3.324
-0.391,-3.311
-0.376,-3.302
-0.375,-3.295
-0.367,-3.289
-0.374,-3.288
-0.366,-3.295
-0.382,-3.278
-0.382,-3.275
-0.375,-3.243
-0.375,-3.230
-0.376,-3.201
-0.376,-3.185
-0.367,-3.172
-0.376,-3.168
-0.375,-3.162
-0.375,-3.162
-0.375,-3.165
-0.375,-3.155
-0.367,-3.172
-0.375,-3.162
-0.375,-3.162
-0.368,-3.175
-0.359,-3.178
-0.359,-3.198
-0.325,-3.211
-0.342,-3.227
-0.334,-3.253
-0.316,-3.266
-0.309,-3.280
-0.316,-3.286
-0.308,-3.296
-0.308,-3.312
-0.299,-3.328
-0.300,-3.335
-0.308,-3.344
-0.292,-3.348
-0.292,-3.335
-0.300,-3.338
-0.301,-3.358
-0.291,-3.341
-0.299,-3.348
-0.308,-3.357
-0.291,-3.354
-0.300,-3.351
-0.283,-3.335
-0.292,-3.328
-0.275,-3.332
-0.291,-3.341
-0.284,-3.355
-0.275,-3.358
-0.283,-3.368
-0.283,-3.367
-0.291,-3.374
-0.283,-3.387
-0.266,-3.400
-0.266,-3.400
-0.266,-3.420
-0.266,-3.413
-0.258,-3.446
-0.258,-3.439
-0.257,-3.475
-0.257,-3.475
-0.240,-3.504
-0.249,-3.534
-0.257,-3.553
-0.265,-3.595
-0.274,-3.621
-0.273,-3.647
-0.265,-3.697
-0.264,-3.721
-0.281,-3.758
-0.290,-3.800
-0.297,-3.819
-0.315,-3.859
-0.314,-3.883
-0.323,-3.910
-0.322,-3.942
-0.322,-3.950
-0.322,-3.975
-0.314,-3.961
-0.322,-3.967
-0.314,-3.965
-0.322,-3.954
-0.331,-3.944
-0.339,-3.950
-0.348,-3.960
-0.348,-3.960
-0.355,-3.954
-0.355,-3.954
-0.346,-3.940
-0.338,-3.922
-0.356,-3.913
-0.372,-3.877
-0.373,-3.852
-0.373,-3.832
-0.373,-3.832
-0.373,-3.832
-0.372,-3.824
-0.373,-3.828
-0.373,-3.812
-0.381,-3.806
-0.373,-3.799
-0.373,-3.779
-0.373,-3.787
-0.373,-3.763
-0.373,-3.763
-0.365,-3.773
-0.372,-3.759
-0.381,-3.757
-0.373,-3.747
-0.381,-3.740
-0.373,-3.734
-0.373,-3.714
-0.382,-3.708
-0.365,-3.688
-0.357,-3.682
-0.365,-3.659
-0.365,-3.659
-0.349,-3.663
-0.357,-3.666
-0.357,-3.669
-0.357,-3.686
-0.340,-3.698
-0.340,-3.718
-0.340,-3.731
-0.340,-3.751
-0.341,-3.787
-0.340,-3.812
-0.339,-3.861
-0.339,-3.902
-0.348,-3.948
-0.348,-3.968
-0.356,-3.995
-0.356,-4.015
-0.364,-4.061
-0.363,-4.090
-0.371,-4.113
-0.363,-4.131
-0.355,-4.133
-0.346,-4.139
-0.339,-4.141
-0.322,-4.158
-0.330,-4.176
-0.321,-4.182
-0.321,-4.194
-0.330,-4.208
-0.321,-4.214
-0.321,-4.214
-0.322,-4.223
-0.313,-4.208
-0.313,-4.213
-0.322,-4.202
-0.305,-4.198
-0.297,-4.197
-0.296,-4.172
-0.288,-4.170
-0.272,-4.154
-0.272,-4.134
-0.255,-4.138
-0.238,-4.102
-0.239,-4.089
-0.214,-4.067
-0.222,-4.041
-0.222,-4.029
-0.197,-3.994
-0.205,-3.992
-0.180,-3.954
-0.197,-3.950
-0.189,-3.899
-0.181,-3.885
-0.173,-3.883
-0.173,-3.850
-0.172,-3.846
-0.173,-3.830
-0.164,-3.816
-0.173,-3.814
-0.173,-3.801
-0.173,-3.785
-0.182,-3.786
-0.190,-3.769
-0.206,-3.785
-0.214,-3.771
-0.230,-3.759
-0.231,-3.767
-0.222,-3.753
-0.231,-3.755
-0.248,-3.758
-0.257,-3.768
-0.265,-3.782
-0.257,-3.796
-0.256,-3.813
-0.248,-3.852
-0.264,-3.868
-0.265,-3.892
-0.273,-3.894
-0.281,-3.924
-0.289,-3.963
-0.306,-3.991
-0.306,-4.012
-0.322,-4.040
-0.331,-4.054
-0.331,-4.054
-0.355,-4.076
-0.364,-4.086
-0.371,-4.084
-0.371,-4.116
-0.354,-4.117
-0.362,-4.123
-0.371,-4.125
-0.363,-4.111
-0.355,-4.113
-0.355,-4.109
-0.355,-4.105
-0.355,-4.113
-0.355,-4.105
-0.347,-4.099
-0.347,-4.099
-0.355,-4.105
-0.355,-4.109
-0.338,-4.084
-0.346,-4.078
-0.363,-4.070
-0.362,-4.050
-0.355,-4.023
-0.372,-4.007
-0.365,-4.009
-0.365,-4.009
-0.373,-4.011
-0.381,-4.017
-0.388,-4.015
-0.397,-4.029
-0.397,-4.013
-0.405,-4.007
-0.415,-4.009
-0.406,-3.995
-0.406,-4.015
-0.406,-4.027
-0.414,-4.029
-0.414,-4.049
-0.413,-4.053
-0.405,-4.084
-0.405,-4.084
-0.421,-4.100
-0.413,-4.094
-0.429,-4.106
-0.430,-4.114
-0.430,-4.114
-0.447,-4.134
-0.464,-4.155
-0.471,-4.152
-0.496,-4.162
-0.504,-4.164
-0.512,-4.170
-0.538,-4.168
-0.545,-4.137
-0.572,-4.156
-0.580,-4.145
-0.605,-4.155
-0.614,-4.165
-0.629,-4.173
-0.647,-4.177
-0.679,-4.189
-0.686,-4.203
-0.679,-4.201
-0.670,-4.207
-0.672,-4.203
-0.689,-4.187
-0.697,-4.177
-0.690,-4.175
-0.680,-4.173
-0.680,-4.173
-0.670,-4.142
-0.662,-4.116
-0.647,-4.076
-0.629,-4.039
-0.622,-4.025
-0.614,-3.998
-0.605,-3.972
-0.606,-3.944
-0.597,-3.913
-0.597,-3.901
-0.588,-3.855
-0.597,-3.836
-0.607,-3.801
-0.606,-3.761
-0.615,-3.759
-0.615,-3.726
-0.607,-3.716
-0.607,-3.703
-0.606,-3.664
-0.616,-3.661
-0.598,-3.637
-0.598,-3.637
-0.598,-3.625
-0.582,-3.605
-0.583,-3.580
-0.574,-3.570
-0.574,-3.550
-0.583,-3.547
-0.574,-3.518
-0.574,-3.505
-0.582,-3.495
-0.583,-3.482
-0.566,-3.466
-0.573,-3.462
-0.558,-3.456
-0.550,-3.446
-0.542,-3.443
-0.551,-3.440
-0.541,-3.424
-0.534,-3.421
-0.533,-3.414
-0.524,-3.401
-0.524,-3.388
-0.532,-3.358
-0.534,-3.352
-0.534,-3.320
-0.525,-3.330
-0.517,-3.320
-0.532,-3.297
-0.534,-3.320
-0.525,-3.307
-0.534,-3.320
-0.518,-3.323
-0.524,-3.323
-0.534,-3.320
-0.517,-3.317
-0.517,-3.317
-0.517,-3.336
-0.508,-3.323
-0.500,-3.353
-0.500,-3.349
-0.508,-3.356
-0.509,-3.375
-0.508,-3.388
-0.501,-3.401
-0.491,-3.372
-0.483,-3.382
-0.484,-3.369
-0.483,-3.366
-0.492,-3.359
-0.467,-3.350
-0.475,-3.343
-0.459,-3.327
-0.458,-3.307
-0.467,-3.304
-0.467,-3.284
-0.475,-3.278
-0.468,-3.272
-0.476,-3.246
-0.476,-3.233
-0.476,-3.213
-0.468,-3.207
-0.468,-3.174
-0.467,-3.187
-0.459,-3.177
-0.450,-3.165
-0.450,-3.155
-0.444,-3.139
-0.435,-3.129
-0.436,-3.135
-0.426,-3.119
-0.426,-3.116
-0.442,-3.096
-0.433,-3.097
-0.442,-3.077
-0.442,-3.061
-0.435,-3.044
-0.436,-3.018
-0.435,-3.012
-0.435,-3.012
-0.426,-2.999
-0.435,-2.992
-0.435,-2.979
-0.426,-2.967
-0.436,-2.930
-0.435,-2.895
-0.435,-2.846
-0.452,-2.762
-0.451,-2.640
-0.453,-2.519
-0.488,-2.424
-0.481,-2.341
-0.490,-2.269
-0.490,-2.250
-0.482,-2.260
-0.465,-2.290
-0.465,-2.355
-0.456,-2.411
-0.438,-2.473
-0.430,-2.548
-0.421,-2.619
-0.405,-2.687
-0.380,-2.745
-0.387,-2.785
-0.388,-2.823
-0.370,-2.866
-0.371,-2.918
-0.362,-2.960
-0.344,-2.983
-0.345,-3.022
-0.328,-3.032
-0.335,-3.071
-0.327,-3.062
-0.310,-3.062
-0.311,-3.055
-0.303,-3.016
-0.295,-3.009
-0.287,-2.983
-0.286,-2.945
-0.269,-2.929
-0.261,-2.865
-0.253,-2.829
-0.253,-2.764
-0.262,-2.728
-0.263,-2.701
-0.254,-2.672
-0.263,-2.668
-0.254,-2.659
-0.270,-2.669
-0.262,-2.695
-0.253,-2.718
-0.262,-2.760
-0.245,-2.796
-0.262,-2.857
-0.253,-2.919
-0.261,-2.987
-0.278,-3.088
-0.286,-3.192
-0.293,-3.289
-0.309,-3.402
-0.300,-3.486
-0.309,-3.565
-0.300,-3.587
-0.283,-3.636
-0.275,-3.670
-0.258,-3.699
-0.258,-3.722
-0.258,-3.735
-0.267,-3.757
-0.266,-3.794
-0.257,-3.829
-0.266,-3.871
-0.257,-3.894
-0.257,-3.922
-0.249,-3.953
-0.257,-3.975
-0.257,-4.011
-0.240,-4.028
-0.248,-4.026
-0.239,-4.032
-0.247,-4.018
-0.240,-3.992
-0.232,-3.957
-0.232,-3.924
-0.224,-3.906
-0.224,-3.865
-0.224,-3.833
-0.231,-3.767
-0.240,-3.704
-0.249,-3.637
-0.257,-3.565
-0.276,-3.495
-0.276,-3.433
-0.284,-3.407
-0.293,-3.400
-0.292,-3.357
-0.309,-3.377
-0.325,-3.373
-0.325,-3.373
-0.334,-3.354
-0.342,-3.341
-0.368,-3.341
-0.384,-3.337
-0.384,-3.318
-0.401,-3.321
-0.417,-3.298
-0.417,-3.285
-0.434,-3.268
-0.442,-3.255
-0.451,-3.255
-0.458,-3.242
-0.476,-3.245
-0.476,-3.229
-0.476,-3.245
-0.493,-3.249
-0.508,-3.258
-0.517,-3.271
-0.525,-3.293
-0.542,-3.293
-0.551,-3.303
-0.566,-3.312
-0.567,-3.319
-0.601,-3.339
-0.600,-3.351
-0.600,-3.352
-0.591,-3.351
-0.599,-3.345
-0.600,-3.328
-0.600,-3.332
-0.609,-3.329
-0.608,-3.306
-0.617,-3.299
-0.617,-3.283
-0.634,-3.254
-0.627,-3.254
-0.618,-3.241
-0.627,-3.234
-0.617,-3.237
-0.625,-3.241
-0.634,-3.234
-0.641,-3.221
-0.634,-3.202
-0.626,-3.195
-0.651,-3.172
-0.677,-3.169
-0.692,-3.178
-0.710,-3.201
-0.734,-3.220
-0.733,-3.246
-0.724,-3.253
-0.716,-3.259
-0.718,-3.269
-0.701,-3.269
-0.710,-3.279
-0.693,-3.295
-0.667,-3.298
-0.651,-3.302
-0.626,-3.305
-0.600,-3.280
-0.568,-3.267
-0.551,-3.248
-0.518,-3.239
-0.502,-3.206
-0.485,-3.206
-0.461,-3.203
-0.443,-3.181
-0.418,-3.175
-0.417,-3.168
-0.426,-3.158
-0.443,-3.161
-0.442,-3.142
-0.435,-3.142
-0.402,-3.109
-0.385,-3.093
-0.369,-3.064
-0.352,-3.042
-0.344,-3.035
-0.351,-3.022
-0.327,-3.013
-0.310,-2.984
-0.285,-2.942
-0.261,-2.909
-0.245,-2.880
-0.220,-2.825
-0.195,-2.786
-0.178,-2.777
-0.153,-2.752
-0.136,-2.730
-0.128,-2.723
-0.119,-2.706
-0.119,-2.687
-0.112,-2.686
-0.112,-2.667
-0.112,-2.667
-0.103,-2.660
-0.103,-2.671
-0.111,-2.700
-0.120,-2.703
-0.128,-2.729
-0.136,-2.771
-0.153,-2.800
-0.161,-2.845
-0.177,-2.907
-0.185,-2.965
-0.193,-3.024
-0.193,-3.082
-0.202,-3.144
-0.201,-3.205
-0.226,-3.277
-0.234,-3.335
-0.258,-3.390
-0.275,-3.478
-0.308,-3.539
-0.333,-3.594
-0.366,-3.659
-0.390,-3.694
-0.391,-3.746
-0.390,-3.755
-0.382,-3.765
-0.390,-3.779
-0.382,-3.752
-0.366,-3.744
-0.366,-3.744
-0.358,-3.754
-0.350,-3.761
-0.348,-3.769
-0.340,-3.776
-0.348,-3.782
-0.349,-3.789
-0.341,-3.783
-0.340,-3.763
-0.349,-3.764
-0.341,-3.734
-0.341,-3.718
-0.348,-3.688
-0.348,-3.681
-0.340,-3.662
-0.340,-3.629
-0.349,-3.594
-0.350,-3.549
-0.367,-3.532
-0.383,-3.516
-0.375,-3.470
-0.384,-3.448
-0.392,-3.425
-0.392,-3.389
-0.410,-3.367
-0.433,-3.349
-0.425,-3.327
-0.442,-3.310
-0.441,-3.271
-0.417,-3.256
-0.417,-3.220
-0.401,-3.191
-0.392,-3.168
-0.384,-3.155
-0.376,-3.152
-0.350,-3.139
-0.351,-3.142
-0.342,-3.152
-0.342,-3.162
-0.326,-3.166
-0.316,-3.149
-0.317,-3.140
-0.309,-3.117
-0.309,-3.097
-0.309,-3.071
-0.318,-3.029
-0.335,-3.032
-0.335,-3.013
-0.334,-2.993
-0.344,-2.973
-0.352,-2.961
-0.360,-2.941
-0.377,-2.924
-0.385,-2.895
-0.402,-2.879
-0.410,-2.834
-0.411,-2.775
-0.403,-2.722
-0.403,-2.657
-0.404,-2.611
-0.395,-2.567
-0.387,-2.525
-0.395,-2.497
-0.386,-2.436
-0.395,-2.402
-0.403,-2.360
-0.413,-2.342
-0.430,-2.312
-0.437,-2.314
-0.447,-2.309
-0.454,-2.311
-0.463,-2.339
-0.471,-2.346
-0.478,-2.385
-0.496,-2.406
-0.495,-2.452
-0.512,-2.501
-0.512,-2.533
-0.511,-2.579
-0.520,-2.624
-0.527,-2.690
-0.536,-2.738
-0.552,-2.783
-0.576,-2.836
-0.585,-2.881
-0.601,-2.907
-0.610,-2.952
-0.610,-2.984
-0.634,-3.007
-0.635,-3.010
-0.617,-3.020
-0.626,-3.046
-0.634,-3.036
-0.625,-3.043
-0.635,-3.042
-0.644,-3.036
-0.644,-3.055
-0.643,-3.052
-0.634,-3.055
-0.642,-3.062
-0.633,-3.065
-0.626,-3.065
-0.610,-3.069
-0.611,-3.056
-0.594,-3.072
-0.585,-3.075
-0.585,-3.095
-0.576,-3.115
-0.567,-3.118
-0.567,-3.137
-0.550,-3.151
-0.542,-3.164
-0.525,-3.180
-0.517,-3.219
-0.509,-3.249
-0.508,-3.274
-0.517,-3.320
-0.517,-3.353
-0.516,-3.398
-0.508,-3.424
-0.489,-3.462
-0.490,-3.502
-0.473,-3.498
-0.473,-3.498
-0.474,-3.506
-0.465,-3.496
-0.474,-3.509
-0.465,-3.496
-0.481,-3.492
-0.482,-3.512
-0.506,-3.482
-0.499,-3.463
-0.508,-3.440
-0.516,-3.430
-0.525,-3.431
-0.532,-3.430
-0.558,-3.444
-0.566,-3.482
-0.565,-3.495
-0.582,-3.511
-0.564,-3.520
-0.573,-3.534
-0.565,-3.544
-0.565,-3.540
-0.574,-3.553
-0.572,-3.562
-0.574,-3.557
-0.582,-3.563
-0.582,-3.579
-0.583,-3.587
-0.590,-3.602
-0.599,-3.628
-0.605,-3.627
-0.597,-3.634
-0.597,-3.621
-0.589,-3.611
-0.590,-3.606
-0.590,-3.586
-0.590,-3.586
-0.598,-3.580
-0.589,-3.566
-0.599,-3.567
-0.607,-3.570
-0.615,-3.563
-0.624,-3.573
-0.623,-3.566
-0.632,-3.576
-0.623,-3.566
-0.639,-3.549
-0.640,-3.537
-0.656,-3.533
-0.666,-3.530
-0.673,-3.536
-0.690,-3.553
-0.699,-3.563
-0.714,-3.539
-0.732,-3.562
-0.748,-3.575
-0.765,-3.575
-0.766,-3.594
-0.789,-3.597
-0.791,-3.604
-0.781,-3.607
-0.773,-3.613
-0.757,-3.617
-0.773,-3.613
-0.774,-3.620
-0.765,-3.607
-0.748,-3.623
-0.757,-3.617
-0.739,-3.613
-0.749,-3.627
-0.756,-3.629
-0.756,-3.646
-0.748,-3.672
-0.739,-3.662
-0.742,-3.677
-0.723,-3.686
-0.723,-3.686
-0.706,-3.715
-0.721,-3.724
-0.713,-3.734
-0.696,-3.730
-0.689,-3.744
-0.682,-3.729
-0.680,-3.722
-0.673,-3.739
-0.672,-3.744
-0.655,-3.761
-0.664,-3.771
-0.654,-3.773
-0.655,-3.781
-0.672,-3.797
-0.664,-3.803
-0.655,-3.813
-0.671,-3.822
-0.671,-3.842
-0.678,-3.828
-0.671,-3.842
-0.697,-3.855
-0.688,-3.858
-0.689,-3.862
-0.688,-3.854
-0.695,-3.860
-0.688,-3.858
-0.696,-3.847
-0.706,-3.813
-0.722,-3.776
-0.748,-3.705
-0.749,-3.676
-0.755,-3.642
-0.774,-3.617
-0.765,-3.574
-0.791,-3.555
-0.783,-3.545
-0.781,-3.522
-0.790,-3.516
-0.782,-3.489
-0.774,-3.487
-0.759,-3.461
-0.750,-3.432
-0.734,-3.435
-0.741,-3.406
-0.733,-3.396
-0.732,-3.376
-0.723,-3.350
-0.734,-3.334
-0.716,-3.298
-0.717,-3.286
-0.701,-3.237
-0.683,-3.214
-0.676,-3.195
-0.666,-3.166
-0.659,-3.146
-0.659,-3.147
-0.650,-3.137
-0.634,-3.140
-0.608,-3.144
-0.617,-3.153
-0.609,-3.163
-0.592,-3.192
-0.584,-3.206
-0.566,-3.215
-0.559,-3.245
-0.541,-3.274
-0.549,-3.293
-0.533,-3.336
-0.532,-3.365
-0.525,-3.395
-0.524,-3.408
-0.532,-3.430
-0.524,-3.440
-0.522,-3.449
-0.515,-3.430
-0.498,-3.427
-0.498,-3.427
-0.498,-3.427
-0.472,-3.414
-0.474,-3.428
-0.475,-3.402
-0.475,-3.389
-0.459,-3.373
-0.474,-3.363
-0.474,-3.343
-0.473,-3.320
-0.472,-3.284
-0.491,-3.259
-0.465,-3.200
-0.466,-3.174
-0.467,-3.148
-0.467,-3.129
-0.475,-3.090
-0.474,-3.080
-0.483,-3.074
-0.474,-3.048
-0.482,-3.022
-0.501,-2.995
-0.492,-2.972
-0.518,-2.966
-0.517,-2.946
-0.526,-2.936
-0.526,-2.923
-0.542,-2.933
-0.542,-2.953
-0.559,-2.936
-0.542,-2.933
-0.559,-2.936
-0.558,-2.949
-0.551,-2.946
-0.550,-2.959
-0.567,-2.962
-0.568,-2.981
-0.559,-3.001
-0.551,-3.027
-0.542,-3.050
-0.542,-3.082
-0.534,-3.112
-0.533,-3.122
-0.550,-3.157
-0.541,-3.177
-0.540,-3.193
-0.524,-3.197
-0.540,-3.193
-0.542,-3.203
-0.566,-3.190
-0.573,-3.190
-0.599,-3.203
-0.607,-3.196
-0.642,-3.202
-0.650,-3.192
-0.684,-3.192
-0.700,-3.208
-0.707,-3.191
-0.740,-3.172
-0.757,-3.155
-0.773,-3.139
-0.792,-3.116
-0.800,-3.090
-0.810,-3.086
-0.817,-3.090
-0.825,-3.096
-0.834,-3.106
-0.848,-3.132
-0.867,-3.138
-0.866,-3.135
-0.875,-3.144
-0.876,-3.151
-0.874,-3.141
-0.875,-3.148
-0.883,-3.138
-0.891,-3.161
-0.900,-3.154
-0.899,-3.167
-0.900,-3.187
-0.899,-3.199
-0.916,-3.216
-0.900,-3.219
-0.907,-3.238
-0.908,-3.245
-0.891,-3.258
-0.924,-3.274
-0.900,-3.284
-0.906,-3.303
-0.909,-3.326
-0.899,-3.329
-0.915,-3.345
-0.900,-3.349
-0.898,-3.342
-0.908,-3.339
-0.891,-3.323
-0.882,-3.313
-0.874,-3.307
-0.864,-3.307
-0.865,-3.297
-0.857,-3.271
-0.850,-3.252
-0.844,-3.236
-0.826,-3.216
-0.827,-3.220
-0.799,-3.217
-0.790,-3.204
-0.799,-3.197
-0.782,-3.178
-0.775,-3.162
-0.784,-3.139
-0.767,-3.123
-0.751,-3.126
-0.733,-3.116
-0.717,-3.107
-0.699,-3.117
-0.683,-3.120
-0.675,-3.114
-0.684,-3.104
-0.659,-3.117
-0.659,-3.098
-0.633,-3.104
-0.617,-3.124
-0.617,-3.105
-0.593,-3.102
-0.584,-3.105
-0.576,-3.099
-0.576,-3.098
-0.566,-3.102
-0.551,-3.109
-0.525,-3.096
-0.534,-3.125
-0.509,-3.115
-0.509,-3.128
-0.509,-3.151
-0.492,-3.145
-0.492,-3.164
-0.484,-3.190
-0.467,-3.203
-0.467,-3.223
-0.458,-3.246
-0.442,-3.262
-0.434,-3.288
-0.416,-3.317
-0.392,-3.331
-0.382,-3.343
-0.383,-3.396
-0.374,-3.409
-0.365,-3.428
-0.383,-3.439
-0.383,-3.451
-0.374,-3.474
-0.366,-3.484
-0.364,-3.490
-0.357,-3.503
-0.356,-3.516
-0.349,-3.529
-0.340,-3.539
-0.340,-3.552
-0.332,-3.562
-0.339,-3.577
-0.332,-3.591
-0.315,-3.595
-0.306,-3.585
-0.316,-3.606
-0.307,-3.592
-0.299,-3.602
-0.298,-3.615
-0.298,-3.607
-0.307,-3.605
-0.289,-3.581
-0.290,-3.569
-0.290,-3.572
-0.273,-3.553
-0.274,-3.560
-0.273,-3.552
-0.265,-3.563
-0.273,-3.572
-0.273,-3.565
-0.282,-3.563
-0.289,-3.533
-0.290,-3.536
-0.290,-3.524
-0.290,-3.504
-0.291,-3.511
-0.290,-3.491
-0.298,-3.497
-0.315,-3.481
-0.307,-3.487
-0.332,-3.484
-0.332,-3.465
-0.341,-3.474
-0.340,-3.458
-0.348,-3.461
-0.366,-3.452
-0.349,-3.448
-0.374,-3.461
-0.374,-3.458
-0.398,-3.460
-0.398,-3.477
-0.406,-3.463
-0.398,-3.460
-0.391,-3.425
