 0.635,-2.798
 0.621,-2.803
 0.609,-2.823
 0.608,-2.814
 0.595,-2.824
 0.608,-2.793
 0.607,-2.788
 0.621,-2.783
 0.607,-2.763
 0.607,-2.763
 0.621,-2.783
 0.605,-2.830
 0.632,-2.834
 0.618,-2.815
 0.619,-2.794
 0.634,-2.793
 0.633,-2.789
 0.621,-2.783
 0.659,-2.764
 0.658,-2.785
 0.659,-2.764
 0.683,-2.755
 0.697,-2.749
 0.699,-2.708
 0.687,-2.697
 0.687,-2.677
 0.673,-2.682
 0.672,-2.703
 0.671,-2.723
 0.645,-2.724
 0.633,-2.692
 0.619,-2.694
 0.633,-2.688
 0.632,-2.663
 0.646,-2.627
 0.660,-2.621
 0.659,-2.612
 0.685,-2.617
 0.672,-2.602
 0.671,-2.598
 0.684,-2.588
 0.682,-2.529
 0.672,-2.476
 0.671,-2.425
 0.659,-2.415
 0.647,-2.404
 0.644,-2.417
 0.634,-2.419
 0.633,-2.389
 0.646,-2.375
 0.622,-2.357
 0.593,-2.396
 0.556,-2.389
 0.528,-2.355
 0.517,-2.374
 0.492,-2.378
 0.477,-2.384
 0.478,-2.413
 0.452,-2.388
 0.426,-2.413
 0.439,-2.449
 0.438,-2.440
 0.439,-2.453
 0.452,-2.434
 0.465,-2.424
 0.466,-2.402
 0.478,-2.359
 0.478,-2.363
 0.490,-2.369
 0.490,-2.370
 0.490,-2.370
 0.477,-2.384
 0.492,-2.432
 0.503,-2.413
 0.518,-2.407
 0.531,-2.392
 0.542,-2.395
 0.554,-2.410
 0.580,-2.381
 0.593,-2.371
 0.606,-2.335
 0.632,-2.310
 0.608,-2.292
 0.607,-2.314
 0.620,-2.299
 0.593,-2.299
 0.592,-2.270
 0.582,-2.317
 0.580,-2.309
 0.580,-2.360
 0.568,-2.374
 0.541,-2.370
 0.542,-2.403
 0.541,-2.424
 0.516,-2.424
 0.528,-2.435
 0.515,-2.416
 0.517,-2.432
 0.530,-2.421
 0.530,-2.443
 0.530,-2.443
 0.541,-2.445
 0.529,-2.464
 0.528,-2.485
 0.541,-2.496
 0.541,-2.475
 0.554,-2.485
 0.529,-2.519
 0.542,-2.525
 0.554,-2.536
 0.541,-2.475
 0.554,-2.460
 0.568,-2.429
 0.568,-2.425
 0.581,-2.440
 0.569,-2.454
 0.566,-2.421
 0.580,-2.436
 0.567,-2.446
 0.567,-2.450
 0.567,-2.467
 0.566,-2.417
 0.568,-2.429
 0.568,-2.429
 0.556,-2.397
 0.569,-2.386
 0.528,-2.384
 0.542,-2.399
 0.540,-2.391
 0.529,-2.359
 0.517,-2.331
 0.489,-2.323
 0.503,-2.338
 0.477,-2.308
 0.464,-2.302
 0.439,-2.305
 0.438,-2.323
 0.426,-2.316
 0.425,-2.308
 0.412,-2.322
 0.425,-2.341
 0.411,-2.344
 0.400,-2.362
 0.398,-2.358
 0.400,-2.362
 0.412,-2.373
 0.399,-2.404
 0.400,-2.442
 0.386,-2.398
 0.400,-2.391
 0.414,-2.360
 0.438,-2.348
 0.412,-2.352
 0.450,-2.358
 0.451,-2.337
 0.451,-2.337
 0.464,-2.323
 0.465,-2.331
 0.477,-2.312
 0.464,-2.323
 0.477,-2.312
 0.515,-2.294
 0.542,-2.277
 0.515,-2.273
 0.542,-2.277
 0.555,-2.263
 0.566,-2.244
 0.567,-2.274
 0.579,-2.255
 0.541,-2.248
 0.568,-2.252
 0.566,-2.266
 0.555,-2.266
 0.542,-2.277
 0.531,-2.328
 0.543,-2.360
 0.541,-2.374
 0.529,-2.414
 0.541,-2.445
 0.528,-2.460
 0.515,-2.449
 0.515,-2.470
 0.516,-2.479
 0.515,-2.449
 0.517,-2.453
 0.503,-2.439
 0.502,-2.460
 0.491,-2.479
 0.490,-2.474
 0.465,-2.503
 0.504,-2.519
 0.503,-2.510
 0.491,-2.529
 0.464,-2.545
 0.451,-2.560
 0.438,-2.592
 0.424,-2.577
 0.426,-2.594
 0.453,-2.598
 0.441,-2.617
 0.441,-2.642
 0.438,-2.675
 0.439,-2.701
 0.425,-2.677
 0.426,-2.665
 0.400,-2.690
 0.400,-2.639
 0.400,-2.619
 0.413,-2.574
 0.414,-2.583
 0.401,-2.593
 0.386,-2.570
 0.401,-2.543
 0.413,-2.524
 0.413,-2.503
 0.439,-2.478
 0.425,-2.459
 0.426,-2.467
 0.425,-2.459
 0.451,-2.434
 0.438,-2.419
 0.438,-2.398
 0.440,-2.385
 0.453,-2.371
 0.453,-2.400
 0.439,-2.406
 0.438,-2.419
 0.451,-2.434
 0.476,-2.430
 0.465,-2.453
 0.452,-2.443
 0.451,-2.438
 0.466,-2.461
 0.451,-2.438
 0.465,-2.453
 0.465,-2.428
 0.464,-2.424
 0.452,-2.442
 0.450,-2.409
 0.439,-2.377
 0.451,-2.366
 0.464,-2.373
 0.452,-2.341
 0.463,-2.294
 0.450,-2.308
 0.477,-2.287
 0.463,-2.272
 0.478,-2.248
 0.503,-2.241
 0.491,-2.255
 0.490,-2.226
 0.489,-2.269
 0.490,-2.277
 0.502,-2.284
 0.491,-2.302
 0.464,-2.302
 0.476,-2.337
 0.477,-2.341
 0.476,-2.334
 0.477,-2.291
 0.478,-2.269
 0.451,-2.262
 0.465,-2.280
 0.463,-2.272
 0.464,-2.251
 0.450,-2.208
 0.449,-2.157
 0.451,-2.143
 0.475,-2.182
 0.476,-2.161
 0.503,-2.143
 0.503,-2.165
 0.491,-2.183
 0.477,-2.237
 0.465,-2.280
 0.425,-2.312
 0.438,-2.297
 0.439,-2.305
 0.438,-2.326
 0.412,-2.352
 0.387,-2.376
 0.373,-2.383
 0.335,-2.406
 0.360,-2.423
 0.347,-2.437
 0.347,-2.437
 0.322,-2.408
 0.335,-2.405
 0.322,-2.387
 0.323,-2.395
 0.335,-2.376
 0.321,-2.357
 0.309,-2.326
 0.320,-2.299
 0.321,-2.307
 0.348,-2.290
 0.322,-2.290
 0.323,-2.272
 0.322,-2.293
 0.322,-2.293
 0.323,-2.319
 0.348,-2.311
 0.374,-2.319
 0.373,-2.311
 0.361,-2.351
 0.374,-2.337
 0.347,-2.333
 0.374,-2.337
 0.386,-2.344
 0.400,-2.362
 0.400,-2.391
 0.387,-2.402
 0.401,-2.421
 0.387,-2.423
 0.387,-2.478
 0.400,-2.463
 0.387,-2.473
 0.362,-2.477
 0.360,-2.440
 0.348,-2.459
 0.322,-2.437
 0.310,-2.456
 0.311,-2.413
 0.284,-2.409
 0.310,-2.435
 0.296,-2.441
 0.296,-2.483
 0.297,-2.488
 0.309,-2.469
 0.309,-2.498
 0.336,-2.481
 0.323,-2.517
 0.310,-2.557
 0.309,-2.569
 0.336,-2.574
 0.322,-2.538
 0.335,-2.528
 0.337,-2.561
 0.336,-2.553
 0.323,-2.568
 0.323,-2.568
 0.336,-2.574
 0.336,-2.553
 0.309,-2.519
 0.284,-2.553
 0.297,-2.563
 0.284,-2.582
 0.272,-2.550
 0.297,-2.571
 0.323,-2.597
 0.297,-2.613
 0.296,-2.609
 0.258,-2.603
 0.257,-2.573
 0.297,-2.593
 0.297,-2.563
 0.297,-2.563
 0.271,-2.567
 0.284,-2.573
 0.271,-2.597
 0.284,-2.607
 0.284,-2.607
 0.311,-2.608
 0.322,-2.614
 0.336,-2.629
 0.335,-2.578
 0.336,-2.553
 0.349,-2.543
 0.335,-2.528
 0.322,-2.538
 0.335,-2.524
 0.348,-2.513
 0.350,-2.500
 0.336,-2.481
 0.349,-2.521
 0.336,-2.553
 0.310,-2.548
 0.310,-2.578
 0.297,-2.563
 0.284,-2.603
 0.284,-2.628
 0.283,-2.649
 0.297,-2.643
 0.271,-2.638
 0.272,-2.647
 0.271,-2.639
 0.271,-2.638
 0.271,-2.618
 0.271,-2.588
 0.271,-2.597
 0.297,-2.593
 0.284,-2.574
 0.284,-2.578
 0.270,-2.563
 0.271,-2.588
 0.258,-2.599
 0.245,-2.613
 0.259,-2.637
 0.272,-2.647
 0.272,-2.677
 0.284,-2.708
 0.284,-2.750
 0.259,-2.784
 0.245,-2.790
 0.258,-2.809
 0.259,-2.784
 0.271,-2.794
 0.272,-2.824
 0.271,-2.815
 0.271,-2.794
 0.272,-2.769
 0.284,-2.780
 0.285,-2.759
 0.283,-2.725
 0.297,-2.719
 0.297,-2.719
 0.310,-2.704
 0.310,-2.683
 0.296,-2.660
 0.297,-2.643
 0.297,-2.634
 0.296,-2.639
 0.297,-2.648
 0.310,-2.654
 0.298,-2.652
 0.311,-2.662
 0.323,-2.694
 0.323,-2.694
 0.322,-2.685
 0.323,-2.694
 0.349,-2.669
 0.335,-2.654
 0.362,-2.638
 0.348,-2.639
 0.387,-2.634
 0.387,-2.604
 0.374,-2.593
 0.387,-2.583
 0.400,-2.589
 0.400,-2.568
 0.413,-2.554
 0.387,-2.528
 0.387,-2.532
 0.400,-2.518
 0.388,-2.558
 0.387,-2.549
 0.361,-2.574
 0.373,-2.585
 0.348,-2.589
 0.362,-2.612
 0.375,-2.602
 0.375,-2.602
 0.375,-2.627
 0.373,-2.639
 0.361,-2.650
 0.361,-2.650
 0.374,-2.614
 0.361,-2.578
 0.348,-2.568
 0.336,-2.591
 0.336,-2.561
 0.323,-2.572
 0.310,-2.561
 0.322,-2.542
 0.323,-2.572
 0.309,-2.607
 0.309,-2.607
 0.310,-2.612
 0.297,-2.618
 0.271,-2.622
 0.323,-2.643
 0.322,-2.635
 0.309,-2.649
 0.282,-2.615
 0.309,-2.599
 0.322,-2.568
 0.362,-2.536
 0.350,-2.483
 0.348,-2.496
 0.349,-2.526
 0.348,-2.538
 0.360,-2.549
 0.348,-2.517
 0.374,-2.513
 0.374,-2.513
 0.374,-2.492
 0.361,-2.507
 0.362,-2.515
 0.348,-2.517
 0.361,-2.507
 0.374,-2.492
 0.374,-2.492
 0.361,-2.486
 0.348,-2.488
 0.348,-2.496
 0.348,-2.467
 0.323,-2.521
 0.322,-2.542
 0.308,-2.548
 0.296,-2.559
 0.309,-2.574
 0.323,-2.572
 0.324,-2.580
 0.336,-2.591
 0.350,-2.606
 0.335,-2.582
 0.335,-2.603
 0.296,-2.593
 0.295,-2.584
 0.296,-2.588
 0.322,-2.563
 0.284,-2.557
 0.298,-2.550
 0.270,-2.592
 0.271,-2.622
 0.271,-2.617
 0.284,-2.607
 0.283,-2.582
 0.284,-2.578
 0.271,-2.571
 0.297,-2.542
 0.284,-2.557
 0.284,-2.557
 0.296,-2.538
 0.309,-2.523
 0.308,-2.494
 0.297,-2.492
 0.284,-2.464
 0.310,-2.439
 0.311,-2.468
 0.310,-2.460
 0.296,-2.517
 0.296,-2.538
 0.295,-2.508
 0.296,-2.517
 0.310,-2.532
 0.284,-2.535
 0.284,-2.565
 0.284,-2.577
 0.284,-2.586
 0.297,-2.593
 0.270,-2.592
 0.271,-2.597
 0.284,-2.578
 0.258,-2.582
 0.258,-2.582
 0.258,-2.577
 0.232,-2.556
 0.245,-2.563
 0.232,-2.603
 0.219,-2.588
 0.245,-2.592
 0.233,-2.594
 0.233,-2.615
 0.233,-2.615
 0.232,-2.628
 0.258,-2.653
 0.245,-2.668
 0.270,-2.664
 0.284,-2.658
 0.284,-2.679
 0.258,-2.683
 0.285,-2.688
 0.297,-2.643
 0.272,-2.627
 0.297,-2.643
 0.297,-2.668
 0.310,-2.683
 0.297,-2.668
 0.297,-2.647
 0.284,-2.658
 0.297,-2.698
 0.297,-2.698
 0.284,-2.699
 0.284,-2.730
 0.284,-2.729
 0.285,-2.759
 0.285,-2.743
 0.285,-2.759
 0.285,-2.768
 0.271,-2.794
 0.271,-2.794
 0.284,-2.784
 0.284,-2.754
 0.297,-2.749
 0.310,-2.734
 0.297,-2.719
 0.298,-2.728
 0.310,-2.704
 0.323,-2.724
 0.336,-2.679
 0.323,-2.673
 0.324,-2.648
 0.322,-2.664
 0.324,-2.648
 0.310,-2.654
 0.297,-2.643
 0.271,-2.618
 0.297,-2.614
 0.271,-2.618
 0.259,-2.607
 0.245,-2.622
 0.259,-2.616
 0.259,-2.607
 0.233,-2.611
 0.233,-2.632
 0.219,-2.617
 0.219,-2.617
 0.219,-2.562
 0.233,-2.561
 0.220,-2.571
 0.220,-2.571
 0.207,-2.535
 0.193,-2.541
 0.207,-2.535
 0.206,-2.527
 0.206,-2.531
 0.193,-2.520
 0.193,-2.541
 0.181,-2.560
 0.180,-2.551
 0.180,-2.556
 0.193,-2.571
 0.167,-2.537
 0.181,-2.560
 0.180,-2.552
 0.167,-2.545
 0.181,-2.539
 0.193,-2.520
 0.219,-2.524
 0.219,-2.495
 0.219,-2.495
 0.219,-2.495
 0.219,-2.461
 0.232,-2.434
 0.232,-2.430
 0.271,-2.445
 0.284,-2.435
 0.245,-2.441
 0.258,-2.481
 0.257,-2.472
 0.270,-2.491
 0.258,-2.481
 0.258,-2.481
 0.258,-2.489
 0.270,-2.470
 0.297,-2.474
 0.310,-2.460
 0.322,-2.462
 0.322,-2.492
 0.309,-2.452
 0.296,-2.466
 0.322,-2.492
 0.309,-2.452
 0.323,-2.479
 0.336,-2.439
 0.337,-2.443
 0.336,-2.413
 0.322,-2.441
 0.361,-2.456
 0.347,-2.437
 0.361,-2.406
 0.387,-2.406
 0.374,-2.391
 0.362,-2.410
 0.374,-2.420
 0.374,-2.421
 0.375,-2.395
 0.348,-2.391
 0.348,-2.374
 0.348,-2.366
 0.348,-2.395
 0.336,-2.384
 0.322,-2.365
 0.297,-2.348
 0.309,-2.329
 0.296,-2.340
 0.270,-2.344
 0.257,-2.346
 0.257,-2.325
 0.271,-2.289
 0.259,-2.286
 0.259,-2.265
 0.258,-2.257
 0.271,-2.275
 0.244,-2.264
 0.219,-2.289
 0.219,-2.267
 0.206,-2.249
 0.167,-2.242
 0.167,-2.242
 0.141,-2.245
 0.168,-2.271
 0.141,-2.259
 0.155,-2.231
 0.155,-2.231
 0.129,-2.234
 0.141,-2.224
 0.167,-2.213
 0.181,-2.184
 0.193,-2.188
 0.193,-2.238
 0.180,-2.220
 0.206,-2.195
 0.233,-2.206
 0.232,-2.202
 0.259,-2.210
 0.272,-2.221
 0.258,-2.228
 0.272,-2.250
 0.272,-2.272
 0.271,-2.318
 0.258,-2.329
 0.271,-2.340
 0.271,-2.348
 0.271,-2.340
 0.271,-2.369
 0.298,-2.373
 0.297,-2.416
 0.310,-2.435
 0.297,-2.445
 0.311,-2.485
 0.337,-2.540
 0.323,-2.568
 0.337,-2.612
 0.324,-2.648
 0.311,-2.662
 0.337,-2.663
 0.324,-2.643
 0.325,-2.652
 0.311,-2.608
 0.324,-2.593
 0.337,-2.578
 0.337,-2.553
 0.338,-2.566
 0.312,-2.540
 0.325,-2.555
 0.312,-2.540
 0.311,-2.582
 0.298,-2.597
 0.311,-2.603
 0.298,-2.597
 0.285,-2.586
 0.298,-2.597
 0.286,-2.616
 0.311,-2.582
 0.272,-2.571
 0.259,-2.561
 0.259,-2.527
 0.247,-2.550
 0.247,-2.571
 0.247,-2.571
 0.260,-2.536
 0.259,-2.506
 0.247,-2.500
 0.246,-2.521
 0.233,-2.535
 0.246,-2.521
 0.220,-2.516
 0.233,-2.535
 0.233,-2.523
 0.207,-2.531
 0.221,-2.524
 0.207,-2.510
 0.221,-2.482
 0.247,-2.478
 0.233,-2.485
 0.233,-2.485
 0.232,-2.476
 0.233,-2.485
 0.220,-2.495
 0.220,-2.495
 0.221,-2.525
 0.220,-2.567
 0.221,-2.575
 0.220,-2.592
 0.220,-2.643
 0.233,-2.658
 0.233,-2.628
 0.234,-2.615
 0.233,-2.586
 0.195,-2.600
 0.221,-2.575
 0.220,-2.588
 0.207,-2.611
 0.207,-2.602
 0.181,-2.606
 0.181,-2.585
 0.181,-2.577
 0.181,-2.585
 0.181,-2.556
 0.207,-2.539
 0.208,-2.547
 0.207,-2.539
 0.208,-2.569
 0.207,-2.581
 0.233,-2.577
 0.233,-2.556
 0.246,-2.567
 0.246,-2.576
 0.246,-2.546
 0.246,-2.575
 0.246,-2.575
 0.259,-2.586
 0.272,-2.601
 0.272,-2.592
 0.285,-2.633
 0.272,-2.601
 0.272,-2.592
 0.260,-2.590
 0.272,-2.571
 0.272,-2.572
 0.298,-2.576
 0.272,-2.571
 0.260,-2.591
 0.284,-2.582
 0.285,-2.586
 0.298,-2.597
 0.284,-2.603
 0.298,-2.601
 0.311,-2.565
 0.298,-2.559
 0.325,-2.584
 0.297,-2.572
 0.310,-2.561
 0.310,-2.527
 0.297,-2.521
 0.285,-2.510
 0.310,-2.527
 0.298,-2.525
 0.310,-2.456
 0.311,-2.464
 0.298,-2.479
 0.284,-2.481
 0.298,-2.479
 0.297,-2.445
 0.284,-2.460
 0.272,-2.449
 0.297,-2.470
 0.298,-2.479
 0.297,-2.445
 0.285,-2.439
 0.285,-2.439
 0.310,-2.426
 0.310,-2.456
 0.310,-2.405
 0.311,-2.413
 0.311,-2.392
 0.298,-2.373
 0.298,-2.403
 0.297,-2.394
 0.297,-2.395
 0.258,-2.384
 0.245,-2.365
 0.259,-2.388
 0.258,-2.383
 0.245,-2.373
 0.232,-2.387
 0.219,-2.419
 0.220,-2.427
 0.206,-2.433
 0.193,-2.444
 0.206,-2.434
 0.219,-2.419
 0.220,-2.427
 0.207,-2.408
 0.219,-2.419
 0.207,-2.408
 0.219,-2.419
 0.207,-2.430
 0.219,-2.390
 0.233,-2.383
 0.220,-2.377
 0.233,-2.391
 0.234,-2.421
 0.259,-2.409
 0.233,-2.434
 0.220,-2.445
 0.220,-2.466
 0.246,-2.474
 0.258,-2.485
 0.246,-2.504
 0.259,-2.514
 0.245,-2.516
 0.246,-2.550
 0.259,-2.531
 0.246,-2.546
 0.246,-2.525
 0.272,-2.521
 0.272,-2.551
 0.298,-2.546
 0.285,-2.561
 0.259,-2.586
 0.272,-2.592
 0.259,-2.616
 0.285,-2.633
 0.259,-2.662
 0.272,-2.677
 0.298,-2.652
 0.325,-2.665
 0.311,-2.671
 0.311,-2.692
 0.324,-2.728
 0.310,-2.679
 0.286,-2.692
 0.285,-2.662
 0.259,-2.667
 0.259,-2.666
 0.246,-2.672
 0.246,-2.702
 0.233,-2.683
 0.246,-2.702
 0.246,-2.702
 0.272,-2.719
 0.260,-2.717
 0.285,-2.688
 0.286,-2.692
 0.273,-2.686
 0.271,-2.668
 0.272,-2.677
 0.246,-2.673
 0.246,-2.698
 0.247,-2.677
 0.246,-2.698
 0.260,-2.696
 0.247,-2.677
 0.247,-2.707
 0.221,-2.732
 0.220,-2.744
 0.234,-2.738
 0.247,-2.748
 0.247,-2.728
 0.247,-2.727
 0.220,-2.723
 0.234,-2.696
 0.221,-2.702
 0.208,-2.742
 0.195,-2.727
 0.207,-2.758
 0.182,-2.738
 0.182,-2.737
 0.169,-2.752
 0.169,-2.752
 0.169,-2.773
 0.156,-2.792
 0.169,-2.773
 0.143,-2.777
 0.143,-2.807
 0.130,-2.808
 0.156,-2.822
 0.156,-2.797
 0.169,-2.812
 0.169,-2.786
 0.181,-2.762
 0.169,-2.752
 0.181,-2.754
 0.194,-2.718
 0.220,-2.672
 0.246,-2.668
 0.234,-2.666
 0.220,-2.651
 0.207,-2.666
 0.195,-2.655
 0.181,-2.682
 0.168,-2.676
 0.180,-2.686
 0.194,-2.701
 0.207,-2.691
 0.206,-2.682
 0.220,-2.677
 0.233,-2.662
 0.220,-2.677
 0.233,-2.666
 0.233,-2.682
 0.234,-2.671
 0.233,-2.683
 0.233,-2.683
 0.233,-2.692
 0.246,-2.651
 0.259,-2.650
 0.285,-2.645
 0.272,-2.656
 0.285,-2.641
 0.297,-2.622
 0.285,-2.591
 0.271,-2.596
 0.271,-2.596
 0.272,-2.576
 0.271,-2.546
 0.259,-2.518
 0.258,-2.540
 0.258,-2.531
 0.258,-2.510
 0.245,-2.491
 0.246,-2.529
 0.232,-2.510
 0.232,-2.514
 0.246,-2.529
 0.258,-2.506
 0.245,-2.499
 0.233,-2.489
 0.219,-2.546
 0.206,-2.556
 0.219,-2.516
 0.220,-2.508
 0.207,-2.501
 0.207,-2.522
 0.233,-2.543
 0.206,-2.505
 0.193,-2.499
 0.206,-2.480
 0.207,-2.514
 0.206,-2.484
 0.193,-2.469
 0.193,-2.427
 0.206,-2.412
 0.193,-2.427
 0.207,-2.442
 0.206,-2.433
 0.180,-2.412
 0.180,-2.408
 0.167,-2.423
 0.167,-2.401
 0.180,-2.408
 0.194,-2.402
 0.167,-2.397
 0.167,-2.393
 0.167,-2.393
 0.167,-2.360
 0.167,-2.325
 0.167,-2.308
 0.167,-2.308
 0.192,-2.329
 0.205,-2.328
 0.205,-2.307
 0.231,-2.275
 0.231,-2.282
 0.232,-2.290
 0.218,-2.271
 0.193,-2.253
 0.219,-2.250
 0.192,-2.246
 0.180,-2.235
 0.166,-2.212
 0.140,-2.173
 0.179,-2.133
 0.140,-2.122
 0.153,-2.137
 0.166,-2.140
 0.167,-2.144
 0.140,-2.140
 0.141,-2.169
 0.127,-2.205
 0.128,-2.173
 0.141,-2.177
 0.141,-2.177
 0.128,-2.195
 0.141,-2.227
 0.141,-2.241
 0.128,-2.231
 0.141,-2.241
 0.089,-2.270
 0.102,-2.263
 0.089,-2.270
 0.089,-2.278
 0.090,-2.274
 0.090,-2.274
 0.076,-2.288
 0.076,-2.302
 0.064,-2.350
 0.064,-2.371
 0.038,-2.346
 0.038,-2.346
 0.050,-2.356
 0.064,-2.350
 0.064,-2.320
 0.038,-2.346
 0.025,-2.313
 0.025,-2.276
 0.037,-2.273
 0.025,-2.262
 0.024,-2.237
 0.024,-2.241
 0.025,-2.233
 0.024,-2.212
 0.037,-2.194
 0.051,-2.230
 0.037,-2.223
 0.050,-2.204
 0.037,-2.201
 0.037,-2.223
 0.063,-2.248
 0.076,-2.288
 0.076,-2.281
 0.064,-2.299
 0.102,-2.285
 0.102,-2.314
 0.116,-2.329
 0.128,-2.303
 0.116,-2.300
 0.128,-2.281
 0.141,-2.321
 0.142,-2.325
 0.142,-2.317
 0.129,-2.340
 0.116,-2.350
 0.102,-2.378
 0.116,-2.393
 0.090,-2.389
 0.090,-2.405
 0.103,-2.394
 0.104,-2.398
 0.103,-2.424
 0.089,-2.422
 0.103,-2.437
 0.103,-2.408
 0.077,-2.433
 0.077,-2.462
 0.090,-2.469
 0.077,-2.492
 0.077,-2.491
 0.064,-2.506
 0.064,-2.527
 0.090,-2.519
 0.090,-2.527
 0.090,-2.523
 0.090,-2.523
 0.103,-2.517
 0.103,-2.487
 0.103,-2.496
 0.077,-2.513
 0.064,-2.523
 0.077,-2.513
 0.077,-2.504
 0.091,-2.502
 0.078,-2.487
 0.090,-2.506
 0.117,-2.511
 0.143,-2.528
 0.156,-2.522
 0.156,-2.492
 0.143,-2.528
 0.155,-2.539
 0.155,-2.530
 0.155,-2.518
 0.168,-2.524
 0.143,-2.549
 0.142,-2.553
 0.143,-2.549
 0.091,-2.557
 0.117,-2.553
 0.103,-2.589
 0.103,-2.589
 0.103,-2.606
 0.090,-2.625
 0.091,-2.629
 0.103,-2.640
 0.130,-2.644
 0.103,-2.660
 0.078,-2.665
 0.078,-2.610
 0.052,-2.593
 0.039,-2.582
 0.052,-2.605
 0.039,-2.599
 0.039,-2.574
 0.026,-2.567
 0.051,-2.576
 0.065,-2.603
 0.065,-2.633
 0.065,-2.629
 0.052,-2.635
 0.052,-2.665
 0.065,-2.666
 0.078,-2.665
 0.065,-2.624
 0.052,-2.614
 0.065,-2.633
 0.065,-2.624
 0.065,-2.604
 0.078,-2.589
 0.065,-2.603
 0.091,-2.578
 0.116,-2.545
 0.090,-2.528
 0.090,-2.528
 0.104,-2.513
 0.116,-2.503
 0.129,-2.484
 0.129,-2.484
 0.116,-2.494
 0.116,-2.473
 0.143,-2.435
 0.142,-2.405
 0.116,-2.388
 0.103,-2.390
 0.103,-2.412
 0.090,-2.397
 0.103,-2.404
 0.103,-2.391
 0.090,-2.375
 0.103,-2.390
 0.130,-2.394
 0.129,-2.387
 0.129,-2.391
 0.116,-2.372
 0.103,-2.407
 0.103,-2.386
 0.116,-2.342
 0.115,-2.333
 0.090,-2.303
 0.076,-2.339
 0.076,-2.310
 0.063,-2.291
 0.064,-2.299
 0.051,-2.302
 0.025,-2.306
 0.038,-2.328
 0.051,-2.318
 0.051,-2.326
 0.038,-2.354
 0.038,-2.375
 0.038,-2.375
 0.064,-2.367
 0.052,-2.365
 0.064,-2.325
 0.051,-2.339
 0.064,-2.328
 0.064,-2.321
 0.051,-2.339
 0.090,-2.325
 0.064,-2.321
 0.051,-2.310
 0.090,-2.295
 0.090,-2.303
 0.090,-2.325
 0.103,-2.310
 0.090,-2.300
 0.077,-2.306
 0.076,-2.288
 0.090,-2.295
 0.103,-2.281
 0.103,-2.289
 0.077,-2.263
 0.090,-2.260
 0.103,-2.246
 0.102,-2.263
 0.103,-2.260
 0.089,-2.288
 0.077,-2.285
 0.063,-2.270
 0.090,-2.274
 0.077,-2.292
 0.103,-2.289
 0.077,-2.343
 0.077,-2.365
 0.051,-2.411
 0.064,-2.430
 0.051,-2.437
 0.064,-2.430
 0.077,-2.441
 0.051,-2.487
 0.064,-2.477
 0.025,-2.453
 0.051,-2.466
 0.051,-2.436
 0.051,-2.458
 0.038,-2.455
 0.038,-2.447
 0.038,-2.455
 0.051,-2.419
 0.064,-2.430
 0.051,-2.419
 0.051,-2.436
 0.077,-2.466
 0.077,-2.437
 0.064,-2.451
 0.077,-2.441
 0.064,-2.422
 0.077,-2.470
 0.077,-2.462
 0.051,-2.487
 0.064,-2.481
 0.064,-2.472
 0.064,-2.481
 0.103,-2.466
 0.129,-2.492
 0.103,-2.496
 0.129,-2.484
 0.129,-2.492
 0.129,-2.484
 0.116,-2.498
 0.103,-2.488
 0.090,-2.490
 0.090,-2.477
 0.090,-2.456
 0.090,-2.434
 0.077,-2.449
 0.090,-2.477
 0.052,-2.521
 0.064,-2.523
 0.052,-2.534
 0.064,-2.532
 0.052,-2.534
 0.052,-2.542
 0.038,-2.527
 0.038,-2.527
 0.052,-2.542
 0.026,-2.538
 0.026,-2.546
-0.001,-2.542
 0.012,-2.552
 0.012,-2.552
 0.026,-2.559
 0.026,-2.567
-0.014,-2.577
-0.000,-2.592
 0.012,-2.582
-0.000,-2.584
-0.026,-2.618
-0.039,-2.645
-0.013,-2.649
-0.026,-2.668
-0.014,-2.628
-0.001,-2.626
 0.012,-2.612
-0.001,-2.648
-0.001,-2.668
-0.000,-2.634
 0.012,-2.633
 0.039,-2.629
 0.025,-2.593
 0.026,-2.597
 0.039,-2.628
 0.026,-2.648
 0.051,-2.669
 0.038,-2.675
 0.038,-2.684
 0.039,-2.700
 0.065,-2.705
 0.065,-2.705
 0.065,-2.705
 0.078,-2.725
 0.091,-2.731
 0.104,-2.750
 0.104,-2.741
 0.104,-2.762
 0.104,-2.783
 0.090,-2.768
 0.104,-2.720
 0.104,-2.708
 0.104,-2.717
 0.130,-2.713
 0.130,-2.716
 0.130,-2.737
 0.142,-2.747
 0.129,-2.762
 0.130,-2.746
 0.116,-2.701
 0.117,-2.710
 0.143,-2.685
 0.130,-2.695
 0.104,-2.720
 0.116,-2.722
 0.117,-2.731
 0.117,-2.706
 0.104,-2.669
 0.117,-2.664
 0.117,-2.655
 0.116,-2.659
 0.104,-2.669
 0.130,-2.665
 0.104,-2.640
 0.129,-2.636
 0.104,-2.640
 0.077,-2.635
 0.091,-2.629
 0.104,-2.606
 0.104,-2.602
 0.078,-2.631
 0.091,-2.650
 0.104,-2.691
 0.078,-2.665
 0.077,-2.635
 0.104,-2.670
 0.078,-2.665
 0.091,-2.680
 0.103,-2.644
 0.091,-2.629
 0.065,-2.633
 0.064,-2.629
 0.077,-2.644
 0.065,-2.633
 0.077,-2.614
 0.051,-2.618
 0.065,-2.624
 0.039,-2.629
 0.064,-2.608
 0.051,-2.589
 0.064,-2.587
 0.064,-2.544
 0.064,-2.523
 0.064,-2.481
 0.051,-2.440
 0.064,-2.438
 0.051,-2.415
 0.064,-2.401
 0.051,-2.390
 0.064,-2.371
 0.051,-2.369
 0.064,-2.350
 0.064,-2.328
 0.051,-2.318
 0.064,-2.299
 0.037,-2.303
 0.037,-2.274
 0.011,-2.299
 0.011,-2.277
 0.025,-2.234
 0.024,-2.241
 0.012,-2.223
-0.002,-2.237
 0.024,-2.212
 0.011,-2.190
-0.002,-2.165
-0.015,-2.146
-0.028,-2.182
-0.015,-2.125
-0.041,-2.121
-0.028,-2.096
-0.015,-2.081
-0.028,-2.088
-0.028,-2.059
-0.028,-2.052
-0.041,-2.048
-0.015,-2.023
-0.002,-2.034
-0.002,-2.041
 0.011,-2.049
-0.015,-2.052
-0.002,-2.059
-0.015,-2.045
-0.015,-2.023
-0.028,-2.005
-0.041,-2.026
-0.028,-1.983
-0.041,-1.997
-0.041,-1.976
-0.067,-1.965
-0.054,-1.958
-0.067,-1.918
-0.067,-1.915
-0.068,-1.870
-0.055,-1.853
-0.069,-1.823
-0.056,-1.786
-0.069,-1.801
-0.056,-1.786
-0.068,-1.791
-0.042,-1.820
-0.055,-1.802
-0.042,-1.817
-0.042,-1.795
-0.042,-1.791
-0.016,-1.823
 0.010,-1.820
 0.010,-1.820
 0.023,-1.784
 0.036,-1.767
 0.048,-1.784
 0.088,-1.767
 0.114,-1.771
 0.113,-1.774
 0.139,-1.793
 0.153,-1.785
 0.179,-1.782
 0.192,-1.822
 0.193,-1.825
 0.192,-1.866
 0.218,-1.898
 0.218,-1.898
 0.219,-1.927
 0.245,-1.930
 0.231,-1.938
 0.206,-1.970
 0.206,-2.010
 0.206,-2.011
 0.192,-1.974
 0.179,-1.956
 0.192,-1.974
 0.206,-1.960
 0.206,-1.989
 0.180,-1.963
 0.192,-1.945
 0.192,-1.952
 0.192,-1.945
 0.179,-1.934
 0.153,-1.937
 0.153,-1.908
 0.140,-1.951
 0.153,-1.956
 0.140,-1.967
 0.153,-1.959
 0.140,-1.945
 0.141,-1.955
 0.127,-1.962
 0.101,-1.988
 0.115,-2.002
 0.102,-2.028
 0.063,-2.024
 0.089,-2.020
 0.076,-2.038
 0.076,-2.023
 0.076,-2.045
 0.063,-2.082
 0.050,-2.107
 0.038,-2.147
 0.038,-2.147
 0.050,-2.136
 0.038,-2.154
 0.038,-2.176
 0.025,-2.216
 0.012,-2.230
 0.012,-2.252
-0.002,-2.266
 0.012,-2.273
-0.001,-2.288
 0.012,-2.302
 0.013,-2.269
 0.025,-2.296
 0.051,-2.292
 0.025,-2.317
 0.038,-2.328
 0.025,-2.288
 0.038,-2.307
 0.038,-2.328
 0.025,-2.339
 0.025,-2.339
 0.013,-2.349
 0.013,-2.400
 0.012,-2.396
 0.026,-2.390
 0.026,-2.398
 0.052,-2.372
 0.052,-2.402
 0.051,-2.419
 0.051,-2.419
 0.065,-2.426
 0.065,-2.426
 0.065,-2.434
 0.065,-2.426
 0.065,-2.404
 0.052,-2.394
 0.039,-2.430
 0.052,-2.423
 0.065,-2.426
 0.052,-2.415
 0.051,-2.419
 0.052,-2.415
 0.091,-2.409
 0.078,-2.390
 0.077,-2.394
 0.103,-2.369
 0.077,-2.386
 0.090,-2.383
 0.091,-2.379
 0.077,-2.394
 0.091,-2.379
 0.078,-2.361
 0.077,-2.365
 0.090,-2.371
 0.065,-2.405
 0.078,-2.398
 0.078,-2.398
 0.077,-2.402
 0.052,-2.445
 0.051,-2.470
 0.039,-2.480
 0.039,-2.472
 0.039,-2.459
 0.039,-2.451
 0.025,-2.444
 0.039,-2.459
 0.026,-2.440
 0.026,-2.419
 0.039,-2.375
 0.026,-2.343
 0.026,-2.343
 0.039,-2.354
 0.026,-2.372
 0.026,-2.335
 0.026,-2.343
 0.039,-2.328
 0.027,-2.288
 0.039,-2.307
 0.040,-2.274
 0.040,-2.252
 0.040,-2.231
 0.027,-2.212
 0.027,-2.263
 0.027,-2.284
 0.027,-2.263
 0.027,-2.270
 0.001,-2.245
-0.012,-2.263
-0.012,-2.277
-0.038,-2.299
-0.051,-2.288
-0.051,-2.309
-0.051,-2.346
-0.064,-2.349
-0.064,-2.382
-0.090,-2.407
-0.077,-2.443
-0.077,-2.503
-0.103,-2.566
-0.104,-2.621
-0.103,-2.642
-0.116,-2.674
-0.104,-2.672
-0.090,-2.657
-0.104,-2.651
-0.091,-2.662
-0.064,-2.678
-0.051,-2.672
-0.025,-2.639
-0.025,-2.647
-0.012,-2.658
 0.001,-2.664
 0.001,-2.652
 0.014,-2.675
 0.040,-2.709
 0.066,-2.684
 0.066,-2.684
 0.079,-2.662
 0.066,-2.663
 0.079,-2.704
 0.079,-2.695
 0.079,-2.665
 0.092,-2.659
 0.066,-2.633
 0.079,-2.653
 0.092,-2.638
 0.079,-2.614
 0.066,-2.612
 0.066,-2.582
 0.066,-2.583
 0.079,-2.572
 0.052,-2.567
 0.066,-2.561
 0.078,-2.542
 0.052,-2.546
 0.078,-2.542
 0.092,-2.528
 0.078,-2.500
 0.065,-2.481
 0.066,-2.510
 0.052,-2.496
 0.052,-2.487
 0.091,-2.456
 0.065,-2.426
 0.065,-2.451
 0.065,-2.430
 0.039,-2.404
 0.052,-2.402
 0.039,-2.383
 0.052,-2.372
 0.038,-2.358
 0.026,-2.390
 0.026,-2.368
 0.038,-2.350
 0.038,-2.336
 0.025,-2.317
 0.051,-2.314
 0.025,-2.317
 0.026,-2.360
 0.000,-2.368
 0.013,-2.357
 0.013,-2.357
 0.013,-2.387
 0.026,-2.389
 0.013,-2.430
-0.000,-2.444
-0.026,-2.465
-0.014,-2.459
-0.026,-2.440
-0.013,-2.463
-0.013,-2.463
 0.000,-2.470
-0.013,-2.484
-0.039,-2.501
-0.026,-2.542
 0.000,-2.546
 0.001,-2.571
-0.013,-2.544
 0.013,-2.565
 0.026,-2.580
 0.026,-2.622
 0.026,-2.614
 0.013,-2.607
 0.026,-2.563
 0.026,-2.601
 0.026,-2.622
 0.026,-2.622
 0.039,-2.612
 0.000,-2.618
 0.000,-2.648
 0.000,-2.648
 0.000,-2.618
-0.013,-2.616
-0.026,-2.622
-0.012,-2.637
 0.001,-2.643
-0.000,-2.664
-0.000,-2.673
 0.001,-2.689
 0.001,-2.698
-0.013,-2.662
-0.012,-2.679
-0.026,-2.694
-0.038,-2.674
-0.039,-2.688
-0.026,-2.682
-0.026,-2.681
-0.013,-2.722
-0.026,-2.694
-0.026,-2.694
-0.039,-2.709
-0.012,-2.709
-0.026,-2.673
-0.012,-2.628
-0.039,-2.662
-0.012,-2.637
-0.039,-2.632
-0.039,-2.611
-0.039,-2.582
-0.039,-2.612
-0.052,-2.596
-0.065,-2.607
-0.052,-2.597
-0.026,-2.592
-0.026,-2.601
-0.025,-2.597
-0.039,-2.603
-0.026,-2.601
-0.039,-2.573
-0.025,-2.597
-0.025,-2.596
-0.013,-2.586
-0.026,-2.558
-0.026,-2.550
-0.026,-2.580
-0.039,-2.582
-0.039,-2.552
-0.052,-2.545
-0.052,-2.541
-0.039,-2.561
-0.013,-2.535
-0.026,-2.520
-0.000,-2.525
-0.013,-2.505
-0.026,-2.525
-0.026,-2.520
-0.013,-2.505
-0.013,-2.484
-0.026,-2.491
-0.026,-2.499
-0.026,-2.499
-0.026,-2.520
-0.026,-2.520
-0.026,-2.512
-0.039,-2.531
-0.039,-2.526
-0.039,-2.556
-0.013,-2.535
-0.000,-2.525
-0.000,-2.533
-0.014,-2.539
 0.013,-2.556
 0.013,-2.535
 0.013,-2.527
 0.013,-2.536
 0.026,-2.521
 0.013,-2.506
 0.052,-2.529
 0.013,-2.506
 0.025,-2.504
 0.025,-2.495
 0.013,-2.506
 0.039,-2.510
 0.025,-2.516
 0.025,-2.525
 0.039,-2.481
 0.039,-2.531
 0.038,-2.536
 0.052,-2.563
 0.052,-2.542
 0.039,-2.531
 0.026,-2.567
 0.013,-2.565
 0.013,-2.535
-0.000,-2.533
 0.026,-2.554
 0.026,-2.576
 0.013,-2.586
 0.013,-2.578
-0.013,-2.582
-0.026,-2.571
-0.026,-2.571
-0.026,-2.571
-0.013,-2.556
-0.026,-2.550
-0.026,-2.571
-0.052,-2.596
-0.052,-2.626
-0.065,-2.653
-0.065,-2.662
-0.078,-2.672
-0.065,-2.713
-0.065,-2.713
-0.065,-2.704
-0.065,-2.692
-0.038,-2.683
-0.026,-2.673
-0.039,-2.662
-0.038,-2.653
-0.039,-2.633
-0.026,-2.622
-0.012,-2.637
-0.013,-2.646
 0.001,-2.622
-0.026,-2.652
 0.000,-2.648
 0.000,-2.669
 0.014,-2.663
 0.000,-2.669
 0.000,-2.678
 0.013,-2.658
 0.013,-2.688
 0.026,-2.678
 0.027,-2.673
 0.039,-2.693
 0.013,-2.688
 0.013,-2.709
 0.039,-2.714
 0.052,-2.694
 0.039,-2.718
 0.052,-2.724
 0.052,-2.754
 0.052,-2.754
 0.040,-2.755
 0.065,-2.735
 0.052,-2.745
 0.052,-2.754
 0.052,-2.775
 0.052,-2.766
 0.040,-2.765
 0.065,-2.765
 0.066,-2.799
 0.053,-2.835
 0.065,-2.837
 0.053,-2.857
 0.027,-2.851
 0.040,-2.867
 0.039,-2.841
 0.053,-2.847
 0.040,-2.846
 0.053,-2.826
 0.039,-2.841
 0.053,-2.835
 0.027,-2.851
 0.013,-2.845
 0.013,-2.836
 0.014,-2.841
 0.014,-2.841
 0.000,-2.846
-0.012,-2.866
 0.014,-2.861
 0.000,-2.856
 0.014,-2.871
 0.000,-2.846
 0.001,-2.881
 0.014,-2.861
-0.025,-2.856
-0.012,-2.866
-0.025,-2.867
-0.039,-2.871
-0.038,-2.891
-0.025,-2.886
-0.039,-2.901
-0.064,-2.916
-0.064,-2.967
-0.064,-2.958
-0.064,-2.937
-0.026,-2.932
-0.025,-2.948
-0.038,-2.942
-0.038,-2.912
-0.064,-2.917
-0.077,-2.936
-0.077,-2.927
-0.091,-2.921
-0.103,-2.922
-0.130,-2.956
-0.130,-2.957
-0.116,-2.962
-0.156,-2.982
-0.168,-2.962
-0.182,-3.007
-0.182,-3.007
-0.194,-2.986
-0.235,-2.986
-0.233,-2.997
-0.247,-3.017
-0.246,-3.032
-0.232,-3.038
-0.234,-3.007
-0.234,-3.006
-0.248,-3.031
-0.248,-3.031
-0.260,-3.052
-0.273,-3.042
-0.259,-3.042
-0.247,-3.012
-0.247,-2.991
-0.247,-3.012
-0.235,-3.011
-0.221,-2.986
-0.208,-2.981
-0.222,-2.996
-0.195,-3.012
-0.170,-3.022
-0.142,-3.013
-0.130,-3.003
-0.117,-2.967
-0.117,-2.962
-0.078,-2.962
-0.064,-2.937
-0.038,-2.891
-0.039,-2.871
-0.026,-2.851
-0.039,-2.841
-0.026,-2.842
-0.039,-2.811
-0.039,-2.790
-0.052,-2.753
-0.026,-2.767
-0.026,-2.758
-0.039,-2.769
-0.039,-2.764
-0.065,-2.755
-0.078,-2.779
-0.065,-2.759
-0.065,-2.764
-0.065,-2.794
-0.078,-2.799
-0.091,-2.819
-0.104,-2.799
-0.117,-2.814
-0.130,-2.804
-0.130,-2.773
-0.117,-2.793
-0.130,-2.773
-0.157,-2.808
-0.170,-2.793
-0.169,-2.784
-0.182,-2.803
-0.169,-2.783
-0.182,-2.803
-0.195,-2.809
-0.208,-2.819
-0.209,-2.828
-0.209,-2.777
-0.223,-2.801
-0.223,-2.822
-0.208,-2.849
-0.209,-2.828
-0.195,-2.809
-0.182,-2.803
-0.209,-2.807
-0.208,-2.798
-0.170,-2.793
-0.182,-2.773
-0.196,-2.767
-0.196,-2.767
-0.195,-2.758
-0.183,-2.752
-0.156,-2.748
-0.157,-2.783
-0.170,-2.763
-0.143,-2.758
-0.118,-2.768
-0.130,-2.799
-0.143,-2.788
-0.131,-2.778
-0.105,-2.769
-0.092,-2.764
-0.092,-2.733
-0.079,-2.728
-0.040,-2.722
-0.027,-2.733
-0.014,-2.748
-0.027,-2.724
-0.001,-2.750
-0.001,-2.720
-0.013,-2.709
-0.001,-2.708
-0.001,-2.678
-0.001,-2.657
-0.014,-2.667
-0.026,-2.648
-0.027,-2.656
-0.052,-2.673
-0.065,-2.662
-0.053,-2.652
-0.065,-2.662
-0.105,-2.681
-0.092,-2.683
-0.118,-2.687
-0.105,-2.651
-0.118,-2.687
-0.157,-2.702
-0.170,-2.682
-0.196,-2.686
-0.222,-2.732
-0.222,-2.732
-0.209,-2.706
-0.235,-2.701
-0.249,-2.725
-0.223,-2.720
-0.235,-2.701
-0.249,-2.716
-0.248,-2.706
-0.261,-2.696
-0.249,-2.665
-0.235,-2.671
-0.262,-2.654
-0.248,-2.656
-0.262,-2.654
-0.249,-2.665
-0.261,-2.645
-0.262,-2.679
-0.274,-2.681
-0.248,-2.686
-0.248,-2.686
-0.248,-2.686
-0.235,-2.701
-0.248,-2.707
-0.249,-2.716
-0.249,-2.716
-0.222,-2.732
-0.210,-2.731
-0.209,-2.692
-0.209,-2.722
-0.196,-2.686
-0.183,-2.701
-0.184,-2.684
-0.158,-2.680
-0.171,-2.670
-0.144,-2.666
-0.157,-2.671
-0.144,-2.666
-0.131,-2.646
-0.118,-2.641
-0.105,-2.600
-0.118,-2.636
-0.105,-2.651
-0.118,-2.657
-0.131,-2.676
-0.131,-2.706
-0.144,-2.717
-0.131,-2.757
-0.143,-2.759
-0.157,-2.804
-0.157,-2.803
-0.143,-2.788
-0.144,-2.819
-0.143,-2.788
-0.157,-2.834
-0.157,-2.803
-0.157,-2.773
-0.157,-2.782
-0.156,-2.769
-0.169,-2.814
-0.169,-2.784
-0.143,-2.789
-0.131,-2.762
-0.144,-2.747
-0.131,-2.787
-0.131,-2.778
-0.118,-2.810
-0.143,-2.789
-0.130,-2.769
-0.117,-2.794
-0.118,-2.789
-0.117,-2.814
-0.131,-2.838
-0.157,-2.824
-0.157,-2.834
-0.157,-2.803
-0.169,-2.814
-0.144,-2.819
-0.157,-2.824
-0.170,-2.823
-0.182,-2.803
-0.169,-2.814
-0.183,-2.833
-0.169,-2.814
-0.196,-2.818
-0.196,-2.818
-0.195,-2.809
-0.182,-2.819
-0.208,-2.814
-0.209,-2.833
-0.170,-2.823
-0.184,-2.838
-0.197,-2.827
-0.209,-2.824
-0.209,-2.854
-0.208,-2.844
-0.208,-2.845
-0.196,-2.844
-0.196,-2.839
-0.210,-2.863
-0.222,-2.843
-0.209,-2.854
-0.235,-2.828
-0.235,-2.849
-0.236,-2.858
-0.209,-2.854
-0.222,-2.843
-0.223,-2.823
-0.235,-2.828
-0.222,-2.844
-0.209,-2.874
-0.222,-2.889
-0.209,-2.935
-0.222,-2.910
-0.208,-2.926
-0.209,-2.905
-0.197,-2.925
-0.197,-2.904
-0.157,-2.930
-0.157,-2.961
-0.170,-2.941
-0.170,-2.966
-0.157,-2.931
-0.131,-2.926
-0.131,-2.936
-0.118,-2.916
-0.118,-2.920
-0.131,-2.915
-0.118,-2.890
-0.131,-2.936
-0.131,-2.905
-0.118,-2.916
-0.092,-2.900
-0.079,-2.876
-0.079,-2.885
-0.092,-2.870
-0.092,-2.891
-0.079,-2.906
-0.091,-2.886
-0.105,-2.881
-0.118,-2.886
-0.131,-2.901
-0.118,-2.926
-0.132,-2.910
-0.119,-2.935
-0.106,-2.915
-0.118,-2.946
-0.118,-2.946
-0.105,-2.947
-0.105,-2.931
-0.092,-2.890
-0.105,-2.906
-0.105,-2.889
-0.105,-2.880
-0.119,-2.874
-0.118,-2.865
-0.105,-2.829
-0.131,-2.834
-0.118,-2.839
-0.119,-2.844
-0.118,-2.839
-0.131,-2.854
-0.145,-2.869
-0.143,-2.885
-0.157,-2.905
-0.170,-2.890
-0.183,-2.905
-0.183,-2.905
-0.183,-2.874
-0.184,-2.884
-0.197,-2.873
-0.183,-2.889
-0.170,-2.900
-0.197,-2.889
-0.183,-2.905
-0.183,-2.905
-0.183,-2.905
-0.197,-2.925
-0.183,-2.925
-0.184,-2.935
-0.157,-2.930
-0.197,-2.971
-0.183,-2.986
-0.195,-2.987
-0.197,-3.022
-0.183,-3.007
-0.183,-3.007
-0.157,-3.007
-0.157,-3.002
-0.158,-2.986
-0.170,-2.997
-0.170,-2.997
-0.158,-2.986
-0.157,-2.997
-0.170,-3.017
-0.170,-2.997
-0.184,-3.012
-0.132,-3.043
-0.145,-3.048
-0.131,-3.068
-0.131,-3.084
-0.144,-3.094
-0.118,-3.099
-0.118,-3.069
-0.092,-3.053
-0.092,-3.048
-0.066,-3.074
-0.066,-3.074
-0.066,-3.043
-0.079,-3.095
-0.065,-3.069
-0.065,-3.049
-0.066,-3.053
-0.079,-3.084
-0.066,-3.105
-0.040,-3.100
-0.053,-3.115
-0.053,-3.115
-0.066,-3.094
-0.079,-3.140
-0.066,-3.094
-0.078,-3.105
-0.066,-3.074
-0.079,-3.084
-0.093,-3.089
-0.066,-3.084
-0.092,-3.105
-0.131,-3.135
-0.130,-3.124
-0.118,-3.145
-0.131,-3.135
-0.131,-3.135
-0.144,-3.125
-0.117,-3.120
-0.131,-3.165
-0.117,-3.120
-0.105,-3.110
-0.118,-3.099
-0.105,-3.109
-0.118,-3.130
-0.131,-3.135
-0.157,-3.165
-0.157,-3.165
-0.156,-3.155
-0.170,-3.180
-0.170,-3.170
-0.182,-3.211
-0.196,-3.226
-0.195,-3.236
-0.169,-3.247
-0.182,-3.211
-0.184,-3.226
-0.171,-3.242
-0.183,-3.246
-0.196,-3.257
-0.196,-3.277
-0.208,-3.287
-0.208,-3.287
-0.221,-3.266
-0.196,-3.277
-0.208,-3.287
-0.209,-3.292
-0.222,-3.282
-0.234,-3.312
-0.222,-3.308
-0.221,-3.297
-0.235,-3.343
-0.235,-3.343
-0.234,-3.332
-0.248,-3.333
-0.234,-3.312
-0.235,-3.343
-0.221,-3.348
-0.221,-3.343
-0.234,-3.363
-0.208,-3.358
-0.208,-3.338
-0.195,-3.303
-0.195,-3.283
-0.170,-3.319
-0.143,-3.328
-0.156,-3.339
-0.156,-3.313
-0.143,-3.318
-0.130,-3.324
-0.130,-3.288
-0.130,-3.293
-0.117,-3.252
-0.117,-3.252
-0.104,-3.248
-0.143,-3.247
-0.170,-3.252
-0.143,-3.226
-0.130,-3.181
-0.131,-3.171
-0.143,-3.150
-0.170,-3.180
-0.157,-3.165
-0.169,-3.165
-0.182,-3.165
-0.183,-3.160
-0.195,-3.201
-0.209,-3.185
-0.196,-3.144
-0.170,-3.135
-0.182,-3.114
-0.184,-3.149
-0.157,-3.145
-0.170,-3.119
-0.157,-3.114
-0.170,-3.073
-0.170,-3.053
-0.170,-3.053
-0.196,-3.017
-0.196,-3.027
-0.196,-3.017
-0.197,-3.022
-0.182,-2.982
-0.196,-2.966
-0.184,-2.966
-0.209,-2.986
-0.209,-2.986
-0.196,-2.976
-0.209,-2.956
-0.196,-2.976
-0.196,-2.966
-0.222,-2.992
-0.196,-2.945
-0.208,-2.925
-0.209,-2.935
-0.196,-2.945
-0.183,-2.940
-0.171,-2.930
-0.157,-2.910
-0.144,-2.905
-0.144,-2.916
-0.157,-2.961
-0.183,-2.956
-0.184,-2.981
-0.184,-2.966
-0.157,-2.981
-0.183,-2.986
-0.157,-2.961
-0.158,-2.986
-0.157,-2.991
-0.170,-2.996
-0.144,-3.002
-0.144,-3.002
-0.157,-3.007
-0.170,-2.997
-0.157,-3.007
-0.158,-3.038
-0.131,-3.038
-0.157,-3.032
-0.158,-3.038
-0.170,-3.017
-0.170,-3.048
-0.157,-3.032
-0.157,-3.058
-0.144,-3.083
-0.145,-3.109
-0.131,-3.145
-0.145,-3.129
-0.131,-3.160
-0.131,-3.165
-0.118,-3.145
-0.105,-3.166
-0.118,-3.176
-0.118,-3.175
-0.105,-3.196
-0.079,-3.211
-0.105,-3.247
-0.105,-3.268
-0.118,-3.272
-0.105,-3.268
-0.105,-3.288
-0.079,-3.293
-0.092,-3.257
-0.066,-3.252
-0.066,-3.232
-0.053,-3.186
-0.066,-3.202
-0.066,-3.201
-0.079,-3.212
-0.066,-3.202
-0.066,-3.191
-0.066,-3.202
-0.066,-3.181
-0.053,-3.197
-0.067,-3.192
-0.053,-3.191
-0.053,-3.222
-0.053,-3.242
-0.053,-3.232
-0.067,-3.258
-0.066,-3.247
-0.079,-3.268
-0.079,-3.268
-0.079,-3.288
-0.093,-3.283
-0.092,-3.278
-0.106,-3.324
-0.079,-3.319
-0.079,-3.339
-0.066,-3.304
-0.053,-3.283
-0.080,-3.299
-0.066,-3.283
-0.066,-3.283
-0.066,-3.314
-0.066,-3.304
-0.080,-3.299
-0.093,-3.303
-0.091,-3.288
-0.092,-3.318
-0.118,-3.318
-0.106,-3.324
-0.120,-3.298
-0.119,-3.293
-0.120,-3.319
-0.118,-3.323
-0.131,-3.339
-0.144,-3.298
-0.144,-3.298
-0.145,-3.308
-0.145,-3.277
-0.158,-3.272
-0.145,-3.257
-0.171,-3.251
-0.198,-3.288
-0.183,-3.262
-0.184,-3.241
-0.158,-3.216
-0.197,-3.226
-0.158,-3.247
-0.157,-3.267
-0.158,-3.267
-0.158,-3.267
-0.183,-3.261
-0.197,-3.257
-0.183,-3.276
-0.183,-3.282
-0.197,-3.257
-0.171,-3.237
-0.198,-3.247
-0.198,-3.236
-0.184,-3.241
-0.171,-3.252
-0.171,-3.221
-0.185,-3.216
-0.171,-3.200
-0.158,-3.191
-0.158,-3.165
-0.171,-3.150
-0.172,-3.129
-0.171,-3.119
-0.185,-3.144
-0.184,-3.139
-0.185,-3.114
-0.158,-3.094
-0.172,-3.073
-0.172,-3.078
-0.159,-3.088
-0.145,-3.073
-0.132,-3.038
-0.132,-3.007
-0.145,-3.023
-0.159,-3.037
-0.145,-3.022
-0.120,-3.007
-0.093,-2.951
-0.080,-2.976
-0.081,-2.971
-0.094,-2.997
-0.067,-2.998
-0.054,-2.977
-0.067,-2.947
-0.054,-2.936
-0.067,-2.946
-0.055,-2.916
-0.054,-2.885
-0.081,-2.920
-0.067,-2.875
-0.067,-2.895
-0.067,-2.875
-0.067,-2.865
-0.054,-2.860
-0.080,-2.834
-0.094,-2.849
-0.081,-2.839
-0.094,-2.819
-0.094,-2.798
-0.107,-2.757
-0.106,-2.778
-0.107,-2.757
-0.107,-2.727
-0.094,-2.726
-0.108,-2.694
-0.107,-2.685
-0.107,-2.664
-0.107,-2.676
-0.121,-2.670
-0.133,-2.629
-0.160,-2.633
-0.160,-2.634
-0.159,-2.625
-0.160,-2.634
-0.147,-2.644
-0.172,-2.644
-0.160,-2.634
-0.146,-2.640
-0.146,-2.645
-0.146,-2.645
-0.158,-2.655
-0.159,-2.660
-0.159,-2.650
-0.158,-2.655
-0.172,-2.640
-0.184,-2.650
-0.198,-2.674
-0.197,-2.686
-0.210,-2.756
-0.210,-2.756
-0.224,-2.801
-0.225,-2.811
-0.237,-2.837
-0.211,-2.893
-0.237,-2.909
-0.224,-2.971
-0.224,-2.980
-0.211,-3.011
-0.224,-3.026
-0.211,-3.037
-0.198,-3.022
-0.172,-3.006
-0.172,-3.027
-0.198,-3.032
-0.171,-3.002
-0.158,-3.012
-0.159,-3.022
-0.132,-3.038
-0.120,-3.058
-0.080,-3.064
-0.093,-3.053
-0.080,-3.094
-0.067,-3.094
-0.106,-3.089
-0.094,-3.079
-0.105,-3.084
-0.093,-3.074
-0.093,-3.074
-0.080,-3.074
-0.080,-3.079
-0.067,-3.110
-0.080,-3.151
-0.092,-3.145
-0.119,-3.181
-0.106,-3.161
-0.105,-3.186
-0.093,-3.207
-0.106,-3.212
-0.118,-3.237
-0.105,-3.217
-0.132,-3.191
-0.145,-3.212
-0.131,-3.242
-0.158,-3.247
-0.158,-3.247
-0.171,-3.232
-0.171,-3.237
-0.171,-3.252
-0.184,-3.293
-0.210,-3.287
-0.210,-3.318
-0.224,-3.313
-0.223,-3.277
-0.236,-3.292
-0.223,-3.277
-0.223,-3.257
-0.211,-3.257
-0.197,-3.262
-0.197,-3.293
-0.209,-3.312
-0.209,-3.338
-0.210,-3.318
-0.210,-3.318
-0.211,-3.329
-0.210,-3.323
-0.249,-3.333
-0.235,-3.318
-0.248,-3.322
-0.249,-3.364
-0.262,-3.374
-0.262,-3.374
-0.250,-3.395
-0.249,-3.384
-0.262,-3.400
-0.236,-3.394
-0.248,-3.404
-0.261,-3.394
-0.248,-3.404
-0.276,-3.389
-0.261,-3.414
-0.248,-3.424
-0.261,-3.394
-0.249,-3.384
-0.250,-3.395
-0.223,-3.421
-0.236,-3.425
-0.249,-3.435
-0.235,-3.414
-0.197,-3.410
-0.197,-3.410
-0.209,-3.420
-0.184,-3.375
-0.171,-3.354
-0.171,-3.339
-0.171,-3.339
-0.171,-3.334
-0.157,-3.324
-0.144,-3.303
-0.145,-3.339
-0.118,-3.303
-0.118,-3.303
-0.092,-3.258
-0.118,-3.252
-0.092,-3.263
-0.092,-3.258
-0.079,-3.263
-0.079,-3.237
-0.092,-3.227
-0.093,-3.238
-0.066,-3.212
-0.093,-3.217
-0.093,-3.217
-0.092,-3.227
-0.080,-3.217
-0.079,-3.212
-0.093,-3.207
-0.093,-3.186
-0.092,-3.176
-0.119,-3.160
-0.105,-3.166
-0.132,-3.140
-0.119,-3.160
-0.132,-3.140
-0.133,-3.175
-0.158,-3.165
-0.171,-3.155
-0.158,-3.145
-0.171,-3.170
-0.158,-3.145
-0.158,-3.165
-0.158,-3.165
-0.172,-3.160
-0.184,-3.160
-0.197,-3.180
-0.210,-3.165
-0.211,-3.144
-0.198,-3.139
-0.211,-3.124
-0.198,-3.165
-0.197,-3.180
-0.197,-3.195
-0.184,-3.190
-0.197,-3.175
-0.198,-3.185
-0.198,-3.206
-0.197,-3.231
-0.197,-3.231
-0.196,-3.251
-0.171,-3.237
-0.158,-3.247
-0.171,-3.257
-0.158,-3.278
-0.170,-3.277
-0.171,-3.288
-0.158,-3.267
-0.158,-3.247
-0.158,-3.247
-0.170,-3.226
-0.184,-3.247
-0.183,-3.216
-0.196,-3.226
-0.197,-3.232
-0.209,-3.211
-0.197,-3.242
-0.197,-3.211
-0.184,-3.175
-0.197,-3.165
-0.183,-3.165
-0.197,-3.180
-0.197,-3.149
-0.184,-3.114
-0.197,-3.083
-0.197,-3.083
-0.198,-3.088
-0.197,-3.078
-0.223,-3.078
-0.210,-3.068
-0.223,-3.047
-0.223,-3.057
-0.236,-3.062
-0.224,-3.083
-0.210,-3.068
-0.210,-3.058
-0.237,-3.042
-0.210,-3.037
-0.210,-3.037
-0.224,-3.052
-0.210,-3.037
-0.224,-3.001
-0.210,-2.986
-0.211,-2.966
-0.211,-2.975
-0.212,-2.970
-0.211,-2.975
-0.198,-2.955
-0.198,-2.976
-0.185,-2.986
-0.197,-2.996
-0.172,-3.012
-0.158,-2.966
-0.172,-2.981
-0.146,-2.981
-0.132,-2.986
-0.145,-3.007
-0.158,-2.961
-0.146,-2.956
-0.159,-2.945
-0.159,-2.940
-0.172,-2.960
-0.158,-2.935
-0.158,-2.936
-0.132,-2.941
-0.158,-2.936
-0.171,-2.956
-0.158,-2.935
-0.172,-2.951
-0.158,-2.956
-0.145,-2.946
-0.159,-2.945
-0.132,-2.920
-0.146,-2.914
-0.133,-2.929
-0.132,-2.940
-0.146,-2.956
-0.145,-2.967
-0.144,-2.972
-0.145,-2.951
-0.132,-2.936
-0.146,-2.935
-0.145,-2.930
-0.159,-2.945
-0.158,-2.966
-0.144,-2.920
-0.145,-2.930
-0.132,-2.910
-0.159,-2.945
-0.146,-2.956
-0.158,-2.935
-0.145,-2.930
-0.158,-2.915
-0.145,-2.981
-0.158,-2.966
-0.170,-2.966
-0.183,-2.956
-0.197,-2.971
-0.197,-2.981
-0.198,-2.990
-0.198,-3.011
-0.223,-3.011
-0.210,-2.991
-0.236,-3.016
-0.236,-3.016
-0.249,-3.021
-0.262,-3.042
-0.248,-3.047
-0.262,-3.042
-0.250,-3.062
-0.249,-3.052
-0.250,-3.032
-0.249,-3.001
-0.276,-3.006
-0.262,-2.990
-0.249,-2.970
-0.263,-2.970
-0.236,-2.935
-0.223,-2.950
-0.223,-2.929
-0.236,-2.935
-0.223,-2.950
-0.235,-2.925
-0.236,-2.935
-0.237,-2.924
-0.237,-2.924
-0.238,-2.954
-0.210,-2.939
-0.223,-2.981
-0.223,-2.950
-0.209,-2.930
-0.171,-2.930
-0.197,-2.925
-0.183,-2.940
-0.183,-2.940
-0.196,-2.920
-0.184,-2.920
-0.197,-2.925
-0.184,-2.971
-0.210,-2.996
-0.196,-3.027
-0.210,-3.042
-0.222,-3.053
-0.197,-3.088
-0.197,-3.134
-0.209,-3.134
-0.197,-3.134
-0.222,-3.124
-0.209,-3.140
-0.210,-3.124
-0.223,-3.134
-0.223,-3.144
-0.210,-3.124
-0.197,-3.140
-0.210,-3.175
-0.221,-3.195
-0.209,-3.196
-0.209,-3.165
-0.236,-3.201
-0.236,-3.200
-0.236,-3.221
-0.262,-3.226
-0.249,-3.256
-0.249,-3.287
-0.249,-3.287
-0.262,-3.292
-0.249,-3.288
-0.261,-3.261
-0.249,-3.256
-0.236,-3.221
-0.222,-3.231
-0.249,-3.236
-0.236,-3.215
-0.236,-3.221
-0.248,-3.226
-0.248,-3.226
-0.223,-3.242
-0.223,-3.211
-0.237,-3.257
-0.224,-3.267
-0.197,-3.282
-0.196,-3.288
-0.209,-3.261
-0.170,-3.282
-0.171,-3.288
-0.158,-3.298
-0.145,-3.293
-0.144,-3.283
-0.132,-3.304
-0.132,-3.304
-0.105,-3.319
-0.131,-3.324
-0.118,-3.278
-0.118,-3.289
-0.118,-3.288
-0.105,-3.299
-0.105,-3.329
-0.105,-3.319
-0.079,-3.325
-0.105,-3.299
-0.105,-3.319
-0.119,-3.365
-0.104,-3.359
-0.092,-3.335
-0.119,-3.345
-0.106,-3.335
-0.105,-3.361
-0.106,-3.375
-0.105,-3.401
-0.118,-3.385
-0.118,-3.374
-0.119,-3.365
-0.118,-3.385
-0.144,-3.416
-0.158,-3.432
-0.157,-3.400
-0.171,-3.421
-0.144,-3.410
-0.171,-3.416
-0.184,-3.426
-0.183,-3.395
-0.184,-3.406
-0.196,-3.384
-0.197,-3.365
-0.197,-3.365
-0.223,-3.359
-0.209,-3.375
-0.236,-3.343
-0.248,-3.359
-0.249,-3.384
-0.235,-3.389
-0.236,-3.380
-0.236,-3.379
-0.237,-3.390
-0.250,-3.395
-0.249,-3.415
-0.249,-3.415
-0.248,-3.404
-0.261,-3.394
-0.288,-3.348
-0.288,-3.348
-0.289,-3.359
-0.301,-3.332
-0.302,-3.369
-0.289,-3.379
-0.301,-3.383
-0.289,-3.379
-0.287,-3.394
-0.327,-3.414
-0.288,-3.430
-0.301,-3.409
-0.302,-3.420
-0.301,-3.409
-0.288,-3.430
-0.300,-3.460
-0.314,-3.444
-0.302,-3.466
-0.313,-3.484
-0.300,-3.511
-0.301,-3.522
-0.302,-3.528
-0.302,-3.534
-0.275,-3.542
-0.274,-3.569
-0.287,-3.572
-0.300,-3.576
-0.288,-3.578
-0.274,-3.531
-0.262,-3.533
-0.275,-3.543
-0.248,-3.563
-0.262,-3.559
-0.275,-3.563
-0.249,-3.569
-0.262,-3.584
-0.248,-3.589
-0.249,-3.594
-0.209,-3.573
-0.236,-3.559
-0.210,-3.584
-0.222,-3.594
-0.223,-3.620
-0.209,-3.593
-0.235,-3.599
-0.235,-3.567
-0.222,-3.583
-0.223,-3.575
-0.197,-3.575
-0.184,-3.571
-0.183,-3.559
-0.195,-3.578
-0.196,-3.583
-0.196,-3.583
-0.197,-3.575
-0.183,-3.559
-0.196,-3.569
-0.183,-3.560
-0.195,-3.558
-0.183,-3.579
-0.183,-3.579
-0.209,-3.605
-0.184,-3.591
-0.209,-3.604
-0.210,-3.616
-0.210,-3.636
-0.196,-3.640
