-0.424,-2.559
-0.417,-2.552
-0.433,-2.543
-0.433,-2.533
-0.440,-2.536
-0.441,-2.554
-0.440,-2.534
-0.448,-2.510
-0.448,-2.510
-0.440,-2.499
-0.433,-2.500
-0.411,-2.496
-0.411,-2.496
-0.388,-2.518
-0.364,-2.517
-0.356,-2.508
-0.341,-2.476
-0.318,-2.475
-0.281,-2.472
-0.242,-2.488
-0.226,-2.516
-0.204,-2.485
-0.189,-2.490
-0.166,-2.497
-0.158,-2.485
-0.143,-2.463
-0.143,-2.463
-0.136,-2.482
-0.150,-2.504
-0.135,-2.497
-0.142,-2.496
-0.135,-2.507
-0.143,-2.530
-0.158,-2.547
-0.188,-2.527
-0.189,-2.515
-0.204,-2.500
-0.227,-2.506
-0.242,-2.503
-0.265,-2.492
-0.266,-2.514
-0.273,-2.508
-0.289,-2.493
-0.312,-2.471
-0.319,-2.475
-0.341,-2.496
-0.333,-2.500
-0.333,-2.542
-0.326,-2.526
-0.333,-2.544
-0.327,-2.548
-0.303,-2.572
-0.319,-2.587
-0.304,-2.590
-0.303,-2.582
-0.288,-2.600
-0.302,-2.592
-0.309,-2.551
-0.318,-2.520
-0.318,-2.488
-0.327,-2.471
-0.319,-2.448
-0.319,-2.433
-0.304,-2.450
-0.311,-2.439
-0.327,-2.469
-0.319,-2.460
-0.326,-2.466
-0.311,-2.486
-0.311,-2.499
-0.295,-2.529
-0.295,-2.541
-0.303,-2.550
-0.295,-2.576
-0.310,-2.571
-0.310,-2.573
-0.302,-2.595
-0.316,-2.619
-0.324,-2.628
-0.332,-2.621
-0.333,-2.632
-0.348,-2.662
-0.371,-2.680
-0.402,-2.697
-0.432,-2.692
-0.424,-2.718
-0.455,-2.730
-0.454,-2.754
-0.469,-2.757
-0.492,-2.736
-0.509,-2.741
-0.508,-2.738
-0.538,-2.700
-0.570,-2.660
-0.585,-2.625
-0.608,-2.604
-0.608,-2.592
-0.616,-2.583
-0.609,-2.567
-0.601,-2.558
-0.609,-2.567
-0.594,-2.565
-0.586,-2.573
-0.593,-2.580
-0.577,-2.560
-0.569,-2.569
-0.562,-2.575
-0.553,-2.579
-0.546,-2.593
-0.547,-2.577
-0.540,-2.591
-0.556,-2.594
-0.563,-2.567
-0.578,-2.550
-0.600,-2.524
-0.602,-2.514
-0.617,-2.499
-0.616,-2.506
-0.616,-2.496
-0.617,-2.481
-0.617,-2.469
-0.640,-2.445
-0.640,-2.415
-0.657,-2.405
-0.664,-2.396
-0.657,-2.402
-0.632,-2.404
-0.623,-2.408
-0.602,-2.424
-0.586,-2.422
-0.564,-2.421
-0.565,-2.408
-0.533,-2.404
-0.533,-2.434
-0.523,-2.445
-0.508,-2.431
-0.494,-2.423
-0.501,-2.412
-0.510,-2.410
-0.526,-2.380
-0.519,-2.347
-0.520,-2.336
-0.527,-2.342
-0.550,-2.349
-0.578,-2.322
-0.609,-2.292
-0.609,-2.277
-0.624,-2.245
-0.626,-2.224
-0.619,-2.188
-0.598,-2.141
-0.575,-2.118
-0.588,-2.079
-0.573,-2.065
-0.557,-2.031
-0.535,-2.012
-0.521,-2.001
-0.503,-2.010
-0.481,-1.989
-0.451,-1.962
-0.452,-1.951
-0.436,-1.936
-0.435,-1.947
-0.412,-1.941
-0.397,-1.924
-0.390,-1.935
-0.366,-1.954
-0.350,-1.961
-0.343,-1.948
-0.337,-1.932
-0.330,-1.930
-0.322,-1.922
-0.321,-1.914
-0.321,-1.914
-0.312,-1.914
-0.335,-1.923
-0.335,-1.906
-0.351,-1.878
-0.360,-1.866
-0.360,-1.849
-0.360,-1.820
-0.359,-1.833
-0.389,-1.814
-0.397,-1.839
-0.412,-1.837
-0.420,-1.845
-0.443,-1.836
-0.458,-1.832
-0.459,-1.838
-0.474,-1.823
-0.482,-1.831
-0.505,-1.840
-0.512,-1.827
-0.504,-1.806
-0.496,-1.781
-0.497,-1.753
-0.474,-1.734
-0.473,-1.730
-0.460,-1.723
-0.483,-1.699
-0.490,-1.676
-0.498,-1.656
-0.506,-1.631
-0.521,-1.633
-0.505,-1.628
-0.535,-1.641
-0.551,-1.642
-0.565,-1.653
-0.582,-1.629
-0.582,-1.599
-0.605,-1.592
-0.613,-1.586
-0.612,-1.582
-0.613,-1.584
-0.612,-1.569
-0.597,-1.584
-0.589,-1.605
-0.565,-1.596
-0.574,-1.578
-0.559,-1.563
-0.543,-1.563
-0.544,-1.580
-0.536,-1.570
-0.536,-1.571
-0.535,-1.585
-0.519,-1.613
-0.527,-1.634
-0.503,-1.667
-0.505,-1.691
-0.498,-1.701
-0.482,-1.699
-0.491,-1.711
-0.490,-1.737
-0.467,-1.761
-0.473,-1.793
-0.465,-1.796
-0.442,-1.790
-0.419,-1.795
-0.412,-1.794
-0.404,-1.801
-0.389,-1.818
-0.397,-1.845
-0.404,-1.862
-0.404,-1.875
-0.419,-1.903
-0.426,-1.924
-0.434,-1.964
-0.434,-1.977
-0.427,-2.007
-0.434,-2.043
-0.433,-2.098
-0.425,-2.149
-0.425,-2.192
-0.441,-2.258
-0.432,-2.322
-0.431,-2.409
-0.447,-2.501
-0.453,-2.561
-0.438,-2.594
-0.439,-2.628
-0.439,-2.688
-0.462,-2.744
-0.499,-2.807
-0.530,-2.857
-0.552,-2.935
-0.557,-3.039
-0.595,-3.090
-0.617,-3.104
-0.618,-3.125
-0.649,-3.113
-0.680,-3.023
-0.720,-2.948
-0.766,-2.915
-0.836,-2.896
-0.866,-2.848
-0.880,-2.813
-0.887,-2.819
-0.878,-2.822
-0.873,-2.825
-0.868,-2.809
-0.882,-2.806
-0.844,-2.800
-0.811,-2.792
-0.828,-2.735
-0.820,-2.617
-0.827,-2.517
-0.821,-2.439
-0.845,-2.358
-0.862,-2.303
-0.846,-2.283
-0.838,-2.262
-0.811,-2.272
-0.810,-2.272
-0.811,-2.321
-0.788,-2.357
-0.777,-2.384
-0.777,-2.414
-0.774,-2.434
-0.760,-2.454
-0.753,-2.478
-0.747,-2.459
-0.750,-2.454
-0.741,-2.443
-0.748,-2.432
-0.733,-2.402
-0.702,-2.402
-0.658,-2.409
-0.634,-2.384
-0.635,-2.356
-0.619,-2.337
-0.570,-2.366
-0.562,-2.374
-0.532,-2.362
-0.488,-2.327
-0.458,-2.272
-0.443,-2.228
-0.435,-2.219
-0.411,-2.219
-0.380,-2.245
-0.342,-2.241
-0.319,-2.233
-0.289,-2.227
-0.275,-2.217
-0.259,-2.249
-0.251,-2.283
-0.243,-2.304
-0.236,-2.315
-0.227,-2.345
-0.227,-2.357
-0.235,-2.336
-0.257,-2.308
-0.266,-2.293
-0.258,-2.270
-0.274,-2.259
-0.275,-2.217
-0.298,-2.193
-0.297,-2.189
-0.304,-2.159
-0.350,-2.101
-0.367,-2.047
-0.366,-2.016
-0.343,-1.933
-0.351,-1.850
-0.352,-1.768
-0.353,-1.742
-0.376,-1.704
-0.407,-1.677
-0.436,-1.653
-0.458,-1.641
-0.458,-1.625
-0.488,-1.595
-0.520,-1.568
-0.552,-1.545
-0.577,-1.556
-0.591,-1.584
-0.612,-1.585
-0.636,-1.609
-0.651,-1.622
-0.673,-1.643
-0.711,-1.647
-0.725,-1.645
-0.735,-1.657
-0.743,-1.650
-0.743,-1.667
-0.751,-1.675
-0.742,-1.710
-0.751,-1.735
-0.765,-1.761
-0.780,-1.791
-0.780,-1.833
-0.778,-1.859
-0.773,-1.873
-0.773,-1.903
-0.757,-1.948
-0.743,-1.980
-0.734,-2.014
-0.712,-2.040
-0.687,-2.070
-0.672,-2.117
-0.642,-2.164
-0.610,-2.207
-0.595,-2.222
-0.578,-2.262
-0.579,-2.267
-0.558,-2.282
-0.534,-2.302
-0.527,-2.313
-0.534,-2.316
-0.543,-2.312
-0.527,-2.325
-0.540,-2.314
-0.548,-2.295
-0.541,-2.276
-0.542,-2.263
-0.550,-2.229
-0.565,-2.195
-0.582,-2.154
-0.596,-2.152
-0.596,-2.152
-0.610,-2.148
-0.632,-2.119
-0.649,-2.096
-0.657,-2.060
-0.651,-2.041
-0.658,-2.034
-0.666,-2.025
-0.674,-2.019
-0.680,-2.006
-0.672,-2.026
-0.679,-2.030
-0.678,-2.013
-0.672,-2.013
-0.665,-2.009
-0.658,-2.015
-0.659,-1.989
-0.651,-1.966
-0.651,-1.968
-0.658,-1.972
-0.667,-1.983
-0.675,-1.961
-0.696,-1.979
-0.696,-1.979
-0.695,-1.960
-0.711,-1.945
-0.720,-1.942
-0.720,-1.912
-0.715,-1.897
-0.721,-1.884
-0.720,-1.883
-0.712,-1.889
-0.710,-1.898
-0.703,-1.907
-0.719,-1.908
-0.705,-1.914
-0.699,-1.927
-0.680,-1.947
-0.680,-1.977
-0.665,-1.990
-0.650,-2.022
-0.635,-2.054
-0.642,-2.073
-0.642,-2.090
-0.633,-2.122
-0.610,-2.143
-0.596,-2.165
-0.597,-2.154
-0.591,-2.184
-0.582,-2.201
-0.574,-2.250
-0.566,-2.271
-0.541,-2.288
-0.519,-2.317
-0.503,-2.327
-0.502,-2.335
-0.495,-2.331
-0.495,-2.304
-0.482,-2.315
-0.482,-2.315
-0.481,-2.323
-0.473,-2.300
-0.480,-2.289
-0.496,-2.274
-0.496,-2.261
-0.497,-2.221
-0.490,-2.187
-0.496,-2.172
-0.504,-2.165
-0.512,-2.157
-0.512,-2.144
-0.527,-2.157
-0.534,-2.159
-0.527,-2.155
-0.527,-2.125
-0.541,-2.123
-0.543,-2.114
-0.544,-2.088
-0.553,-2.084
-0.552,-2.080
-0.559,-2.086
-0.567,-2.095
-0.573,-2.080
-0.573,-2.067
-0.588,-2.065
-0.580,-2.073
-0.589,-2.069
-0.603,-2.050
-0.612,-2.045
-0.620,-2.069
-0.604,-2.084
-0.613,-2.079
-0.619,-2.066
-0.620,-2.069
-0.604,-2.054
-0.589,-2.052
-0.597,-2.030
-0.588,-2.020
-0.582,-2.003
-0.574,-1.994
-0.573,-1.990
-0.574,-1.965
-0.558,-1.946
-0.551,-1.927
-0.542,-1.914
-0.534,-1.893
-0.506,-1.858
-0.514,-1.835
-0.522,-1.830
-0.529,-1.805
-0.529,-1.790
-0.521,-1.780
-0.527,-1.783
-0.527,-1.753
-0.527,-1.723
-0.536,-1.690
-0.522,-1.666
-0.521,-1.662
-0.521,-1.663
-0.506,-1.661
-0.528,-1.680
-0.536,-1.689
-0.543,-1.678
-0.544,-1.669
-0.544,-1.671
-0.544,-1.669
-0.537,-1.677
-0.536,-1.674
-0.537,-1.677
-0.529,-1.684
-0.543,-1.693
-0.559,-1.697
-0.551,-1.688
-0.551,-1.674
-0.558,-1.663
-0.575,-1.654
-0.584,-1.652
-0.568,-1.664
-0.576,-1.672
-0.583,-1.662
-0.597,-1.660
-0.590,-1.654
-0.588,-1.648
-0.581,-1.642
-0.590,-1.624
-0.568,-1.634
-0.560,-1.643
-0.551,-1.659
-0.559,-1.682
-0.566,-1.703
-0.573,-1.708
-0.559,-1.727
-0.558,-1.740
-0.567,-1.752
-0.575,-1.758
-0.566,-1.778
-0.574,-1.801
-0.567,-1.794
-0.560,-1.790
-0.559,-1.803
-0.566,-1.822
-0.559,-1.833
-0.550,-1.821
-0.565,-1.846
-0.580,-1.848
-0.574,-1.860
-0.583,-1.875
-0.575,-1.864
-0.584,-1.891
-0.582,-1.901
-0.605,-1.905
-0.612,-1.911
-0.611,-1.892
-0.619,-1.888
-0.620,-1.875
-0.628,-1.883
-0.636,-1.877
-0.643,-1.851
-0.651,-1.862
-0.659,-1.855
-0.674,-1.883
-0.658,-1.913
-0.657,-1.924
-0.650,-1.949
-0.626,-1.956
-0.611,-1.984
-0.597,-2.020
-0.581,-2.050
-0.566,-2.112
-0.549,-2.167
-0.555,-2.180
-0.556,-2.154
-0.555,-2.122
-0.564,-2.118
-0.565,-2.110
-0.580,-2.095
-0.589,-2.090
-0.611,-2.079
-0.620,-2.060
-0.635,-2.058
-0.642,-2.062
-0.657,-2.047
-0.671,-2.028
-0.679,-2.021
-0.695,-2.023
-0.671,-2.030
-0.674,-2.036
-0.687,-2.032
-0.688,-2.034
-0.680,-2.038
-0.664,-2.036
-0.672,-2.047
-0.664,-2.066
-0.664,-2.085
-0.664,-2.085
-0.656,-2.090
-0.664,-2.083
-0.655,-2.058
-0.665,-2.070
-0.648,-2.083
-0.655,-2.088
-0.671,-2.090
-0.656,-2.075
-0.655,-2.088
-0.657,-2.109
-0.656,-2.122
-0.665,-2.132
-0.664,-2.115
-0.666,-2.107
-0.681,-2.102
-0.664,-2.053
-0.664,-2.024
-0.664,-2.007
-0.664,-1.994
-0.650,-1.996
-0.648,-1.992
-0.642,-1.960
-0.634,-1.964
-0.642,-1.973
-0.642,-1.973
-0.641,-1.986
-0.642,-1.990
-0.650,-1.996
-0.649,-1.994
-0.634,-1.981
-0.634,-1.994
-0.627,-2.005
-0.626,-2.015
-0.634,-2.024
-0.634,-2.024
-0.640,-2.013
-0.634,-2.009
-0.625,-2.013
-0.626,-2.017
-0.612,-2.007
-0.611,-2.005
-0.604,-2.028
-0.597,-2.022
-0.613,-2.011
-0.598,-2.026
-0.572,-2.037
-0.571,-2.078
-0.554,-2.057
-0.556,-2.065
-0.519,-2.050
-0.512,-2.046
-0.513,-2.031
-0.496,-2.038
-0.495,-2.034
-0.495,-2.021
-0.503,-2.000
-0.497,-1.969
-0.490,-1.933
-0.506,-1.905
-0.513,-1.895
-0.510,-1.900
-0.510,-1.896
-0.518,-1.877
-0.527,-1.846
-0.513,-1.837
-0.505,-1.827
-0.505,-1.844
-0.480,-1.854
-0.497,-1.846
-0.498,-1.837
-0.498,-1.820
-0.483,-1.824
-0.491,-1.818
-0.507,-1.802
-0.497,-1.804
-0.511,-1.781
-0.504,-1.762
-0.512,-1.725
-0.513,-1.716
-0.514,-1.703
-0.529,-1.701
-0.522,-1.698
-0.528,-1.697
-0.534,-1.715
-0.534,-1.700
-0.527,-1.695
-0.521,-1.692
-0.528,-1.682
-0.520,-1.691
-0.506,-1.663
-0.497,-1.653
-0.467,-1.640
-0.450,-1.620
-0.444,-1.600
-0.444,-1.557
-0.420,-1.531
-0.413,-1.510
-0.390,-1.473
-0.376,-1.435
-0.377,-1.408
-0.384,-1.402
-0.378,-1.398
-0.384,-1.427
-0.397,-1.435
-0.397,-1.449
-0.397,-1.432
-0.406,-1.417
-0.407,-1.404
-0.407,-1.420
-0.423,-1.423
-0.422,-1.448
-0.421,-1.491
-0.413,-1.510
-0.421,-1.551
-0.437,-1.582
-0.436,-1.608
-0.436,-1.625
-0.421,-1.623
-0.422,-1.642
-0.437,-1.643
-0.435,-1.651
-0.452,-1.655
-0.452,-1.655
-0.445,-1.650
-0.444,-1.663
-0.451,-1.666
-0.460,-1.665
-0.452,-1.673
-0.452,-1.673
-0.437,-1.658
-0.444,-1.646
-0.429,-1.635
-0.429,-1.618
-0.414,-1.591
-0.414,-1.574
-0.413,-1.556
-0.406,-1.521
-0.391,-1.476
-0.384,-1.470
-0.399,-1.440
-0.407,-1.402
-0.400,-1.382
-0.415,-1.350
-0.423,-1.342
-0.407,-1.327
-0.414,-1.334
-0.408,-1.330
-0.400,-1.322
-0.407,-1.329
-0.392,-1.313
-0.407,-1.324
-0.400,-1.322
-0.400,-1.336
-0.399,-1.362
-0.384,-1.363
-0.391,-1.356
-0.378,-1.393
-0.362,-1.422
-0.377,-1.466
-0.370,-1.490
-0.377,-1.508
-0.376,-1.564
-0.383,-1.614
-0.367,-1.629
-0.353,-1.651
-0.361,-1.642
-0.369,-1.651
-0.376,-1.639
-0.361,-1.611
-0.346,-1.629
-0.330,-1.624
-0.330,-1.626
-0.338,-1.618
-0.353,-1.619
-0.338,-1.604
-0.345,-1.591
-0.346,-1.585
-0.354,-1.563
-0.362,-1.540
-0.369,-1.513
-0.391,-1.487
-0.392,-1.447
-0.400,-1.409
-0.407,-1.399
-0.431,-1.365
-0.439,-1.330
-0.448,-1.311
-0.447,-1.308
-0.454,-1.299
-0.478,-1.262
-0.492,-1.244
-0.501,-1.224
-0.501,-1.194
-0.508,-1.187
-0.517,-1.165
-0.530,-1.175
-0.516,-1.192
-0.516,-1.192
-0.516,-1.179
-0.509,-1.174
-0.508,-1.171
-0.494,-1.175
-0.494,-1.159
-0.478,-1.174
-0.471,-1.151
-0.462,-1.140
-0.479,-1.130
-0.455,-1.137
-0.454,-1.165
-0.461,-1.169
-0.452,-1.171
-0.446,-1.170
-0.439,-1.167
-0.416,-1.189
-0.415,-1.214
-0.430,-1.212
-0.416,-1.203
-0.416,-1.219
-0.409,-1.230
-0.394,-1.245
-0.384,-1.261
-0.392,-1.296
-0.383,-1.302
-0.384,-1.318
-0.392,-1.342
-0.400,-1.382
-0.393,-1.423
-0.376,-1.465
-0.406,-1.475
-0.406,-1.475
-0.421,-1.488
-0.446,-1.502
-0.446,-1.487
-0.461,-1.502
-0.468,-1.507
-0.482,-1.486
-0.498,-1.474
-0.506,-1.437
-0.530,-1.417
-0.546,-1.389
-0.553,-1.349
-0.553,-1.321
-0.575,-1.295
-0.583,-1.270
-0.599,-1.227
-0.613,-1.179
-0.624,-1.133
-0.617,-1.084
-0.618,-1.057
-0.619,-1.043
-0.617,-1.038
-0.609,-1.015
-0.623,-0.997
-0.631,-0.960
-0.625,-0.896
-0.632,-0.886
-0.626,-0.851
-0.610,-0.837
-0.587,-0.830
-0.587,-0.814
-0.578,-0.819
-0.579,-0.791
-0.572,-0.785
-0.549,-0.793
-0.541,-0.786
-0.517,-0.791
-0.526,-0.785
-0.510,-0.784
-0.502,-0.791
-0.480,-0.785
-0.465,-0.771
-0.450,-0.773
-0.433,-0.755
-0.418,-0.755
-0.411,-0.749
-0.402,-0.754
-0.387,-0.769
-0.379,-0.761
-0.373,-0.758
-0.366,-0.782
-0.365,-0.780
-0.365,-0.766
-0.358,-0.773
-0.342,-0.786
-0.334,-0.824
-0.318,-0.821
-0.333,-0.822
-0.326,-0.845
-0.334,-0.870
-0.327,-0.893
-0.325,-0.935
-0.341,-0.965
-0.340,-0.992
-0.333,-1.030
-0.325,-1.083
-0.324,-1.095
-0.340,-1.113
-0.340,-1.129
-0.340,-1.172
-0.332,-1.197
-0.332,-1.254
-0.340,-1.294
-0.332,-1.329
-0.362,-1.372
-0.370,-1.397
-0.393,-1.417
-0.393,-1.463
-0.393,-1.476
-0.414,-1.508
-0.407,-1.518
-0.400,-1.529
-0.402,-1.552
-0.417,-1.567
-0.409,-1.559
-0.386,-1.581
-0.362,-1.599
-0.346,-1.627
-0.338,-1.645
-0.330,-1.654
-0.315,-1.673
-0.315,-1.686
-0.308,-1.696
-0.308,-1.696
-0.292,-1.711
-0.284,-1.762
-0.269,-1.805
-0.270,-1.826
-0.262,-1.862
-0.253,-1.927
-0.245,-1.989
-0.252,-2.038
-0.230,-2.083
-0.222,-2.149
-0.206,-2.209
-0.191,-2.258
-0.167,-2.264
-0.144,-2.306
-0.151,-2.345
-0.143,-2.379
-0.159,-2.354
-0.159,-2.341
-0.182,-2.352
-0.190,-2.378
-0.190,-2.407
-0.205,-2.435
-0.213,-2.438
-0.214,-2.431
-0.213,-2.443
-0.221,-2.420
-0.221,-2.392
-0.228,-2.374
-0.236,-2.363
-0.259,-2.312
-0.283,-2.238
-0.292,-2.165
-0.276,-2.116
-0.307,-2.099
-0.337,-2.047
-0.345,-2.009
-0.353,-1.960
-0.338,-1.932
-0.347,-1.902
-0.347,-1.842
-0.355,-1.817
-0.370,-1.755
-0.346,-1.713
-0.347,-1.702
-0.338,-1.677
-0.338,-1.644
-0.338,-1.614
-0.345,-1.561
-0.347,-1.523
-0.347,-1.465
-0.324,-1.441
-0.332,-1.421
-0.332,-1.391
-0.363,-1.393
-0.363,-1.377
-0.386,-1.367
-0.386,-1.369
-0.392,-1.386
-0.400,-1.410
-0.415,-1.408
-0.437,-1.443
-0.454,-1.446
-0.454,-1.433
-0.448,-1.431
-0.447,-1.471
-0.446,-1.514
-0.462,-1.575
-0.445,-1.617
-0.446,-1.680
-0.438,-1.761
-0.422,-1.851
-0.407,-1.942
-0.398,-2.017
-0.406,-2.102
-0.390,-2.177
-0.397,-2.213
-0.367,-2.233
-0.351,-2.273
-0.351,-2.308
-0.343,-2.339
-0.342,-2.394
-0.334,-2.463
-0.341,-2.496
-0.350,-2.510
-0.358,-2.506
-0.359,-2.470
-0.361,-2.448
-0.383,-2.432
-0.398,-2.412
-0.412,-2.328
-0.435,-2.257
-0.466,-2.172
-0.490,-2.106
-0.484,-2.061
-0.500,-2.003
-0.516,-1.928
-0.547,-1.900
-0.554,-1.871
-0.561,-1.834
-0.561,-1.788
-0.546,-1.773
-0.546,-1.730
-0.546,-1.698
-0.540,-1.681
-0.524,-1.664
-0.493,-1.664
-0.493,-1.651
-0.501,-1.626
-0.501,-1.613
-0.492,-1.601
-0.477,-1.601
-0.455,-1.598
-0.454,-1.595
-0.447,-1.572
-0.438,-1.547
-0.416,-1.561
-0.402,-1.582
-0.394,-1.615
-0.387,-1.656
-0.363,-1.676
-0.355,-1.725
-0.324,-1.785
-0.300,-1.833
-0.276,-1.886
-0.238,-1.910
-0.231,-1.933
-0.224,-1.944
-0.200,-1.976
-0.193,-1.991
-0.193,-2.004
-0.185,-2.053
-0.161,-2.119
-0.146,-2.132
-0.146,-2.107
-0.132,-2.077
-0.124,-2.070
-0.101,-2.064
-0.085,-2.075
-0.078,-2.086
-0.078,-2.054
-0.093,-2.024
-0.094,-2.011
-0.109,-2.007
-0.094,-1.996
-0.109,-1.977
-0.125,-1.945
-0.132,-1.909
-0.110,-1.875
-0.110,-1.835
-0.110,-1.806
-0.110,-1.776
-0.095,-1.761
-0.110,-1.739
-0.095,-1.724
-0.110,-1.696
-0.126,-1.652
-0.126,-1.641
-0.126,-1.623
-0.141,-1.624
-0.156,-1.604
-0.179,-1.609
-0.195,-1.597
-0.180,-1.586
-0.180,-1.606
-0.203,-1.624
-0.195,-1.627
-0.202,-1.607
-0.202,-1.590
-0.180,-1.599
-0.171,-1.621
-0.156,-1.636
-0.141,-1.639
-0.125,-1.638
-0.095,-1.655
-0.094,-1.681
-0.094,-1.705
-0.094,-1.722
-0.094,-1.718
-0.094,-1.711
-0.079,-1.686
-0.095,-1.675
-0.103,-1.670
-0.110,-1.669
-0.102,-1.689
-0.087,-1.701
-0.087,-1.701
-0.087,-1.674
-0.071,-1.639
-0.064,-1.622
-0.087,-1.600
-0.087,-1.600
-0.079,-1.580
-0.072,-1.555
-0.087,-1.524
-0.087,-1.495
-0.095,-1.474
-0.110,-1.442
-0.110,-1.409
-0.125,-1.398
-0.149,-1.377
-0.149,-1.364
-0.165,-1.349
-0.172,-1.323
-0.172,-1.326
-0.164,-1.331
-0.179,-1.344
-0.172,-1.351
-0.179,-1.341
-0.172,-1.337
-0.172,-1.324
-0.165,-1.335
-0.173,-1.373
-0.172,-1.384
-0.173,-1.403
-0.172,-1.417
-0.179,-1.437
-0.171,-1.442
-0.156,-1.422
-0.156,-1.425
-0.149,-1.420
-0.141,-1.444
-0.134,-1.453
-0.134,-1.467
-0.134,-1.483
-0.126,-1.487
-0.125,-1.515
-0.126,-1.518
-0.141,-1.516
-0.141,-1.520
-0.141,-1.520
-0.141,-1.533
-0.133,-1.541
-0.133,-1.538
-0.141,-1.563
-0.140,-1.574
-0.140,-1.601
-0.133,-1.598
-0.117,-1.613
-0.117,-1.616
-0.102,-1.615
-0.102,-1.618
-0.087,-1.620
-0.079,-1.640
-0.080,-1.655
-0.087,-1.661
-0.087,-1.687
-0.079,-1.711
-0.087,-1.715
-0.087,-1.719
-0.095,-1.712
-0.094,-1.714
-0.110,-1.714
-0.110,-1.681
-0.103,-1.678
-0.110,-1.684
-0.110,-1.668
-0.125,-1.666
-0.118,-1.642
-0.126,-1.653
-0.125,-1.636
-0.141,-1.636
-0.141,-1.606
-0.149,-1.582
-0.157,-1.563
-0.165,-1.528
-0.165,-1.511
-0.149,-1.511
-0.133,-1.480
-0.133,-1.480
-0.126,-1.472
-0.110,-1.474
-0.103,-1.469
-0.110,-1.444
-0.110,-1.432
-0.103,-1.424
-0.095,-1.416
-0.103,-1.409
-0.103,-1.407
-0.095,-1.416
-0.103,-1.406
-0.118,-1.406
-0.119,-1.409
-0.126,-1.414
-0.126,-1.429
-0.111,-1.429
-0.119,-1.437
-0.111,-1.445
-0.118,-1.447
-0.111,-1.429
-0.119,-1.392
-0.111,-1.402
-0.104,-1.379
-0.118,-1.359
-0.119,-1.362
-0.111,-1.338
-0.119,-1.316
-0.111,-1.296
-0.112,-1.266
-0.088,-1.273
-0.073,-1.269
-0.073,-1.269
-0.066,-1.252
-0.042,-1.245
-0.051,-1.229
-0.035,-1.226
-0.027,-1.257
-0.019,-1.263
-0.011,-1.240
-0.027,-1.228
-0.020,-1.207
-0.012,-1.199
-0.012,-1.199
-0.012,-1.197
-0.019,-1.195
-0.020,-1.180
-0.019,-1.195
-0.019,-1.195
-0.019,-1.205
-0.027,-1.198
-0.019,-1.190
-0.004,-1.189
-0.012,-1.171
-0.004,-1.149
-0.004,-1.151
 0.004,-1.140
 0.004,-1.139
 0.004,-1.124
 0.012,-1.102
 0.011,-1.103
 0.019,-1.098
 0.004,-1.110
-0.004,-1.115
-0.012,-1.109
-0.011,-1.099
-0.012,-1.100
-0.012,-1.114
-0.012,-1.125
-0.050,-1.125
-0.050,-1.141
-0.050,-1.129
-0.042,-1.126
-0.050,-1.123
-0.058,-1.128
-0.065,-1.149
-0.080,-1.158
-0.072,-1.164
-0.065,-1.173
-0.065,-1.146
-0.057,-1.143
-0.065,-1.132
-0.073,-1.139
-0.088,-1.154
-0.080,-1.160
-0.088,-1.154
-0.088,-1.168
-0.103,-1.182
-0.095,-1.191
-0.110,-1.186
-0.119,-1.170
-0.119,-1.158
-0.111,-1.181
-0.119,-1.189
-0.111,-1.205
-0.133,-1.224
-0.133,-1.235
-0.148,-1.252
-0.141,-1.251
-0.164,-1.258
-0.165,-1.263
-0.165,-1.277
-0.172,-1.294
-0.179,-1.329
-0.195,-1.359
-0.195,-1.393
-0.195,-1.407
-0.217,-1.440
-0.233,-1.471
-0.224,-1.504
-0.225,-1.524
-0.241,-1.542
-0.233,-1.579
-0.233,-1.625
-0.233,-1.651
-0.225,-1.692
-0.202,-1.756
-0.178,-1.789
-0.147,-1.819
-0.125,-1.844
-0.102,-1.870
-0.063,-1.922
-0.063,-1.955
-0.048,-1.990
-0.032,-2.030
-0.016,-2.101
-0.016,-2.127
-0.008,-2.150
-0.001,-2.176
 0.030,-2.189
 0.030,-2.223
 0.046,-2.239
 0.030,-2.251
 0.038,-2.257
 0.038,-2.283
 0.046,-2.321
 0.045,-2.353
 0.038,-2.377
 0.053,-2.380
 0.084,-2.360
 0.108,-2.376
 0.116,-2.397
 0.123,-2.429
 0.123,-2.441
 0.116,-2.430
 0.100,-2.425
 0.092,-2.411
 0.062,-2.364
 0.046,-2.313
 0.038,-2.275
 0.023,-2.249
 0.008,-2.262
-0.031,-2.248
-0.062,-2.218
-0.062,-2.199
-0.093,-2.173
-0.101,-2.137
-0.124,-2.100
-0.140,-2.089
-0.170,-2.055
-0.170,-2.027
-0.170,-1.980
-0.178,-1.921
-0.162,-1.879
-0.162,-1.851
-0.140,-1.805
-0.140,-1.775
-0.116,-1.782
-0.132,-1.784
-0.131,-1.793
-0.139,-1.774
-0.139,-1.774
-0.154,-1.789
-0.147,-1.780
-0.154,-1.768
-0.177,-1.776
-0.185,-1.798
-0.178,-1.825
-0.178,-1.858
-0.177,-1.884
-0.154,-1.942
-0.154,-1.985
-0.138,-2.056
-0.107,-2.114
-0.084,-2.178
-0.060,-2.238
-0.022,-2.274
-0.029,-2.310
-0.037,-2.319
-0.044,-2.336
-0.045,-2.355
-0.045,-2.385
-0.068,-2.421
-0.068,-2.441
-0.068,-2.468
-0.068,-2.475
-0.067,-2.466
-0.068,-2.458
-0.083,-2.448
-0.083,-2.423
-0.076,-2.409
-0.083,-2.436
-0.091,-2.439
-0.083,-2.436
-0.091,-2.414
-0.091,-2.402
-0.106,-2.407
-0.091,-2.410
-0.083,-2.389
-0.107,-2.335
-0.100,-2.308
-0.092,-2.274
-0.092,-2.244
-0.107,-2.220
-0.107,-2.211
-0.099,-2.207
-0.107,-2.186
-0.115,-2.141
-0.123,-2.102
-0.131,-2.060
-0.131,-2.049
-0.131,-2.019
-0.154,-2.000
-0.170,-1.972
-0.169,-1.947
-0.184,-1.945
-0.177,-1.936
-0.200,-1.904
-0.194,-1.875
-0.209,-1.858
-0.201,-1.867
-0.193,-1.884
-0.193,-1.882
-0.186,-1.861
-0.178,-1.867
-0.170,-1.874
-0.170,-1.885
-0.162,-1.892
-0.155,-1.895
-0.155,-1.869
-0.164,-1.851
-0.141,-1.856
-0.132,-1.891
-0.124,-1.921
-0.123,-1.956
-0.115,-1.982
-0.116,-1.985
-0.100,-2.007
-0.077,-2.022
-0.054,-2.065
-0.038,-2.106
-0.030,-2.152
-0.007,-2.165
 0.000,-2.148
 0.000,-2.144
 0.000,-2.166
 0.008,-2.172
 0.016,-2.206
 0.031,-2.217
 0.024,-2.204
 0.008,-2.183
 0.000,-2.163
-0.008,-2.172
-0.000,-2.178
 0.008,-2.165
 0.015,-2.176
 0.023,-2.168
 0.031,-2.168
 0.031,-2.155
 0.038,-2.153
 0.054,-2.149
 0.069,-2.162
 0.062,-2.194
 0.054,-2.232
 0.047,-2.262
 0.047,-2.292
 0.032,-2.306
 0.032,-2.324
 0.039,-2.305
 0.031,-2.313
 0.024,-2.334
 0.000,-2.323
 0.000,-2.293
 0.008,-2.260
 0.008,-2.240
-0.000,-2.208
-0.001,-2.193
-0.008,-2.180
-0.008,-2.167
-0.008,-2.163
-0.009,-2.152
-0.009,-2.125
-0.009,-2.129
-0.016,-2.135
-0.001,-2.129
-0.009,-2.121
 0.014,-2.125
 0.030,-2.125
 0.030,-2.129
 0.038,-2.108
 0.037,-2.085
 0.045,-2.046
 0.045,-2.044
 0.045,-2.059
 0.053,-2.030
 0.060,-1.993
 0.061,-1.966
 0.068,-1.944
 0.060,-1.927
 0.068,-1.916
 0.084,-1.921
 0.091,-1.927
 0.091,-1.927
 0.084,-1.921
 0.084,-1.913
 0.091,-1.936
 0.091,-1.921
 0.084,-1.915
 0.076,-1.910
 0.084,-1.929
 0.076,-1.940
 0.076,-1.923
 0.069,-1.929
 0.061,-1.925
 0.053,-1.931
 0.038,-1.918
 0.022,-1.899
 0.030,-1.891
 0.030,-1.882
 0.022,-1.884
 0.022,-1.884
 0.030,-1.880
 0.030,-1.880
 0.038,-1.877
 0.046,-1.882
 0.045,-1.867
 0.030,-1.865
 0.038,-1.869
 0.038,-1.869
 0.038,-1.853
 0.030,-1.850
 0.030,-1.850
 0.038,-1.842
 0.046,-1.852
 0.053,-1.855
 0.046,-1.865
 0.045,-1.835
 0.038,-1.843
 0.046,-1.865
 0.053,-1.882
 0.069,-1.900
 0.069,-1.899
 0.069,-1.899
 0.053,-1.918
 0.053,-1.931
 0.061,-1.957
 0.053,-1.961
 0.054,-1.991
 0.061,-2.012
 0.062,-2.055
 0.054,-2.066
 0.070,-2.081
 0.070,-2.109
 0.070,-2.138
 0.070,-2.138
 0.071,-2.162
 0.070,-2.173
 0.055,-2.183
 0.047,-2.166
 0.024,-2.157
 0.024,-2.157
 0.016,-2.129
 0.016,-2.085
 0.000,-2.040
 0.008,-2.002
-0.000,-1.969
-0.008,-1.963
-0.023,-1.947
-0.023,-1.948
-0.031,-1.950
-0.046,-1.939
-0.046,-1.907
-0.054,-1.913
-0.062,-1.911
-0.069,-1.900
-0.077,-1.909
-0.077,-1.892
-0.084,-1.885
-0.084,-1.904
-0.084,-1.900
-0.077,-1.881
-0.061,-1.866
-0.061,-1.892
-0.061,-1.905
-0.061,-1.918
-0.053,-1.930
-0.038,-1.949
-0.038,-1.975
-0.045,-1.999
-0.037,-2.018
-0.060,-2.026
-0.053,-2.067
-0.045,-2.077
-0.045,-2.082
-0.045,-2.086
-0.037,-2.108
-0.022,-2.123
-0.022,-2.135
-0.014,-2.136
-0.022,-2.129
-0.014,-2.150
-0.022,-2.180
-0.022,-2.193
-0.014,-2.193
-0.014,-2.189
 0.001,-2.221
 0.009,-2.227
 0.009,-2.242
 0.017,-2.253
 0.025,-2.257
 0.025,-2.232
 0.017,-2.223
 0.024,-2.204
 0.017,-2.198
 0.032,-2.191
 0.024,-2.183
 0.032,-2.159
 0.031,-2.130
 0.032,-2.132
 0.039,-2.106
 0.047,-2.089
 0.055,-2.085
 0.070,-2.096
 0.085,-2.098
 0.093,-2.102
 0.101,-2.126
 0.117,-2.143
 0.117,-2.173
 0.125,-2.201
 0.125,-2.212
 0.117,-2.233
 0.125,-2.275
 0.117,-2.290
 0.102,-2.269
 0.094,-2.209
 0.094,-2.188
 0.078,-2.173
 0.063,-2.179
 0.063,-2.187
 0.047,-2.168
 0.032,-2.144
 0.016,-2.106
 0.008,-2.082
 0.008,-2.069
 0.016,-2.042
 0.008,-2.040
 0.016,-2.033
 0.023,-2.035
 0.016,-2.029
 0.031,-2.010
 0.024,-2.016
 0.031,-2.006
 0.039,-1.985
 0.054,-1.961
 0.069,-1.946
 0.062,-1.957
 0.077,-1.968
 0.077,-1.968
 0.085,-1.948
 0.085,-1.932
 0.069,-1.937
 0.093,-1.948
 0.085,-1.980
 0.093,-2.000
 0.100,-2.015
 0.124,-2.026
 0.123,-2.048
 0.131,-2.056
 0.139,-2.058
 0.132,-2.056
 0.148,-2.079
 0.155,-2.094
 0.162,-2.137
 0.163,-2.148
 0.163,-2.160
 0.163,-2.167
 0.155,-2.150
 0.155,-2.139
 0.156,-2.156
 0.147,-2.169
 0.132,-2.171
 0.139,-2.147
 0.124,-2.118
 0.132,-2.113
 0.132,-2.107
 0.139,-2.105
 0.139,-2.092
 0.132,-2.100
 0.132,-2.111
 0.139,-2.101
 0.162,-2.097
 0.155,-2.103
 0.155,-2.116
 0.155,-2.107
 0.155,-2.120
 0.163,-2.129
 0.170,-2.133
 0.186,-2.131
 0.178,-2.129
 0.178,-2.112
 0.178,-2.129
 0.171,-2.107
 0.155,-2.077
 0.147,-2.071
 0.139,-2.088
 0.131,-2.079
 0.116,-2.092
 0.100,-2.062
 0.101,-2.053
 0.108,-2.045
 0.101,-2.083
 0.101,-2.096
 0.101,-2.124
 0.109,-2.152
 0.109,-2.147
 0.116,-2.158
 0.116,-2.141
 0.109,-2.130
 0.124,-2.120
 0.109,-2.130
 0.109,-2.130
 0.109,-2.135
 0.101,-2.128
 0.101,-2.132
 0.102,-2.130
 0.086,-2.132
 0.094,-2.139
 0.086,-2.141
 0.078,-2.132
 0.078,-2.128
 0.063,-2.130
 0.063,-2.117
 0.071,-2.121
 0.071,-2.109
 0.055,-2.081
 0.063,-2.081
 0.063,-2.096
 0.055,-2.098
 0.063,-2.117
 0.063,-2.108
 0.071,-2.109
 0.063,-2.085
 0.071,-2.079
 0.078,-2.081
 0.094,-2.079
 0.101,-2.070
 0.093,-2.058
 0.093,-2.041
 0.086,-2.038
 0.101,-2.021
 0.109,-2.032
 0.117,-2.034
 0.116,-2.045
 0.124,-2.043
 0.117,-2.034
 0.124,-2.032
 0.125,-2.034
 0.132,-2.028
 0.140,-2.036
 0.147,-2.052
 0.147,-2.065
 0.155,-2.073
 0.178,-2.095
 0.186,-2.120
 0.186,-2.131
 0.194,-2.159
 0.210,-2.174
 0.218,-2.195
 0.218,-2.195
 0.202,-2.176
 0.202,-2.178
 0.194,-2.172
 0.194,-2.172
 0.194,-2.172
 0.194,-2.184
 0.171,-2.180
 0.195,-2.174
 0.187,-2.178
 0.187,-2.182
 0.195,-2.199
 0.203,-2.225
 0.203,-2.225
 0.210,-2.214
 0.225,-2.230
 0.225,-2.238
 0.218,-2.240
 0.219,-2.232
 0.218,-2.245
 0.218,-2.245
 0.195,-2.219
 0.203,-2.230
 0.187,-2.223
 0.172,-2.220
 0.157,-2.223
 0.156,-2.218
 0.156,-2.193
 0.156,-2.193
 0.126,-2.162
 0.126,-2.141
 0.110,-2.122
 0.103,-2.128
 0.094,-2.130
 0.087,-2.107
 0.064,-2.047
 0.048,-2.016
 0.048,-2.015
 0.048,-2.014
 0.048,-2.015
 0.064,-2.021
 0.056,-2.034
 0.056,-2.060
 0.048,-2.038
 0.033,-2.027
 0.048,-2.021
 0.040,-2.036
 0.025,-2.059
 0.033,-2.057
 0.025,-2.053
 0.010,-2.074
 0.018,-2.078
 0.010,-2.119
 0.002,-2.110
-0.005,-2.097
-0.013,-2.102
-0.013,-2.093
-0.021,-2.076
-0.006,-2.054
-0.021,-2.054
-0.014,-2.033
-0.021,-2.020
-0.029,-2.031
-0.021,-2.037
-0.021,-2.037
 0.002,-2.061
 0.009,-2.063
 0.017,-2.072
 0.040,-2.064
 0.055,-2.049
 0.056,-2.055
 0.079,-2.030
 0.086,-2.040
 0.094,-2.043
 0.086,-2.045
 0.094,-2.026
 0.109,-2.028
 0.109,-2.032
 0.117,-2.038
 0.132,-2.024
 0.140,-2.019
 0.155,-2.015
 0.178,-2.013
 0.201,-2.005
 0.208,-2.007
 0.193,-2.005
 0.208,-2.003
 0.208,-1.990
 0.223,-1.976
 0.224,-1.961
 0.232,-1.945
 0.247,-1.926
 0.231,-1.928
 0.232,-1.926
 0.231,-1.924
 0.239,-1.920
 0.247,-1.897
 0.270,-1.890
 0.277,-1.880
 0.277,-1.863
 0.300,-1.829
 0.292,-1.805
 0.316,-1.805
 0.323,-1.793
 0.330,-1.766
 0.345,-1.738
 0.360,-1.736
 0.376,-1.721
 0.383,-1.698
 0.400,-1.676
 0.424,-1.643
 0.446,-1.631
 0.446,-1.618
 0.461,-1.603
 0.468,-1.593
 0.476,-1.585
 0.484,-1.578
 0.492,-1.575
 0.500,-1.537
 0.506,-1.540
 0.522,-1.527
 0.529,-1.517
 0.530,-1.491
 0.552,-1.481
 0.544,-1.456
 0.552,-1.423
 0.560,-1.385
 0.568,-1.365
 0.568,-1.335
 0.567,-1.319
 0.576,-1.315
 0.590,-1.311
 0.605,-1.309
 0.635,-1.308
 0.650,-1.307
 0.660,-1.291
 0.644,-1.303
 0.644,-1.318
 0.644,-1.319
 0.614,-1.334
 0.599,-1.367
 0.591,-1.387
 0.553,-1.411
 0.522,-1.424
 0.483,-1.446
 0.453,-1.475
 0.437,-1.500
 0.414,-1.508
 0.391,-1.518
 0.368,-1.526
 0.353,-1.557
 0.323,-1.569
 0.315,-1.594
 0.300,-1.622
 0.284,-1.666
 0.277,-1.690
 0.246,-1.686
 0.239,-1.698
 0.223,-1.712
 0.200,-1.730
 0.201,-1.749
 0.201,-1.762
 0.170,-1.778
 0.155,-1.789
 0.139,-1.817
 0.163,-1.832
 0.163,-1.858
 0.170,-1.894
 0.194,-1.918
 0.202,-1.956
 0.218,-1.975
 0.240,-1.997
 0.272,-2.042
 0.287,-2.057
 0.302,-2.083
 0.318,-2.113
 0.341,-2.135
 0.357,-2.169
 0.356,-2.165
 0.333,-2.196
 0.318,-2.215
 0.287,-2.213
 0.257,-2.219
 0.234,-2.215
 0.203,-2.215
 0.180,-2.225
 0.157,-2.242
 0.134,-2.280
 0.119,-2.297
 0.104,-2.323
 0.104,-2.348
 0.088,-2.371
 0.081,-2.386
 0.073,-2.425
 0.058,-2.469
 0.043,-2.532
 0.020,-2.580
 0.005,-2.627
-0.019,-2.641
-0.034,-2.653
-0.034,-2.683
-0.058,-2.689
-0.050,-2.725
-0.057,-2.771
-0.080,-2.804
-0.088,-2.821
-0.119,-2.800
-0.135,-2.748
-0.127,-2.667
-0.119,-2.611
-0.119,-2.581
-0.111,-2.555
-0.111,-2.558
-0.111,-2.545
-0.119,-2.539
-0.112,-2.503
-0.126,-2.443
-0.111,-2.416
-0.127,-2.380
-0.120,-2.364
-0.120,-2.339
-0.120,-2.329
-0.127,-2.299
-0.112,-2.254
-0.105,-2.218
-0.090,-2.212
-0.081,-2.212
-0.090,-2.225
-0.082,-2.206
-0.074,-2.180
-0.059,-2.170
-0.036,-2.174
-0.036,-2.204
-0.036,-2.229
-0.043,-2.236
-0.020,-2.247
 0.011,-2.255
 0.034,-2.269
 0.042,-2.280
 0.042,-2.297
 0.058,-2.314
 0.058,-2.348
 0.058,-2.390
 0.066,-2.386
 0.051,-2.371
 0.035,-2.351
 0.035,-2.333
 0.034,-2.361
 0.050,-2.358
 0.034,-2.339
 0.004,-2.351
 0.004,-2.334
 0.004,-2.373
 0.019,-2.375
 0.027,-2.364
 0.019,-2.401
 0.027,-2.407
 0.042,-2.417
 0.050,-2.425
 0.050,-2.418
 0.065,-2.423
 0.073,-2.440
 0.089,-2.452
 0.081,-2.456
 0.104,-2.445
 0.112,-2.431
 0.127,-2.424
 0.135,-2.422
 0.150,-2.403
 0.142,-2.402
 0.165,-2.396
 0.157,-2.382
 0.165,-2.376
 0.157,-2.355
 0.134,-2.333
 0.150,-2.340
 0.142,-2.357
 0.157,-2.387
 0.150,-2.368
 0.165,-2.383
 0.158,-2.394
 0.157,-2.387
 0.150,-2.383
 0.127,-2.374
 0.119,-2.358
 0.111,-2.342
 0.104,-2.335
 0.119,-2.325
 0.112,-2.349
 0.096,-2.344
 0.081,-2.363
 0.065,-2.356
 0.058,-2.362
 0.058,-2.363
 0.035,-2.366
 0.027,-2.382
 0.019,-2.378
 0.004,-2.385
-0.011,-2.407
-0.019,-2.419
-0.050,-2.424
-0.058,-2.402
-0.050,-2.381
-0.073,-2.375
-0.081,-2.363
-0.081,-2.338
-0.081,-2.319
-0.097,-2.321
-0.073,-2.297
-0.058,-2.295
-0.050,-2.279
-0.050,-2.274
-0.035,-2.287
-0.035,-2.270
-0.027,-2.270
-0.004,-2.269
 0.011,-2.266
 0.019,-2.277
 0.042,-2.269
 0.049,-2.256
 0.065,-2.258
 0.080,-2.264
 0.111,-2.265
 0.142,-2.252
 0.157,-2.225
 0.173,-2.214
 0.195,-2.202
 0.187,-2.197
 0.203,-2.187
 0.226,-2.174
 0.234,-2.183
 0.248,-2.189
 0.249,-2.194
 0.264,-2.196
 0.280,-2.211
 0.288,-2.237
 0.288,-2.237
 0.288,-2.267
 0.303,-2.295
 0.303,-2.303
 0.303,-2.320
 0.311,-2.311
 0.326,-2.341
 0.319,-2.352
 0.334,-2.355
 0.335,-2.359
 0.327,-2.365
 0.327,-2.396
 0.319,-2.417
 0.304,-2.427
 0.296,-2.423
 0.311,-2.421
 0.311,-2.450
 0.304,-2.474
 0.296,-2.448
 0.273,-2.429
 0.272,-2.454
 0.257,-2.456
 0.257,-2.474
 0.250,-2.482
 0.258,-2.508
 0.273,-2.514
 0.265,-2.522
 0.257,-2.486
 0.241,-2.456
 0.250,-2.440
 0.249,-2.435
 0.264,-2.433
 0.265,-2.437
 0.265,-2.448
 0.257,-2.444
 0.257,-2.456
 0.265,-2.452
 0.266,-2.480
 0.258,-2.501
 0.274,-2.524
 0.281,-2.555
 0.266,-2.585
 0.274,-2.584
 0.267,-2.602
 0.259,-2.611
 0.243,-2.608
 0.228,-2.606
 0.227,-2.588
 0.197,-2.588
 0.197,-2.580
 0.197,-2.580
 0.174,-2.574
 0.158,-2.541
 0.150,-2.540
 0.135,-2.560
 0.135,-2.560
 0.128,-2.589
 0.128,-2.601
 0.128,-2.611
 0.136,-2.640
 0.136,-2.634
 0.136,-2.635
 0.135,-2.620
 0.128,-2.613
 0.143,-2.634
 0.159,-2.649
 0.143,-2.664
 0.143,-2.671
 0.158,-2.676
 0.174,-2.708
 0.182,-2.705
 0.182,-2.703
 0.190,-2.732
 0.190,-2.769
 0.206,-2.789
 0.213,-2.817
 0.221,-2.851
 0.237,-2.893
 0.237,-2.896
 0.245,-2.898
 0.252,-2.899
 0.252,-2.911
 0.244,-2.884
 0.228,-2.869
 0.221,-2.872
 0.237,-2.859
 0.229,-2.868
 0.244,-2.895
 0.252,-2.893
 0.260,-2.935
 0.267,-2.941
 0.275,-2.968
 0.291,-3.001
 0.291,-3.025
 0.307,-3.046
 0.322,-3.055
 0.314,-3.091
 0.322,-3.124
 0.322,-3.136
 0.330,-3.124
 0.337,-3.100
 0.330,-3.094
 0.344,-3.088
 0.321,-3.064
 0.314,-3.037
 0.313,-3.034
 0.313,-3.049
 0.321,-3.061
 0.329,-3.082
 0.330,-3.127
 0.337,-3.169
 0.329,-3.190
 0.337,-3.199
 0.344,-3.193
 0.353,-3.197
 0.376,-3.203
 0.376,-3.233
 0.392,-3.248
 0.391,-3.257
 0.399,-3.278
 0.390,-3.292
 0.383,-3.293
 0.399,-3.254
 0.399,-3.224
 0.399,-3.212
 0.399,-3.176
 0.383,-3.146
 0.367,-3.115
 0.359,-3.074
 0.344,-3.022
 0.336,-2.983
 0.336,-2.953
 0.344,-2.945
 0.343,-2.951
 0.366,-2.948
 0.373,-2.934
 0.374,-2.957
 0.398,-2.957
 0.406,-2.948
 0.414,-2.948
 0.406,-2.939
 0.406,-2.908
 0.405,-2.891
 0.404,-2.889
 0.381,-2.883
 0.381,-2.853
 0.367,-2.837
 0.368,-2.830
 0.359,-2.845
 0.344,-2.845
 0.336,-2.861
 0.328,-2.867
 0.320,-2.876
 0.327,-2.894
 0.321,-2.911
 0.312,-2.899
 0.312,-2.869
 0.320,-2.851
 0.328,-2.842
 0.328,-2.842
 0.335,-2.843
 0.327,-2.824
 0.336,-2.809
 0.351,-2.789
 0.327,-2.780
 0.334,-2.751
 0.335,-2.726
 0.335,-2.701
 0.350,-2.679
 0.366,-2.669
 0.366,-2.642
 0.382,-2.617
 0.382,-2.599
 0.382,-2.597
 0.397,-2.600
 0.404,-2.601
 0.412,-2.622
 0.435,-2.616
 0.442,-2.605
 0.436,-2.604
 0.444,-2.570
 0.444,-2.545
 0.436,-2.534
 0.442,-2.513
 0.443,-2.518
 0.443,-2.488
 0.428,-2.478
 0.420,-2.441
 0.412,-2.432
 0.412,-2.433
 0.427,-2.443
 0.427,-2.458
 0.443,-2.478
 0.436,-2.454
 0.420,-2.441
 0.396,-2.427
 0.395,-2.412
 0.403,-2.374
 0.387,-2.329
 0.388,-2.321
 0.388,-2.308
 0.380,-2.310
 0.387,-2.295
 0.372,-2.282
 0.373,-2.278
 0.365,-2.257
 0.350,-2.242
 0.334,-2.224
 0.318,-2.205
 0.342,-2.216
 0.333,-2.203
 0.318,-2.188
 0.318,-2.175
 0.325,-2.168
 0.334,-2.182
 0.341,-2.198
 0.318,-2.175
 0.326,-2.156
 0.310,-2.123
 0.310,-2.136
 0.294,-2.132
 0.309,-2.121
 0.302,-2.117
 0.325,-2.121
 0.318,-2.132
 0.325,-2.136
 0.318,-2.162
 0.318,-2.162
 0.325,-2.136
 0.326,-2.141
 0.325,-2.136
 0.326,-2.166
 0.333,-2.190
 0.325,-2.179
 0.326,-2.171
 0.326,-2.154
 0.334,-2.134
 0.334,-2.122
 0.333,-2.100
 0.326,-2.111
 0.310,-2.096
 0.334,-2.089
 0.310,-2.096
 0.325,-2.102
 0.325,-2.107
 0.333,-2.068
 0.333,-2.057
 0.334,-2.049
 0.341,-2.051
 0.334,-2.047
 0.348,-2.055
 0.356,-2.060
 0.363,-2.083
 0.363,-2.083
 0.356,-2.081
 0.379,-2.086
 0.372,-2.079
 0.372,-2.066
 0.372,-2.036
 0.387,-2.039
 0.387,-2.064
 0.387,-2.077
 0.395,-2.088
 0.403,-2.066
 0.395,-2.088
 0.409,-2.082
 0.409,-2.069
 0.417,-2.050
 0.409,-2.052
 0.425,-2.058
 0.449,-2.052
 0.441,-2.061
 0.449,-2.054
 0.448,-2.037
 0.441,-2.048
 0.441,-2.043
 0.440,-2.056
 0.440,-2.026
 0.425,-2.024
 0.425,-2.028
 0.410,-2.013
 0.418,-2.011
 0.418,-2.011
 0.417,-2.020
 0.402,-2.035
 0.401,-2.030
 0.394,-2.041
 0.379,-2.030
 0.394,-2.041
 0.388,-2.056
 0.380,-2.075
 0.372,-2.096
 0.372,-2.124
 0.372,-2.150
 0.373,-2.171
 0.357,-2.169
 0.357,-2.216
 0.350,-2.252
 0.342,-2.288
 0.327,-2.321
 0.319,-2.307
 0.311,-2.343
 0.296,-2.346
 0.288,-2.354
 0.289,-2.376
 0.289,-2.376
 0.274,-2.408
 0.266,-2.427
 0.266,-2.477
 0.251,-2.507
 0.251,-2.552
 0.251,-2.557
 0.251,-2.577
 0.251,-2.602
 0.243,-2.608
 0.243,-2.576
 0.220,-2.572
 0.219,-2.569
 0.212,-2.558
 0.212,-2.550
 0.188,-2.539
 0.189,-2.559
 0.174,-2.574
 0.181,-2.605
 0.182,-2.625
 0.182,-2.625
 0.190,-2.647
 0.198,-2.673
 0.190,-2.646
 0.190,-2.634
 0.189,-2.611
 0.189,-2.599
 0.190,-2.587
 0.174,-2.566
 0.174,-2.519
 0.173,-2.479
 0.166,-2.478
 0.158,-2.469
 0.150,-2.458
 0.166,-2.440
 0.166,-2.422
 0.166,-2.435
 0.174,-2.439
 0.166,-2.443
 0.173,-2.434
 0.166,-2.423
 0.181,-2.438
 0.181,-2.443
 0.182,-2.448
 0.182,-2.423
 0.189,-2.424
 0.197,-2.441
 0.196,-2.438
 0.181,-2.423
 0.181,-2.433
 0.197,-2.431
 0.204,-2.424
 0.197,-2.405
 0.205,-2.439
 0.212,-2.463
 0.220,-2.492
 0.220,-2.535
 0.205,-2.567
 0.197,-2.610
 0.205,-2.632
 0.205,-2.649
 0.174,-2.691
 0.183,-2.721
 0.199,-2.735
 0.214,-2.751
 0.206,-2.764
 0.191,-2.736
 0.206,-2.699
 0.214,-2.678
 0.237,-2.657
 0.236,-2.614
 0.227,-2.558
 0.219,-2.507
 0.235,-2.467
 0.250,-2.460
 0.265,-2.452
 0.273,-2.444
 0.273,-2.416
 0.288,-2.399
 0.304,-2.404
 0.319,-2.414
 0.326,-2.408
 0.319,-2.414
 0.319,-2.427
 0.319,-2.429
 0.319,-2.429
 0.312,-2.453
 0.312,-2.451
 0.327,-2.450
 0.296,-2.420
 0.280,-2.398
 0.280,-2.401
 0.281,-2.393
 0.273,-2.386
 0.266,-2.387
 0.266,-2.395
 0.251,-2.395
 0.258,-2.389
 0.251,-2.395
 0.243,-2.418
 0.235,-2.392
 0.212,-2.371
 0.212,-2.354
 0.204,-2.345
 0.204,-2.349
 0.196,-2.338
 0.197,-2.313
 0.212,-2.300
 0.219,-2.315
 0.234,-2.317
 0.234,-2.313
 0.234,-2.317
 0.234,-2.317
 0.242,-2.324
 0.234,-2.317
 0.234,-2.300
 0.242,-2.298
 0.242,-2.286
 0.272,-2.279
 0.272,-2.294
 0.287,-2.290
 0.295,-2.286
 0.319,-2.267
 0.318,-2.262
 0.327,-2.248
 0.334,-2.239
 0.350,-2.242
 0.358,-2.246
 0.364,-2.237
 0.357,-2.218
 0.365,-2.195
 0.372,-2.186
 0.364,-2.178
 0.363,-2.156
 0.333,-2.147
 0.326,-2.111
 0.303,-2.119
 0.303,-2.132
 0.272,-2.115
 0.265,-2.115
 0.234,-2.095
 0.241,-2.114
 0.226,-2.099
 0.210,-2.084
 0.188,-2.067
 0.187,-2.050
 0.179,-2.041
 0.164,-2.026
 0.164,-1.996
 0.141,-1.992
 0.133,-1.979
 0.148,-1.981
 0.148,-1.968
 0.125,-1.955
 0.125,-1.957
 0.133,-1.936
 0.141,-1.945
 0.141,-1.933
 0.141,-1.932
 0.141,-1.921
 0.141,-1.902
 0.133,-1.906
 0.140,-1.896
 0.148,-1.874
 0.140,-1.857
 0.148,-1.848
 0.156,-1.840
 0.163,-1.833
 0.163,-1.833
 0.171,-1.814
 0.186,-1.825
 0.179,-1.832
 0.179,-1.819
 0.194,-1.800
 0.209,-1.789
 0.225,-1.787
 0.217,-1.783
 0.225,-1.776
 0.239,-1.771
 0.255,-1.786
 0.262,-1.749
 0.263,-1.740
 0.293,-1.723
 0.301,-1.715
 0.309,-1.737
 0.324,-1.748
 0.340,-1.771
 0.371,-1.801
 0.394,-1.822
 0.418,-1.863
 0.425,-1.894
 0.425,-1.924
 0.433,-1.930
 0.440,-1.952
 0.433,-1.964
 0.425,-1.966
 0.410,-1.955
 0.395,-1.957
 0.387,-1.992
 0.373,-2.026
 0.356,-2.045
 0.348,-2.066
 0.326,-2.079
 0.319,-2.089
 0.319,-2.111
 0.303,-2.104
 0.295,-2.109
 0.288,-2.115
 0.264,-2.121
 0.265,-2.140
 0.265,-2.110
 0.249,-2.097
 0.241,-2.101
 0.233,-2.104
 0.211,-2.099
 0.202,-2.073
 0.187,-2.075
 0.180,-2.082
 0.188,-2.088
 0.188,-2.114
 0.187,-2.135
 0.188,-2.165
 0.188,-2.185
 0.188,-2.214
 0.181,-2.242
 0.196,-2.249
 0.181,-2.276
 0.204,-2.287
 0.205,-2.315
 0.189,-2.319
 0.182,-2.313
 0.174,-2.339
 0.166,-2.343
 0.166,-2.348
 0.151,-2.363
 0.135,-2.365
 0.128,-2.376
 0.128,-2.364
 0.120,-2.370
 0.128,-2.364
 0.112,-2.361
 0.112,-2.361
 0.120,-2.353
 0.112,-2.344
 0.112,-2.319
 0.104,-2.293
 0.096,-2.284
 0.081,-2.269
 0.089,-2.248
 0.089,-2.242
 0.096,-2.233
 0.081,-2.233
 0.081,-2.233
 0.065,-2.213
 0.065,-2.228
 0.096,-2.239
 0.096,-2.224
 0.112,-2.197
 0.112,-2.214
 0.127,-2.216
 0.127,-2.212
 0.127,-2.199
 0.127,-2.184
 0.111,-2.152
 0.126,-2.141
 0.126,-2.137
 0.134,-2.128
 0.142,-2.105
 0.142,-2.092
 0.157,-2.069
 0.165,-2.088
 0.180,-2.088
 0.172,-2.067
 0.188,-2.078
 0.188,-2.095
 0.187,-2.105
 0.195,-2.131
 0.203,-2.140
 0.219,-2.150
 0.227,-2.181
 0.234,-2.200
 0.235,-2.217
 0.250,-2.219
 0.250,-2.230
 0.266,-2.263
 0.266,-2.271
 0.274,-2.279
 0.273,-2.282
 0.281,-2.286
 0.304,-2.299
 0.320,-2.297
 0.312,-2.306
 0.328,-2.308
 0.327,-2.320
 0.336,-2.347
 0.335,-2.342
 0.343,-2.346
 0.327,-2.333
 0.320,-2.340
 0.335,-2.329
 0.327,-2.320
 0.311,-2.290
 0.296,-2.263
 0.288,-2.239
 0.288,-2.239
 0.272,-2.232
 0.288,-2.217
 0.281,-2.215
 0.281,-2.215
 0.281,-2.215
 0.288,-2.205
 0.281,-2.220
 0.297,-2.222
 0.289,-2.241
 0.289,-2.259
 0.273,-2.282
 0.266,-2.320
 0.274,-2.342
 0.266,-2.348
 0.259,-2.371
 0.243,-2.384
 0.236,-2.395
 0.235,-2.407
 0.220,-2.392
 0.197,-2.403
 0.181,-2.400
 0.166,-2.418
 0.143,-2.426
 0.135,-2.415
 0.135,-2.435
 0.112,-2.451
 0.120,-2.490
 0.112,-2.498
 0.120,-2.520
 0.120,-2.555
 0.112,-2.571
 0.113,-2.603
 0.090,-2.627
 0.090,-2.652
 0.059,-2.699
 0.059,-2.691
 0.043,-2.709
 0.043,-2.714
 0.059,-2.746
 0.082,-2.728
 0.105,-2.729
 0.121,-2.732
 0.129,-2.741
 0.136,-2.760
 0.160,-2.784
 0.175,-2.811
 0.176,-2.844
 0.168,-2.880
 0.168,-2.892
 0.153,-2.913
 0.145,-2.873
 0.137,-2.870
 0.160,-2.849
 0.160,-2.853
 0.152,-2.857
 0.152,-2.869
 0.168,-2.862
 0.183,-2.853
 0.199,-2.850
 0.191,-2.841
 0.206,-2.821
 0.214,-2.806
 0.230,-2.796
 0.237,-2.782
 0.260,-2.803
 0.267,-2.789
 0.275,-2.798
 0.283,-2.810
 0.283,-2.797
 0.284,-2.815
 0.291,-2.818
 0.291,-2.851
 0.299,-2.860
 0.291,-2.869
 0.292,-2.874
 0.292,-2.899
 0.284,-2.905
 0.269,-2.920
 0.268,-2.914
 0.260,-2.935
 0.260,-2.947
 0.261,-2.959
 0.261,-2.964
 0.237,-2.979
 0.245,-2.989
 0.222,-3.006
 0.230,-3.028
 0.214,-3.025
 0.214,-2.992
 0.222,-2.976
 0.206,-2.956
 0.206,-2.973
 0.214,-2.985
 0.206,-2.991
 0.215,-3.006
 0.215,-3.015
 0.223,-3.036
 0.238,-3.064
 0.238,-3.058
 0.238,-3.064
 0.261,-3.043
 0.269,-3.052
 0.269,-3.058
 0.269,-3.070
 0.270,-3.091
 0.277,-3.103
 0.262,-3.148
 0.262,-3.154
 0.247,-3.181
 0.255,-3.190
 0.254,-3.178
 0.246,-3.184
 0.239,-3.166
 0.247,-3.136
 0.239,-3.103
 0.239,-3.066
 0.223,-3.069
 0.231,-3.045
 0.246,-3.010
 0.246,-2.986
 0.246,-2.953
 0.231,-2.943
 0.247,-2.928
 0.231,-2.920
 0.223,-2.920
 0.216,-2.908
 0.231,-2.896
 0.231,-2.896
 0.208,-2.899
 0.208,-2.904
 0.192,-2.901
 0.208,-2.917
 0.200,-2.938
 0.208,-2.953
 0.208,-2.934
 0.215,-2.910
 0.224,-2.907
 0.216,-2.886
 0.215,-2.868
 0.208,-2.862
 0.200,-2.835
 0.192,-2.796
 0.192,-2.767
 0.199,-2.740
 0.199,-2.716
 0.184,-2.683
 0.176,-2.682
 0.185,-2.678
 0.169,-2.673
 0.184,-2.688
 0.184,-2.713
 0.176,-2.736
 0.185,-2.733
 0.168,-2.740
 0.169,-2.733
 0.161,-2.727
 0.161,-2.732
 0.153,-2.748
 0.145,-2.743
 0.145,-2.733
 0.146,-2.706
 0.153,-2.718
 0.130,-2.724
 0.138,-2.710
 0.115,-2.724
 0.115,-2.730
 0.123,-2.760
 0.123,-2.753
 0.130,-2.771
 0.130,-2.801
 0.123,-2.820
 0.123,-2.825
 0.130,-2.819
 0.130,-2.814
 0.122,-2.822
 0.138,-2.817
 0.138,-2.829
 0.131,-2.823
 0.122,-2.772
 0.138,-2.750
 0.138,-2.732
 0.130,-2.741
 0.123,-2.748
 0.115,-2.769
 0.130,-2.759
 0.145,-2.751
 0.153,-2.772
 0.145,-2.763
 0.153,-2.742
 0.169,-2.738
 0.176,-2.727
 0.184,-2.745
 0.184,-2.745
 0.207,-2.749
 0.207,-2.724
 0.222,-2.704
 0.215,-2.701
 0.223,-2.692
 0.238,-2.689
 0.231,-2.688
 0.231,-2.673
 0.223,-2.652
 0.223,-2.627
 0.231,-2.634
 0.223,-2.640
 0.215,-2.618
 0.207,-2.609
 0.214,-2.603
 0.222,-2.587
 0.208,-2.582
 0.208,-2.594
 0.208,-2.625
 0.200,-2.646
 0.207,-2.662
 0.215,-2.698
 0.207,-2.711
 0.215,-2.725
 0.223,-2.712
 0.238,-2.709
 0.231,-2.706
 0.238,-2.710
 0.246,-2.734
 0.246,-2.746
 0.238,-2.747
 0.238,-2.764
 0.238,-2.764
 0.238,-2.785
 0.231,-2.806
 0.246,-2.821
 0.238,-2.830
 0.238,-2.812
 0.238,-2.812
 0.246,-2.821
 0.246,-2.821
 0.247,-2.844
 0.254,-2.850
 0.254,-2.875
 0.246,-2.908
 0.238,-2.929
 0.231,-2.971
 0.223,-2.992
 0.215,-3.018
 0.192,-3.042
 0.176,-3.066
 0.169,-3.078
 0.176,-3.063
 0.177,-3.081
 0.161,-3.096
 0.161,-3.096
 0.169,-3.108
 0.161,-3.093
 0.153,-3.120
 0.146,-3.143
 0.146,-3.125
 0.169,-3.093
 0.184,-3.060
 0.199,-3.063
 0.199,-3.075
 0.207,-3.090
 0.215,-3.105
 0.222,-3.123
 0.238,-3.121
 0.254,-3.133
 0.262,-3.124
 0.262,-3.130
 0.262,-3.112
 0.270,-3.136
 0.277,-3.139
 0.277,-3.145
 0.285,-3.142
 0.300,-3.139
 0.300,-3.127
