 2.018,-4.492
 2.024,-4.506
 2.032,-4.484
 2.021,-4.475
 2.020,-4.450
 2.007,-4.459
 2.009,-4.441
 2.006,-4.410
 1.982,-4.435
 1.984,-4.417
 1.967,-4.419
 1.984,-4.417
 1.971,-4.425
 1.946,-4.450
 1.947,-4.474
 1.944,-4.491
 1.935,-4.489
 1.933,-4.483
 1.923,-4.522
 1.912,-4.513
 1.920,-4.540
 1.926,-4.529
 1.886,-4.489
 1.872,-4.473
 1.858,-4.457
 1.867,-4.411
 1.910,-4.416
 1.935,-4.392
 1.925,-4.340
 1.936,-4.349
 1.931,-4.337
 1.898,-4.334
 1.893,-4.321
 1.893,-4.297
 1.896,-4.328
 1.880,-4.305
 1.860,-4.343
 1.872,-4.376
 1.848,-4.424
 1.850,-4.455
 1.845,-4.442
 1.864,-4.471
 1.862,-4.488
 1.849,-4.497
 1.837,-4.512
 1.821,-4.514
 1.787,-4.512
 1.796,-4.490
 1.796,-4.490
 1.825,-4.503
 1.847,-4.497
 1.851,-4.552
 1.860,-4.579
 1.871,-4.563
 1.873,-4.570
 1.907,-4.548
 1.911,-4.586
 1.959,-4.556
 1.956,-4.573
 1.975,-4.626
 1.995,-4.637
 1.987,-4.660
 1.984,-4.677
 1.987,-4.709
 1.999,-4.742
 2.005,-4.760
 2.024,-4.766
 2.040,-4.788
 2.054,-4.805
 2.077,-4.847
 2.071,-4.832
 2.099,-4.840
 2.107,-4.817
 2.093,-4.826
 2.099,-4.840
 2.096,-4.808
 2.102,-4.823
 2.110,-4.824
 2.134,-4.824
 2.126,-4.823
 2.109,-4.776
 2.114,-4.790
 2.150,-4.823
 2.123,-4.816
 2.136,-4.807
 2.130,-4.793
 2.133,-4.824
 2.109,-4.824
 2.081,-4.817
 2.087,-4.831
 2.070,-4.808
 2.051,-4.798
 2.037,-4.782
 2.059,-4.775
 2.036,-4.758
 2.017,-4.703
 2.022,-4.717
 2.022,-4.669
 1.997,-4.644
 2.013,-4.642
 2.007,-4.604
 2.008,-4.605
 1.993,-4.589
 1.978,-4.591
 1.986,-4.587
 1.996,-4.547
 2.009,-4.556
 2.004,-4.543
 1.999,-4.529
 2.024,-4.505
 2.027,-4.518
 2.054,-4.526
 2.029,-4.501
 2.034,-4.465
 2.023,-4.432
 2.006,-4.386
 2.022,-4.384
 2.022,-4.359
 2.019,-4.328
 2.046,-4.360
 2.041,-4.371
 2.072,-4.408
 2.095,-4.475
 2.082,-4.532
 2.085,-4.563
 2.082,-4.556
 2.086,-4.588
 2.074,-4.603
 2.097,-4.621
 2.113,-4.643
 2.133,-4.654
 2.149,-4.677
 2.171,-4.670
 2.169,-4.688
 2.208,-4.679
 2.193,-4.663
 2.184,-4.637
 2.187,-4.571
 2.159,-4.515
 2.158,-4.491
 2.166,-4.445
 2.166,-4.421
 2.140,-4.396
 2.140,-4.372
 2.151,-4.349
 2.148,-4.318
 2.134,-4.303
 2.131,-4.296
 2.114,-4.299
 2.104,-4.290
 2.101,-4.259
 2.103,-4.241
 2.106,-4.223
 2.092,-4.232
 2.095,-4.214
 2.103,-4.192
 2.120,-4.239
 2.109,-4.229
 2.118,-4.257
 2.132,-4.296
 2.141,-4.299
 2.144,-4.330
 2.166,-4.348
 2.181,-4.339
 2.186,-4.353
 2.183,-4.346
 2.162,-4.377
 2.150,-4.392
 2.131,-4.436
 2.145,-4.452
 2.143,-4.469
 2.121,-4.475
 2.110,-4.467
 2.071,-4.451
 2.077,-4.464
 2.060,-4.441
 2.013,-4.472
 2.000,-4.481
 1.959,-4.483
 1.959,-4.483
 1.955,-4.476
 1.963,-4.423
 1.942,-4.338
 1.900,-4.316
 1.901,-4.340
 1.846,-4.327
 1.821,-4.351
 1.819,-4.369
 1.803,-4.395
 1.822,-4.424
 1.797,-4.448
 1.801,-4.503
 1.812,-4.536
 1.771,-4.563
 1.813,-4.585
 1.835,-4.603
 1.826,-4.626
 1.815,-4.641
 1.801,-4.649
 1.788,-4.658
 1.748,-4.659
 1.761,-4.651
 1.750,-4.642
 1.734,-4.596
 1.726,-4.576
 1.708,-4.571
 1.699,-4.569
 1.688,-4.560
 1.674,-4.544
 1.653,-4.533
 1.647,-4.537
 1.638,-4.559
 1.627,-4.550
 1.638,-4.559
 1.615,-4.566
 1.609,-4.570
 1.609,-4.618
 1.610,-4.643
 1.636,-4.625
 1.647,-4.635
 1.640,-4.639
 1.655,-4.703
 1.653,-4.721
 1.662,-4.723
 1.676,-4.739
 1.685,-4.765
 1.704,-4.819
 1.705,-4.868
 1.714,-4.918
 1.678,-4.934
 1.715,-4.942
 1.705,-4.940
 1.744,-4.932
 1.778,-4.934
 1.819,-4.933
 1.841,-4.926
 1.877,-4.959
 1.888,-4.968
 1.897,-4.945
 1.915,-4.952
 1.927,-4.936
 1.915,-4.951
 1.937,-4.944
 1.952,-4.960
 1.943,-4.959
 1.940,-4.927
 1.942,-4.910
 1.940,-4.878
 1.923,-4.879
 1.926,-4.863
 1.931,-4.808
 1.952,-4.797
 1.979,-4.755
 1.993,-4.747
 2.018,-4.723
 1.985,-4.701
 2.013,-4.709
 1.985,-4.701
 1.969,-4.679
 1.974,-4.693
 1.998,-4.620
 1.990,-4.643
 1.976,-4.627
 1.949,-4.644
 1.927,-4.651
 1.872,-4.636
 1.863,-4.610
 1.850,-4.619
 1.861,-4.628
 1.866,-4.642
 1.911,-4.628
 1.951,-4.602
 1.964,-4.593
 1.984,-4.556
 1.989,-4.569
 1.995,-4.564
 2.022,-4.572
 2.035,-4.538
 2.046,-4.499
 2.048,-4.481
 2.073,-4.457
 2.087,-4.448
 2.087,-4.448
 2.095,-4.451
 2.096,-4.451
 2.087,-4.455
 2.082,-4.460
 2.076,-4.439
 2.078,-4.422
 2.068,-4.413
 2.049,-4.408
 2.060,-4.417
 2.059,-4.417
 2.054,-4.404
 2.059,-4.369
 2.045,-4.353
 2.048,-4.335
 2.036,-4.302
 2.008,-4.295
 2.012,-4.302
 2.020,-4.280
 1.997,-4.286
 2.011,-4.277
 1.984,-4.295
 1.987,-4.277
 1.967,-4.297
 1.973,-4.310
 1.973,-4.310
 1.946,-4.328
 1.951,-4.390
 1.947,-4.450
 1.937,-4.513
 1.937,-4.562
 1.897,-4.612
 1.888,-4.634
 1.888,-4.634
 1.853,-4.650
 1.855,-4.681
 1.814,-4.683
 1.802,-4.716
 1.788,-4.699
 1.764,-4.700
 1.752,-4.715
 1.751,-4.691
 1.783,-4.663
 1.780,-4.631
 1.781,-4.680
 1.778,-4.649
 1.761,-4.626
 1.763,-4.609
 1.736,-4.553
 1.738,-4.536
 1.751,-4.527
 1.749,-4.496
 1.756,-4.541
 1.760,-4.553
 1.776,-4.618
 1.775,-4.642
 1.798,-4.635
 1.805,-4.632
 1.829,-4.632
 1.854,-4.608
 1.868,-4.624
 1.885,-4.628
 1.914,-4.660
 1.908,-4.670
 1.950,-4.693
 1.926,-4.675
 1.924,-4.692
 1.930,-4.731
 1.925,-4.716
 1.905,-4.755
 1.864,-4.756
 1.838,-4.773
 1.842,-4.787
 1.813,-4.773
 1.818,-4.787
 1.820,-4.794
 1.790,-4.755
 1.806,-4.778
 1.826,-4.740
 1.825,-4.765
 1.825,-4.740
 1.838,-4.682
 1.817,-4.672
 1.826,-4.649
 1.788,-4.634
 1.790,-4.616
 1.759,-4.602
 1.765,-4.592
 1.733,-4.571
 1.737,-4.584
 1.748,-4.545
 1.734,-4.529
 1.764,-4.543
 1.748,-4.496
 1.752,-4.510
 1.766,-4.501
 1.750,-4.479
 1.766,-4.501
 1.761,-4.487
 1.774,-4.479
 1.774,-4.479
 1.784,-4.481
 1.788,-4.495
 1.797,-4.472
 1.799,-4.503
 1.775,-4.503
 1.758,-4.481
 1.750,-4.503
 1.748,-4.496
 1.748,-4.496
 1.725,-4.503
 1.721,-4.489
 1.714,-4.494
 1.723,-4.471
 1.714,-4.494
 1.714,-4.494
 1.687,-4.486
 1.664,-4.493
 1.685,-4.504
 1.700,-4.502
 1.729,-4.491
 1.738,-4.494
 1.716,-4.501
 1.761,-4.487
 1.739,-4.494
 1.749,-4.454
 1.758,-4.432
 1.762,-4.397
 1.785,-4.342
 1.762,-4.348
 1.764,-4.330
 1.758,-4.311
 1.774,-4.333
 1.782,-4.311
 1.787,-4.324
 1.762,-4.299
 1.749,-4.308
 1.750,-4.315
 1.746,-4.302
 1.746,-4.326
 1.749,-4.308
 1.746,-4.326
 1.738,-4.348
 1.722,-4.350
 1.722,-4.374
 1.724,-4.381
 1.733,-4.383
 1.765,-4.403
 1.749,-4.381
 1.736,-4.414
 1.763,-4.421
 1.758,-4.408
 1.750,-4.430
 1.774,-4.430
 1.749,-4.454
 1.752,-4.461
 1.747,-4.472
 1.761,-4.488
 1.748,-4.496
 1.761,-4.487
 1.768,-4.483
 1.791,-4.476
 1.804,-4.468
 1.799,-4.454
 1.810,-4.464
 1.810,-4.463
 1.806,-4.426
 1.810,-4.415
 1.835,-4.391
 1.824,-4.382
 1.851,-4.389
 1.834,-4.366
 1.837,-4.373
 1.849,-4.358
 1.876,-4.389
 1.862,-4.398
 1.874,-4.382
 1.887,-4.422
 1.860,-4.415
 1.860,-4.416
 1.898,-4.431
 1.921,-4.425
 1.938,-4.471
 1.910,-4.464
 1.888,-4.495
 1.852,-4.486
 1.850,-4.479
 1.841,-4.477
 1.849,-4.455
 1.825,-4.455
 1.822,-4.424
 1.795,-4.417
 1.839,-4.422
 1.825,-4.406
 1.813,-4.421
 1.825,-4.406
 1.822,-4.424
 1.800,-4.430
 1.809,-4.433
 1.812,-4.464
 1.816,-4.477
 1.816,-4.476
 1.821,-4.490
 1.826,-4.527
 1.824,-4.570
 1.827,-4.625
 1.834,-4.644
 1.866,-4.690
 1.888,-4.683
 1.916,-4.690
 1.933,-4.688
 1.927,-4.699
 1.957,-4.738
 1.952,-4.724
 1.951,-4.699
 1.965,-4.642
 1.945,-4.564
 1.953,-4.536
 1.950,-4.480
 1.950,-4.481
 1.950,-4.480
 1.934,-4.507
 1.937,-4.538
 1.922,-4.522
 1.898,-4.546
 1.901,-4.553
 1.898,-4.546
 1.878,-4.560
 1.876,-4.577
 1.840,-4.592
 1.843,-4.623
 1.824,-4.594
 1.854,-4.632
 1.852,-4.625
 1.838,-4.610
 1.851,-4.601
 1.826,-4.576
 1.828,-4.583
 1.801,-4.552
 1.826,-4.577
 1.837,-4.585
 1.835,-4.603
 1.867,-4.624
 1.892,-4.599
 1.878,-4.632
 1.892,-4.648
 1.900,-4.625
 1.914,-4.617
 1.925,-4.602
 1.936,-4.611
 1.927,-4.609
 1.925,-4.577
 1.927,-4.584
 1.924,-4.553
 1.925,-4.578
 1.952,-4.585
 1.963,-4.593
 1.982,-4.599
 1.993,-4.607
 2.013,-4.618
 2.007,-4.629
 2.000,-4.609
 1.980,-4.622
 1.980,-4.598
 1.936,-4.587
 1.941,-4.600
 1.938,-4.569
 1.942,-4.625
 1.925,-4.675
 1.887,-4.708
 1.890,-4.739
 1.862,-4.731
 1.840,-4.763
 1.813,-4.755
 1.827,-4.795
 1.813,-4.804
 1.798,-4.830
 1.778,-4.844
 1.776,-4.861
 1.778,-4.892
 1.768,-4.932
 1.765,-4.949
 1.770,-4.964
 1.756,-4.948
 1.747,-4.971
 1.759,-5.004
 1.752,-5.007
 1.717,-5.047
 1.716,-5.022
 1.667,-4.997
 1.669,-4.980
 1.639,-4.941
 1.619,-4.931
 1.630,-4.891
 1.605,-4.866
 1.618,-4.810
 1.617,-4.760
 1.619,-4.768
 1.617,-4.736
 1.616,-4.711
 1.631,-4.685
 1.638,-4.632
 1.640,-4.615
 1.637,-4.583
 1.612,-4.583
 1.588,-4.583
 1.574,-4.543
 1.578,-4.556
 1.588,-4.510
 1.578,-4.508
 1.605,-4.514
 1.602,-4.525
 1.616,-4.524
 1.639,-4.517
 1.652,-4.508
 1.664,-4.493
 1.698,-4.495
 1.703,-4.509
 1.736,-4.463
 1.748,-4.496
 1.788,-4.494
 1.825,-4.503
 1.846,-4.564
 1.864,-4.592
 1.879,-4.608
 1.865,-4.617
 1.874,-4.594
 1.889,-4.568
 1.912,-4.537
 1.901,-4.504
 1.914,-4.495
 1.925,-4.456
 1.916,-4.454
 1.963,-4.423
 1.949,-4.407
 1.965,-4.381
 1.971,-4.352
 1.990,-4.357
 1.987,-4.326
 1.998,-4.335
 2.012,-4.350
 2.021,-4.353
 2.038,-4.400
 2.021,-4.402
 2.025,-4.457
 2.027,-4.488
 2.025,-4.506
 2.028,-4.537
 2.038,-4.545
 2.039,-4.569
 2.053,-4.561
 2.036,-4.563
 2.052,-4.537
 2.037,-4.472
 2.038,-4.472
 2.026,-4.439
 2.006,-4.410
 2.009,-4.392
 1.997,-4.359
 2.013,-4.332
 2.007,-4.287
 1.988,-4.259
 1.979,-4.256
 1.959,-4.228
 1.944,-4.255
 1.930,-4.264
 1.903,-4.257
 1.884,-4.270
 1.862,-4.300
 1.864,-4.331
 1.853,-4.371
 1.838,-4.397
 1.826,-4.413
 1.813,-4.421
 1.815,-4.428
 1.826,-4.413
 1.786,-4.415
 1.804,-4.419
 1.799,-4.406
 1.785,-4.390
 1.776,-4.412
 1.736,-4.414
 1.741,-4.452
 1.712,-4.463
 1.714,-4.494
 1.678,-4.509
 1.673,-4.495
 1.679,-4.533
 1.638,-4.535
 1.616,-4.590
 1.630,-4.630
 1.614,-4.632
 1.605,-4.654
 1.579,-4.671
 1.531,-4.702
 1.531,-4.702
 1.541,-4.704
 1.569,-4.718
 1.569,-4.717
 1.592,-4.711
 1.592,-4.735
 1.601,-4.688
 1.629,-4.696
 1.651,-4.641
 1.664,-4.632
 1.691,-4.567
 1.726,-4.502
 1.755,-4.516
 1.765,-4.518
 1.801,-4.528
 1.829,-4.535
 1.827,-4.552
 1.845,-4.557
 1.840,-4.568
 1.854,-4.559
 1.853,-4.535
 1.860,-4.506
 1.879,-4.535
 1.887,-4.513
 1.890,-4.544
 1.903,-4.535
 1.911,-4.513
 1.917,-4.503
 1.901,-4.504
 1.915,-4.520
 1.929,-4.536
 1.911,-4.513
 1.917,-4.502
 1.923,-4.498
 1.936,-4.489
 1.950,-4.480
 1.944,-4.467
 1.925,-4.480
 1.911,-4.464
 1.899,-4.431
 1.893,-4.435
 1.879,-4.371
 1.897,-4.375
 1.879,-4.371
 1.866,-4.380
 1.852,-4.364
 1.836,-4.342
 1.813,-4.349
 1.835,-4.318
 1.851,-4.315
 1.842,-4.313
 1.826,-4.291
 1.826,-4.291
 1.821,-4.278
 1.824,-4.261
 1.814,-4.258
 1.785,-4.220
 1.792,-4.215
 1.764,-4.208
 1.714,-4.208
 1.700,-4.193
 1.698,-4.210
 1.675,-4.217
 1.661,-4.201
 1.663,-4.250
 1.667,-4.311
 1.650,-4.356
 1.655,-4.418
 1.650,-4.404
 1.664,-4.445
 1.677,-4.436
 1.673,-4.422
 1.702,-4.460
 1.725,-4.454
 1.711,-4.487
 1.714,-4.518
 1.685,-4.504
 1.700,-4.527
 1.698,-4.496
 1.738,-4.494
 1.757,-4.523
 1.755,-4.540
 1.743,-4.556
 1.741,-4.573
 1.727,-4.558
 1.763,-4.543
 1.758,-4.529
 1.763,-4.543
 1.774,-4.503
 1.765,-4.501
 1.740,-4.501
 1.736,-4.487
 1.740,-4.501
 1.724,-4.478
 1.713,-4.494
 1.717,-4.507
 1.700,-4.502
 1.701,-4.509
 1.700,-4.502
 1.701,-4.509
 1.700,-4.484
 1.698,-4.453
 1.689,-4.475
 1.661,-4.444
 1.661,-4.444
 1.675,-4.435
 1.659,-4.413
 1.650,-4.435
 1.648,-4.429
 1.675,-4.460
 1.664,-4.475
 1.687,-4.493
 1.678,-4.540
 1.647,-4.544
 1.652,-4.606
 1.664,-4.639
 1.646,-4.658
 1.680,-4.686
 1.668,-4.701
 1.646,-4.733
 1.631,-4.759
 1.626,-4.744
 1.604,-4.751
 1.597,-4.755
 1.588,-4.777
 1.578,-4.793
 1.589,-4.802
 1.607,-4.832
 1.591,-4.833
 1.605,-4.849
 1.632,-4.856
 1.653,-4.867
 1.658,-4.906
 1.667,-4.907
 1.681,-4.923
 1.719,-4.939
 1.715,-4.949
 1.731,-4.972
 1.754,-4.965
 1.757,-4.973
 1.794,-4.964
 1.792,-4.933
 1.805,-4.924
 1.803,-4.893
 1.817,-4.909
 1.817,-4.908
 1.828,-4.893
 1.819,-4.892
 1.817,-4.860
 1.831,-4.876
 1.803,-4.869
 1.837,-4.870
 1.844,-4.868
 1.880,-4.852
 1.887,-4.849
 1.910,-4.842
 1.905,-4.827
 1.907,-4.810
 1.900,-4.765
 1.877,-4.772
 1.865,-4.739
 1.838,-4.707
 1.857,-4.712
 1.840,-4.641
 1.802,-4.650
 1.804,-4.632
 1.788,-4.609
 1.793,-4.599
 1.779,-4.583
 1.767,-4.550
 1.767,-4.550
 1.763,-4.536
 1.740,-4.543
 1.737,-4.512
 1.717,-4.500
 1.717,-4.451
 1.689,-4.445
 1.681,-4.467
 1.651,-4.429
 1.666,-4.402
 1.666,-4.353
 1.638,-4.322
 1.654,-4.320
 1.650,-4.307
 1.665,-4.280
 1.654,-4.271
 1.663,-4.249
 1.641,-4.280
 1.648,-4.252
 1.665,-4.281
 1.692,-4.238
 1.667,-4.213
 1.691,-4.214
 1.675,-4.168
 1.675,-4.168
 1.675,-4.119
 1.672,-4.089
 1.675,-4.071
 1.671,-4.016
 1.671,-4.016
 1.714,-3.995
 1.684,-3.958
 1.712,-3.965
 1.723,-3.949
 1.737,-3.940
 1.725,-3.931
 1.734,-3.910
 1.750,-3.907
 1.746,-3.895
 1.748,-3.926
 1.748,-3.926
 1.746,-3.944
 1.765,-3.971
 1.760,-4.007
 1.738,-4.038
 1.752,-4.077
 1.736,-4.105
 1.727,-4.150
 1.725,-4.168
 1.726,-4.193
 1.728,-4.223
 1.712,-4.226
 1.717,-4.239
 1.701,-4.265
 1.728,-4.272
 1.702,-4.290
 1.662,-4.274
 1.676,-4.290
 1.660,-4.243
 1.640,-4.256
 1.641,-4.262
 1.630,-4.253
 1.619,-4.268
 1.601,-4.264
 1.590,-4.304
 1.575,-4.331
 1.573,-4.349
 1.541,-4.377
 1.539,-4.346
 1.531,-4.374
 1.543,-4.359
 1.528,-4.386
 1.518,-4.432
 1.515,-4.443
 1.480,-4.465
 1.492,-4.449
 1.502,-4.476
 1.492,-4.474
 1.502,-4.476
 1.517,-4.474
 1.519,-4.481
 1.515,-4.492
 1.518,-4.523
 1.527,-4.549
 1.528,-4.574
 1.543,-4.596
 1.566,-4.589
 1.570,-4.603
 1.568,-4.621
 1.568,-4.670
 1.568,-4.670
 1.578,-4.671
 1.580,-4.654
 1.589,-4.632
 1.605,-4.655
 1.606,-4.637
 1.629,-4.630
 1.618,-4.622
 1.628,-4.624
 1.616,-4.639
 1.627,-4.599
 1.625,-4.569
 1.631,-4.564
 1.642,-4.573
 1.633,-4.595
 1.670,-4.629
 1.665,-4.615
 1.668,-4.646
 1.650,-4.641
 1.653,-4.648
 1.655,-4.679
 1.655,-4.680
 1.646,-4.678
 1.644,-4.671
 1.632,-4.686
 1.643,-4.695
 1.642,-4.688
 1.657,-4.711
 1.642,-4.688
 1.633,-4.735
 1.594,-4.719
 1.592,-4.737
 1.569,-4.743
 1.565,-4.729
 1.556,-4.752
 1.556,-4.752
 1.543,-4.760
 1.545,-4.792
 1.529,-4.793
 1.519,-4.809
 1.507,-4.824
 1.480,-4.817
 1.497,-4.823
 1.493,-4.808
 1.495,-4.840
 1.493,-4.857
 1.480,-4.865
 1.496,-4.889
 1.493,-4.881
 1.496,-4.889
 1.532,-4.897
 1.519,-4.930
 1.535,-4.954
 1.543,-4.948
 1.544,-4.931
 1.558,-4.922
 1.571,-4.914
 1.598,-4.921
 1.605,-4.916
 1.657,-4.948
 1.657,-4.996
 1.667,-4.998
 1.671,-5.013
 1.667,-4.998
 1.683,-5.046
 1.708,-5.070
 1.668,-5.095
 1.695,-5.103
 1.695,-5.103
 1.699,-5.167
 1.738,-5.183
 1.747,-5.208
 1.786,-5.249
 1.781,-5.233
 1.771,-5.274
 1.784,-5.266
 1.784,-5.242
 1.775,-5.241
 1.745,-5.201
 1.759,-5.217
 1.745,-5.201
 1.732,-5.160
 1.786,-5.127
 1.756,-5.087
 1.781,-5.063
 1.794,-5.055
 1.792,-5.023
 1.785,-5.005
 1.807,-4.949
 1.809,-4.956
 1.821,-4.940
 1.807,-4.925
 1.784,-4.907
 1.768,-4.859
 1.770,-4.843
 1.765,-4.828
 1.765,-4.828
 1.784,-4.810
 1.761,-4.768
 1.740,-4.757
 1.736,-4.743
 1.717,-4.713
 1.693,-4.713
 1.663,-4.674
 1.654,-4.697
 1.642,-4.664
 1.631,-4.606
 1.623,-4.587
 1.604,-4.551
 1.608,-4.564
 1.582,-4.582
 1.543,-4.566
 1.547,-4.604
 1.531,-4.581
 1.497,-4.579
 1.483,-4.611
 1.469,-4.638
 1.457,-4.653
 1.428,-4.615
 1.433,-4.611
 1.420,-4.620
 1.382,-4.628
 1.398,-4.650
 1.393,-4.612
 1.384,-4.635
 1.409,-4.611
 1.380,-4.621
 1.384,-4.635
 1.393,-4.612
 1.383,-4.611
 1.408,-4.587
 1.368,-4.588
 1.383,-4.611
 1.381,-4.579
 1.369,-4.588
 1.382,-4.604
 1.383,-4.628
 1.375,-4.658
 1.386,-4.642
 1.374,-4.700
 1.385,-4.709
 1.370,-4.735
 1.371,-4.783
 1.367,-4.769
 1.334,-4.799
 1.322,-4.765
 1.347,-4.790
 1.349,-4.822
 1.395,-4.832
 1.400,-4.871
 1.424,-4.871
 1.435,-4.879
 1.436,-4.929
 1.457,-4.938
 1.475,-4.969
 1.486,-4.977
 1.496,-4.979
 1.495,-5.004
 1.493,-4.972
 1.497,-4.986
 1.498,-4.962
 1.509,-4.971
 1.561,-5.003
 1.568,-4.997
 1.598,-4.988
 1.595,-5.005
 1.607,-5.013
 1.637,-5.077
 1.646,-5.078
 1.624,-5.086
 1.635,-5.094
 1.610,-5.094
 1.624,-5.134
 1.609,-5.159
 1.625,-5.183
 1.661,-5.216
 1.664,-5.248
 1.688,-5.248
 1.698,-5.249
 1.700,-5.232
 1.698,-5.249
 1.695,-5.217
 1.711,-5.192
 1.709,-5.184
 1.714,-5.200
 1.700,-5.184
 1.713,-5.176
 1.726,-5.167
 1.708,-5.111
 1.712,-5.102
 1.710,-5.095
 1.685,-5.119
 1.688,-5.102
 1.658,-5.062
 1.651,-5.044
 1.659,-5.021
 1.645,-5.005
 1.623,-4.988
 1.593,-4.924
 1.599,-4.921
 1.584,-4.898
 1.584,-4.898
 1.561,-4.905
 1.545,-4.858
 1.549,-4.896
 1.547,-4.865
 1.534,-4.922
 1.548,-4.938
 1.521,-4.931
 1.523,-4.914
 1.507,-4.915
 1.508,-4.939
 1.512,-4.905
 1.525,-4.896
 1.526,-4.903
 1.511,-4.880
 1.521,-4.882
 1.520,-4.857
 1.491,-4.818
 1.508,-4.824
 1.508,-4.775
 1.496,-4.742
 1.511,-4.716
 1.493,-4.687
 1.510,-4.710
 1.534,-4.710
 1.520,-4.694
 1.533,-4.637
 1.531,-4.605
 1.494,-4.596
 1.506,-4.581
 1.519,-4.572
 1.532,-4.563
 1.542,-4.565
 1.544,-4.597
 1.554,-4.647
 1.556,-4.630
 1.596,-4.628
 1.594,-4.597
 1.610,-4.620
 1.632,-4.613
 1.631,-4.631
 1.619,-4.622
 1.630,-4.582
 1.632,-4.564
 1.630,-4.582
 1.644,-4.598
 1.619,-4.573
 1.628,-4.551
 1.635,-4.596
 1.646,-4.580
 1.646,-4.580
 1.621,-4.580
 1.618,-4.548
 1.607,-4.540
 1.602,-4.502
 1.578,-4.502
 1.582,-4.515
 1.580,-4.484
 1.559,-4.473
 1.556,-4.466
 1.568,-4.499
 1.568,-4.499
 1.566,-4.517
 1.581,-4.539
 1.579,-4.508
 1.568,-4.524
 1.557,-4.563
 1.591,-4.590
 1.585,-4.644
 1.581,-4.630
 1.569,-4.646
 1.595,-4.695
 1.629,-4.721
 1.634,-4.784
 1.632,-4.801
 1.634,-4.784
 1.611,-4.791
 1.618,-4.785
 1.622,-4.799
 1.631,-4.777
 1.609,-4.808
 1.622,-4.799
 1.593,-4.809
 1.584,-4.832
 1.555,-4.842
 1.530,-4.866
 1.569,-4.858
 1.530,-4.866
 1.550,-4.879
 1.548,-4.897
 1.535,-4.905
 1.536,-4.930
 1.506,-4.915
 1.510,-4.978
 1.493,-4.972
 1.484,-4.995
 1.476,-4.977
 1.449,-4.969
 1.465,-5.017
 1.446,-5.027
 1.421,-5.052
 1.397,-5.100
 1.397,-5.100
 1.389,-5.106
 1.388,-5.123
 1.363,-5.148
 1.376,-5.188
 1.373,-5.197
 1.377,-5.262
 1.372,-5.287
 1.374,-5.319
 1.363,-5.335
 1.388,-5.360
 1.404,-5.384
 1.415,-5.392
 1.427,-5.401
 1.427,-5.401
 1.436,-5.377
 1.451,-5.401
 1.474,-5.393
 1.499,-5.418
 1.512,-5.427
 1.461,-5.402
 1.467,-5.401
 1.451,-5.377
 1.467,-5.376
 1.481,-5.417
 1.491,-5.418
 1.493,-5.450
 1.512,-5.475
 1.500,-5.491
 1.486,-5.475
 1.473,-5.483
 1.489,-5.483
 1.462,-5.474
 1.466,-5.466
 1.442,-5.450
 1.426,-5.442
 1.416,-5.442
 1.411,-5.401
 1.402,-5.401
 1.403,-5.409
 1.388,-5.384
 1.378,-5.384
 1.376,-5.327
 1.389,-5.344
 1.389,-5.344
 1.400,-5.344
 1.390,-5.344
 1.374,-5.319
 1.351,-5.327
 1.351,-5.327
 1.338,-5.335
 1.341,-5.343
 1.339,-5.311
 1.342,-5.302
 1.340,-5.294
 1.324,-5.270
 1.328,-5.262
 1.324,-5.270
 1.337,-5.262
 1.338,-5.238
 1.372,-5.239
 1.362,-5.238
 1.363,-5.214
 1.352,-5.213
 1.369,-5.220
 1.365,-5.204
 1.365,-5.204
 1.349,-5.197
 1.337,-5.213
 1.324,-5.173
 1.310,-5.157
 1.313,-5.123
 1.311,-5.091
 1.277,-5.089
 1.251,-5.106
 1.237,-5.090
 1.227,-5.114
 1.238,-5.114
 1.215,-5.129
 1.241,-5.130
 1.249,-5.172
 1.290,-5.196
 1.313,-5.188
 1.314,-5.196
 1.350,-5.180
 1.361,-5.182
 1.401,-5.230
 1.411,-5.231
 1.440,-5.222
 1.428,-5.238
 1.452,-5.255
 1.454,-5.287
 1.475,-5.296
 1.489,-5.313
 1.490,-5.320
 1.503,-5.378
 1.505,-5.410
 1.478,-5.401
 1.480,-5.385
 1.453,-5.377
 1.453,-5.377
 1.452,-5.328
 1.473,-5.312
 1.464,-5.288
 1.492,-5.254
 1.493,-5.237
 1.505,-5.197
 1.537,-5.166
 1.539,-5.150
 1.560,-5.159
 1.571,-5.119
 1.600,-5.110
 1.598,-5.078
 1.627,-5.069
 1.626,-5.044
 1.638,-5.029
 1.640,-5.012
 1.646,-4.957
 1.637,-4.955
 1.637,-4.955
 1.648,-4.939
 1.639,-4.938
 1.621,-4.883
 1.612,-4.906
 1.598,-4.890
 1.598,-4.890
 1.575,-4.897
 1.573,-4.865
 1.564,-4.889
 1.551,-4.897
 1.524,-4.889
 1.526,-4.873
 1.521,-4.858
 1.487,-4.880
 1.485,-4.849
 1.486,-4.831
 1.463,-4.789
 1.459,-4.775
 1.450,-4.798
 1.436,-4.782
 1.409,-4.775
 1.398,-4.766
 1.371,-4.759
 1.373,-4.766
 1.360,-4.750
 1.363,-4.764
 1.365,-4.746
 1.349,-4.748
 1.388,-4.740
 1.374,-4.724
 1.384,-4.701
 1.386,-4.684
 1.381,-4.646
 1.387,-4.642
 1.360,-4.611
 1.348,-4.626
 1.373,-4.602
 1.371,-4.570
 1.375,-4.584
 1.385,-4.587
 1.359,-4.586
 1.386,-4.544
 1.370,-4.498
 1.360,-4.495
 1.359,-4.489
 1.357,-4.482
 1.383,-4.489
 1.381,-4.457
 1.371,-4.456
 1.396,-4.431
 1.396,-4.431
 1.423,-4.438
 1.432,-4.416
 1.423,-4.438
 1.458,-4.416
 1.445,-4.450
 1.447,-4.456
 1.481,-4.459
 1.474,-4.487
 1.472,-4.481
 1.472,-4.481
 1.485,-4.472
 1.468,-4.467
 1.472,-4.457
 1.481,-4.459
 1.470,-4.474
 1.460,-4.447
 1.469,-4.425
 1.475,-4.421
 1.471,-4.456
 1.472,-4.481
 1.433,-4.489
 1.443,-4.492
 1.433,-4.489
 1.445,-4.523
 1.459,-4.587
 1.462,-4.643
 1.459,-4.653
 1.478,-4.641
 1.485,-4.636
 1.487,-4.667
 1.511,-4.661
 1.507,-4.629
 1.563,-4.626
 1.584,-4.588
 1.545,-4.597
 1.547,-4.579
 1.543,-4.565
 1.520,-4.572
 1.520,-4.572
 1.496,-4.572
 1.484,-4.563
 1.469,-4.565
 1.450,-4.585
 1.446,-4.596
 1.448,-4.627
 1.424,-4.676
 1.408,-4.719
 1.400,-4.773
 1.400,-4.839
 1.404,-4.902
 1.392,-4.894
 1.363,-4.879
 1.354,-4.902
 1.362,-4.896
 1.350,-4.912
 1.362,-4.945
 1.348,-4.929
 1.365,-4.935
 1.353,-4.926
 1.354,-4.950
 1.365,-4.959
 1.338,-4.928
 1.326,-4.919
 1.336,-4.896
 1.323,-4.905
 1.349,-4.863
 1.324,-4.814
 1.326,-4.755
 1.347,-4.717
 1.313,-4.715
 1.313,-4.715
 1.297,-4.667
 1.301,-4.681
 1.309,-4.652
 1.325,-4.699
 1.312,-4.708
 1.298,-4.692
 1.300,-4.674
 1.311,-4.683
 1.324,-4.675
 1.336,-4.659
 1.309,-4.652
 1.312,-4.617
 1.322,-4.594
 1.299,-4.601
 1.312,-4.568
 1.323,-4.528
 1.339,-4.526
 1.335,-4.512
 1.349,-4.529
 1.360,-4.513
 1.347,-4.522
 1.360,-4.538
 1.370,-4.564
 1.387,-4.593
 1.414,-4.600
 1.427,-4.591
 1.416,-4.607
 1.421,-4.571
 1.435,-4.636
 1.435,-4.636
 1.420,-4.637
 1.424,-4.651
 1.435,-4.636
 1.423,-4.651
 1.423,-4.651
 1.434,-4.653
 1.412,-4.642
 1.435,-4.611
 1.436,-4.594
 1.436,-4.594
 1.446,-4.596
 1.448,-4.578
 1.444,-4.540
 1.435,-4.520
 1.434,-4.538
 1.421,-4.547
 1.448,-4.554
 1.421,-4.571
 1.412,-4.594
 1.411,-4.569
 1.396,-4.571
 1.386,-4.593
 1.396,-4.595
 1.373,-4.602
 1.373,-4.602
 1.347,-4.619
 1.349,-4.651
 1.357,-4.670
 1.361,-4.684
 1.365,-4.697
 1.365,-4.697
 1.354,-4.696
 1.361,-4.708
 1.349,-4.748
 1.334,-4.749
 1.345,-4.758
 1.348,-4.765
 1.321,-4.758
 1.324,-4.772
 1.299,-4.796
 1.287,-4.805
 1.313,-4.812
 1.310,-4.798
 1.314,-4.820
 1.300,-4.796
 1.299,-4.796
 1.324,-4.797
 1.309,-4.798
 1.324,-4.796
 1.324,-4.796
 1.335,-4.805
 1.324,-4.797
 1.359,-4.798
 1.349,-4.821
 1.375,-4.822
 1.385,-4.806
 1.389,-4.820
 1.383,-4.774
 1.412,-4.813
 1.422,-4.815
 1.423,-4.839
 1.413,-4.838
 1.396,-4.808
 1.424,-4.798
 1.413,-4.789
 1.426,-4.780
 1.427,-4.787
 1.433,-4.750
 1.409,-4.709
 1.409,-4.709
 1.406,-4.695
 1.397,-4.675
 1.395,-4.644
 1.399,-4.609
 1.399,-4.609
 1.360,-4.568
 1.359,-4.544
 1.380,-4.506
 1.384,-4.544
 1.396,-4.529
 1.382,-4.562
 1.409,-4.593
 1.380,-4.579
 1.384,-4.593
 1.398,-4.609
 1.396,-4.626
 1.397,-4.651
 1.394,-4.643
 1.385,-4.666
 1.408,-4.708
 1.397,-4.748
 1.435,-4.764
 1.421,-4.766
 1.411,-4.789
 1.436,-4.789
 1.434,-4.807
 1.434,-4.806
 1.420,-4.790
 1.423,-4.822
 1.421,-4.839
 1.423,-4.822
 1.424,-4.805
 1.411,-4.813
 1.424,-4.805
 1.397,-4.797
 1.397,-4.797
 1.397,-4.797
 1.394,-4.783
 1.372,-4.773
 1.384,-4.757
 1.361,-4.764
 1.375,-4.780
 1.358,-4.823
 1.374,-4.870
 1.373,-4.912
 1.374,-4.936
 1.363,-4.935
 1.373,-4.912
 1.348,-4.887
 1.369,-4.849
 1.347,-4.814
 1.349,-4.821
 1.347,-4.838
 1.351,-4.828
 1.350,-4.845
 1.327,-4.853
 1.340,-4.869
 1.351,-4.870
 1.355,-4.909
 1.365,-4.935
 1.376,-4.944
 1.402,-4.944
 1.398,-4.978
 1.427,-4.969
 1.438,-4.977
 1.465,-4.985
 1.479,-5.001
 1.487,-4.995
 1.504,-5.026
 1.525,-4.987
 1.528,-4.977
 1.530,-4.960
 1.513,-4.929
 1.514,-4.936
 1.499,-4.938
 1.497,-4.906
 1.476,-4.847
 1.462,-4.782
 1.440,-4.772
 1.450,-4.749
 1.424,-4.767
 1.412,-4.734
 1.385,-4.684
 1.375,-4.682
 1.374,-4.626
 1.338,-4.600
 1.340,-4.582
 1.335,-4.586
 1.313,-4.599
 1.311,-4.586
 1.299,-4.601
 1.312,-4.593
 1.285,-4.585
 1.287,-4.641
 1.261,-4.634
 1.274,-4.650
 1.261,-4.634
 1.244,-4.605
 1.260,-4.610
 1.272,-4.594
 1.223,-4.576
 1.213,-4.549
 1.200,-4.533
 1.203,-4.596
 1.188,-4.664
 1.149,-4.715
 1.123,-4.732
 1.096,-4.725
 1.088,-4.688
 1.089,-4.663
 1.104,-4.711
 1.118,-4.727
 1.115,-4.720
 1.116,-4.720
 1.099,-4.690
 1.126,-4.722
 1.111,-4.723
 1.108,-4.709
 1.126,-4.698
 1.138,-4.682
 1.152,-4.705
 1.164,-4.713
 1.162,-4.731
 1.179,-4.712
 1.189,-4.689
 1.201,-4.656
 1.188,-4.665
 1.198,-4.691
 1.187,-4.683
 1.196,-4.660
 1.211,-4.658
 1.199,-4.625
 1.199,-4.625
 1.214,-4.599
 1.223,-4.552
 1.236,-4.567
 1.236,-4.567
 1.208,-4.529
 1.212,-4.568
 1.197,-4.569
 1.211,-4.567
 1.211,-4.543
 1.211,-4.543
 1.214,-4.556
 1.209,-4.536
 1.211,-4.543
 1.222,-4.527
 1.221,-4.520
 1.248,-4.528
 1.259,-4.488
 1.289,-4.508
 1.302,-4.499
 1.324,-4.511
 1.324,-4.511
 1.332,-4.506
 1.320,-4.498
 1.345,-4.473
 1.319,-4.466
 1.324,-4.462
 1.322,-4.431
 1.287,-4.428
 1.260,-4.421
 1.234,-4.414
 1.198,-4.387
 1.182,-4.340
 1.172,-4.289
 1.135,-4.255
 1.121,-4.240
 1.109,-4.206
 1.093,-4.154
 1.071,-4.142
 1.069,-4.111
 1.056,-4.120
 1.058,-4.102
 1.055,-4.089
 1.070,-4.093
 1.083,-4.078
 1.081,-4.047
 1.109,-4.035
 1.131,-3.999
 1.148,-4.002
 1.158,-3.981
 1.195,-3.991
 1.184,-3.987
 1.194,-4.009
 1.195,-4.040
 1.222,-4.046
 1.260,-4.061
 1.263,-4.073
 1.261,-4.086
 1.261,-4.135
 1.271,-4.162
 1.270,-4.204
 1.297,-4.260
 1.295,-4.253
 1.335,-4.276
 1.322,-4.309
 1.323,-4.334
 1.337,-4.380
 1.346,-4.375
 1.374,-4.438
 1.374,-4.462
 1.361,-4.471
 1.361,-4.520
 1.346,-4.546
 1.361,-4.569
 1.373,-4.553
 1.361,-4.569
 1.386,-4.594
 1.371,-4.595
 1.373,-4.626
 1.373,-4.651
 1.349,-4.675
 1.339,-4.698
 1.347,-4.717
 1.326,-4.755
 1.312,-4.739
 1.324,-4.748
 1.314,-4.771
 1.322,-4.765
 1.313,-4.789
 1.313,-4.788
 1.286,-4.781
 1.313,-4.789
 1.297,-4.790
 1.301,-4.828
 1.290,-4.868
 1.302,-4.877
 1.278,-4.884
 1.287,-4.903
 1.276,-4.943
 1.286,-4.944
 1.275,-4.985
 1.252,-5.016
 1.227,-5.040
 1.244,-5.071
 1.266,-5.081
 1.267,-5.130
 1.255,-5.122
 1.240,-5.122
 1.203,-5.138
 1.202,-5.154
 1.216,-5.171
 1.204,-5.187
 1.240,-5.219
 1.269,-5.236
 1.267,-5.227
 1.253,-5.260
 1.254,-5.285
 1.226,-5.293
 1.243,-5.301
 1.230,-5.285
 1.206,-5.292
 1.243,-5.277
 1.226,-5.245
 1.242,-5.228
 1.228,-5.187
 1.216,-5.130
 1.228,-5.089
 1.175,-5.032
 1.178,-4.998
 1.174,-4.910
 1.162,-4.901
 1.165,-4.916
 1.177,-4.900
 1.179,-4.883
 1.162,-4.853
 1.150,-4.820
 1.150,-4.819
 1.135,-4.796
 1.152,-4.778
 1.138,-4.762
 1.164,-4.745
 1.178,-4.712
 1.186,-4.706
 1.176,-4.729
 1.211,-4.682
 1.212,-4.690
 1.202,-4.663
 1.198,-4.576
 1.201,-4.590
 1.222,-4.527
 1.222,-4.478
 1.210,-4.445
 1.181,-4.383
 1.197,-4.411
 1.209,-4.396
 1.221,-4.429
 1.223,-4.461
 1.222,-4.454
 1.225,-4.492
 1.222,-4.503
 1.261,-4.544
 1.287,-4.568
 1.260,-4.609
 1.300,-4.633
 1.324,-4.626
 1.324,-4.626
 1.300,-4.633
 1.324,-4.626
 1.324,-4.626
 1.349,-4.602
 1.327,-4.591
 1.354,-4.598
 1.337,-4.568
 1.363,-4.575
 1.360,-4.562
 1.386,-4.562
 1.398,-4.529
 1.371,-4.474
 1.362,-4.453
 1.374,-4.462
 1.374,-4.462
 1.401,-4.469
 1.359,-4.440
 1.387,-4.453
 1.372,-4.431
 1.386,-4.447
 1.374,-4.462
 1.372,-4.455
 1.363,-4.502
 1.360,-4.513
 1.360,-4.562
 1.350,-4.560
 1.335,-4.537
 1.350,-4.584
 1.348,-4.577
 1.337,-4.617
 1.310,-4.610
 1.299,-4.601
 1.288,-4.599
 1.284,-4.561
 1.300,-4.559
 1.274,-4.535
 1.274,-4.534
 1.251,-4.541
 1.248,-4.527
 1.262,-4.592
 1.260,-4.610
 1.246,-4.594
 1.253,-4.572
 1.227,-4.547
 1.240,-4.581
 1.213,-4.574
 1.198,-4.576
 1.196,-4.545
 1.192,-4.507
 1.184,-4.512
 1.185,-4.469
 1.184,-4.420
 1.162,-4.409
 1.184,-4.371
 1.160,-4.353
 1.173,-4.344
 1.159,-4.347
 1.160,-4.354
 1.144,-4.349
 1.147,-4.362
 1.147,-4.313
 1.108,-4.273
 1.121,-4.264
 1.118,-4.227
 1.121,-4.240
 1.121,-4.240
 1.133,-4.224
 1.135,-4.255
 1.158,-4.249
 1.185,-4.305
 1.197,-4.314
 1.221,-4.356
 1.249,-4.394
 1.246,-4.381
 1.258,-4.397
 1.270,-4.430
 1.296,-4.455
 1.326,-4.475
 1.338,-4.459
 1.352,-4.524
 1.361,-4.526
 1.369,-4.546
 1.397,-4.602
 1.391,-4.557
 1.408,-4.562
 1.436,-4.552
 1.448,-4.560
 1.450,-4.616
 1.432,-4.629
 1.461,-4.668
 1.462,-4.674
 1.463,-4.699
 1.476,-4.739
 1.470,-4.742
 1.500,-4.830
 1.499,-4.872
 1.485,-4.905
 1.464,-4.894
 1.448,-4.871
 1.478,-4.911
 1.451,-4.903
 1.462,-4.912
 1.464,-4.894
 1.462,-4.863
 1.466,-4.877
 1.464,-4.894
 1.449,-4.920
 1.474,-4.994
 1.469,-4.996
 1.463,-5.034
 1.479,-5.082
 1.443,-5.122
 1.421,-5.154
 1.392,-5.114
 1.407,-5.088
 1.366,-5.065
 1.374,-5.058
 1.374,-5.034
 1.397,-5.003
 1.388,-4.935
 1.399,-4.895
 1.386,-4.904
 1.401,-4.878
 1.386,-4.855
 1.377,-4.836
 1.402,-4.812
 1.401,-4.829
 1.387,-4.862
 1.396,-4.839
 1.398,-4.822
 1.398,-4.822
 1.387,-4.813
 1.401,-4.829
 1.397,-4.815
 1.401,-4.829
 1.387,-4.813
 1.375,-4.804
 1.402,-4.812
 1.385,-4.830
 1.401,-4.829
 1.401,-4.829
 1.397,-4.815
 1.399,-4.846
 1.399,-4.846
 1.416,-4.877
 1.418,-4.810
 1.416,-4.828
 1.426,-4.854
 1.436,-4.855
 1.438,-4.838
 1.422,-4.790
 1.435,-4.782
 1.437,-4.789
 1.448,-4.749
 1.427,-4.738
 1.400,-4.731
 1.400,-4.731
 1.427,-4.739
 1.399,-4.724
 1.388,-4.747
 1.387,-4.740
 1.374,-4.748
 1.375,-4.755
 1.360,-4.732
 1.364,-4.747
 1.349,-4.724
 1.325,-4.706
 1.327,-4.713
 1.322,-4.716
 1.326,-4.731
 1.312,-4.715
 1.300,-4.706
 1.300,-4.706
 1.285,-4.683
 1.316,-4.704
 1.314,-4.672
 1.314,-4.722
 1.312,-4.690
 1.310,-4.659
 1.313,-4.648
 1.311,-4.617
 1.325,-4.633
 1.327,-4.615
 1.326,-4.590
 1.337,-4.551
 1.347,-4.553
 1.347,-4.553
 1.347,-4.553
 1.345,-4.522
 1.349,-4.487
 1.335,-4.471
 1.335,-4.471
 1.328,-4.500
 1.337,-4.453
 1.325,-4.444
 1.298,-4.388
 1.298,-4.413
 1.297,-4.406
 1.269,-4.375
 1.272,-4.339
 1.271,-4.314
 1.299,-4.297
 1.299,-4.297
 1.282,-4.293
 1.284,-4.257
 1.283,-4.250
 1.283,-4.250
 1.299,-4.297
 1.296,-4.308
 1.288,-4.337
 1.297,-4.315
 1.297,-4.315
 1.298,-4.321
 1.322,-4.339
 1.349,-4.395
 1.346,-4.382
 1.335,-4.422
 1.323,-4.437
 1.322,-4.430
 1.335,-4.471
 1.347,-4.455
 1.362,-4.478
 1.376,-4.451
 1.375,-4.468
 1.400,-4.493
 1.410,-4.496
 1.385,-4.520
 1.398,-4.511
 1.434,-4.538
 1.450,-4.585
 1.434,-4.587
 1.450,-4.585
 1.452,-4.592
 1.462,-4.618
 1.464,-4.650
 1.475,-4.609
 1.477,-4.592
 1.465,-4.559
 1.447,-4.529
 1.437,-4.527
 1.434,-4.471
 1.434,-4.423
 1.449,-4.396
 1.419,-4.383
 1.422,-4.390
 1.419,-4.383
 1.420,-4.407
 1.397,-4.414
 1.370,-4.407
 1.374,-4.420
 1.372,-4.389
 1.349,-4.420
 1.349,-4.420
 1.321,-4.431
 1.311,-4.453
 1.296,-4.430
 1.273,-4.486
 1.248,-4.510
 1.221,-4.502
 1.212,-4.501
 1.184,-4.469
 1.173,-4.509
 1.161,-4.567
 1.134,-4.559
 1.139,-4.580
 1.151,-4.589
 1.139,-4.629
 1.140,-4.654
 1.125,-4.655
 1.101,-4.662
 1.086,-4.657
 1.076,-4.680
 1.113,-4.671
 1.074,-4.672
 1.086,-4.664
 1.084,-4.649
 1.074,-4.672
 1.061,-4.639
 1.050,-4.630
 1.027,-4.619
 1.038,-4.621
 1.039,-4.628
 1.012,-4.621
 1.010,-4.656
 0.999,-4.672
 1.024,-4.738
 1.013,-4.761
 1.001,-4.776
 1.002,-4.801
 1.028,-4.808
 1.025,-4.769
 1.027,-4.801
 1.051,-4.777
 1.050,-4.794
 1.051,-4.801
 1.049,-4.769
 1.053,-4.808
 1.077,-4.808
 1.062,-4.803
 1.101,-4.802
 1.073,-4.763
 1.076,-4.777
 1.075,-4.752
 1.074,-4.697
 1.076,-4.686
 1.111,-4.639
 1.116,-4.635
 1.127,-4.595
 1.137,-4.549
 1.137,-4.524
 1.134,-4.511
 1.160,-4.518
 1.147,-4.502
 1.172,-4.478
 1.188,-4.483
 1.185,-4.469
 1.186,-4.501
 1.185,-4.469
 1.198,-4.460
 1.199,-4.467
 1.209,-4.420
 1.212,-4.434
 1.198,-4.418
 1.209,-4.420
 1.223,-4.394
 1.220,-4.381
 1.222,-4.363
 1.222,-4.363
 1.258,-4.348
 1.248,-4.370
 1.256,-4.365
 1.260,-4.355
 1.273,-4.346
 1.271,-4.339
 1.298,-4.322
 1.294,-4.333
 1.310,-4.330
 1.323,-4.321
 1.321,-4.339
 1.334,-4.331
 1.319,-4.309
 1.284,-4.330
 1.308,-4.348
 1.320,-4.357
 1.312,-4.361
 1.310,-4.330
 1.315,-4.326
 1.313,-4.343
 1.310,-4.379
 1.310,-4.379
 1.280,-4.359
 1.283,-4.372
 1.272,-4.363
 1.270,-4.381
 1.248,-4.370
 1.210,-4.354
 1.212,-4.385
 1.222,-4.387
 1.186,-4.452
 1.200,-4.467
 1.173,-4.460
 1.175,-4.491
 1.161,-4.525
 1.148,-4.533
 1.164,-4.580
 1.148,-4.575
 1.149,-4.607
 1.136,-4.615
 1.137,-4.664
 1.127,-4.687
 1.111,-4.681
 1.102,-4.711
 1.100,-4.679
 1.089,-4.719
 1.089,-4.719
 1.099,-4.721
 1.089,-4.768
 1.089,-4.744
 1.089,-4.768
 1.087,-4.737
 1.074,-4.721
 1.075,-4.704
 1.074,-4.672
 1.086,-4.663
 1.101,-4.638
 1.075,-4.612
 1.090,-4.635
 1.088,-4.646
 1.099,-4.655
 1.100,-4.679
 1.084,-4.674
 1.075,-4.655
 1.099,-4.655
 1.113,-4.671
 1.115,-4.678
 1.112,-4.688
 1.127,-4.736
 1.138,-4.695
 1.138,-4.696
 1.151,-4.736
 1.148,-4.722
 1.163,-4.720
 1.175,-4.680
 1.150,-4.704
 1.163,-4.720
 1.160,-4.706
 1.163,-4.720
 1.187,-4.713
 1.187,-4.713
 1.189,-4.721
 1.187,-4.713
 1.176,-4.712
 1.201,-4.729
 1.201,-4.729
 1.189,-4.745
 1.198,-4.722
 1.227,-4.712
 1.250,-4.705
 1.225,-4.730
 1.239,-4.745
 1.224,-4.747
 1.237,-4.763
 1.237,-4.763
 1.253,-4.761
 1.267,-4.735
 1.266,-4.753
 1.264,-4.770
 1.262,-4.739
 1.224,-4.747
 1.237,-4.715
 1.222,-4.667
 1.226,-4.664
 1.237,-4.665
 1.213,-4.672
 1.202,-4.663
 1.185,-4.633
 1.176,-4.614
 1.174,-4.582
 1.174,-4.582
 1.151,-4.589
 1.135,-4.542
 1.113,-4.531
 1.112,-4.500
 1.099,-4.508
 1.100,-4.491
 1.097,-4.477
 1.100,-4.491
 1.097,-4.477
 1.100,-4.491
 1.112,-4.475
 1.124,-4.484
 1.125,-4.466
 1.135,-4.493
 1.149,-4.509
 1.150,-4.491
 1.148,-4.484
 1.125,-4.466
 1.149,-4.460
 1.162,-4.451
 1.148,-4.436
 1.158,-4.413
 1.163,-4.433
 1.173,-4.411
 1.164,-4.440
 1.176,-4.424
 1.198,-4.436
 1.200,-4.467
 1.171,-4.429
 1.185,-4.445
 1.186,-4.427
 1.185,-4.445
 1.189,-4.416
 1.211,-4.403
 1.187,-4.427
 1.200,-4.418
 1.210,-4.421
 1.213,-4.434
 1.223,-4.412
 1.200,-4.443
 1.200,-4.443
 1.184,-4.414
 1.175,-4.418
 1.185,-4.396
 1.173,-4.387
 1.174,-4.394
 1.160,-4.371
 1.163,-4.385
 1.161,-4.353
 1.150,-4.344
 1.150,-4.344
 1.123,-4.337
 1.150,-4.345
 1.147,-4.338
 1.123,-4.338
 1.125,-4.369
 1.122,-4.356
 1.138,-4.360
 1.159,-4.322
 1.123,-4.338
 1.150,-4.344
 1.150,-4.344
 1.153,-4.358
 1.149,-4.320
 1.175,-4.320
 1.186,-4.329
 1.183,-4.316
 1.173,-4.314
 1.171,-4.283
 1.149,-4.296
 1.163,-4.262
 1.161,-4.256
 1.162,-4.287
 1.161,-4.255
 1.149,-4.271
 1.149,-4.271
 1.136,-4.280
 1.139,-4.293
 1.123,-4.289
 1.138,-4.335
 1.111,-4.328
 1.110,-4.346
 1.100,-4.319
 1.097,-4.306
 1.098,-4.337
 1.111,-4.328
 1.098,-4.337
 1.100,-4.319
 1.098,-4.313
 1.100,-4.320
 1.100,-4.319
 1.073,-4.313
 1.099,-4.295
 1.086,-4.304
 1.086,-4.304
 1.098,-4.313
 1.083,-4.291
 1.100,-4.277
 1.125,-4.252
 1.102,-4.259
 1.125,-4.253
 1.122,-4.240
 1.124,-4.222
 1.146,-4.185
 1.122,-4.191
 1.135,-4.182
 1.136,-4.158
 1.151,-4.155
 1.135,-4.103
 1.163,-4.140
 1.162,-4.134
 1.149,-4.143
 1.177,-4.180
 1.149,-4.192
 1.151,-4.222
 1.151,-4.222
 1.124,-4.216
 1.113,-4.213
 1.123,-4.191
 1.100,-4.198
 1.087,-4.206
 1.099,-4.215
 1.101,-4.222
 1.099,-4.239
 1.102,-4.252
 1.114,-4.237
 1.113,-4.231
 1.115,-4.213
 1.099,-4.166
 1.100,-4.167
 1.086,-4.151
 1.087,-4.133
 1.078,-4.087
 1.064,-4.047
 1.065,-4.078
 1.038,-4.090
 1.023,-4.093
 1.024,-4.074
 1.008,-4.046
 0.998,-4.074
 0.985,-4.083
 0.973,-4.092
 0.974,-4.123
 0.973,-4.092
 0.962,-4.114
 0.962,-4.113
 0.961,-4.131
 0.964,-4.144
 0.948,-4.116
 0.948,-4.123
 0.960,-4.107
 0.973,-4.141
 0.974,-4.123
 0.984,-4.101
 0.962,-4.089
 0.960,-4.058
 0.947,-4.043
 0.948,-4.025
 0.910,-4.009
 0.912,-4.021
 0.924,-4.030
 0.936,-4.040
 0.934,-4.034
 0.968,-4.006
 0.985,-4.016
 1.023,-3.982
 1.024,-3.988
 1.063,-3.980
 1.083,-3.962
 1.110,-3.993
 1.146,-4.026
 1.181,-4.030
 1.183,-4.060
 1.231,-4.103
 1.248,-4.131
 1.260,-4.165
 1.283,-4.184
 1.324,-4.205
 1.359,-4.208
 1.361,-4.240
 1.399,-4.255
 1.398,-4.298
 1.436,-4.314
 1.471,-4.316
 1.487,-4.314
 1.485,-4.283
 1.522,-4.292
 1.499,-4.299
 1.470,-4.310
 1.488,-4.339
 1.486,-4.357
 1.461,-4.381
 1.451,-4.403
 1.447,-4.390
 1.426,-4.427
 1.398,-4.438
 1.348,-4.413
 1.337,-4.453
 1.308,-4.440
 1.275,-4.468
 1.250,-4.467
 1.226,-4.474
 1.203,-4.530
 1.174,-4.533
 1.150,-4.540
 1.124,-4.533
 1.085,-4.542
 1.062,-4.524
 1.036,-4.517
 1.015,-4.512
 1.013,-4.505
 1.013,-4.530
 1.013,-4.554
 1.034,-4.558
 1.011,-4.547
 0.986,-4.522
 0.961,-4.498
 0.926,-4.477
 0.897,-4.433
 0.875,-4.397
 0.873,-4.341
 0.861,-4.326
 0.848,-4.292
 0.833,-4.246
 0.823,-4.268
 0.848,-4.243
 0.823,-4.268
 0.836,-4.259
 0.859,-4.271
 0.861,-4.284
 0.859,-4.277
 0.835,-4.277
 0.835,-4.277
 0.833,-4.246
 0.810,-4.234
 0.847,-4.213
 0.848,-4.195
 0.874,-4.201
 0.872,-4.195
 0.887,-4.192
 0.897,-4.171
 0.897,-4.171
 0.909,-4.155
 0.894,-4.133
 0.909,-4.131
 0.934,-4.107
 0.922,-4.098
 0.936,-4.119
 0.934,-4.107
 0.948,-4.129
 0.959,-4.132
 0.959,-4.132
 0.973,-4.153
 0.984,-4.156
 0.998,-4.178
 1.009,-4.181
 1.009,-4.205
 1.022,-4.221
 1.009,-4.230
 1.024,-4.252
 1.035,-4.254
 1.048,-4.294
 1.036,-4.310
 1.046,-4.312
 1.036,-4.334
 1.023,-4.343
 1.035,-4.352
 1.036,-4.359
 1.022,-4.361
 1.013,-4.390
 1.010,-4.376
 1.023,-4.416
 0.999,-4.416
 0.996,-4.452
 0.975,-4.514
 0.972,-4.549
 0.975,-4.587
 0.977,-4.618
 0.977,-4.618
 0.991,-4.641
 0.988,-4.669
 0.976,-4.685
 0.976,-4.734
 0.987,-4.736
 0.989,-4.768
 1.001,-4.752
 0.989,-4.768
 0.992,-4.807
 0.977,-4.808
 0.992,-4.856
 1.001,-4.849
 1.013,-4.883
 1.025,-4.892
 1.012,-4.901
 1.003,-4.955
 0.991,-4.939
 0.992,-4.946
 0.967,-4.971
 0.965,-4.980
 0.991,-4.988
 0.990,-5.005
 0.992,-5.037
 0.992,-5.037
 1.015,-5.030
 1.018,-5.044
 1.004,-5.029
 1.031,-5.036
 1.029,-5.004
 1.027,-4.990
 1.029,-4.980
 1.014,-4.883
 0.979,-4.840
 0.978,-4.790
 0.951,-4.800
 0.939,-4.750
 0.948,-4.696
 0.950,-4.678
 0.937,-4.645
 0.937,-4.645
 0.940,-4.616
 0.939,-4.585
 0.912,-4.578
 0.937,-4.553
 0.922,-4.524
 0.948,-4.532
 0.960,-4.516
 0.961,-4.498
 0.989,-4.487
 0.974,-4.465
 0.989,-4.487
 0.998,-4.508
 0.986,-4.523
 1.001,-4.521
 1.012,-4.505
 1.025,-4.473
 0.999,-4.465
 1.023,-4.465
 1.011,-4.474
 1.009,-4.443
 1.012,-4.456
 1.009,-4.443
 1.011,-4.499
 1.025,-4.514
 1.036,-4.523
 1.039,-4.537
 1.049,-4.514
 1.038,-4.530
 1.050,-4.539
 1.073,-4.508
 1.062,-4.506
 1.061,-4.474
 1.075,-4.497
 1.062,-4.506
 1.060,-4.499
 1.075,-4.497
 1.085,-4.517
 1.085,-4.518
 1.111,-4.524
 1.112,-4.531
 1.142,-4.527
 1.151,-4.571
 1.150,-4.614
 1.122,-4.624
 1.137,-4.671
 1.126,-4.711
 1.123,-4.697
 1.125,-4.705
 1.152,-4.712
 1.165,-4.703
 1.205,-4.751
 1.199,-4.771
 1.216,-4.802
 1.191,-4.826
 1.175,-4.802
 1.166,-4.808
 1.163,-4.794
 1.165,-4.825
 1.140,-4.800
 1.149,-4.777
 1.127,-4.767
 1.111,-4.761
 1.088,-4.769
 1.075,-4.728
 1.049,-4.704
 1.051,-4.693
 1.038,-4.695
 1.026,-4.710
 1.013,-4.719
 0.987,-4.736
 0.990,-4.750
 0.963,-4.743
 0.965,-4.775
 0.965,-4.799
 0.951,-4.758
 0.954,-4.748
 0.937,-4.736
 0.925,-4.751
 0.924,-4.744
 0.927,-4.758
 0.928,-4.741
 0.929,-4.723
 0.929,-4.723
 0.940,-4.725
 0.925,-4.727
 0.939,-4.742
 0.911,-4.704
 0.925,-4.727
 0.939,-4.743
 0.926,-4.709
 0.941,-4.708
 0.939,-4.694
 0.953,-4.717
 0.951,-4.685
 0.975,-4.678
 0.976,-4.661
 0.988,-4.670
 1.002,-4.643
 1.014,-4.652
 1.001,-4.661
 1.014,-4.677
 1.025,-4.654
 1.038,-4.646
 1.039,-4.628
 1.037,-4.621
 1.065,-4.636
 1.063,-4.622
 1.065,-4.611
 1.075,-4.613
 1.063,-4.621
 1.089,-4.629
 1.086,-4.615
 1.090,-4.636
 1.114,-4.653
 1.126,-4.662
 1.128,-4.718
 1.126,-4.753
 1.129,-4.743
 1.139,-4.720
 1.138,-4.696
 1.140,-4.727
 1.138,-4.695
 1.154,-4.700
 1.127,-4.693
 1.101,-4.686
 1.089,-4.629
 1.073,-4.599
 1.076,-4.588
 1.064,-4.555
 1.077,-4.546
 1.053,-4.504
 1.061,-4.450
 1.063,-4.482
 1.060,-4.468
 1.073,-4.459
 1.063,-4.433
 1.074,-4.392
 1.077,-4.406
 1.074,-4.392
 1.061,-4.401
 1.062,-4.383
 1.036,-4.376
 1.062,-4.383
 1.062,-4.383
 1.048,-4.410
 1.064,-4.415
 1.061,-4.401
 1.063,-4.433
 1.062,-4.432
 1.075,-4.466
 1.063,-4.481
 1.073,-4.483
 1.050,-4.490
 1.038,-4.481
 1.038,-4.481
 1.052,-4.497
 1.035,-4.467
 1.038,-4.481
 1.037,-4.450
 1.036,-4.426
 1.050,-4.441
 1.062,-4.432
 1.066,-4.428
 1.050,-4.398
 1.012,-4.383
 1.001,-4.380
 1.034,-4.369
 1.024,-4.392
 1.047,-4.336
 1.035,-4.352
 1.038,-4.341
 1.060,-4.328
 1.073,-4.295
 1.086,-4.261
 1.097,-4.221
 1.100,-4.185
 1.133,-4.182
 1.136,-4.170
 1.146,-4.148
 1.159,-4.140
 1.186,-4.146
 1.183,-4.133
 1.198,-4.180
 1.222,-4.198
 1.236,-4.238
 1.237,-4.269
 1.234,-4.256
 1.249,-4.278
 1.249,-4.278
 1.261,-4.263
 1.289,-4.276
 1.272,-4.272
 1.288,-4.319
 1.286,-4.312
 1.309,-4.306
 1.297,-4.321
 1.293,-4.350
 1.324,-4.395
 1.339,-4.417
 1.355,-4.372
 1.355,-4.372
 1.373,-4.371
 1.337,-4.386
 1.345,-4.382
 1.334,-4.398
 1.336,-4.404
 1.323,-4.364
 1.327,-4.377
 1.326,-4.352
 1.325,-4.346
 1.313,-4.362
 1.298,-4.339
 1.276,-4.376
 1.250,-4.370
 1.226,-4.376
 1.253,-4.383
 1.249,-4.369
 1.214,-4.391
 1.198,-4.344
 1.211,-4.336
 1.188,-4.342
 1.172,-4.338
 1.163,-4.342
 1.162,-4.311
 1.136,-4.310
 1.125,-4.326
 1.135,-4.353
 1.113,-4.384
 1.100,-4.393
 1.100,-4.393
 1.102,-4.382
 1.110,-4.371
 1.113,-4.384
 1.125,-4.417
 1.114,-4.415
 1.117,-4.379
 1.100,-4.393
 1.101,-4.424
 1.087,-4.451
 1.074,-4.459
 1.063,-4.457
 1.035,-4.443
 1.027,-4.430
 1.052,-4.448
 1.025,-4.490
 1.026,-4.472
 1.012,-4.474
 1.014,-4.487
 1.001,-4.496
 1.014,-4.529
 1.027,-4.521
 1.012,-4.523
 1.015,-4.537
 1.025,-4.563
 1.013,-4.597
 1.001,-4.612
 1.026,-4.637
 1.002,-4.643
 1.001,-4.637
 1.002,-4.734
 0.990,-4.768
 1.001,-4.776
 1.004,-4.815
 1.016,-4.799
 1.016,-4.848
 1.017,-4.873
 1.026,-4.874
 1.028,-4.882
 1.040,-4.890
 1.041,-4.897
 1.044,-4.887
 1.017,-4.880
 1.043,-4.905
 1.016,-4.897
 1.016,-4.946
 1.039,-4.981
 1.039,-5.022
 1.055,-5.053
 1.068,-5.045
 1.070,-5.077
 1.106,-5.061
 1.102,-5.063
 1.106,-5.103
 1.130,-5.103
 1.118,-5.070
 1.133,-5.069
 1.130,-5.103
 1.144,-5.119
 1.141,-5.153
 1.154,-5.194
 1.143,-5.136
 1.143,-5.136
 1.132,-5.111
 1.142,-5.088
 1.144,-5.070
 1.157,-5.062
 1.154,-5.047
 1.157,-5.013
 1.141,-4.965
 1.154,-4.956
 1.168,-4.923
 1.153,-4.900
 1.144,-4.882
 1.152,-4.827
 1.142,-4.850
 1.130,-4.816
 1.141,-4.776
 1.156,-4.775
 1.165,-4.770
 1.153,-4.736
 1.153,-4.736
 1.124,-4.697
 1.140,-4.654
 1.127,-4.613
 1.140,-4.605
 1.129,-4.603
 1.113,-4.598
 1.128,-4.596
 1.138,-4.573
 1.128,-4.547
 1.127,-4.522
 1.126,-4.540
 1.139,-4.531
 1.137,-4.500
 1.114,-4.507
 1.127,-4.547
 1.113,-4.549
 1.114,-4.556
 1.126,-4.589
 1.114,-4.647
 1.116,-4.654
 1.102,-4.637
 1.105,-4.701
 1.127,-4.711
 1.116,-4.752
 1.129,-4.743
 1.126,-4.729
 1.129,-4.743
 1.114,-4.720
 1.102,-4.736
 1.114,-4.744
 1.113,-4.737
 1.129,-4.743
 1.117,-4.709
 1.118,-4.741
 1.129,-4.743
 1.115,-4.769
 1.128,-4.760
 1.099,-4.722
 1.114,-4.696
 1.104,-4.718
 1.102,-4.687
 1.105,-4.701
 1.102,-4.686
 1.091,-4.727
 1.104,-4.718
 1.114,-4.695
 1.117,-4.734
 1.115,-4.678
 1.117,-4.710
 1.103,-4.694
 1.112,-4.713
