 0.825,-0.314
 0.833,-0.338
 0.834,-0.373
 0.842,-0.397
 0.851,-0.406
 0.867,-0.422
 0.864,-0.452
 0.875,-0.464
 0.877,-0.449
 0.895,-0.450
 0.914,-0.418
 0.930,-0.417
 0.939,-0.442
 0.954,-0.440
 0.953,-0.456
 0.953,-0.456
 0.961,-0.447
 0.972,-0.441
 0.989,-0.424
 0.980,-0.432
 0.997,-0.432
 0.996,-0.448
 1.006,-0.458
 1.014,-0.432
 1.016,-0.434
 1.025,-0.443
 1.015,-0.449
 0.997,-0.466
 1.005,-0.474
 0.997,-0.499
 0.998,-0.483
 0.988,-0.490
 0.981,-0.500
 0.971,-0.507
 0.955,-0.508
 0.954,-0.508
 0.945,-0.531
 0.929,-0.533
 0.918,-0.539
 0.893,-0.549
 0.885,-0.541
 0.867,-0.540
 0.868,-0.541
 0.858,-0.547
 0.859,-0.532
 0.860,-0.516
 0.858,-0.514
 0.851,-0.490
 0.868,-0.473
 0.858,-0.479
 0.850,-0.471
 0.832,-0.455
 0.844,-0.449
 0.835,-0.424
 0.828,-0.434
 0.819,-0.409
 0.808,-0.414
 0.799,-0.422
 0.789,-0.395
 0.772,-0.396
 0.756,-0.380
 0.729,-0.354
 0.722,-0.363
 0.704,-0.363
 0.696,-0.354
 0.687,-0.346
 0.669,-0.345
 0.671,-0.347
 0.678,-0.338
 0.670,-0.346
 0.662,-0.338
 0.652,-0.345
 0.662,-0.338
 0.652,-0.345
 0.653,-0.362
 0.644,-0.371
 0.661,-0.370
 0.645,-0.388
 0.653,-0.396
 0.662,-0.421
 0.661,-0.438
 0.661,-0.454
 0.661,-0.472
 0.670,-0.480
 0.670,-0.497
 0.662,-0.489
 0.670,-0.513
 0.680,-0.540
 0.678,-0.539
 0.696,-0.556
 0.696,-0.556
 0.678,-0.588
 0.688,-0.598
 0.696,-0.605
 0.705,-0.648
 0.696,-0.657
 0.704,-0.665
 0.722,-0.680
 0.711,-0.669
 0.704,-0.664
 0.706,-0.650
 0.723,-0.633
 0.717,-0.628
 0.750,-0.627
 0.740,-0.633
 0.757,-0.631
 0.755,-0.645
 0.756,-0.647
 0.763,-0.637
 0.765,-0.624
 0.792,-0.616
 0.781,-0.605
 0.783,-0.607
 0.798,-0.588
 0.808,-0.582
 0.817,-0.575
 0.826,-0.566
 0.827,-0.568
 0.842,-0.565
 0.843,-0.549
 0.852,-0.540
 0.851,-0.523
 0.861,-0.516
 0.851,-0.489
 0.851,-0.473
 0.842,-0.448
 0.850,-0.422
 0.852,-0.407
 0.868,-0.389
 0.859,-0.364
 0.851,-0.356
 0.850,-0.354
 0.852,-0.340
 0.834,-0.305
 0.834,-0.289
 0.843,-0.248
 0.825,-0.213
 0.825,-0.180
 0.832,-0.170
 0.833,-0.154
 0.833,-0.138
 0.832,-0.121
 0.816,-0.104
 0.832,-0.087
 0.831,-0.069
 0.831,-0.069
 0.831,-0.053
 0.826,-0.013
 0.835, 0.029
 0.854, 0.045
 0.862, 0.053
 0.886, 0.063
 0.867, 0.063
 0.875, 0.072
 0.875, 0.089
 0.884, 0.114
 0.893, 0.139
 0.912, 0.155
 0.902, 0.164
 0.895, 0.172
 0.921, 0.163
 0.919, 0.147
 0.920, 0.147
 0.920, 0.147
 0.930, 0.138
 0.929, 0.121
 0.928, 0.105
 0.929, 0.088
 0.920, 0.063
 0.919, 0.046
 0.911, 0.021
 0.919,-0.004
 0.912,-0.013
 0.911,-0.029
 0.902,-0.054
 0.903,-0.071
 0.893,-0.113
 0.886,-0.122
 0.885,-0.154
 0.885,-0.188
 0.859,-0.213
 0.859,-0.230
 0.842,-0.264
 0.842,-0.280
 0.842,-0.297
 0.833,-0.322
 0.823,-0.329
 0.825,-0.331
 0.833,-0.338
 0.851,-0.323
 0.834,-0.323
 0.833,-0.338
 0.834,-0.323
 0.839,-0.311
 0.856,-0.328
 0.850,-0.289
 0.851,-0.272
 0.853,-0.257
 0.879,-0.249
 0.871,-0.241
 0.887,-0.223
 0.884,-0.220
 0.876,-0.196
 0.884,-0.170
 0.876,-0.129
 0.885,-0.071
 0.885,-0.054
 0.903,-0.004
 0.902, 0.013
 0.911, 0.038
 0.920, 0.046
 0.928, 0.038
 0.938, 0.045
 0.945, 0.054
 0.954, 0.062
 0.945, 0.071
 0.945, 0.088
 0.954, 0.079
 0.943, 0.089
 0.945, 0.105
 0.945, 0.138
 0.944, 0.155
 0.972, 0.180
 0.971, 0.197
 0.972, 0.196
 0.981, 0.205
 0.988, 0.213
 0.981, 0.205
 0.979, 0.205
 0.988, 0.180
 0.980, 0.171
 0.971, 0.163
 0.973, 0.163
 0.979, 0.155
 0.963, 0.121
 0.946, 0.121
 0.944, 0.122
 0.946, 0.104
 0.944, 0.105
 0.937, 0.079
 0.927, 0.072
 0.917, 0.080
 0.919, 0.080
 0.889, 0.073
 0.882, 0.064
 0.867, 0.063
 0.851, 0.063
 0.861, 0.036
 0.861, 0.020
 0.851,-0.021
 0.841,-0.062
 0.839,-0.095
 0.840,-0.112
 0.830,-0.136
 0.831,-0.153
 0.822,-0.163
 0.805,-0.195
 0.813,-0.204
 0.813,-0.204
 0.822,-0.213
 0.814,-0.222
 0.822,-0.247
 0.849,-0.239
 0.848,-0.238
 0.849,-0.255
 0.849,-0.255
 0.831,-0.255
 0.831,-0.272
 0.821,-0.262
 0.805,-0.263
 0.805,-0.279
 0.795,-0.270
 0.788,-0.280
 0.787,-0.278
 0.771,-0.296
 0.788,-0.313
 0.753,-0.329
 0.754,-0.347
 0.762,-0.354
 0.754,-0.380
 0.737,-0.380
 0.727,-0.371
 0.721,-0.364
 0.710,-0.354
 0.719,-0.363
 0.728,-0.355
 0.727,-0.337
 0.729,-0.339
 0.727,-0.337
 0.720,-0.346
 0.720,-0.346
 0.726,-0.352
 0.718,-0.361
 0.728,-0.354
 0.730,-0.339
 0.756,-0.332
 0.765,-0.324
 0.766,-0.341
 0.772,-0.364
 0.771,-0.380
 0.779,-0.387
 0.752,-0.411
 0.755,-0.413
 0.754,-0.413
 0.738,-0.414
 0.729,-0.423
 0.729,-0.422
 0.721,-0.430
 0.719,-0.429
 0.703,-0.447
 0.704,-0.448
 0.695,-0.455
 0.704,-0.464
 0.721,-0.463
 0.721,-0.463
 0.729,-0.455
 0.746,-0.438
 0.756,-0.448
 0.746,-0.438
 0.764,-0.439
 0.781,-0.422
 0.780,-0.421
 0.791,-0.431
 0.790,-0.430
 0.790,-0.448
 0.817,-0.440
 0.789,-0.447
 0.800,-0.457
 0.790,-0.464
 0.800,-0.490
 0.800,-0.490
 0.798,-0.489
 0.808,-0.498
 0.806,-0.497
 0.807,-0.514
 0.817,-0.524
 0.807,-0.530
 0.816,-0.540
 0.807,-0.548
 0.790,-0.565
 0.797,-0.571
 0.781,-0.588
 0.792,-0.600
 0.792,-0.600
 0.810,-0.602
 0.811,-0.620
 0.825,-0.633
 0.817,-0.659
 0.815,-0.672
 0.816,-0.690
 0.807,-0.698
 0.806,-0.696
 0.817,-0.708
 0.825,-0.715
 0.826,-0.733
 0.843,-0.716
 0.868,-0.740
 0.879,-0.735
 0.886,-0.742
 0.904,-0.744
 0.895,-0.768
 0.912,-0.799
 0.931,-0.819
 0.938,-0.842
 0.929,-0.851
 0.938,-0.877
 0.921,-0.892
 0.922,-0.911
 0.922,-0.910
 0.913,-0.920
 0.923,-0.929
 0.904,-0.927
 0.897,-0.938
 0.904,-0.943
 0.887,-0.977
 0.879,-0.985
 0.860,-0.984
 0.879,-0.985
 0.869,-0.976
 0.862,-0.986
 0.862,-0.986
 0.860,-1.000
 0.861,-1.019
 0.867,-1.024
 0.853,-1.044
 0.860,-1.049
 0.859,-1.066
 0.853,-1.061
 0.841,-1.098
 0.834,-1.125
 0.828,-1.157
 0.835,-1.247
 0.828,-1.310
 0.827,-1.376
 0.808,-1.458
 0.780,-1.546
 0.734,-1.633
 0.710,-1.713
 0.700,-1.704
 0.702,-1.641
 0.720,-1.592
 0.728,-1.546
 0.727,-1.512
 0.735,-1.451
 0.744,-1.393
 0.737,-1.353
 0.719,-1.286
 0.694,-1.248
 0.666,-1.218
 0.641,-1.178
 0.632,-1.135
 0.648,-1.082
 0.666,-1.018
 0.656,-0.957
 0.674,-0.891
 0.674,-0.841
 0.691,-0.789
 0.683,-0.749
 0.682,-0.681
 0.666,-0.631
 0.683,-0.581
 0.674,-0.555
 0.675,-0.489
 0.683,-0.430
 0.676,-0.390
 0.676,-0.357
 0.684,-0.314
 0.701,-0.264
 0.724,-0.235
 0.733,-0.194
 0.717,-0.161
 0.708,-0.170
 0.727,-0.187
 0.716,-0.211
 0.725,-0.252
 0.708,-0.286
 0.699,-0.327
 0.711,-0.355
 0.720,-0.382
 0.765,-0.408
 0.766,-0.426
 0.765,-0.441
 0.790,-0.449
 0.797,-0.472
 0.797,-0.472
 0.805,-0.480
 0.813,-0.453
 0.805,-0.413
 0.813,-0.370
 0.815,-0.322
 0.849,-0.272
 0.848,-0.254
 0.841,-0.214
 0.857,-0.163
 0.858,-0.130
 0.858,-0.096
 0.831,-0.087
 0.814,-0.054
 0.804,-0.028
 0.796,-0.020
 0.779,-0.020
 0.744,-0.036
 0.737,-0.045
 0.710,-0.052
 0.711,-0.070
 0.702,-0.078
 0.710,-0.086
 0.711,-0.087
 0.701,-0.111
 0.702,-0.128
 0.711,-0.137
 0.710,-0.153
 0.685,-0.162
 0.693,-0.170
 0.694,-0.187
 0.702,-0.178
 0.692,-0.186
 0.702,-0.179
 0.710,-0.169
 0.711,-0.170
 0.720,-0.162
 0.726,-0.169
 0.727,-0.186
 0.735,-0.161
 0.763,-0.155
 0.772,-0.147
 0.790,-0.147
 0.808,-0.148
 0.814,-0.171
 0.823,-0.196
 0.839,-0.196
 0.830,-0.220
 0.831,-0.221
 0.830,-0.204
 0.832,-0.205
 0.815,-0.188
 0.806,-0.196
 0.806,-0.197
 0.796,-0.187
 0.789,-0.197
 0.790,-0.180
 0.796,-0.187
 0.780,-0.188
 0.787,-0.178
 0.780,-0.187
 0.771,-0.196
 0.770,-0.178
 0.772,-0.146
 0.771,-0.129
 0.762,-0.137
 0.771,-0.129
 0.761,-0.136
 0.745,-0.120
 0.753,-0.094
 0.737,-0.112
 0.728,-0.103
 0.736,-0.128
 0.729,-0.138
 0.718,-0.144
 0.702,-0.162
 0.719,-0.179
 0.710,-0.187
 0.711,-0.204
 0.719,-0.195
 0.719,-0.212
 0.728,-0.221
 0.728,-0.237
 0.728,-0.237
 0.725,-0.234
 0.727,-0.203
 0.728,-0.171
 0.746,-0.138
 0.765,-0.106
 0.773,-0.080
 0.781,-0.088
 0.796,-0.087
 0.786,-0.094
 0.796,-0.087
 0.795,-0.086
 0.796,-0.087
 0.806,-0.079
 0.813,-0.086
 0.823,-0.079
 0.830,-0.070
 0.831,-0.071
 0.840,-0.063
 0.849,-0.054
 0.858,-0.063
 0.857,-0.062
 0.866,-0.071
 0.865,-0.087
 0.873,-0.095
 0.857,-0.113
 0.865,-0.137
 0.866,-0.138
 0.866,-0.138
 0.866,-0.154
 0.866,-0.172
 0.866,-0.188
 0.875,-0.197
 0.875,-0.213
 0.891,-0.213
 0.875,-0.231
 0.883,-0.238
 0.892,-0.230
 0.910,-0.231
 0.909,-0.230
 0.919,-0.223
 0.900,-0.205
 0.909,-0.214
 0.909,-0.180
 0.917,-0.172
 0.908,-0.179
 0.914,-0.186
 0.891,-0.179
 0.885,-0.172
 0.885,-0.172
 0.894,-0.182
 0.894,-0.182
 0.902,-0.223
 0.883,-0.238
 0.864,-0.254
 0.849,-0.272
 0.848,-0.287
 0.841,-0.280
 0.824,-0.297
 0.814,-0.304
 0.815,-0.306
 0.797,-0.321
 0.807,-0.347
 0.799,-0.339
 0.807,-0.347
 0.807,-0.331
 0.815,-0.339
 0.807,-0.347
 0.806,-0.330
 0.815,-0.321
 0.816,-0.323
 0.815,-0.322
 0.798,-0.322
 0.798,-0.322
 0.806,-0.330
 0.807,-0.331
 0.806,-0.330
 0.824,-0.347
 0.816,-0.339
 0.815,-0.322
 0.807,-0.314
 0.806,-0.313
 0.815,-0.306
 0.815,-0.322
 0.824,-0.314
 0.833,-0.323
 0.823,-0.313
 0.832,-0.339
 0.832,-0.339
 0.824,-0.331
 0.832,-0.355
 0.829,-0.336
 0.824,-0.347
 0.833,-0.323
 0.825,-0.315
 0.835,-0.309
 0.842,-0.315
 0.842,-0.315
 0.840,-0.314
 0.839,-0.312
 0.848,-0.288
 0.839,-0.279
 0.849,-0.256
 0.859,-0.231
 0.848,-0.221
 0.849,-0.222
 0.856,-0.212
 0.866,-0.221
 0.858,-0.214
 0.867,-0.205
 0.867,-0.223
 0.866,-0.221
 0.858,-0.247
 0.866,-0.255
 0.865,-0.271
 0.867,-0.272
 0.865,-0.271
 0.866,-0.289
 0.867,-0.306
 0.857,-0.297
 0.867,-0.289
 0.866,-0.272
 0.858,-0.280
 0.850,-0.289
 0.849,-0.288
 0.850,-0.272
 0.849,-0.255
 0.841,-0.264
 0.841,-0.247
 0.840,-0.246
 0.841,-0.247
 0.840,-0.230
 0.832,-0.222
 0.832,-0.238
 0.822,-0.229
 0.815,-0.238
 0.820,-0.244
 0.830,-0.253
 0.815,-0.238
 0.815,-0.238
 0.817,-0.224
 0.826,-0.215
 0.843,-0.232
 0.842,-0.231
 0.830,-0.237
 0.822,-0.229
 0.839,-0.228
 0.832,-0.221
 0.832,-0.188
 0.831,-0.187
 0.833,-0.172
 0.822,-0.145
 0.841,-0.146
 0.849,-0.138
 0.841,-0.130
 0.850,-0.122
 0.848,-0.121
 0.840,-0.113
 0.849,-0.137
 0.848,-0.137
 0.841,-0.130
 0.848,-0.121
 0.841,-0.130
 0.832,-0.121
 0.849,-0.121
 0.841,-0.130
 0.840,-0.129
 0.832,-0.138
 0.841,-0.146
 0.822,-0.145
 0.824,-0.146
 0.822,-0.145
 0.823,-0.129
 0.841,-0.130
 0.840,-0.129
 0.832,-0.121
 0.840,-0.129
 0.849,-0.138
 0.841,-0.146
 0.848,-0.137
 0.859,-0.147
 0.846,-0.169
 0.847,-0.187
 0.849,-0.188
 0.849,-0.172
 0.851,-0.173
 0.850,-0.189
 0.860,-0.198
 0.876,-0.197
 0.857,-0.213
 0.858,-0.230
 0.848,-0.237
 0.849,-0.238
 0.850,-0.222
 0.849,-0.221
 0.842,-0.214
 0.849,-0.221
 0.841,-0.230
 0.841,-0.230
 0.841,-0.230
 0.842,-0.214
 0.849,-0.205
 0.850,-0.205
 0.859,-0.213
 0.849,-0.205
 0.867,-0.205
 0.875,-0.196
 0.885,-0.189
 0.885,-0.189
 0.892,-0.179
 0.911,-0.181
 0.918,-0.172
 0.910,-0.180
 0.927,-0.197
 0.936,-0.189
 0.928,-0.181
 0.927,-0.197
 0.937,-0.206
 0.945,-0.214
 0.936,-0.222
 0.936,-0.223
 0.935,-0.205
 0.928,-0.215
 0.953,-0.206
 0.953,-0.205
 0.963,-0.215
 0.986,-0.205
 0.997,-0.215
 1.013,-0.198
 0.993,-0.196
 1.022,-0.190
 1.031,-0.181
 1.050,-0.199
 1.051,-0.183
 1.068,-0.200
 1.086,-0.217
 1.073,-0.223
 1.082,-0.248
 1.089,-0.239
 1.089,-0.239
 1.092,-0.241
 1.100,-0.215
 1.109,-0.224
 1.117,-0.232
 1.124,-0.223
 1.135,-0.249
 1.133,-0.249
 1.144,-0.241
 1.154,-0.251
 1.143,-0.257
 1.136,-0.283
 1.142,-0.290
 1.135,-0.316
 1.134,-0.316
 1.125,-0.324
 1.136,-0.351
 1.116,-0.332
 1.110,-0.342
 1.118,-0.350
 1.100,-0.366
 1.092,-0.358
 1.082,-0.382
 1.075,-0.375
 1.049,-0.366
 1.057,-0.374
 1.058,-0.358
 1.048,-0.349
 1.058,-0.358
 1.058,-0.358
 1.048,-0.348
 1.040,-0.341
 1.048,-0.348
 1.040,-0.341
 1.031,-0.332
 1.030,-0.348
 1.031,-0.365
 1.019,-0.371
 1.031,-0.365
 1.023,-0.358
 1.007,-0.358
 1.017,-0.352
 1.026,-0.343
 1.033,-0.367
 1.022,-0.374
 1.020,-0.372
 1.013,-0.382
 0.994,-0.363
 0.996,-0.366
 0.989,-0.341
 0.996,-0.331
 0.980,-0.333
 0.978,-0.314
 0.979,-0.298
 0.971,-0.307
 0.979,-0.298
 0.964,-0.283
 0.962,-0.281
 0.945,-0.282
 0.945,-0.298
 0.952,-0.289
 0.935,-0.289
 0.926,-0.280
 0.937,-0.290
 0.937,-0.290
 0.927,-0.297
 0.928,-0.299
 0.926,-0.297
 0.927,-0.315
 0.919,-0.307
 0.918,-0.306
 0.919,-0.290
 0.936,-0.272
 0.919,-0.290
 0.927,-0.281
 0.927,-0.280
 0.920,-0.274
 0.918,-0.255
 0.910,-0.264
 0.918,-0.255
 0.918,-0.255
 0.919,-0.239
 0.933,-0.237
 0.925,-0.246
 0.927,-0.247
 0.936,-0.223
 0.938,-0.224
 0.938,-0.224
 0.947,-0.216
 0.945,-0.248
 0.944,-0.247
 0.927,-0.247
 0.926,-0.229
 0.910,-0.231
 0.919,-0.206
 0.917,-0.204
 0.919,-0.172
 0.926,-0.163
 0.927,-0.164
 0.927,-0.131
 0.927,-0.131
 0.920,-0.106
 0.909,-0.096
 0.919,-0.089
 0.918,-0.088
 0.909,-0.096
 0.910,-0.080
 0.917,-0.104
 0.901,-0.088
 0.918,-0.088
 0.900,-0.071
 0.910,-0.080
 0.908,-0.079
 0.910,-0.080
 0.918,-0.071
 0.917,-0.070
 0.918,-0.071
 0.909,-0.062
 0.919,-0.055
 0.936,-0.055
 0.918,-0.038
 0.936,-0.038
 0.917,-0.021
 0.935,-0.021
 0.953,-0.005
 0.944,-0.013
 0.953,-0.005
 0.943, 0.005
 0.953, 0.012
 0.944, 0.037
 0.943, 0.038
 0.960, 0.055
 0.960, 0.055
 0.971, 0.062
 0.971, 0.078
 0.981, 0.086
 0.990, 0.094
 0.987, 0.096
 0.988, 0.095
 1.003, 0.096
 0.976, 0.088
 0.986, 0.113
 0.976, 0.122
 0.979, 0.138
 0.978, 0.155
 0.978, 0.172
 0.995, 0.171
 0.994, 0.188
 0.978, 0.205
 1.014, 0.238
 0.979, 0.238
 0.988, 0.246
 0.978, 0.239
 0.988, 0.247
 0.995, 0.255
 0.968, 0.247
 0.978, 0.255
 0.986, 0.264
 0.978, 0.255
 0.987, 0.263
 0.986, 0.247
 0.987, 0.263
 0.977, 0.255
 0.979, 0.222
 0.969, 0.230
 0.978, 0.205
 0.970, 0.213
 0.960, 0.205
 0.970, 0.180
 0.970, 0.196
 0.960, 0.172
 0.970, 0.180
 0.960, 0.172
 0.962, 0.171
 0.969, 0.197
 0.961, 0.188
 0.969, 0.197
 0.978, 0.205
 0.978, 0.205
 0.958, 0.206
 0.976, 0.239
 0.980, 0.255
 0.997, 0.272
 0.991, 0.280
 1.009, 0.296
 1.015, 0.288
 0.997, 0.272
 1.001, 0.264
 1.003, 0.264
 0.993, 0.272
 0.985, 0.281
 0.996, 0.289
 0.986, 0.314
 0.988, 0.314
 0.996, 0.322
 0.986, 0.314
 1.005, 0.314
 1.004, 0.314
 0.997, 0.305
 0.988, 0.314
 0.996, 0.289
 0.988, 0.280
 1.003, 0.264
 0.987, 0.230
 0.987, 0.230
 0.978, 0.205
 0.979, 0.188
 0.978, 0.172
 0.962, 0.138
 0.970, 0.130
 0.961, 0.105
 0.953, 0.079
 0.943, 0.038
 0.935, 0.012
 0.935, 0.012
 0.935,-0.021
 0.910,-0.030
 0.917,-0.054
 0.893,-0.063
 0.918,-0.071
 0.909,-0.096
 0.918,-0.088
 0.907,-0.095
 0.909,-0.096
 0.910,-0.080
 0.907,-0.095
 0.899,-0.087
 0.891,-0.096
 0.885,-0.088
 0.895,-0.081
 0.886,-0.089
 0.887,-0.073
 0.883,-0.088
 0.867,-0.105
 0.866,-0.104
 0.864,-0.103
 0.858,-0.096
 0.848,-0.070
 0.840,-0.079
 0.841,-0.062
 0.841,-0.063
 0.841,-0.063
 0.847,-0.070
 0.850,-0.071
 0.850,-0.071
 0.841,-0.079
 0.842,-0.080
 0.848,-0.087
 0.841,-0.096
 0.840,-0.096
 0.831,-0.104
 0.832,-0.121
 0.839,-0.112
 0.833,-0.105
 0.832,-0.121
 0.832,-0.121
 0.823,-0.130
 0.814,-0.120
 0.807,-0.130
 0.797,-0.121
 0.814,-0.120
 0.815,-0.121
 0.797,-0.137
 0.789,-0.129
 0.807,-0.130
 0.797,-0.137
 0.807,-0.130
 0.805,-0.129
 0.807,-0.130
 0.797,-0.121
 0.805,-0.129
 0.807,-0.130
 0.804,-0.145
 0.813,-0.137
 0.805,-0.129
 0.815,-0.138
 0.843,-0.131
 0.833,-0.122
 0.852,-0.123
 0.842,-0.130
 0.840,-0.129
 0.858,-0.129
 0.838,-0.128
 0.840,-0.113
 0.841,-0.096
 0.850,-0.088
 0.850,-0.071
 0.849,-0.054
 0.850,-0.071
 0.858,-0.062
 0.857,-0.062
 0.842,-0.063
 0.849,-0.054
 0.851,-0.055
 0.850,-0.071
 0.849,-0.070
 0.841,-0.079
 0.849,-0.070
 0.850,-0.088
 0.850,-0.088
 0.841,-0.096
 0.850,-0.105
 0.840,-0.112
 0.851,-0.139
 0.841,-0.146
 0.841,-0.163
 0.833,-0.171
 0.833,-0.171
 0.825,-0.197
 0.833,-0.205
 0.832,-0.221
 0.842,-0.231
 0.823,-0.246
 0.824,-0.247
 0.816,-0.255
 0.824,-0.263
 0.833,-0.273
 0.823,-0.280
 0.832,-0.305
 0.821,-0.328
 0.805,-0.329
 0.826,-0.332
 0.825,-0.315
 0.844,-0.317
 0.853,-0.309
 0.851,-0.324
 0.850,-0.340
 0.865,-0.337
 0.866,-0.338
 0.857,-0.329
 0.884,-0.322
 0.893,-0.298
 0.892,-0.280
 0.911,-0.265
 0.928,-0.264
 0.936,-0.256
 0.947,-0.249
 0.937,-0.240
 0.955,-0.240
 0.954,-0.223
 0.962,-0.231
 0.972,-0.224
 0.961,-0.214
 0.963,-0.215
 0.971,-0.222
 0.971,-0.222
 0.971,-0.223
 0.979,-0.231
 0.979,-0.214
 0.980,-0.232
 0.979,-0.214
 0.989,-0.224
 0.978,-0.230
 0.980,-0.232
 0.988,-0.206
 0.979,-0.214
 0.998,-0.215
 0.996,-0.214
 0.998,-0.215
 0.997,-0.198
 1.005,-0.206
 0.997,-0.182
 1.004,-0.172
 1.004,-0.172
 1.003,-0.154
 1.004,-0.138
 1.023,-0.123
 1.022,-0.106
 1.016,-0.099
 1.025,-0.091
 1.015,-0.081
 1.032,-0.081
 1.012,-0.063
 1.022,-0.072
 1.013,-0.046
 1.014,-0.030
 1.014,-0.014
 1.021,-0.005
 1.006,-0.006
 1.014, 0.020
 1.013, 0.004
 1.024, 0.011
 1.014, 0.020
 1.023, 0.045
 1.014, 0.053
 1.022, 0.062
 1.014, 0.070
 1.021, 0.079
 1.014, 0.070
 1.005, 0.079
 1.004, 0.096
 1.006, 0.112
 0.987, 0.113
 0.989, 0.129
 0.979, 0.138
 0.971, 0.129
 0.971, 0.146
 0.987, 0.163
 0.962, 0.171
 0.978, 0.188
 0.970, 0.197
 0.971, 0.213
 0.971, 0.213
 0.963, 0.221
 0.971, 0.230
 0.945, 0.222
 0.962, 0.239
 0.961, 0.255
 0.963, 0.255
 0.970, 0.264
 0.959, 0.256
 0.961, 0.272
 0.961, 0.272
 0.980, 0.289
 0.982, 0.305
 0.973, 0.297
 0.981, 0.288
 0.978, 0.272
 0.970, 0.264
 0.969, 0.264
 0.961, 0.256
 0.970, 0.280
 0.961, 0.289
 0.971, 0.297
 0.962, 0.289
 0.961, 0.289
 0.971, 0.297
 0.969, 0.297
 0.980, 0.305
 0.971, 0.314
 0.962, 0.306
 0.972, 0.314
 0.978, 0.322
 0.971, 0.314
 0.979, 0.322
 0.987, 0.314
 0.988, 0.314
 0.995, 0.322
 0.988, 0.314
 0.988, 0.331
 0.979, 0.322
 0.988, 0.314
 0.995, 0.306
 0.988, 0.297
 1.004, 0.297
 1.005, 0.280
 1.007, 0.280
 1.004, 0.264
 0.998, 0.255
 1.006, 0.246
 1.013, 0.238
 1.014, 0.238
 1.021, 0.230
 1.014, 0.221
 1.014, 0.221
 1.005, 0.196
 1.012, 0.188
 1.011, 0.189
 1.022, 0.179
 1.015, 0.204
 1.025, 0.195
 1.027, 0.195
 1.024, 0.179
 1.032, 0.171
 1.021, 0.163
 1.021, 0.146
 1.022, 0.129
 1.012, 0.138
 1.014, 0.154
 1.023, 0.162
 1.022, 0.146
 1.023, 0.162
 1.020, 0.163
 1.031, 0.154
 1.040, 0.162
 1.032, 0.171
 1.041, 0.162
 1.022, 0.163
 1.023, 0.162
 1.031, 0.154
 1.013, 0.154
 1.031, 0.154
 1.013, 0.155
 1.031, 0.154
 1.021, 0.163
 1.021, 0.163
 1.023, 0.162
 1.021, 0.163
 1.023, 0.162
 1.023, 0.163
 1.031, 0.154
 1.041, 0.145
 1.030, 0.138
 1.022, 0.146
 1.030, 0.138
 1.022, 0.129
 1.023, 0.129
 1.022, 0.129
 1.023, 0.129
 1.032, 0.137
 1.040, 0.129
 1.030, 0.121
 1.028, 0.105
 1.023, 0.112
 1.032, 0.104
 1.032, 0.103
 1.052, 0.119
 1.051, 0.103
 1.041, 0.078
 1.040, 0.062
 1.039, 0.045
 1.022, 0.029
 1.012, 0.021
 1.005, 0.012
 1.013, 0.004
 1.013, 0.004
 1.006, 0.011
 1.004, 0.012
 1.006, 0.011
 1.023, 0.028
 1.014, 0.037
 1.023, 0.045
 1.030, 0.037
 1.031, 0.037
 1.040, 0.045
 1.040, 0.045
 1.049, 0.053
 1.039, 0.062
 1.041, 0.061
 1.049, 0.070
 1.057, 0.062
 1.049, 0.053
 1.047, 0.071
 1.057, 0.062
 1.065, 0.070
 1.056, 0.045
 1.041, 0.061
 1.048, 0.070
 1.058, 0.078
 1.058, 0.078
 1.049, 0.070
 1.040, 0.095
 1.039, 0.096
 1.057, 0.095
 1.047, 0.104
 1.039, 0.112
 1.031, 0.104
 1.019, 0.113
 1.014, 0.104
 1.006, 0.112
 0.998, 0.104
 0.991, 0.094
 0.997, 0.087
 0.980, 0.070
 0.988, 0.062
 0.978, 0.055
 0.979, 0.037
 0.977, 0.038
 0.971, 0.045
 0.962, 0.054
 0.961, 0.054
 0.962, 0.054
 0.960, 0.071
 0.970, 0.062
 0.980, 0.070
 0.962, 0.071
 0.972, 0.062
 0.978, 0.071
 0.971, 0.062
 0.970, 0.062
 0.970, 0.046
 0.971, 0.045
 0.961, 0.054
 0.971, 0.045
 0.979, 0.054
 0.971, 0.046
 0.979, 0.054
 0.987, 0.046
 0.989, 0.045
 0.997, 0.037
 1.005, 0.045
 1.014, 0.037
 1.013, 0.037
 1.014, 0.037
 1.014, 0.037
 1.005, 0.045
 1.014, 0.037
 1.013, 0.037
 1.023, 0.045
 1.022, 0.062
 1.022, 0.062
 1.024, 0.062
 1.022, 0.062
 1.022, 0.062
 1.012, 0.055
 1.020, 0.046
 1.014, 0.070
 1.014, 0.070
 1.017, 0.086
 1.035, 0.085
 1.034, 0.069
 1.033, 0.036
 1.021, 0.029
 1.022,-0.005
 1.021,-0.004
 1.013,-0.030
 1.015,-0.014
 1.022,-0.022
 1.015,-0.031
 1.023,-0.039
 1.022,-0.055
 1.032,-0.064
 1.022,-0.056
 1.025,-0.073
 1.024,-0.090
 1.006,-0.089
 1.006,-0.089
 1.013,-0.080
 1.023,-0.106
 1.022,-0.105
 1.031,-0.114
 1.024,-0.106
 1.014,-0.097
 1.024,-0.106
 1.023,-0.106
 1.014,-0.131
 1.014,-0.131
 1.013,-0.147
 1.007,-0.157
 1.014,-0.164
 1.006,-0.173
 1.007,-0.190
 1.014,-0.198
 1.006,-0.207
 1.015,-0.215
 1.006,-0.240
 1.006,-0.257
 0.987,-0.272
 0.989,-0.291
 0.988,-0.290
 0.986,-0.322
 0.987,-0.339
 0.979,-0.331
 0.982,-0.350
 0.990,-0.342
 0.991,-0.360
 1.009,-0.377
 1.006,-0.391
 1.006,-0.408
 1.013,-0.415
 0.996,-0.432
 1.015,-0.433
 1.005,-0.423
 1.015,-0.451
 1.006,-0.442
 1.007,-0.458
 1.016,-0.451
 1.022,-0.457
 1.016,-0.468
 1.015,-0.467
 1.006,-0.475
 1.007,-0.493
 1.005,-0.508
 1.006,-0.509
 0.997,-0.500
 0.997,-0.500
 0.998,-0.501
 0.997,-0.499
 0.989,-0.492
 1.014,-0.483
 0.997,-0.483
 1.016,-0.484
 1.023,-0.475
 1.006,-0.475
 1.016,-0.484
 1.032,-0.483
 1.025,-0.476
 1.023,-0.475
 1.024,-0.492
 1.024,-0.492
 1.032,-0.500
 1.033,-0.518
 1.031,-0.516
 1.024,-0.526
 1.040,-0.525
 1.024,-0.526
 1.033,-0.552
 1.039,-0.557
 1.040,-0.574
 1.041,-0.576
 1.041,-0.576
 1.035,-0.587
 1.034,-0.586
 1.044,-0.613
 1.050,-0.618
 1.031,-0.650
 1.023,-0.642
 1.013,-0.649
 1.015,-0.651
 1.015,-0.635
 1.007,-0.643
 1.008,-0.628
 1.014,-0.633
 1.015,-0.651
 1.006,-0.642
 1.007,-0.643
 1.017,-0.637
 1.032,-0.635
 1.016,-0.636
 1.007,-0.643
 1.015,-0.635
 0.999,-0.635
 1.006,-0.626
 1.007,-0.643
 1.007,-0.643
 1.007,-0.643
 0.999,-0.652
 0.997,-0.650
 1.007,-0.660
 0.998,-0.668
 1.006,-0.693
 0.990,-0.694
 0.989,-0.709
 0.990,-0.727
 0.990,-0.727
 0.973,-0.744
 0.990,-0.761
 0.972,-0.760
 0.991,-0.779
 0.972,-0.793
 0.999,-0.786
 0.990,-0.795
 0.989,-0.809
 0.973,-0.811
 0.981,-0.818
 0.972,-0.842
 0.972,-0.842
 0.963,-0.850
 0.957,-0.846
 0.975,-0.847
 0.967,-0.839
 0.968,-0.858
 0.973,-0.878
 0.965,-0.886
 0.954,-0.893
 0.946,-0.900
 0.956,-0.894
 0.963,-0.885
 0.965,-0.888
 0.973,-0.894
 0.981,-0.902
 0.982,-0.904
 0.998,-0.919
 1.000,-0.921
 1.017,-0.905
 1.025,-0.913
 1.027,-0.914
 1.024,-0.928
 1.008,-0.929
 1.024,-0.944
 1.033,-0.953
 1.043,-0.963
 1.041,-0.960
 1.060,-0.980
 1.059,-0.962
 1.069,-0.971
 1.069,-0.972
 1.085,-0.987
 1.078,-0.997
 1.085,-1.004
 1.094,-0.996
 1.095,-1.014
 1.085,-0.987
 1.104,-0.990
 1.094,-0.996
 1.103,-0.988
 1.103,-0.988
 1.102,-0.987
 1.111,-0.996
 1.111,-0.979
 1.103,-0.988
 1.102,-1.004
 1.099,-1.016
 1.111,-1.013
 1.103,-1.005
 1.112,-0.997
 1.123,-0.993
 1.122,-1.008
 1.123,-1.025
 1.102,-1.021
 1.101,-1.036
 1.103,-1.054
 1.101,-1.051
 1.104,-1.039
 1.103,-1.039
 1.111,-1.045
 1.103,-1.039
 1.111,-1.045
 1.122,-1.040
 1.130,-1.048
 1.131,-1.033
 1.158,-1.025
 1.137,-1.021
 1.147,-1.031
 1.145,-1.012
 1.153,-1.020
 1.155,-1.021
 1.179,-1.028
 1.190,-1.023
 1.209,-1.041
 1.209,-1.041
 1.200,-1.049
 1.198,-1.046
 1.210,-1.058
 1.208,-1.073
 1.191,-1.090
 1.174,-1.107
 1.189,-1.121
 1.174,-1.140
 1.173,-1.139
 1.174,-1.173
 1.173,-1.189
 1.182,-1.214
 1.175,-1.241
 1.164,-1.246
 1.130,-1.264
 1.125,-1.261
 1.123,-1.291
 1.096,-1.332
 1.087,-1.355
 1.062,-1.383
 1.073,-1.412
 1.064,-1.420
 1.049,-1.457
 1.048,-1.472
 1.020,-1.528
 1.021,-1.562
 0.991,-1.580
 0.984,-1.608
 0.975,-1.599
 0.967,-1.610
 0.976,-1.602
 0.975,-1.598
 0.976,-1.602
 0.983,-1.591
 0.983,-1.591
 0.993,-1.569
 0.992,-1.550
 1.002,-1.545
 1.027,-1.550
 1.036,-1.543
 1.053,-1.526
 1.060,-1.532
 1.080,-1.519
 1.105,-1.510
 1.121,-1.508
 1.114,-1.502
 1.130,-1.501
 1.123,-1.495
 1.147,-1.501
 1.147,-1.501
 1.148,-1.486
 1.162,-1.480
 1.164,-1.484
 1.181,-1.467
 1.199,-1.451
 1.209,-1.428
 1.225,-1.410
 1.234,-1.402
 1.277,-1.360
 1.285,-1.334
 1.305,-1.304
 1.309,-1.273
 1.339,-1.237
 1.346,-1.209
 1.360,-1.171
 1.352,-1.130
 1.336,-1.081
 1.332,-1.044
 1.331,-1.010
 1.333,-0.994
 1.340,-0.968
 1.336,-0.946
 1.329,-0.906
 1.337,-0.864
 1.328,-0.822
 1.340,-0.766
 1.347,-0.706
 1.375,-0.650
 1.397,-0.621
 1.423,-0.580
 1.437,-0.541
 1.409,-0.498
 1.408,-0.480
 1.396,-0.470
 1.392,-0.450
 1.401,-0.409
 1.391,-0.383
 1.378,-0.352
 1.369,-0.343
 1.352,-0.360
 1.342,-0.351
 1.324,-0.350
 1.318,-0.344
 1.301,-0.360
 1.301,-0.360
 1.293,-0.369
 1.283,-0.393
 1.258,-0.402
 1.240,-0.401
 1.223,-0.418
 1.214,-0.427
 1.196,-0.426
 1.173,-0.453
 1.137,-0.452
 1.094,-0.459
 1.068,-0.468
 1.041,-0.458
 1.016,-0.484
 0.989,-0.491
 0.979,-0.497
 0.971,-0.490
 0.972,-0.491
 0.984,-0.469
 0.966,-0.452
 0.966,-0.452
 0.958,-0.427
 0.955,-0.440
 0.938,-0.441
 0.919,-0.423
 0.920,-0.406
 0.903,-0.390
 0.903,-0.373
 0.903,-0.340
 0.912,-0.315
 0.912,-0.298
 0.921,-0.307
 0.919,-0.272
 0.931,-0.266
 0.948,-0.249
 0.939,-0.240
 0.931,-0.232
 0.938,-0.223
 0.948,-0.216
 0.946,-0.197
 0.955,-0.206
 0.947,-0.198
 0.954,-0.189
 0.948,-0.182
 0.956,-0.156
 0.947,-0.164
 0.947,-0.164
 0.954,-0.155
 0.947,-0.164
 0.972,-0.156
 0.955,-0.139
 0.964,-0.131
 0.980,-0.131
 0.990,-0.123
 1.007,-0.123
 1.024,-0.106
 1.033,-0.081
 1.032,-0.063
 1.052,-0.031
 1.076,-0.006
 1.093, 0.011
 1.085, 0.020
 1.092, 0.045
 1.105, 0.052
 1.106, 0.068
 1.114, 0.060
 1.114, 0.060
 1.102, 0.036
 1.120, 0.019
 1.110,-0.006
 1.110,-0.006
 1.102,-0.014
 1.084,-0.014
 1.077,-0.023
 1.076,-0.039
 1.059,-0.056
 1.067,-0.065
 1.058,-0.089
 1.069,-0.099
 1.059,-0.090
 1.043,-0.124
 1.052,-0.150
 1.023,-0.156
 1.025,-0.157
 1.016,-0.182
 1.007,-0.190
 1.017,-0.199
 1.006,-0.223
 0.998,-0.248
 0.990,-0.257
 0.989,-0.273
 1.007,-0.307
 0.997,-0.315
 0.999,-0.316
 0.990,-0.324
 0.990,-0.358
 1.000,-0.367
 0.998,-0.366
 0.991,-0.392
 0.991,-0.392
 0.990,-0.408
 0.973,-0.409
 0.972,-0.407
 0.982,-0.417
 0.973,-0.409
 0.973,-0.425
 0.972,-0.441
 0.970,-0.439
 0.964,-0.433
 0.965,-0.417
 0.974,-0.426
 0.993,-0.411
 1.001,-0.419
 0.991,-0.426
 0.990,-0.441
 0.998,-0.449
 1.007,-0.424
 1.023,-0.423
 1.008,-0.392
 1.034,-0.384
 1.025,-0.392
 1.034,-0.384
 1.024,-0.374
 1.043,-0.392
 1.042,-0.375
 1.043,-0.392
 1.044,-0.376
 1.042,-0.375
 1.060,-0.376
 1.058,-0.374
 1.058,-0.374
 1.068,-0.383
 1.066,-0.382
 1.095,-0.376
 1.085,-0.383
 1.094,-0.392
 1.095,-0.410
 1.109,-0.407
 1.113,-0.393
 1.112,-0.409
 1.119,-0.417
 1.138,-0.418
 1.145,-0.408
 1.156,-0.419
 1.154,-0.417
 1.154,-0.417
 1.164,-0.426
 1.180,-0.426
 1.191,-0.419
 1.197,-0.409
 1.196,-0.425
 1.196,-0.425
 1.188,-0.417
 1.200,-0.411
 1.217,-0.378
 1.227,-0.387
 1.228,-0.388
 1.233,-0.393
 1.225,-0.385
 1.232,-0.393
 1.231,-0.375
 1.232,-0.359
 1.231,-0.341
 1.233,-0.343
 1.223,-0.334
 1.225,-0.335
 1.225,-0.335
 1.214,-0.342
 1.226,-0.336
 1.226,-0.336
 1.225,-0.352
 1.217,-0.344
 1.214,-0.359
 1.207,-0.368
 1.215,-0.376
 1.198,-0.393
 1.182,-0.394
 1.180,-0.392
 1.173,-0.402
 1.154,-0.417
 1.154,-0.417
 1.138,-0.418
 1.145,-0.425
 1.147,-0.427
 1.154,-0.417
 1.129,-0.426
 1.138,-0.418
 1.137,-0.400
 1.138,-0.418
 1.137,-0.400
 1.136,-0.416
 1.139,-0.402
 1.128,-0.408
 1.119,-0.417
 1.109,-0.407
 1.102,-0.400
 1.095,-0.376
 1.094,-0.358
 1.097,-0.345
 1.104,-0.334
 1.095,-0.342
 1.103,-0.334
 1.075,-0.340
 1.077,-0.325
 1.067,-0.316
 1.068,-0.300
 1.051,-0.283
 1.049,-0.281
 1.043,-0.275
 1.033,-0.265
 1.024,-0.256
 1.026,-0.242
 1.016,-0.232
 1.001,-0.217
 0.990,-0.206
 0.990,-0.190
 0.990,-0.190
 0.980,-0.164
 0.982,-0.148
 0.981,-0.131
 0.973,-0.122
 0.966,-0.098
 0.955,-0.072
 0.965,-0.064
 0.964,-0.047
 0.955,-0.038
 0.957,-0.023
 0.938, 0.012
 0.939, 0.012
 0.930, 0.037
 0.938, 0.046
 0.948, 0.070
 0.930, 0.071
 0.930, 0.071
 0.920, 0.080
 0.903, 0.063
 0.921, 0.079
 0.920, 0.096
 0.920, 0.096
 0.911, 0.122
 0.921, 0.146
 0.922, 0.179
 0.940, 0.230
 0.951, 0.271
 0.958, 0.280
 0.956, 0.280
 0.965, 0.289
 0.972, 0.314
 0.964, 0.322
 0.973, 0.347
 0.973, 0.347
 0.982, 0.372
 0.990, 0.364
 1.001, 0.372
 0.999, 0.372
 0.999, 0.372
 1.009, 0.380
 1.017, 0.372
 1.036, 0.388
 1.052, 0.388
 1.053, 0.388
 1.062, 0.380
 1.077, 0.397
 1.078, 0.380
 1.085, 0.388
 1.095, 0.380
 1.096, 0.396
 1.094, 0.397
 1.088, 0.371
 1.095, 0.380
 1.095, 0.380
 1.105, 0.371
 1.103, 0.371
 1.105, 0.371
 1.104, 0.355
 1.095, 0.346
 1.095, 0.346
 1.085, 0.355
 1.087, 0.355
 1.078, 0.346
 1.069, 0.355
 1.087, 0.338
 1.066, 0.338
 1.068, 0.338
 1.061, 0.363
 1.054, 0.372
 1.047, 0.363
 1.054, 0.372
 1.063, 0.363
 1.044, 0.380
 1.034, 0.389
 1.034, 0.389
 1.015, 0.406
 1.017, 0.422
 1.009, 0.448
 1.008, 0.448
 0.983, 0.456
 0.973, 0.465
 0.974, 0.465
 0.974, 0.465
 0.975, 0.481
 0.976, 0.498
 0.965, 0.507
 0.984, 0.540
 0.965, 0.557
 0.982, 0.573
 0.991, 0.599
 0.982, 0.607
 0.974, 0.632
 0.982, 0.624
 0.983, 0.641
 0.966, 0.624
 0.974, 0.615
 0.983, 0.607
 0.983, 0.607
 0.982, 0.624
 0.984, 0.624
 0.974, 0.615
 0.984, 0.590
 0.992, 0.582
 0.983, 0.557
 0.975, 0.532
 0.983, 0.506
 0.985, 0.473
 0.975, 0.448
 0.973, 0.398
 0.964, 0.373
 0.955, 0.348
 0.949, 0.322
 0.959, 0.313
 0.951, 0.288
 0.977, 0.279
 0.974, 0.263
 0.983, 0.238
 0.974, 0.213
 0.990, 0.196
 0.983, 0.188
 0.999, 0.188
 1.009, 0.145
 1.000, 0.120
 1.017, 0.087
 1.017, 0.053
 1.016, 0.020
 1.035,-0.015
 1.018,-0.065
 1.018,-0.098
 1.018,-0.149
 1.016,-0.181
 1.017,-0.215
 1.017,-0.249
 1.026,-0.274
 1.026,-0.308
 1.043,-0.341
 1.035,-0.368
 1.043,-0.409
 1.025,-0.442
 1.052,-0.451
 1.033,-0.450
 1.026,-0.460
 1.034,-0.468
 1.026,-0.476
 1.027,-0.477
 1.025,-0.491
 1.027,-0.493
 1.025,-0.492
 1.025,-0.491
 1.035,-0.501
 1.041,-0.491
 1.044,-0.477
 1.052,-0.451
 1.060,-0.441
 1.076,-0.407
 1.076,-0.390
 1.079,-0.376
 1.106,-0.368
 1.098,-0.361
 1.117,-0.346
 1.131,-0.360
 1.114,-0.376
 1.120,-0.383
 1.120,-0.383
 1.129,-0.392
 1.120,-0.383
 1.139,-0.401
 1.138,-0.401
 1.138,-0.401
 1.139,-0.418
 1.155,-0.417
 1.140,-0.436
 1.140,-0.436
 1.139,-0.452
 1.140,-0.469
 1.137,-0.484
 1.131,-0.511
 1.130,-0.510
 1.138,-0.518
 1.121,-0.519
 1.129,-0.526
 1.112,-0.544
 1.112,-0.543
 1.094,-0.576
 1.095,-0.577
 1.076,-0.576
 1.087,-0.603
 1.077,-0.594
 1.085,-0.602
 1.069,-0.602
 1.076,-0.625
 1.069,-0.636
 1.068,-0.652
 1.059,-0.676
 1.069,-0.670
 1.076,-0.693
 1.077,-0.711
 1.083,-0.717
 1.076,-0.743
 1.078,-0.745
 1.078,-0.745
 1.098,-0.748
 1.114,-0.747
 1.113,-0.763
 1.113,-0.763
 1.110,-0.760
 1.112,-0.779
 1.119,-0.769
 1.128,-0.760
 1.139,-0.754
 1.145,-0.743
 1.148,-0.730
 1.164,-0.712
 1.163,-0.711
 1.182,-0.696
 1.190,-0.670
 1.192,-0.672
 1.207,-0.653
 1.215,-0.661
 1.224,-0.636
 1.224,-0.636
 1.235,-0.630
 1.242,-0.603
 1.241,-0.586
 1.252,-0.579
 1.241,-0.552
 1.243,-0.553
 1.242,-0.553
 1.216,-0.544
 1.217,-0.529
 1.215,-0.527
 1.217,-0.529
 1.208,-0.520
 1.189,-0.518
 1.191,-0.520
 1.180,-0.493
 1.181,-0.511
 1.182,-0.494
 1.181,-0.510
 1.181,-0.510
 1.153,-0.500
 1.164,-0.494
 1.165,-0.478
 1.166,-0.462
 1.176,-0.455
 1.166,-0.462
 1.166,-0.462
 1.155,-0.468
 1.145,-0.459
 1.137,-0.451
 1.136,-0.433
 1.138,-0.435
 1.129,-0.409
 1.120,-0.400
 1.112,-0.392
 1.102,-0.383
 1.104,-0.384
 1.096,-0.376
 1.078,-0.342
 1.070,-0.334
 1.060,-0.325
 1.052,-0.317
 1.035,-0.300
 1.025,-0.291
 1.026,-0.275
 1.007,-0.273
 0.992,-0.258
 0.991,-0.240
 0.965,-0.232
 0.957,-0.207
 0.947,-0.181
 0.949,-0.182
 0.940,-0.156
 0.922,-0.139
 0.931,-0.115
 0.912,-0.097
 0.905,-0.089
 0.904,-0.055
 0.904,-0.038
 0.914, 0.003
 0.913, 0.054
 0.897, 0.071
 0.921, 0.096
 0.912, 0.122
 0.897, 0.155
 0.897, 0.188
 0.890, 0.196
 0.891, 0.213
 0.899, 0.221
 0.898, 0.221
 0.887, 0.231
 0.880, 0.222
 0.878, 0.222
 0.879, 0.239
 0.879, 0.256
 0.869, 0.248
 0.871, 0.264
 0.871, 0.264
 0.871, 0.247
 0.880, 0.239
 0.871, 0.247
 0.864, 0.239
 0.880, 0.239
 0.880, 0.222
 0.880, 0.205
 0.879, 0.206
 0.889, 0.197
 0.889, 0.197
 0.889, 0.197
 0.915, 0.188
 0.904, 0.180
 0.906, 0.180
 0.914, 0.171
 0.923, 0.146
 0.906, 0.146
 0.923, 0.146
 0.915, 0.138
 0.923, 0.129
 0.923, 0.129
 0.924, 0.112
 0.906, 0.113
 0.916, 0.104
 0.922, 0.096
 0.921, 0.080
 0.923, 0.079
 0.932, 0.087
 0.934, 0.103
 0.934, 0.103
 0.952, 0.086
 0.959, 0.078
 0.949, 0.071
 0.966, 0.071
 0.957, 0.063
 0.957, 0.063
 0.957, 0.062
 0.965, 0.054
 0.975, 0.062
 0.975, 0.062
 0.967, 0.053
 0.984, 0.070
 0.992, 0.062
 1.002, 0.053
 1.002, 0.053
 1.009, 0.045
 1.010, 0.028
 1.017, 0.037
 1.018, 0.020
 1.018, 0.020
 1.017, 0.003
 1.019, 0.002
 1.017, 0.003
 1.027,-0.006
 1.035,-0.014
 1.026,-0.022
 1.036,-0.031
 1.034,-0.047
 1.044,-0.040
 1.043,-0.039
 1.042,-0.039
 1.045,-0.040
 1.034,-0.047
 1.043,-0.072
 1.051,-0.064
 1.035,-0.065
 1.062,-0.057
 1.053,-0.065
 1.064,-0.058
 1.071,-0.083
 1.070,-0.098
 1.061,-0.123
 1.059,-0.122
 1.043,-0.123
 1.061,-0.123
 1.042,-0.123
 1.044,-0.140
 1.042,-0.139
 1.044,-0.174
 1.043,-0.173
 1.044,-0.191
 1.053,-0.216
 1.051,-0.232
 1.044,-0.276
 1.051,-0.300
 1.034,-0.316
 1.026,-0.325
 1.050,-0.333
 1.051,-0.350
 1.042,-0.341
 1.068,-0.350
 1.078,-0.359
 1.068,-0.349
 1.086,-0.351
 1.095,-0.359
 1.094,-0.358
 1.104,-0.368
 1.119,-0.350
 1.111,-0.359
 1.128,-0.342
 1.128,-0.342
 1.139,-0.368
 1.143,-0.357
 1.153,-0.366
 1.163,-0.342
 1.172,-0.351
 1.175,-0.337
 1.192,-0.337
 1.210,-0.354
 1.224,-0.352
 1.214,-0.342
 1.223,-0.351
 1.230,-0.341
 1.232,-0.343
 1.233,-0.327
 1.231,-0.325
 1.243,-0.336
 1.240,-0.334
 1.250,-0.310
 1.242,-0.302
 1.251,-0.293
 1.252,-0.277
 1.240,-0.250
 1.233,-0.243
 1.250,-0.225
 1.241,-0.200
 1.252,-0.176
 1.258,-0.133
 1.268,-0.092
 1.286,-0.008
 1.276, 0.035
 1.286, 0.093
 1.285, 0.110
 1.296, 0.151
 1.286, 0.177
 1.285, 0.177
 1.295, 0.185
 1.293, 0.185
 1.286, 0.194
 1.286, 0.194
 1.277, 0.185
 1.278, 0.185
 1.275, 0.186
 1.265, 0.194
 1.275, 0.219
 1.251, 0.227
 1.280, 0.252
 1.270, 0.277
 1.281, 0.285
 1.279, 0.286
 1.266, 0.278
 1.267, 0.278
 1.282, 0.295
 1.267, 0.311
 1.260, 0.320
 1.259, 0.337
 1.269, 0.345
 1.267, 0.345
 1.276, 0.370
 1.302, 0.428
 1.311, 0.521
 1.340, 0.613
 1.346, 0.721
 1.382, 0.822
 1.390, 0.914
 1.381, 0.989
 1.407, 1.065
 1.406, 1.098
 1.417, 1.107
 1.409, 1.132
 1.407, 1.115
 1.418, 1.124
 1.381, 1.123
 1.374, 1.133
 1.382, 1.124
 1.355, 1.132
 1.339, 1.133
 1.337, 1.132
 1.313, 1.124
 1.287, 1.133
 1.267, 1.116
 1.261, 1.109
 1.242, 1.091
 1.233, 1.066
 1.223, 1.040
 1.190, 1.024
 1.193, 1.009
 1.174, 0.992
 1.159, 0.959
 1.141, 0.926
 1.138, 0.874
 1.113, 0.833
 1.109, 0.765
 1.085, 0.707
 1.068, 0.657
 1.050, 0.623
 1.025, 0.582
 1.024, 0.548
 1.016, 0.523
 1.016, 0.506
 1.007, 0.481
 1.000, 0.473
 1.016, 0.456
 1.016, 0.422
 1.024, 0.431
 1.032, 0.422
 1.042, 0.414
 1.049, 0.405
 1.051, 0.389
 1.043, 0.347
 1.050, 0.322
 1.067, 0.305
 1.083, 0.288
 1.103, 0.271
 1.095, 0.279
 1.085, 0.254
 1.069, 0.254
 1.059, 0.229
 1.043, 0.195
 1.025, 0.196
 1.007, 0.179
 1.008, 0.162
 0.997, 0.138
 0.998, 0.121
 0.990, 0.112
 0.981, 0.104
 0.973, 0.079
 0.962, 0.054
 0.956, 0.028
 0.956, 0.012
 0.964,-0.013
 0.994,-0.024
 1.001,-0.048
 1.010,-0.108
 1.035,-0.149
 1.050,-0.198
 1.051,-0.265
 1.067,-0.315
 1.077,-0.358
 1.095,-0.393
 1.120,-0.468
 1.122,-0.520
 1.128,-0.559
 1.147,-0.594
 1.157,-0.604
 1.173,-0.637
 1.175,-0.673
 1.190,-0.703
 1.189,-0.754
 1.207,-0.804
 1.222,-0.852
 1.216,-0.864
 1.233,-0.879
 1.226,-0.873
 1.244,-0.874
 1.251,-0.898
 1.235,-0.899
 1.241,-0.921
 1.251,-0.931
 1.251,-0.931
 1.250,-0.947
 1.261,-0.957
 1.277,-0.956
 1.277,-0.956
 1.287,-0.950
 1.294,-0.939
 1.304,-0.916
 1.336,-0.914
 1.328,-0.923
 1.344,-0.922
 1.350,-0.927
 1.345,-0.906
 1.328,-0.889
 1.339,-0.884
 1.359,-0.870
 1.339,-0.850
 1.330,-0.875
 1.326,-0.888
 1.300,-0.912
 1.283,-0.895
 1.256,-0.886
 1.251,-0.882
 1.224,-0.855
 1.217,-0.831
 1.200,-0.814
 1.172,-0.787
 1.190,-0.755
 1.181,-0.729
 1.191,-0.705
 1.174,-0.688
 1.163,-0.661
 1.164,-0.629
 1.162,-0.627
 1.155,-0.620
 1.163,-0.611
 1.163,-0.611
 1.164,-0.595
 1.180,-0.594
 1.164,-0.595
 1.173,-0.587
 1.188,-0.602
 1.182,-0.612
 1.190,-0.620
 1.181,-0.628
 1.199,-0.629
 1.205,-0.635
 1.199,-0.629
 1.197,-0.627
 1.198,-0.628
 1.199,-0.629
 1.189,-0.619
 1.215,-0.627
 1.194,-0.624
 1.197,-0.610
 1.199,-0.579
 1.199,-0.579
 1.202,-0.565
 1.210,-0.573
 1.209,-0.589
 1.208,-0.605
 1.214,-0.610
 1.216,-0.612
 1.231,-0.593
 1.232,-0.578
 1.242,-0.553
 1.223,-0.552
 1.234,-0.545
 1.231,-0.544
 1.242,-0.537
 1.226,-0.537
 1.224,-0.536
 1.226,-0.537
 1.232,-0.528
 1.234,-0.545
 1.242,-0.537
 1.240,-0.535
 1.251,-0.546
 1.240,-0.536
 1.242,-0.537
 1.260,-0.538
 1.258,-0.536
 1.261,-0.538
 1.250,-0.545
 1.250,-0.545
 1.251,-0.546
 1.250,-0.545
 1.251,-0.529
 1.250,-0.511
 1.259,-0.520
 1.259,-0.503
 1.258,-0.519
 1.259,-0.520
 1.259,-0.520
 1.258,-0.519
 1.257,-0.518
 1.257,-0.518
 1.259,-0.520
 1.268,-0.512
 1.263,-0.506
 1.289,-0.515
 1.268,-0.529
 1.269,-0.530
 1.266,-0.544
 1.258,-0.569
 1.258,-0.569
 1.257,-0.568
 1.261,-0.571
 1.258,-0.569
 1.259,-0.554
 1.259,-0.570
 1.257,-0.568
 1.270,-0.564
 1.260,-0.554
 1.260,-0.554
 1.261,-0.571
 1.250,-0.578
 1.251,-0.596
 1.240,-0.602
 1.241,-0.620
 1.234,-0.613
 1.233,-0.628
 1.217,-0.629
 1.206,-0.636
 1.208,-0.637
 1.207,-0.654
 1.189,-0.653
 1.182,-0.663
 1.181,-0.678
 1.181,-0.662
 1.174,-0.672
 1.172,-0.669
 1.174,-0.672
 1.190,-0.671
 1.190,-0.671
 1.190,-0.671
 1.188,-0.669
 1.190,-0.671
 1.188,-0.669
 1.212,-0.676
 1.206,-0.670
 1.216,-0.645
 1.218,-0.647
 1.235,-0.647
 1.236,-0.648
 1.244,-0.656
 1.241,-0.670
 1.233,-0.662
 1.240,-0.652
 1.232,-0.644
 1.243,-0.639
 1.233,-0.628
 1.234,-0.613
 1.241,-0.603
 1.233,-0.595
 1.225,-0.587
 1.233,-0.578
 1.235,-0.580
 1.243,-0.554
 1.225,-0.553
 1.242,-0.537
 1.241,-0.519
 1.242,-0.520
 1.250,-0.477
 1.250,-0.477
 1.251,-0.462
 1.250,-0.444
 1.261,-0.437
 1.258,-0.418
 1.258,-0.418
 1.251,-0.428
 1.266,-0.443
 1.259,-0.436
 1.258,-0.418
 1.276,-0.419
 1.269,-0.411
 1.259,-0.402
 1.268,-0.394
 1.276,-0.386
 1.267,-0.377
 1.285,-0.344
 1.275,-0.334
 1.275,-0.334
 1.282,-0.308
 1.293,-0.302
 1.277,-0.269
 1.277,-0.252
 1.289,-0.245
 1.297,-0.236
 1.277,-0.235
 1.285,-0.243
 1.283,-0.259
 1.284,-0.242
 1.275,-0.217
 1.285,-0.193
 1.303,-0.193
 1.291,-0.183
 1.294,-0.168
 1.318,-0.159
 1.320,-0.143
 1.330,-0.135
 1.320,-0.143
 1.321,-0.126
 1.319,-0.109
 1.319,-0.109
 1.312,-0.101
 1.319,-0.109
 1.319,-0.109
 1.309,-0.100
 1.309,-0.100
 1.310,-0.083
 1.317,-0.074
 1.311,-0.067
 1.319,-0.075
 1.302,-0.058
 1.303,-0.059
 1.302,-0.058
 1.303,-0.059
 1.303,-0.059
 1.302,-0.075
 1.285,-0.076
 1.283,-0.075
 1.303,-0.093
 1.292,-0.100
 1.310,-0.117
 1.311,-0.101
 1.291,-0.116
 1.309,-0.133
 1.316,-0.141
 1.300,-0.142
 1.320,-0.160
 1.310,-0.151
 1.325,-0.162
 1.330,-0.169
 1.328,-0.202
 1.329,-0.219
 1.334,-0.225
 1.344,-0.235
 1.335,-0.226
 1.337,-0.227
 1.320,-0.227
 1.327,-0.235
 1.321,-0.261
 1.318,-0.260
 1.318,-0.293
 1.329,-0.303
 1.336,-0.310
 1.338,-0.312
 1.337,-0.328
 1.337,-0.344
 1.329,-0.353
 1.327,-0.368
 1.320,-0.378
 1.336,-0.377
 1.336,-0.377
 1.337,-0.378
 1.344,-0.385
 1.346,-0.386
 1.336,-0.377
 1.346,-0.386
 1.364,-0.404
 1.370,-0.394
 1.372,-0.395
 1.372,-0.395
 1.371,-0.411
 1.372,-0.429
 1.370,-0.427
 1.362,-0.453
 1.372,-0.462
 1.363,-0.470
 1.374,-0.480
 1.354,-0.478
 1.353,-0.494
 1.351,-0.493
 1.344,-0.485
 1.338,-0.462
 1.330,-0.454
 1.333,-0.440
 1.342,-0.431
 1.331,-0.438
 1.330,-0.437
 1.317,-0.443
 1.301,-0.443
 1.309,-0.418
 1.309,-0.401
 1.321,-0.395
 1.326,-0.384
 1.330,-0.370
 1.311,-0.369
 1.319,-0.377
 1.322,-0.379
 1.320,-0.361
 1.313,-0.387
 1.313,-0.387
 1.311,-0.386
 1.304,-0.395
 1.310,-0.402
 1.303,-0.411
 1.302,-0.394
 1.293,-0.419
 1.295,-0.420
 1.284,-0.426
 1.277,-0.453
 1.277,-0.453
 1.268,-0.461
 1.278,-0.471
 1.266,-0.477
 1.269,-0.478
 1.277,-0.486
 1.267,-0.478
 1.268,-0.462
 1.258,-0.452
 1.269,-0.445
 1.277,-0.436
 1.267,-0.427
 1.276,-0.418
 1.282,-0.408
 1.285,-0.394
 1.304,-0.378
 1.305,-0.362
 1.307,-0.363
 1.314,-0.354
 1.315,-0.372
 1.321,-0.361
 1.301,-0.376
 1.312,-0.386
 1.309,-0.384
 1.296,-0.387
 1.304,-0.378
 1.293,-0.385
 1.296,-0.387
 1.293,-0.402
 1.286,-0.411
 1.287,-0.395
 1.278,-0.403
 1.297,-0.404
 1.294,-0.403
 1.278,-0.403
 1.294,-0.403
 1.302,-0.411
 1.295,-0.403
 1.293,-0.402
 1.304,-0.395
 1.311,-0.403
 1.302,-0.411
 1.313,-0.420
 1.310,-0.419
 1.313,-0.420
 1.321,-0.428
 1.319,-0.411
 1.330,-0.404
 1.328,-0.402
 1.338,-0.395
 1.355,-0.378
 1.372,-0.378
 1.364,-0.370
 1.354,-0.361
 1.365,-0.370
 1.363,-0.386
 1.361,-0.402
 1.355,-0.395
 1.354,-0.411
 1.366,-0.405
 1.384,-0.389
 1.392,-0.397
 1.383,-0.388
 1.379,-0.402
 1.371,-0.428
 1.379,-0.436
 1.370,-0.444
 1.373,-0.429
 1.371,-0.428
 1.365,-0.438
 1.364,-0.421
 1.362,-0.419
 1.382,-0.438
 1.380,-0.420
 1.374,-0.447
 1.374,-0.447
 1.372,-0.429
 1.382,-0.438
 1.379,-0.436
 1.363,-0.454
 1.373,-0.446
 1.354,-0.461
 1.356,-0.463
 1.362,-0.469
 1.365,-0.488
 1.373,-0.479
 1.354,-0.495
 1.364,-0.505
 1.353,-0.511
 1.355,-0.513
 1.355,-0.513
 1.345,-0.520
 1.347,-0.522
 1.353,-0.511
 1.354,-0.529
 1.365,-0.522
 1.354,-0.529
 1.348,-0.538
 1.342,-0.551
 1.336,-0.561
 1.338,-0.563
 1.338,-0.563
 1.334,-0.575
 1.340,-0.582
 1.341,-0.599
 1.329,-0.621
 1.319,-0.645
 1.319,-0.645
 1.317,-0.644
 1.311,-0.654
 1.304,-0.630
 1.311,-0.620
 1.313,-0.622
 1.309,-0.636
 1.303,-0.646
 1.312,-0.638
 1.312,-0.638
 1.314,-0.640
 1.312,-0.638
 1.313,-0.656
 1.320,-0.663
 1.319,-0.679
 1.311,-0.688
 1.310,-0.703
 1.320,-0.713
 1.295,-0.722
 1.303,-0.730
 1.313,-0.723
 1.319,-0.729
 1.312,-0.739
 1.329,-0.739
 1.336,-0.746
 1.330,-0.756
 1.345,-0.738
 1.338,-0.765
 1.321,-0.765
 1.345,-0.772
 1.339,-0.782
 1.347,-0.790
 1.338,-0.798
 1.354,-0.813
 1.353,-0.812
 1.347,-0.823
 1.355,-0.815
 1.357,-0.834
 1.360,-0.836
 1.367,-0.860
 1.357,-0.867
 1.354,-0.880
 1.362,-0.905
 1.353,-0.896
 1.354,-0.914
 1.365,-0.908
 1.363,-0.906
 1.366,-0.909
 1.364,-0.891
 1.354,-0.914
 1.357,-0.917
 1.363,-0.906
 1.364,-0.925
 1.382,-0.925
 1.381,-0.957
 1.390,-0.949
 1.398,-0.974
 1.415,-0.974
 1.450,-0.974
 1.448,-0.990
 1.459,-1.000
 1.448,-1.007
 1.451,-1.009
 1.460,-1.035
 1.449,-1.042
 1.443,-1.052
 1.440,-1.049
 1.442,-1.069
 1.450,-1.077
 1.441,-1.084
 1.428,-1.089
 1.416,-1.093
 1.416,-1.093
 1.408,-1.085
 1.397,-1.058
 1.389,-1.067
 1.378,-1.055
 1.379,-1.040
 1.372,-1.033
 1.355,-1.016
 1.350,-1.030
 1.357,-1.019
 1.348,-1.027
 1.337,-1.033
 1.327,-1.022
 1.320,-1.033
 1.300,-1.030
 1.285,-1.016
 1.286,-1.000
 1.292,-0.988
 1.286,-1.000
 1.291,-0.987
 1.283,-0.981
 1.259,-0.974
 1.259,-0.974
 1.227,-0.993
 1.225,-0.991
 1.216,-1.015
 1.199,-1.032
 1.162,-1.045
 1.147,-1.048
 1.136,-1.054
 1.130,-1.066
 1.139,-1.075
 1.112,-1.065
 1.105,-1.075
 1.086,-1.074
 1.086,-1.074
 1.078,-1.083
 1.042,-1.063
 1.044,-1.066
 1.017,-1.056
 1.009,-1.065
 1.009,-1.064
 1.007,-1.062
 0.992,-1.065
 0.999,-1.055
 0.984,-1.040
 0.975,-1.048
 0.972,-1.061
 0.964,-1.054
 0.973,-1.045
 0.965,-1.039
 0.959,-1.034
 0.959,-1.034
 0.959,-1.034
 0.957,-1.031
 0.939,-1.063
 0.921,-1.062
 0.928,-1.051
 0.914,-1.038
 0.913,-1.020
 0.923,-1.014
 0.940,-0.997
 0.930,-1.004
 0.948,-1.005
 0.947,-0.987
 0.957,-0.981
 0.950,-0.957
 0.958,-0.965
 0.993,-0.965
 1.006,-0.960
 1.016,-0.969
 1.016,-0.954
 1.016,-0.953
