-0.522,-0.860
-0.502,-0.844
-0.492,-0.812
-0.471,-0.793
-0.473,-0.755
-0.442,-0.747
-0.433,-0.763
-0.410,-0.759
-0.408,-0.775
-0.394,-0.778
-0.392,-0.791
-0.382,-0.783
-0.350,-0.774
-0.372,-0.775
-0.374,-0.781
-0.384,-0.791
-0.385,-0.814
-0.395,-0.822
-0.417,-0.844
-0.427,-0.852
-0.446,-0.849
-0.468,-0.851
-0.490,-0.788
-0.503,-0.741
-0.514,-0.711
-0.535,-0.687
-0.557,-0.688
-0.567,-0.635
-0.579,-0.605
-0.600,-0.562
-0.578,-0.519
-0.602,-0.502
-0.590,-0.469
-0.589,-0.489
-0.610,-0.468
-0.610,-0.447
-0.613,-0.409
-0.622,-0.397
-0.622,-0.397
-0.611,-0.386
-0.619,-0.393
-0.610,-0.364
-0.621,-0.354
-0.644,-0.376
-0.632,-0.385
-0.632,-0.385
-0.611,-0.386
-0.599,-0.374
-0.610,-0.384
-0.610,-0.364
-0.610,-0.364
-0.612,-0.366
-0.611,-0.344
-0.611,-0.344
-0.633,-0.345
-0.621,-0.313
-0.643,-0.313
-0.632,-0.302
-0.623,-0.272
-0.633,-0.262
-0.633,-0.262
-0.624,-0.274
-0.631,-0.280
-0.630,-0.300
-0.643,-0.271
-0.633,-0.282
-0.633,-0.282
-0.631,-0.280
-0.663,-0.291
-0.653,-0.281
-0.674,-0.280
-0.675,-0.260
-0.651,-0.258
-0.652,-0.238
-0.676,-0.178
-0.688,-0.148
-0.711,-0.128
-0.699,-0.095
-0.721,-0.096
-0.720,-0.074
-0.719,-0.053
-0.700,-0.034
-0.709,-0.043
-0.720,-0.032
-0.719,-0.011
-0.717,-0.010
-0.741,-0.011
-0.731, 0.019
-0.742,-0.012
-0.729,-0.022
-0.727,-0.062
-0.729,-0.063
-0.707,-0.063
-0.709,-0.064
-0.708,-0.084
-0.686,-0.105
-0.677,-0.116
-0.687,-0.126
-0.688,-0.148
-0.687,-0.168
-0.674,-0.197
-0.652,-0.217
-0.629,-0.216
-0.643,-0.208
-0.624,-0.191
-0.635,-0.221
-0.626,-0.234
-0.623,-0.252
-0.612,-0.241
-0.601,-0.230
-0.590,-0.198
-0.549,-0.180
-0.539,-0.150
-0.531,-0.121
-0.531,-0.143
-0.530,-0.141
-0.519,-0.152
-0.507,-0.161
-0.518,-0.192
-0.516,-0.191
-0.504,-0.220
-0.494,-0.232
-0.473,-0.211
-0.464,-0.203
-0.455,-0.195
-0.475,-0.172
-0.486,-0.182
-0.514,-0.188
-0.513,-0.208
-0.500,-0.216
-0.499,-0.214
-0.510,-0.224
-0.498,-0.192
-0.490,-0.164
-0.481,-0.135
-0.492,-0.105
-0.504,-0.096
-0.513,-0.063
-0.534,-0.103
-0.554,-0.123
-0.564,-0.132
-0.556,-0.126
-0.539,-0.068
-0.554,-0.061
-0.543,-0.072
-0.562,-0.153
-0.560,-0.214
-0.555,-0.291
-0.564,-0.362
-0.574,-0.412
-0.573,-0.473
-0.585,-0.505
-0.565,-0.528
-0.556,-0.563
-0.567,-0.616
-0.565,-0.674
-0.543,-0.756
-0.551,-0.780
-0.560,-0.831
-0.583,-0.855
-0.594,-0.886
-0.629,-0.903
-0.659,-0.911
-0.649,-0.943
-0.649,-0.943
-0.661,-0.935
-0.695,-0.906
-0.705,-0.874
-0.717,-0.824
-0.721,-0.787
-0.732,-0.756
-0.733,-0.695
-0.729,-0.669
-0.740,-0.657
-0.739,-0.594
-0.727,-0.582
-0.737,-0.549
-0.725,-0.495
-0.738,-0.446
-0.729,-0.375
-0.719,-0.324
-0.752,-0.293
-0.768,-0.267
-0.796,-0.274
-0.783,-0.282
-0.797,-0.274
-0.837,-0.249
-0.818,-0.210
-0.831,-0.200
-0.795,-0.167
-0.804,-0.134
-0.796,-0.042
-0.787, 0.030
-0.781, 0.121
-0.769, 0.195
-0.766, 0.216
-0.744, 0.217
-0.753, 0.207
-0.734, 0.185
-0.723, 0.133
-0.710, 0.124
-0.719, 0.093
-0.706, 0.063
-0.707, 0.042
-0.707, 0.000
-0.697,-0.052
-0.731,-0.126
-0.740,-0.197
-0.763,-0.261
-0.773,-0.312
-0.783,-0.364
-0.816,-0.396
-0.804,-0.426
-0.818,-0.481
-0.815,-0.521
-0.836,-0.561
-0.836,-0.603
-0.855,-0.662
-0.868,-0.696
-0.867,-0.716
-0.866,-0.735
-0.855,-0.746
-0.844,-0.756
-0.825,-0.759
-0.814,-0.790
-0.823,-0.819
-0.792,-0.832
-0.758,-0.818
-0.738,-0.840
-0.693,-0.858
-0.683,-0.849
-0.664,-0.812
-0.642,-0.811
-0.613,-0.806
-0.590,-0.804
-0.578,-0.813
-0.578,-0.811
-0.566,-0.819
-0.556,-0.810
-0.535,-0.789
-0.525,-0.781
-0.513,-0.789
-0.512,-0.787
-0.492,-0.791
-0.481,-0.801
-0.461,-0.802
-0.450,-0.836
-0.450,-0.855
-0.450,-0.897
-0.459,-0.903
-0.458,-0.922
-0.437,-0.924
-0.414,-0.963
-0.383,-0.955
-0.394,-0.945
-0.374,-0.949
-0.364,-0.941
-0.373,-0.947
-0.394,-0.968
-0.404,-0.975
-0.405,-0.975
-0.394,-0.968
-0.416,-0.947
-0.406,-0.918
-0.406,-0.876
-0.416,-0.886
-0.427,-0.875
-0.426,-0.849
-0.437,-0.843
-0.470,-0.810
-0.513,-0.791
-0.523,-0.758
-0.522,-0.715
-0.524,-0.655
-0.525,-0.594
-0.548,-0.576
-0.559,-0.545
-0.557,-0.521
-0.568,-0.511
-0.546,-0.489
-0.546,-0.468
-0.535,-0.437
-0.523,-0.423
-0.502,-0.383
-0.491,-0.351
-0.482,-0.343
-0.471,-0.334
-0.470,-0.331
-0.460,-0.322
-0.459,-0.321
-0.459,-0.321
-0.448,-0.331
-0.436,-0.318
-0.416,-0.319
-0.404,-0.307
-0.417,-0.320
-0.437,-0.320
-0.436,-0.337
-0.425,-0.348
-0.435,-0.336
-0.436,-0.337
-0.459,-0.321
-0.461,-0.303
-0.465,-0.289
-0.496,-0.318
-0.537,-0.357
-0.546,-0.386
-0.565,-0.403
-0.630,-0.403
-0.640,-0.394
-0.655,-0.367
-0.689,-0.338
-0.699,-0.306
-0.722,-0.287
-0.733,-0.276
-0.747,-0.247
-0.748,-0.186
-0.747,-0.164
-0.748,-0.144
-0.736,-0.111
-0.724,-0.100
-0.712,-0.047
-0.689,-0.004
-0.657, 0.027
-0.656, 0.070
-0.656, 0.090
-0.636, 0.131
-0.626, 0.183
-0.604, 0.204
-0.590, 0.257
-0.611, 0.299
-0.591, 0.298
-0.591, 0.319
-0.573, 0.339
-0.572, 0.339
-0.582, 0.329
-0.612, 0.299
-0.609, 0.258
-0.611, 0.258
-0.610, 0.237
-0.620, 0.186
-0.633, 0.175
-0.635, 0.153
-0.636, 0.132
-0.632, 0.092
-0.643, 0.061
-0.654, 0.050
-0.686, 0.019
-0.719,-0.033
-0.728,-0.084
-0.761,-0.136
-0.772,-0.168
-0.780,-0.218
-0.803,-0.240
-0.823,-0.259
-0.866,-0.322
-0.899,-0.332
-0.918,-0.392
-0.929,-0.424
-0.916,-0.412
-0.931,-0.426
-0.954,-0.407
-0.975,-0.447
-0.985,-0.478
-1.004,-0.496
-1.036,-0.507
-1.036,-0.507
-1.054,-0.503
-1.055,-0.525
-1.053,-0.523
-1.056,-0.547
-1.061,-0.552
-1.064,-0.575
-1.078,-0.589
-1.052,-0.585
-1.072,-0.625
-1.060,-0.613
-1.069,-0.642
-1.102,-0.675
-1.125,-0.676
-1.173,-0.723
-1.198,-0.747
-1.211,-0.780
-1.206,-0.798
-1.197,-0.789
-1.212,-0.804
-1.214,-0.785
-1.168,-0.783
-1.142,-0.778
-1.090,-0.770
-1.052,-0.795
-1.005,-0.790
-0.964,-0.751
-0.903,-0.694
-0.844,-0.676
-0.790,-0.724
-0.758,-0.767
-0.710,-0.778
-0.642,-0.736
-0.595,-0.673
-0.538,-0.603
-0.508,-0.574
-0.485,-0.592
-0.472,-0.638
-0.449,-0.694
-0.450,-0.738
-0.452,-0.763
-0.443,-0.798
-0.456,-0.792
-0.444,-0.820
-0.479,-0.838
-0.547,-0.824
-0.589,-0.844
-0.591,-0.870
-0.622,-0.876
-0.631,-0.905
-0.632,-0.927
-0.643,-0.940
-0.655,-0.974
-0.653,-1.010
-0.645,-1.046
-0.624,-1.068
-0.613,-1.097
-0.623,-1.148
-0.609,-1.173
-0.631,-1.216
-0.631,-1.237
-0.619,-1.224
-0.598,-1.205
-0.596,-1.179
-0.586,-1.191
-0.575,-1.160
-0.554,-1.161
-0.555,-1.163
-0.521,-1.150
-0.502,-1.155
-0.480,-1.135
-0.480,-1.135
-0.481,-1.118
-0.469,-1.082
-0.460,-1.055
-0.449,-1.023
-0.438,-0.991
-0.427,-0.982
-0.416,-0.969
-0.438,-0.971
-0.427,-0.960
-0.427,-0.960
-0.426,-0.956
-0.435,-0.962
-0.415,-0.926
-0.406,-0.897
-0.417,-0.888
-0.428,-0.879
-0.437,-0.864
-0.448,-0.875
-0.447,-0.872
-0.457,-0.879
-0.458,-0.862
-0.467,-0.867
-0.490,-0.871
-0.512,-0.872
-0.522,-0.863
-0.546,-0.867
-0.556,-0.875
-0.578,-0.877
-0.599,-0.897
-0.620,-0.895
-0.641,-0.916
-0.651,-0.922
-0.640,-0.933
-0.629,-0.943
-0.661,-0.954
-0.652,-0.925
-0.673,-0.924
-0.695,-0.925
-0.706,-0.915
-0.694,-0.903
-0.704,-0.912
-0.704,-0.869
-0.707,-0.855
-0.709,-0.837
-0.719,-0.825
-0.729,-0.814
-0.737,-0.819
-0.747,-0.787
-0.757,-0.756
-0.737,-0.716
-0.727,-0.706
-0.716,-0.674
-0.729,-0.626
-0.717,-0.593
-0.697,-0.573
-0.686,-0.543
-0.664,-0.500
-0.676,-0.491
-0.676,-0.471
-0.644,-0.418
-0.644,-0.419
-0.631,-0.404
-0.620,-0.374
-0.599,-0.353
-0.598,-0.332
-0.600,-0.334
-0.598,-0.332
-0.601,-0.314
-0.599,-0.312
-0.640,-0.310
-0.620,-0.270
-0.620,-0.270
-0.612,-0.262
-0.634,-0.263
-0.634,-0.263
-0.634,-0.263
-0.653,-0.260
-0.664,-0.250
-0.663,-0.249
-0.663,-0.249
-0.676,-0.241
-0.686,-0.208
-0.687,-0.210
-0.666,-0.189
-0.676,-0.179
-0.677,-0.159
-0.686,-0.167
-0.676,-0.179
-0.665,-0.168
-0.654,-0.178
-0.655,-0.158
-0.643,-0.167
-0.646,-0.170
-0.633,-0.157
-0.632,-0.177
-0.621,-0.167
-0.609,-0.155
-0.601,-0.147
-0.590,-0.136
-0.591,-0.137
-0.571,-0.119
-0.560,-0.129
-0.572,-0.119
-0.581,-0.128
-0.559,-0.127
-0.558,-0.107
-0.546,-0.074
-0.558,-0.065
-0.537,-0.044
-0.537,-0.044
-0.538,-0.024
-0.536,-0.023
-0.548,-0.034
-0.538,-0.024
-0.549,-0.014
-0.560, 0.017
-0.547,-0.012
-0.549,-0.014
-0.548,-0.034
-0.538,-0.024
-0.549,-0.014
-0.548,-0.034
-0.559,-0.044
-0.548,-0.034
-0.547,-0.054
-0.569,-0.054
-0.568,-0.094
-0.568,-0.116
-0.547,-0.116
-0.549,-0.117
-0.539,-0.129
-0.537,-0.148
-0.539,-0.191
-0.537,-0.232
-0.548,-0.263
-0.547,-0.283
-0.545,-0.302
-0.535,-0.333
-0.535,-0.333
-0.524,-0.344
-0.514,-0.376
-0.525,-0.387
-0.537,-0.440
-0.526,-0.451
-0.547,-0.491
-0.536,-0.502
-0.545,-0.531
-0.556,-0.562
-0.566,-0.551
-0.556,-0.562
-0.567,-0.573
-0.567,-0.594
-0.578,-0.605
-0.599,-0.603
-0.610,-0.616
-0.589,-0.637
-0.586,-0.631
-0.587,-0.634
-0.587,-0.612
-0.598,-0.645
-0.600,-0.647
-0.599,-0.667
-0.611,-0.660
-0.610,-0.657
-0.620,-0.665
-0.598,-0.645
-0.586,-0.631
-0.599,-0.603
-0.598,-0.581
-0.588,-0.572
-0.578,-0.563
-0.589,-0.552
-0.579,-0.544
-0.578,-0.522
-0.578,-0.563
-0.568,-0.554
-0.588,-0.530
-0.589,-0.511
-0.557,-0.500
-0.567,-0.490
-0.557,-0.480
-0.567,-0.468
-0.568,-0.470
-0.567,-0.468
-0.568,-0.469
-0.546,-0.468
-0.543,-0.465
-0.557,-0.458
-0.527,-0.430
-0.527,-0.410
-0.516,-0.420
-0.515,-0.439
-0.527,-0.430
-0.525,-0.406
-0.525,-0.406
-0.525,-0.406
-0.513,-0.395
-0.515,-0.355
-0.504,-0.365
-0.515,-0.335
-0.505,-0.346
-0.515,-0.335
-0.526,-0.325
-0.515,-0.314
-0.515,-0.314
-0.516,-0.294
-0.483,-0.304
-0.495,-0.275
-0.494,-0.273
-0.505,-0.263
-0.516,-0.252
-0.515,-0.272
-0.516,-0.252
-0.514,-0.251
-0.526,-0.262
-0.526,-0.262
-0.535,-0.270
-0.547,-0.261
-0.525,-0.241
-0.538,-0.253
-0.528,-0.265
-0.538,-0.274
-0.550,-0.286
-0.558,-0.273
-0.557,-0.293
-0.547,-0.283
-0.546,-0.281
-0.557,-0.293
-0.546,-0.281
-0.579,-0.272
-0.569,-0.262
-0.569,-0.262
-0.591,-0.262
-0.589,-0.262
-0.612,-0.283
-0.622,-0.272
-0.632,-0.260
-0.633,-0.262
-0.621,-0.230
-0.633,-0.241
-0.655,-0.200
-0.654,-0.199
-0.676,-0.179
-0.676,-0.157
-0.708,-0.168
-0.708,-0.147
-0.718,-0.135
-0.730,-0.126
-0.718,-0.094
-0.730,-0.084
-0.722,-0.034
-0.721,-0.054
-0.722,-0.034
-0.709,-0.022
-0.731,-0.023
-0.720,-0.012
-0.718,-0.011
-0.719,-0.012
-0.706, 0.000
-0.676, 0.009
-0.676, 0.051
-0.686, 0.041
-0.688, 0.060
-0.688, 0.081
-0.710, 0.060
-0.709, 0.061
-0.697, 0.072
-0.698, 0.092
-0.709, 0.103
-0.699, 0.113
-0.700, 0.133
-0.688, 0.144
-0.689, 0.164
-0.678, 0.175
-0.668, 0.185
-0.667, 0.206
-0.646, 0.205
-0.647, 0.226
-0.667, 0.247
-0.655, 0.237
-0.645, 0.247
-0.625, 0.268
-0.605, 0.288
-0.606, 0.308
-0.618, 0.318
-0.596, 0.318
-0.594, 0.340
-0.594, 0.340
-0.623, 0.330
-0.603, 0.351
-0.614, 0.402
-0.582, 0.412
-0.563, 0.454
-0.551, 0.464
-0.552, 0.485
-0.553, 0.505
-0.553, 0.505
-0.563, 0.537
-0.551, 0.526
-0.531, 0.547
-0.530, 0.567
-0.529, 0.588
-0.531, 0.630
-0.530, 0.609
-0.521, 0.640
-0.521, 0.640
-0.531, 0.629
-0.521, 0.640
-0.530, 0.650
-0.520, 0.661
-0.519, 0.660
-0.519, 0.660
-0.531, 0.671
-0.510, 0.691
-0.501, 0.702
-0.501, 0.723
-0.490, 0.692
-0.512, 0.692
-0.499, 0.681
-0.510, 0.671
-0.488, 0.671
-0.498, 0.660
-0.488, 0.671
-0.487, 0.670
-0.489, 0.671
-0.468, 0.650
-0.467, 0.629
-0.468, 0.609
-0.478, 0.598
-0.478, 0.557
-0.467, 0.546
-0.466, 0.484
-0.467, 0.463
-0.455, 0.453
-0.467, 0.422
-0.466, 0.401
-0.466, 0.360
-0.467, 0.359
-0.476, 0.329
-0.477, 0.308
-0.497, 0.287
-0.508, 0.256
-0.508, 0.256
-0.496, 0.246
-0.498, 0.225
-0.476, 0.204
-0.477, 0.203
-0.468, 0.171
-0.499, 0.183
-0.488, 0.172
-0.487, 0.173
-0.496, 0.164
-0.497, 0.163
-0.496, 0.164
-0.497, 0.163
-0.508, 0.194
-0.498, 0.204
-0.498, 0.204
-0.487, 0.215
-0.498, 0.204
-0.509, 0.215
-0.509, 0.215
-0.509, 0.215
-0.518, 0.184
-0.520, 0.225
-0.508, 0.215
-0.518, 0.226
-0.530, 0.215
-0.540, 0.225
-0.562, 0.225
-0.573, 0.236
-0.583, 0.226
-0.605, 0.247
-0.603, 0.247
-0.637, 0.257
-0.658, 0.258
-0.669, 0.268
-0.679, 0.279
-0.700, 0.300
-0.693, 0.330
-0.704, 0.340
-0.704, 0.340
-0.716, 0.351
-0.714, 0.351
-0.714, 0.372
-0.701, 0.362
-0.711, 0.352
-0.711, 0.372
-0.721, 0.383
-0.724, 0.362
-0.703, 0.362
-0.715, 0.351
-0.704, 0.340
-0.703, 0.320
-0.715, 0.309
-0.714, 0.289
-0.713, 0.268
-0.702, 0.258
-0.700, 0.238
-0.680, 0.216
-0.679, 0.196
-0.669, 0.185
-0.691, 0.185
-0.689, 0.144
-0.680, 0.133
-0.668, 0.102
-0.668, 0.082
-0.689, 0.061
-0.698, 0.031
-0.710,-0.001
-0.698,-0.011
-0.729,-0.041
-0.741,-0.052
-0.741,-0.073
-0.755,-0.064
-0.744,-0.054
-0.776,-0.064
-0.777,-0.086
-0.797,-0.105
-0.796,-0.125
-0.816,-0.124
-0.816,-0.124
-0.837,-0.103
-0.848,-0.093
-0.839,-0.105
-0.838,-0.083
-0.839,-0.105
-0.829,-0.095
-0.849,-0.073
-0.850,-0.094
-0.860,-0.104
-0.860,-0.104
-0.850,-0.094
-0.848,-0.093
-0.849,-0.073
-0.838,-0.083
-0.829,-0.073
-0.819,-0.063
-0.806,-0.073
-0.797,-0.084
-0.795,-0.083
-0.796,-0.084
-0.774,-0.063
-0.763,-0.052
-0.753,-0.063
-0.741,-0.031
-0.722,-0.033
-0.714, 0.018
-0.702, 0.008
-0.703, 0.007
-0.691, 0.039
-0.680, 0.029
-0.679, 0.030
-0.645, 0.041
-0.635, 0.051
-0.624, 0.062
-0.626, 0.060
-0.595, 0.070
-0.595, 0.070
-0.575, 0.089
-0.573, 0.070
-0.583, 0.060
-0.560, 0.040
-0.559, 0.020
-0.562, 0.018
-0.561, 0.039
-0.563,-0.004
-0.573, 0.006
-0.551,-0.013
-0.562,-0.024
-0.581,-0.023
-0.561,-0.065
-0.582,-0.044
-0.581,-0.064
-0.603,-0.065
-0.624,-0.064
-0.623,-0.085
-0.623,-0.084
-0.644,-0.084
-0.647,-0.044
-0.648,-0.024
-0.670,-0.045
-0.671,-0.046
-0.701,-0.054
-0.711,-0.064
-0.730,-0.062
-0.741,-0.052
-0.729,-0.042
-0.729,-0.041
-0.752,-0.021
-0.742,-0.011
-0.776,-0.001
-0.775,-0.001
-0.775, 0.020
-0.775,-0.001
-0.785, 0.010
-0.786, 0.009
-0.797, 0.020
-0.796, 0.041
-0.776, 0.061
-0.785, 0.072
-0.786, 0.072
-0.786, 0.092
-0.774, 0.103
-0.785, 0.114
-0.773, 0.104
-0.775, 0.124
-0.786, 0.134
-0.784, 0.135
-0.794, 0.125
-0.773, 0.145
-0.776, 0.144
-0.767, 0.154
-0.767, 0.133
-0.768, 0.133
-0.765, 0.113
-0.754, 0.102
-0.753, 0.082
-0.764, 0.093
-0.753, 0.082
-0.753, 0.082
-0.765, 0.071
-0.743, 0.071
-0.764, 0.051
-0.765, 0.029
-0.754, 0.019
-0.744, 0.008
-0.764, 0.009
-0.763,-0.011
-0.765,-0.012
-0.762,-0.031
-0.744,-0.033
-0.754,-0.022
-0.753,-0.043
-0.743,-0.053
-0.752,-0.063
-0.763,-0.094
-0.753,-0.084
-0.762,-0.114
-0.772,-0.124
-0.760,-0.113
-0.774,-0.105
-0.765,-0.095
-0.776,-0.106
-0.788,-0.117
-0.786,-0.116
-0.775,-0.126
-0.806,-0.135
-0.783,-0.135
-0.774,-0.105
-0.751,-0.083
-0.764,-0.074
-0.764,-0.053
-0.763,-0.073
-0.754,-0.064
-0.763,-0.073
-0.764,-0.095
-0.753,-0.084
-0.753,-0.084
-0.732,-0.105
-0.752,-0.104
-0.743,-0.116
-0.732,-0.126
-0.721,-0.137
-0.733,-0.147
-0.730,-0.167
-0.743,-0.199
-0.731,-0.230
-0.720,-0.240
-0.719,-0.259
-0.718,-0.279
-0.711,-0.272
-0.700,-0.282
-0.679,-0.283
-0.691,-0.295
-0.710,-0.314
-0.700,-0.325
-0.677,-0.323
-0.698,-0.323
-0.677,-0.344
-0.665,-0.332
-0.667,-0.334
-0.666,-0.354
-0.655,-0.365
-0.668,-0.356
-0.655,-0.365
-0.656,-0.386
-0.666,-0.396
-0.667,-0.417
-0.667,-0.397
-0.666,-0.395
-0.667,-0.397
-0.656,-0.386
-0.645,-0.396
-0.667,-0.397
-0.654,-0.384
-0.656,-0.385
-0.655,-0.365
-0.654,-0.384
-0.654,-0.404
-0.664,-0.393
-0.646,-0.377
-0.636,-0.367
-0.647,-0.398
-0.669,-0.399
-0.668,-0.376
-0.678,-0.387
-0.656,-0.385
-0.665,-0.373
-0.667,-0.375
-0.665,-0.373
-0.645,-0.355
-0.656,-0.344
-0.657,-0.366
-0.667,-0.356
-0.677,-0.364
-0.679,-0.366
-0.667,-0.375
-0.678,-0.386
-0.679,-0.408
-0.666,-0.417
-0.678,-0.428
-0.666,-0.437
-0.688,-0.438
-0.667,-0.439
-0.676,-0.468
-0.678,-0.470
-0.687,-0.500
-0.687,-0.500
-0.686,-0.520
-0.683,-0.556
-0.706,-0.579
-0.696,-0.571
-0.710,-0.564
-0.721,-0.596
-0.720,-0.616
-0.721,-0.638
-0.707,-0.665
-0.728,-0.664
-0.698,-0.656
-0.707,-0.644
-0.676,-0.614
-0.686,-0.582
-0.676,-0.572
-0.676,-0.552
-0.676,-0.572
-0.687,-0.584
-0.676,-0.572
-0.686,-0.582
-0.676,-0.594
-0.707,-0.561
-0.697,-0.552
-0.676,-0.531
-0.666,-0.521
-0.645,-0.501
-0.665,-0.500
-0.645,-0.501
-0.654,-0.510
-0.634,-0.511
-0.612,-0.491
-0.600,-0.500
-0.592,-0.492
-0.580,-0.501
-0.581,-0.502
-0.569,-0.511
-0.569,-0.511
-0.559,-0.523
-0.567,-0.508
-0.568,-0.508
-0.548,-0.490
-0.527,-0.491
-0.528,-0.494
-0.528,-0.494
-0.529,-0.516
-0.537,-0.523
-0.514,-0.520
-0.504,-0.510
-0.503,-0.488
-0.526,-0.448
-0.516,-0.438
-0.516,-0.438
-0.528,-0.430
-0.516,-0.418
-0.527,-0.408
-0.560,-0.398
-0.569,-0.386
-0.560,-0.357
-0.558,-0.355
-0.571,-0.367
-0.582,-0.356
-0.592,-0.325
-0.593,-0.305
-0.591,-0.303
-0.591,-0.303
-0.613,-0.282
-0.603,-0.272
-0.593,-0.263
-0.603,-0.272
-0.582,-0.273
-0.583,-0.253
-0.581,-0.252
-0.572,-0.243
-0.581,-0.252
-0.593,-0.262
-0.571,-0.262
-0.591,-0.261
-0.580,-0.292
-0.589,-0.300
-0.581,-0.314
-0.571,-0.284
-0.571,-0.284
-0.573,-0.286
-0.593,-0.305
-0.582,-0.316
-0.602,-0.293
-0.601,-0.291
-0.612,-0.303
-0.611,-0.280
-0.624,-0.272
-0.612,-0.261
-0.612,-0.261
-0.636,-0.263
-0.624,-0.272
-0.635,-0.284
-0.656,-0.283
-0.666,-0.313
-0.678,-0.325
-0.676,-0.323
-0.709,-0.334
-0.708,-0.334
-0.719,-0.364
-0.731,-0.376
-0.740,-0.364
-0.761,-0.385
-0.751,-0.375
-0.783,-0.405
-0.774,-0.397
-0.805,-0.406
-0.806,-0.407
-0.805,-0.406
-0.826,-0.425
-0.827,-0.407
-0.825,-0.405
-0.816,-0.417
-0.825,-0.405
-0.833,-0.411
-0.856,-0.413
-0.835,-0.414
-0.839,-0.418
-0.851,-0.429
-0.851,-0.429
-0.851,-0.450
-0.848,-0.468
-0.836,-0.499
-0.825,-0.487
-0.845,-0.487
-0.836,-0.477
-0.847,-0.446
-0.849,-0.427
-0.837,-0.416
-0.847,-0.425
-0.838,-0.437
-0.837,-0.457
-0.817,-0.480
-0.827,-0.490
-0.827,-0.490
-0.817,-0.480
-0.805,-0.468
-0.817,-0.480
-0.795,-0.479
-0.784,-0.490
-0.774,-0.481
-0.750,-0.477
-0.782,-0.488
-0.760,-0.487
-0.760,-0.446
-0.741,-0.427
-0.729,-0.415
-0.720,-0.386
-0.708,-0.353
-0.697,-0.363
-0.697,-0.322
-0.695,-0.320
-0.697,-0.322
-0.686,-0.291
-0.666,-0.272
-0.658,-0.243
-0.645,-0.251
-0.647,-0.253
-0.635,-0.242
-0.656,-0.241
-0.635,-0.220
-0.634,-0.198
-0.624,-0.189
-0.624,-0.189
-0.613,-0.178
-0.603,-0.148
-0.592,-0.137
-0.593,-0.118
-0.593,-0.097
-0.604,-0.087
-0.594,-0.077
-0.592,-0.054
-0.615,-0.034
-0.614,-0.013
-0.614,-0.013
-0.626,-0.003
-0.625,-0.002
-0.625,-0.002
-0.614, 0.008
-0.636, 0.029
-0.637, 0.028
-0.658, 0.008
-0.648, 0.018
-0.658, 0.008
-0.669, 0.018
-0.669,-0.003
-0.668,-0.002
-0.668,-0.002
-0.678, 0.009
-0.688,-0.001
-0.688,-0.001
-0.708,-0.021
-0.712,-0.002
-0.714,-0.004
-0.725,-0.014
-0.724,-0.014
-0.752,-0.021
-0.792,-0.061
-0.787,-0.078
-0.818,-0.067
-0.833,-0.060
-0.868,-0.030
-0.893,-0.032
-0.893,-0.053
-0.924,-0.083
-0.920,-0.122
-0.926,-0.129
-0.917,-0.141
-0.874,-0.120
-0.907,-0.152
-0.910,-0.175
-0.909,-0.195
-0.911,-0.197
-0.908,-0.194
-0.918,-0.204
-0.885,-0.172
-0.863,-0.172
-0.835,-0.143
-0.814,-0.123
-0.796,-0.084
-0.799,-0.065
-0.798,-0.043
-0.765,-0.054
-0.761,-0.051
-0.750,-0.061
-0.750,-0.061
-0.737,-0.050
-0.737,-0.050
-0.727,-0.040
-0.727,-0.040
-0.716,-0.050
-0.708,-0.020
-0.694, 0.016
-0.701, 0.054
-0.705, 0.073
-0.729, 0.072
-0.705, 0.073
-0.694, 0.063
-0.701, 0.054
-0.718, 0.057
-0.749, 0.048
-0.769, 0.048
-0.782, 0.058
-0.801, 0.059
-0.830, 0.030
-0.837, 0.001
-0.856,-0.019
-0.880,-0.020
-0.859,-0.041
-0.862,-0.064
-0.850,-0.095
-0.848,-0.135
-0.807,-0.136
-0.796,-0.147
-0.790,-0.160
-0.770,-0.140
-0.725,-0.139
-0.713,-0.128
-0.679,-0.117
-0.638,-0.118
-0.605,-0.129
-0.539,-0.148
-0.508,-0.160
-0.444,-0.140
-0.446,-0.101
-0.427,-0.082
-0.427,-0.082
-0.404,-0.125
-0.381,-0.143
-0.349,-0.176
-0.328,-0.177
-0.319,-0.147
-0.300,-0.109
-0.279,-0.069
-0.301,-0.047
-0.296,-0.061
-0.312,-0.075
-0.308,-0.089
-0.305,-0.064
-0.307,-0.005
-0.319, 0.065
-0.321, 0.124
-0.336, 0.171
-0.363, 0.231
-0.387, 0.230
-0.384, 0.168
-0.401, 0.089
-0.375, 0.011
-0.361,-0.017
-0.383,-0.017
-0.394,-0.028
-0.445,-0.057
-0.488,-0.119
-0.510,-0.141
-0.495,-0.169
-0.508,-0.202
-0.506,-0.262
-0.516,-0.314
-0.516,-0.354
-0.519,-0.338
-0.531,-0.329
-0.541,-0.338
-0.541,-0.338
-0.539,-0.336
-0.540,-0.316
-0.539,-0.336
-0.539,-0.313
-0.551,-0.305
-0.560,-0.272
-0.562,-0.252
-0.572,-0.242
-0.572,-0.262
-0.583,-0.252
-0.592,-0.261
-0.604,-0.273
-0.603,-0.293
-0.623,-0.312
-0.622,-0.332
-0.611,-0.321
-0.612,-0.323
-0.633,-0.321
-0.632,-0.300
-0.634,-0.302
-0.600,-0.290
-0.593,-0.304
-0.603,-0.294
-0.592,-0.283
-0.594,-0.265
-0.572,-0.264
-0.561,-0.275
-0.550,-0.263
-0.517,-0.273
-0.496,-0.315
-0.463,-0.345
-0.453,-0.377
-0.441,-0.407
-0.431,-0.439
-0.464,-0.471
-0.462,-0.510
-0.462,-0.553
-0.484,-0.574
-0.493,-0.624
-0.505,-0.636
-0.525,-0.654
-0.558,-0.645
-0.580,-0.645
-0.602,-0.646
-0.613,-0.658
-0.621,-0.664
-0.632,-0.654
-0.623,-0.646
-0.612,-0.636
-0.593,-0.598
-0.583,-0.589
-0.583,-0.589
-0.551,-0.578
-0.550,-0.556
-0.507,-0.534
-0.484,-0.489
-0.463,-0.449
-0.441,-0.427
-0.452,-0.418
-0.442,-0.409
-0.431,-0.398
-0.443,-0.389
-0.432,-0.399
-0.421,-0.410
-0.443,-0.431
-0.420,-0.450
-0.432,-0.482
-0.442,-0.512
-0.442,-0.534
-0.441,-0.554
-0.440,-0.594
-0.463,-0.617
-0.473,-0.668
-0.471,-0.707
-0.493,-0.727
-0.514,-0.748
-0.505,-0.742
-0.516,-0.753
-0.517,-0.776
-0.527,-0.785
-0.525,-0.802
-0.547,-0.822
-0.556,-0.810
-0.556,-0.810
-0.578,-0.811
-0.556,-0.810
-0.557,-0.813
-0.567,-0.822
-0.579,-0.833
-0.590,-0.846
-0.599,-0.873
-0.612,-0.867
-0.622,-0.855
-0.611,-0.886
-0.622,-0.897
-0.621,-0.894
-0.632,-0.906
-0.642,-0.894
-0.654,-0.885
-0.654,-0.885
-0.651,-0.902
-0.663,-0.914
-0.653,-0.863
-0.665,-0.876
-0.667,-0.858
-0.687,-0.877
-0.688,-0.880
-0.697,-0.866
-0.696,-0.864
-0.686,-0.853
-0.684,-0.829
-0.685,-0.832
-0.696,-0.821
-0.675,-0.823
-0.676,-0.804
-0.653,-0.821
-0.676,-0.845
-0.674,-0.842
-0.685,-0.874
-0.675,-0.864
-0.652,-0.882
-0.654,-0.885
-0.652,-0.884
-0.642,-0.916
-0.631,-0.905
-0.642,-0.894
-0.622,-0.918
-0.619,-0.934
-0.619,-0.934
-0.599,-0.916
-0.588,-0.905
-0.569,-0.910
-0.569,-0.909
-0.559,-0.901
-0.569,-0.889
-0.546,-0.885
-0.547,-0.866
-0.524,-0.842
-0.524,-0.842
-0.503,-0.802
-0.503,-0.780
-0.505,-0.763
-0.504,-0.741
-0.504,-0.741
-0.515,-0.710
-0.504,-0.698
-0.505,-0.659
-0.494,-0.668
-0.494,-0.647
-0.484,-0.617
-0.493,-0.604
-0.494,-0.564
-0.482,-0.572
-0.494,-0.564
-0.506,-0.533
-0.494,-0.522
-0.517,-0.523
-0.493,-0.520
-0.505,-0.490
-0.485,-0.493
-0.474,-0.482
-0.464,-0.515
-0.463,-0.493
-0.464,-0.515
-0.463,-0.493
-0.461,-0.469
-0.452,-0.440
-0.441,-0.428
-0.451,-0.418
-0.452,-0.398
-0.441,-0.386
-0.443,-0.368
-0.453,-0.336
-0.465,-0.327
-0.475,-0.317
-0.485,-0.305
-0.486,-0.306
-0.484,-0.283
-0.485,-0.305
-0.486,-0.284
-0.484,-0.283
-0.507,-0.263
-0.517,-0.273
-0.528,-0.284
-0.528,-0.284
-0.538,-0.313
-0.539,-0.315
-0.527,-0.324
-0.538,-0.336
-0.539,-0.357
-0.538,-0.376
-0.550,-0.388
-0.538,-0.397
-0.548,-0.429
-0.557,-0.457
-0.569,-0.469
-0.560,-0.441
-0.560,-0.440
-0.550,-0.473
-0.560,-0.463
-0.580,-0.481
-0.592,-0.492
-0.579,-0.479
-0.601,-0.479
-0.580,-0.459
-0.590,-0.468
-0.581,-0.440
-0.580,-0.459
-0.581,-0.460
-0.602,-0.481
-0.602,-0.501
-0.613,-0.513
-0.601,-0.521
-0.613,-0.533
-0.612,-0.512
-0.600,-0.541
-0.591,-0.553
-0.589,-0.572
-0.579,-0.584
-0.579,-0.584
-0.589,-0.572
-0.590,-0.574
-0.600,-0.582
-0.602,-0.585
-0.602,-0.585
-0.601,-0.604
-0.591,-0.596
-0.589,-0.594
-0.579,-0.584
-0.590,-0.574
-0.590,-0.573
-0.602,-0.565
-0.601,-0.563
-0.602,-0.543
-0.602,-0.543
-0.610,-0.529
-0.600,-0.519
-0.611,-0.488
-0.592,-0.472
-0.615,-0.473
-0.603,-0.462
-0.593,-0.452
-0.580,-0.440
-0.581,-0.440
-0.558,-0.417
-0.558,-0.417
-0.538,-0.397
-0.537,-0.376
-0.538,-0.377
-0.517,-0.398
-0.516,-0.378
-0.496,-0.400
-0.506,-0.388
-0.506,-0.409
-0.517,-0.398
-0.517,-0.398
-0.506,-0.409
-0.495,-0.398
-0.496,-0.400
-0.485,-0.388
-0.506,-0.388
-0.506,-0.368
-0.505,-0.366
-0.506,-0.368
-0.506,-0.346
-0.495,-0.356
-0.506,-0.346
-0.494,-0.335
-0.506,-0.347
-0.484,-0.326
-0.506,-0.346
-0.506,-0.326
-0.516,-0.335
-0.517,-0.315
-0.517,-0.315
-0.528,-0.305
-0.516,-0.314
-0.535,-0.312
-0.548,-0.303
-0.527,-0.303
-0.528,-0.305
-0.529,-0.307
-0.539,-0.295
-0.539,-0.317
-0.538,-0.315
-0.548,-0.324
-0.537,-0.313
-0.536,-0.333
-0.537,-0.335
-0.527,-0.284
-0.538,-0.315
-0.528,-0.284
-0.516,-0.294
-0.539,-0.316
-0.539,-0.294
-0.559,-0.293
-0.549,-0.284
-0.548,-0.283
-0.560,-0.273
-0.559,-0.252
-0.570,-0.242
-0.560,-0.232
-0.571,-0.221
-0.560,-0.190
-0.560,-0.169
-0.560,-0.169
-0.571,-0.138
-0.580,-0.126
-0.582,-0.128
-0.571,-0.096
-0.571,-0.096
-0.582,-0.086
-0.581,-0.065
-0.583,-0.065
-0.582,-0.045
-0.581,-0.064
-0.593,-0.033
-0.581,-0.023
-0.583,-0.004
-0.595, 0.027
-0.607, 0.037
-0.597, 0.047
-0.605, 0.060
-0.627, 0.059
-0.615, 0.091
-0.605, 0.102
-0.595, 0.112
-0.583, 0.143
-0.585, 0.163
-0.553, 0.173
-0.541, 0.184
-0.542, 0.204
-0.542, 0.204
-0.542, 0.204
-0.520, 0.205
-0.531, 0.215
-0.510, 0.214
-0.488, 0.214
-0.489, 0.214
-0.499, 0.204
-0.498, 0.163
-0.488, 0.173
-0.466, 0.173
-0.467, 0.172
-0.455, 0.163
-0.456, 0.141
-0.456, 0.141
-0.445, 0.131
-0.445, 0.131
-0.434, 0.100
-0.455, 0.080
-0.444, 0.069
-0.443, 0.050
-0.455, 0.038
-0.444, 0.027
-0.446, 0.026
-0.435, 0.015
-0.445,-0.015
-0.468,-0.037
-0.444,-0.036
-0.443,-0.096
-0.443,-0.117
-0.453,-0.127
-0.443,-0.117
-0.432,-0.127
-0.433,-0.129
-0.433,-0.129
-0.423,-0.139
-0.412,-0.171
-0.412,-0.150
-0.423,-0.181
-0.401,-0.161
-0.411,-0.170
-0.391,-0.171
-0.379,-0.139
-0.369,-0.150
-0.369,-0.150
-0.369,-0.170
-0.379,-0.160
-0.379,-0.160
-0.369,-0.171
-0.379,-0.160
-0.390,-0.170
-0.390,-0.150
-0.379,-0.139
-0.390,-0.170
-0.400,-0.160
-0.411,-0.191
-0.411,-0.191
-0.453,-0.189
-0.464,-0.180
-0.433,-0.171
-0.455,-0.192
-0.446,-0.225
-0.476,-0.212
-0.487,-0.244
-0.496,-0.232
-0.506,-0.220
-0.496,-0.231
-0.485,-0.199
-0.496,-0.210
-0.518,-0.210
-0.507,-0.221
-0.519,-0.213
-0.508,-0.201
-0.540,-0.212
-0.529,-0.222
-0.539,-0.210
-0.562,-0.212
-0.539,-0.210
-0.550,-0.221
-0.539,-0.210
-0.560,-0.231
-0.561,-0.211
-0.559,-0.209
-0.561,-0.211
-0.561,-0.190
-0.571,-0.220
-0.551,-0.201
-0.560,-0.189
-0.551,-0.201
-0.539,-0.190
-0.528,-0.179
-0.518,-0.170
-0.518,-0.169
-0.528,-0.179
-0.517,-0.147
-0.518,-0.127
-0.509,-0.120
-0.476,-0.129
-0.488,-0.099
-0.477,-0.109
-0.466,-0.098
-0.455,-0.087
-0.443,-0.096
-0.433,-0.067
-0.411,-0.025
-0.411,-0.024
-0.391,-0.005
-0.391, 0.017
-0.391, 0.016
-0.380, 0.026
-0.380, 0.048
-0.370, 0.036
-0.369, 0.037
-0.370, 0.036
-0.359, 0.047
-0.370, 0.058
-0.359, 0.047
-0.369, 0.059
-0.370, 0.058
-0.380, 0.048
-0.380, 0.027
-0.380, 0.026
-0.391, 0.017
-0.380,-0.015
-0.390,-0.025
-0.380,-0.036
-0.401,-0.056
-0.411,-0.045
-0.390,-0.067
-0.421,-0.075
-0.432,-0.107
-0.433,-0.108
-0.444,-0.098
-0.456,-0.110
-0.445,-0.120
-0.466,-0.119
-0.477,-0.151
-0.485,-0.179
-0.485,-0.179
-0.485,-0.179
-0.495,-0.188
-0.507,-0.180
-0.506,-0.179
-0.508,-0.201
-0.508,-0.201
-0.518,-0.211
-0.530,-0.244
-0.550,-0.263
-0.561,-0.274
-0.560,-0.273
-0.581,-0.272
-0.582,-0.273
-0.591,-0.261
-0.626,-0.253
-0.635,-0.241
-0.624,-0.251
-0.636,-0.263
-0.624,-0.251
-0.636,-0.263
-0.624,-0.251
-0.656,-0.262
-0.657,-0.242
-0.655,-0.260
-0.656,-0.282
-0.645,-0.272
-0.625,-0.273
-0.648,-0.253
-0.637,-0.264
-0.627,-0.255
-0.626,-0.274
-0.615,-0.263
-0.625,-0.273
-0.601,-0.270
-0.603,-0.252
-0.581,-0.230
-0.592,-0.241
-0.582,-0.232
-0.571,-0.220
-0.572,-0.222
-0.571,-0.200
-0.571,-0.200
-0.572,-0.180
-0.571,-0.200
-0.572,-0.180
-0.561,-0.169
-0.572,-0.180
-0.583,-0.169
-0.561,-0.169
-0.562,-0.170
-0.550,-0.179
-0.550,-0.179
-0.561,-0.190
-0.560,-0.189
-0.551,-0.201
-0.551,-0.201
-0.539,-0.190
-0.528,-0.179
-0.528,-0.178
-0.519,-0.170
-0.498,-0.191
-0.499,-0.192
-0.488,-0.182
-0.498,-0.191
-0.508,-0.201
-0.496,-0.190
-0.474,-0.189
-0.464,-0.179
-0.463,-0.179
-0.465,-0.160
-0.465,-0.139
-0.455,-0.150
-0.445,-0.140
-0.454,-0.149
-0.455,-0.150
-0.454,-0.149
-0.454,-0.170
-0.465,-0.160
-0.454,-0.170
-0.455,-0.150
-0.465,-0.159
-0.465,-0.159
-0.476,-0.149
-0.464,-0.159
-0.486,-0.180
-0.475,-0.169
-0.485,-0.179
-0.486,-0.181
-0.475,-0.169
-0.485,-0.179
-0.495,-0.188
-0.476,-0.191
-0.476,-0.171
-0.476,-0.171
-0.477,-0.172
-0.476,-0.171
-0.508,-0.160
-0.497,-0.170
-0.496,-0.168
-0.486,-0.159
-0.496,-0.127
-0.485,-0.138
-0.475,-0.128
-0.485,-0.138
-0.476,-0.129
-0.486,-0.138
-0.498,-0.150
-0.498,-0.150
-0.486,-0.159
-0.497,-0.170
-0.497,-0.148
-0.497,-0.170
-0.497,-0.170
-0.507,-0.158
-0.508,-0.160
-0.518,-0.169
-0.519,-0.149
-0.529,-0.159
-0.529,-0.158
-0.529,-0.159
-0.539,-0.148
-0.529,-0.139
-0.528,-0.137
-0.528,-0.116
-0.519,-0.087
-0.520,-0.066
-0.520,-0.067
-0.531,-0.056
-0.552,-0.056
-0.542,-0.046
-0.540,-0.024
-0.529,-0.034
-0.540,-0.003
-0.518,-0.023
-0.508,-0.014
-0.518,-0.003
-0.519,-0.024
-0.519,-0.024
-0.529,-0.034
-0.509,-0.056
-0.519,-0.066
-0.519,-0.107
-0.529,-0.117
-0.507,-0.158
-0.519,-0.170
-0.507,-0.180
-0.518,-0.191
-0.518,-0.190
-0.518,-0.210
-0.529,-0.222
-0.517,-0.231
-0.529,-0.222
-0.529,-0.222
-0.539,-0.231
-0.529,-0.222
-0.517,-0.231
-0.528,-0.242
-0.517,-0.230
-0.517,-0.231
-0.508,-0.223
-0.497,-0.233
-0.488,-0.245
-0.498,-0.234
-0.486,-0.243
-0.486,-0.264
-0.485,-0.262
-0.475,-0.252
-0.453,-0.253
-0.463,-0.262
-0.453,-0.274
-0.442,-0.263
-0.465,-0.285
-0.454,-0.296
-0.453,-0.316
-0.475,-0.317
-0.453,-0.336
-0.475,-0.336
-0.464,-0.347
-0.474,-0.356
-0.464,-0.368
-0.474,-0.356
-0.485,-0.368
-0.485,-0.368
-0.495,-0.377
-0.507,-0.389
-0.505,-0.386
-0.495,-0.377
-0.495,-0.377
-0.495,-0.377
-0.497,-0.379
-0.505,-0.386
-0.506,-0.387
-0.506,-0.367
-0.506,-0.367
-0.497,-0.359
-0.508,-0.348
-0.509,-0.350
-0.487,-0.349
-0.485,-0.345
-0.474,-0.355
-0.462,-0.323
-0.463,-0.325
-0.453,-0.315
-0.453,-0.315
-0.444,-0.328
-0.432,-0.316
-0.444,-0.328
-0.465,-0.327
-0.464,-0.346
-0.454,-0.358
-0.442,-0.346
-0.453,-0.357
-0.464,-0.368
-0.464,-0.346
-0.475,-0.336
-0.485,-0.345
-0.485,-0.367
-0.485,-0.345
-0.507,-0.346
-0.486,-0.347
-0.507,-0.346
-0.517,-0.378
-0.528,-0.367
-0.507,-0.388
-0.517,-0.397
-0.537,-0.374
-0.529,-0.388
-0.529,-0.369
-0.529,-0.369
-0.531,-0.370
-0.540,-0.378
-0.529,-0.369
-0.517,-0.356
-0.506,-0.366
-0.518,-0.336
-0.517,-0.313
-0.485,-0.325
-0.496,-0.294
-0.475,-0.295
-0.476,-0.296
-0.464,-0.305
-0.476,-0.296
-0.465,-0.285
-0.475,-0.295
-0.475,-0.295
-0.486,-0.284
-0.497,-0.295
-0.485,-0.305
-0.496,-0.294
-0.497,-0.295
-0.507,-0.304
-0.507,-0.305
-0.508,-0.285
-0.518,-0.274
-0.518,-0.253
-0.528,-0.262
-0.518,-0.274
-0.540,-0.253
-0.550,-0.263
-0.549,-0.241
-0.549,-0.219
-0.561,-0.232
-0.573,-0.202
-0.563,-0.192
-0.553,-0.182
-0.573,-0.160
-0.573,-0.139
-0.572,-0.138
-0.571,-0.116
-0.551,-0.097
-0.529,-0.075
-0.519,-0.045
-0.508,-0.034
-0.508,-0.034
-0.509,-0.014
-0.487,-0.014
-0.478,-0.005
-0.477,-0.025
-0.477,-0.025
-0.467,-0.036
-0.455,-0.025
-0.444,-0.036
-0.444,-0.035
-0.444,-0.056
-0.423,-0.057
-0.433,-0.087
-0.423,-0.078
-0.444,-0.077
-0.423,-0.098
-0.444,-0.098
-0.454,-0.107
-0.444,-0.119
-0.432,-0.128
-0.443,-0.118
-0.455,-0.109
-0.453,-0.127
-0.475,-0.128
-0.454,-0.107
-0.466,-0.098
-0.467,-0.099
-0.466,-0.098
-0.488,-0.099
-0.498,-0.108
-0.509,-0.097
-0.497,-0.107
-0.507,-0.075
-0.497,-0.065
-0.507,-0.055
-0.497,-0.045
-0.520,-0.046
-0.508,-0.034
-0.520,-0.046
-0.508,-0.035
-0.520,-0.046
-0.530,-0.076
-0.518,-0.086
-0.531,-0.098
-0.529,-0.097
-0.519,-0.107
-0.530,-0.097
-0.529,-0.097
-0.541,-0.108
-0.529,-0.117
-0.540,-0.128
-0.529,-0.139
-0.519,-0.149
-0.510,-0.140
-0.497,-0.128
-0.498,-0.149
-0.497,-0.148
-0.507,-0.138
-0.497,-0.148
-0.475,-0.148
-0.497,-0.128
-0.488,-0.120
-0.466,-0.119
-0.478,-0.131
-0.466,-0.119
-0.476,-0.129
-0.454,-0.129
-0.453,-0.127
-0.454,-0.129
-0.453,-0.127
-0.432,-0.128
-0.444,-0.139
-0.454,-0.149
-0.444,-0.161
-0.444,-0.181
-0.444,-0.203
-0.454,-0.213
-0.453,-0.253
-0.454,-0.254
-0.453,-0.274
-0.465,-0.285
-0.475,-0.295
-0.485,-0.325
-0.475,-0.336
-0.474,-0.356
-0.475,-0.378
-0.496,-0.378
-0.495,-0.377
-0.507,-0.389
-0.506,-0.408
-0.495,-0.418
-0.517,-0.419
-0.527,-0.407
-0.539,-0.398
-0.537,-0.416
-0.537,-0.438
-0.550,-0.409
-0.528,-0.409
-0.519,-0.401
-0.529,-0.410
-0.529,-0.410
-0.549,-0.430
-0.526,-0.427
-0.516,-0.417
-0.515,-0.395
-0.527,-0.407
-0.517,-0.378
-0.517,-0.378
-0.507,-0.369
-0.507,-0.368
-0.529,-0.410
-0.518,-0.399
-0.507,-0.389
-0.507,-0.389
-0.506,-0.387
-0.517,-0.378
-0.517,-0.378
-0.517,-0.378
-0.529,-0.369
-0.529,-0.347
-0.528,-0.368
-0.539,-0.357
-0.550,-0.346
-0.529,-0.347
-0.538,-0.335
-0.528,-0.325
-0.529,-0.305
-0.528,-0.303
-0.517,-0.314
-0.527,-0.282
-0.518,-0.274
-0.497,-0.275
-0.508,-0.265
-0.510,-0.266
-0.497,-0.275
-0.497,-0.275
-0.486,-0.284
-0.484,-0.282
-0.486,-0.264
-0.474,-0.272
-0.464,-0.263
-0.475,-0.253
-0.464,-0.263
-0.455,-0.275
-0.453,-0.294
-0.454,-0.296
-0.443,-0.306
-0.453,-0.316
-0.454,-0.318
-0.464,-0.305
-0.454,-0.295
-0.464,-0.306
-0.464,-0.305
-0.475,-0.275
-0.464,-0.283
-0.476,-0.275
-0.475,-0.275
-0.485,-0.263
-0.497,-0.254
-0.496,-0.252
-0.485,-0.262
-0.485,-0.242
-0.496,-0.231
-0.476,-0.213
-0.497,-0.212
-0.499,-0.235
-0.509,-0.245
-0.507,-0.264
-0.507,-0.264
-0.506,-0.261
-0.506,-0.284
-0.485,-0.262
-0.495,-0.272
-0.497,-0.296
-0.496,-0.294
-0.497,-0.337
-0.475,-0.358
-0.496,-0.357
-0.507,-0.389
-0.505,-0.387
-0.496,-0.399
-0.497,-0.420
-0.496,-0.420
-0.487,-0.432
-0.474,-0.439
-0.485,-0.451
-0.485,-0.450
-0.484,-0.449
-0.474,-0.439
-0.463,-0.428
-0.464,-0.410
-0.453,-0.399
-0.442,-0.429
-0.432,-0.420
-0.400,-0.389
-0.390,-0.401
-0.379,-0.391
-0.368,-0.401
-0.358,-0.412
-0.346,-0.399
-0.314,-0.410
-0.313,-0.409
-0.303,-0.399
-0.293,-0.389
-0.270,-0.408
-0.260,-0.421
-0.250,-0.431
-0.239,-0.442
-0.250,-0.433
-0.250,-0.431
-0.249,-0.474
-0.260,-0.463
-0.260,-0.483
-0.249,-0.473
-0.259,-0.461
-0.260,-0.463
-0.271,-0.474
-0.282,-0.463
-0.282,-0.464
-0.302,-0.460
-0.292,-0.473
-0.314,-0.493
-0.335,-0.472
-0.335,-0.472
-0.345,-0.459
-0.336,-0.452
-0.336,-0.433
-0.336,-0.433
-0.337,-0.434
-0.336,-0.433
-0.358,-0.434
-0.356,-0.452
-0.357,-0.451
-0.336,-0.452
-0.356,-0.449
-0.357,-0.451
-0.346,-0.421
-0.357,-0.431
-0.347,-0.423
-0.368,-0.421
-0.379,-0.432
-0.388,-0.441
-0.398,-0.450
-0.399,-0.472
-0.398,-0.449
-0.399,-0.451
-0.410,-0.461
-0.421,-0.471
-0.421,-0.473
-0.442,-0.471
-0.452,-0.460
-0.452,-0.460
-0.474,-0.461
-0.474,-0.461
-0.463,-0.450
-0.474,-0.461
-0.474,-0.439
-0.464,-0.429
-0.465,-0.412
-0.475,-0.400
-0.476,-0.402
-0.476,-0.380
-0.486,-0.390
-0.496,-0.358
-0.474,-0.335
-0.485,-0.325
-0.463,-0.304
-0.463,-0.304
-0.465,-0.285
-0.474,-0.273
-0.475,-0.275
-0.475,-0.253
-0.486,-0.285
-0.486,-0.265
-0.506,-0.284
-0.508,-0.285
-0.518,-0.294
-0.518,-0.294
-0.517,-0.315
-0.538,-0.314
-0.539,-0.316
-0.560,-0.315
-0.559,-0.335
-0.581,-0.336
-0.591,-0.344
-0.614,-0.346
-0.613,-0.345
-0.602,-0.376
-0.623,-0.375
-0.633,-0.364
-0.625,-0.357
-0.615,-0.347
-0.615,-0.369
-0.628,-0.360
-0.636,-0.368
-0.646,-0.378
-0.623,-0.375
-0.623,-0.375
-0.602,-0.375
-0.612,-0.365
-0.604,-0.357
-0.583,-0.336
-0.583,-0.336
-0.572,-0.347
-0.570,-0.346
-0.583,-0.336
-0.582,-0.315
-0.582,-0.315
-0.550,-0.284
-0.560,-0.272
-0.550,-0.263
-0.550,-0.263
-0.539,-0.273
-0.540,-0.254
-0.538,-0.231
-0.518,-0.233
-0.518,-0.210
-0.518,-0.211
-0.507,-0.201
-0.515,-0.208
-0.507,-0.201
-0.497,-0.170
-0.487,-0.161
-0.487,-0.161
-0.487,-0.161
-0.488,-0.141
-0.476,-0.150
-0.486,-0.118
-0.486,-0.118
-0.475,-0.106
-0.465,-0.097
-0.465,-0.056
-0.454,-0.066
-0.455,-0.046
-0.465,-0.056
-0.467,-0.036
-0.465,-0.035
-0.476,-0.025
-0.487,-0.014
-0.486,-0.013
-0.476, 0.016
-0.475, 0.017
-0.487, 0.027
-0.488, 0.047
-0.498, 0.038
-0.488, 0.047
-0.508, 0.069
-0.497, 0.059
-0.509, 0.090
-0.518, 0.101
-0.529, 0.090
-0.529, 0.111
-0.520, 0.121
-0.510, 0.130
-0.531, 0.131
-0.532, 0.130
-0.542, 0.120
-0.542, 0.120
-0.552, 0.132
-0.551, 0.153
-0.552, 0.173
-0.550, 0.174
-0.552, 0.174
-0.551, 0.194
-0.551, 0.194
-0.553, 0.214
-0.562, 0.225
-0.563, 0.204
-0.585, 0.225
-0.584, 0.205
-0.585, 0.204
-0.574, 0.215
-0.584, 0.205
-0.585, 0.225
-0.594, 0.215
-0.574, 0.215
-0.594, 0.215
-0.595, 0.236
-0.595, 0.236
-0.594, 0.215
-0.606, 0.205
-0.605, 0.205
-0.605, 0.185
-0.604, 0.164
-0.604, 0.164
-0.586, 0.183
-0.607, 0.183
-0.597, 0.152
-0.596, 0.131
-0.595, 0.111
-0.595, 0.111
-0.592, 0.112
-0.583, 0.101
-0.572, 0.091
-0.572, 0.091
-0.563, 0.079
-0.551, 0.070
-0.562, 0.059
-0.563, 0.038
-0.551, 0.007
-0.562,-0.025
-0.572,-0.034
-0.573,-0.055
-0.551,-0.076
-0.540,-0.086
-0.552,-0.098
-0.551,-0.118
-0.562,-0.149
-0.572,-0.180
-0.571,-0.200
-0.571,-0.242
-0.581,-0.252
-0.561,-0.294
-0.571,-0.304
-0.571,-0.325
-0.583,-0.336
-0.580,-0.354
-0.602,-0.397
-0.603,-0.377
-0.603,-0.377
-0.605,-0.401
-0.604,-0.421
-0.616,-0.432
-0.615,-0.452
-0.624,-0.481
-0.656,-0.511
-0.644,-0.499
-0.634,-0.510
-0.634,-0.510
-0.656,-0.511
-0.656,-0.533
-0.677,-0.532
-0.679,-0.555
-0.699,-0.574
-0.698,-0.594
-0.699,-0.616
-0.698,-0.635
-0.710,-0.668
-0.709,-0.667
-0.730,-0.688
-0.743,-0.679
-0.752,-0.688
-0.753,-0.710
-0.751,-0.728
-0.761,-0.758
-0.763,-0.761
-0.761,-0.758
-0.763,-0.782
-0.741,-0.760
-0.741,-0.760
-0.732,-0.772
-0.729,-0.789
-0.708,-0.790
-0.718,-0.800
-0.698,-0.781
-0.690,-0.753
-0.679,-0.763
-0.669,-0.755
-0.647,-0.754
-0.634,-0.762
-0.635,-0.741
-0.611,-0.737
-0.613,-0.740
-0.591,-0.718
-0.580,-0.708
-0.582,-0.690
-0.549,-0.678
-0.539,-0.691
-0.528,-0.680
-0.518,-0.670
-0.518,-0.628
-0.505,-0.657
-0.496,-0.627
-0.485,-0.596
-0.485,-0.596
-0.475,-0.587
-0.485,-0.554
-0.464,-0.555
-0.443,-0.513
-0.443,-0.513
-0.443,-0.493
-0.421,-0.470
-0.422,-0.473
-0.421,-0.451
-0.432,-0.441
-0.421,-0.409
-0.410,-0.417
-0.411,-0.399
-0.401,-0.369
-0.391,-0.339
-0.392,-0.341
-0.402,-0.329
-0.413,-0.318
-0.400,-0.305
-0.411,-0.294
-0.411,-0.253
-0.400,-0.241
-0.412,-0.233
-0.401,-0.201
-0.402,-0.181
-0.412,-0.171
-0.412,-0.150
-0.424,-0.140
-0.423,-0.119
-0.433,-0.129
-0.435,-0.129
-0.423,-0.097
-0.435,-0.088
-0.424,-0.056
-0.445,-0.056
-0.424,-0.057
-0.434,-0.025
-0.424,-0.015
-0.434,-0.004
-0.445, 0.007
-0.424, 0.006
-0.433, 0.018
-0.434, 0.017
-0.445, 0.027
-0.436, 0.057
-0.447, 0.067
-0.436, 0.057
-0.458, 0.057
-0.457, 0.078
-0.477, 0.058
-0.466, 0.069
-0.455, 0.059
-0.477, 0.059
-0.488, 0.090
-0.499, 0.079
-0.510, 0.090
-0.509, 0.090
-0.532, 0.089
-0.532, 0.089
-0.554, 0.090
-0.575, 0.090
-0.574, 0.111
-0.575, 0.090
-0.585, 0.122
-0.595, 0.132
-0.597, 0.132
-0.617, 0.153
-0.629, 0.163
-0.627, 0.164
-0.649, 0.185
-0.650, 0.205
-0.626, 0.206
-0.638, 0.216
-0.649, 0.226
-0.640, 0.257
-0.652, 0.267
-0.641, 0.257
-0.641, 0.256
-0.630, 0.267
-0.640, 0.257
-0.607, 0.247
-0.605, 0.247
-0.595, 0.215
-0.585, 0.205
-0.575, 0.194
-0.554, 0.173
-0.542, 0.163
-0.555, 0.152
-0.542, 0.121
-0.542, 0.100
-0.542, 0.059
-0.509, 0.028
-0.521, 0.016
-0.499,-0.004
-0.499,-0.046
-0.489,-0.057
-0.487,-0.076
-0.477,-0.108
-0.486,-0.117
-0.498,-0.149
-0.476,-0.170
-0.485,-0.220
-0.475,-0.232
-0.475,-0.252
-0.477,-0.255
-0.478,-0.277
-0.476,-0.296
-0.467,-0.328
-0.465,-0.347
-0.464,-0.388
-0.475,-0.399
-0.464,-0.428
-0.464,-0.451
-0.464,-0.470
-0.464,-0.493
-0.453,-0.504
-0.442,-0.532
-0.443,-0.578
-0.442,-0.575
-0.432,-0.608
-0.443,-0.619
-0.452,-0.649
-0.432,-0.672
-0.431,-0.690
-0.442,-0.700
-0.441,-0.742
-0.430,-0.750
-0.442,-0.764
-0.440,-0.782
-0.451,-0.793
-0.462,-0.825
-0.461,-0.842
-0.462,-0.865
-0.451,-0.854
-0.463,-0.868
-0.475,-0.861
-0.474,-0.880
-0.496,-0.882
-0.495,-0.879
-0.505,-0.888
-0.494,-0.875
-0.483,-0.864
-0.515,-0.855
-0.515,-0.832
-0.505,-0.845
-0.505,-0.847
-0.494,-0.834
-0.506,-0.827
-0.506,-0.826
-0.517,-0.816
-0.528,-0.827
-0.516,-0.794
-0.528,-0.785
-0.538,-0.773
-0.549,-0.763
-0.538,-0.731
-0.559,-0.729
-0.539,-0.712
-0.537,-0.709
-0.538,-0.688
-0.539,-0.669
-0.538,-0.648
-0.538,-0.648
-0.537,-0.645
-0.527,-0.636
-0.517,-0.608
-0.508,-0.577
-0.499,-0.570
-0.507,-0.556
-0.519,-0.567
-0.497,-0.566
-0.495,-0.564
-0.474,-0.543
-0.463,-0.531
-0.474,-0.502
-0.454,-0.482
-0.454,-0.482
-0.444,-0.473
-0.432,-0.461
-0.433,-0.483
-0.433,-0.463
-0.432,-0.461
-0.422,-0.472
-0.411,-0.461
-0.400,-0.452
-0.379,-0.431
-0.379,-0.430
-0.369,-0.421
-0.379,-0.409
-0.368,-0.400
-0.358,-0.411
-0.369,-0.379
-0.359,-0.370
-0.347,-0.357
-0.347,-0.356
-0.357,-0.346
-0.337,-0.306
-0.328,-0.278
-0.338,-0.267
-0.350,-0.278
-0.349,-0.257
-0.369,-0.254
-0.348,-0.253
-0.336,-0.242
-0.358,-0.222
-0.359,-0.223
-0.369,-0.212
-0.360,-0.204
-0.359,-0.203
-0.359,-0.203
-0.391,-0.213
-0.380,-0.222
-0.403,-0.224
-0.391,-0.233
-0.402,-0.223
-0.412,-0.254
-0.401,-0.243
-0.423,-0.265
-0.422,-0.264
-0.423,-0.285
-0.423,-0.285
-0.432,-0.315
-0.444,-0.327
-0.444,-0.326
-0.453,-0.356
-0.464,-0.366
-0.464,-0.367
-0.467,-0.370
-0.455,-0.379
-0.455,-0.401
-0.477,-0.402
-0.477,-0.422
-0.465,-0.411
-0.464,-0.428
-0.464,-0.409
-0.464,-0.409
-0.454,-0.377
-0.455,-0.379
-0.443,-0.388
-0.444,-0.390
-0.434,-0.380
-0.433,-0.378
-0.434,-0.380
-0.422,-0.388
-0.412,-0.379
-0.390,-0.379
-0.379,-0.389
-0.380,-0.391
-0.368,-0.400
-0.359,-0.412
-0.337,-0.411
-0.325,-0.442
-0.315,-0.453
-0.303,-0.482
-0.293,-0.474
-0.271,-0.492
-0.271,-0.512
-0.271,-0.514
-0.250,-0.516
-0.251,-0.539
-0.229,-0.559
-0.229,-0.559
-0.230,-0.560
-0.218,-0.546
-0.196,-0.567
-0.207,-0.556
-0.175,-0.544
-0.175,-0.547
-0.164,-0.535
-0.165,-0.559
-0.143,-0.558
-0.143,-0.558
-0.143,-0.580
-0.142,-0.598
-0.132,-0.611
-0.122,-0.621
-0.121,-0.640
-0.100,-0.642
-0.089,-0.650
-0.110,-0.651
-0.110,-0.651
-0.110,-0.671
-0.110,-0.651
-0.099,-0.660
-0.121,-0.662
-0.121,-0.683
-0.132,-0.691
-0.132,-0.694
-0.142,-0.701
-0.142,-0.704
-0.164,-0.723
-0.163,-0.741
-0.153,-0.734
-0.175,-0.713
-0.175,-0.696
-0.186,-0.685
-0.197,-0.695
-0.186,-0.685
-0.206,-0.660
-0.218,-0.671
-0.228,-0.617
-0.217,-0.608
-0.218,-0.566
-0.249,-0.555
-0.239,-0.525
-0.250,-0.516
-0.272,-0.496
-0.262,-0.465
-0.272,-0.474
-0.294,-0.475
-0.293,-0.474
-0.304,-0.463
-0.304,-0.443
-0.325,-0.420
-0.326,-0.422
-0.337,-0.411
-0.358,-0.410
-0.369,-0.421
-0.368,-0.400
-0.380,-0.411
-0.400,-0.388
-0.400,-0.388
-0.412,-0.379
-0.421,-0.409
-0.422,-0.389
-0.443,-0.388
-0.465,-0.389
-0.465,-0.389
-0.463,-0.407
-0.486,-0.410
-0.465,-0.389
-0.455,-0.401
-0.456,-0.403
-0.455,-0.401
-0.467,-0.413
-0.444,-0.389
-0.432,-0.398
-0.433,-0.378
-0.432,-0.376
-0.411,-0.377
-0.411,-0.358
-0.401,-0.348
-0.402,-0.328
-0.401,-0.306
-0.413,-0.318
-0.412,-0.296
-0.390,-0.295
-0.412,-0.296
-0.401,-0.285
-0.391,-0.276
-0.390,-0.254
-0.412,-0.254
-0.402,-0.223
-0.401,-0.243
-0.412,-0.213
-0.412,-0.213
-0.423,-0.202
-0.424,-0.182
-0.423,-0.180
-0.423,-0.160
-0.434,-0.150
-0.445,-0.160
-0.445,-0.139
-0.445,-0.139
-0.435,-0.129
-0.444,-0.118
-0.444,-0.138
-0.455,-0.129
-0.445,-0.119
-0.447,-0.100
-0.446,-0.120
-0.447,-0.142
-0.458,-0.131
-0.455,-0.129
-0.455,-0.149
-0.433,-0.148
-0.434,-0.149
-0.434,-0.150
-0.434,-0.150
-0.424,-0.119
-0.435,-0.150
-0.434,-0.171
-0.435,-0.193
-0.455,-0.212
-0.434,-0.213
-0.444,-0.223
-0.445,-0.243
-0.466,-0.243
-0.454,-0.273
-0.456,-0.275
-0.455,-0.295
-0.476,-0.316
-0.487,-0.347
-0.486,-0.346
-0.466,-0.348
-0.476,-0.336
-0.465,-0.347
-0.476,-0.358
-0.486,-0.367
-0.477,-0.380
-0.465,-0.368
-0.487,-0.389
-0.486,-0.388
-0.485,-0.406
-0.487,-0.389
-0.477,-0.379
-0.456,-0.380
-0.456,-0.402
-0.444,-0.411
