-0.012,-0.561
-0.020,-0.552
-0.028,-0.529
-0.051,-0.518
-0.051,-0.532
-0.020,-0.532
-0.012,-0.553
-0.004,-0.549
-0.005,-0.534
-0.005,-0.551
-0.020,-0.566
-0.044,-0.602
-0.060,-0.633
-0.083,-0.654
-0.114,-0.701
-0.115,-0.746
-0.130,-0.791
-0.154,-0.815
-0.177,-0.836
-0.193,-0.867
-0.201,-0.873
-0.208,-0.880
-0.209,-0.882
-0.224,-0.881
-0.256,-0.853
-0.279,-0.830
-0.310,-0.811
-0.318,-0.789
-0.341,-0.795
-0.357,-0.826
-0.381,-0.820
-0.387,-0.824
-0.388,-0.826
-0.380,-0.833
-0.381,-0.852
-0.358,-0.846
-0.358,-0.845
-0.350,-0.838
-0.349,-0.833
-0.349,-0.833
-0.349,-0.817
-0.357,-0.810
-0.326,-0.812
-0.333,-0.803
-0.310,-0.798
-0.287,-0.807
-0.278,-0.827
-0.271,-0.836
-0.263,-0.842
-0.256,-0.867
-0.248,-0.905
-0.240,-0.927
-0.239,-0.957
-0.208,-0.971
-0.208,-0.957
-0.185,-0.935
-0.161,-0.942
-0.138,-0.936
-0.129,-0.942
-0.114,-0.945
-0.114,-0.945
-0.114,-0.973
-0.114,-0.990
-0.114,-1.004
-0.129,-1.005
-0.137,-1.027
-0.153,-1.039
-0.145,-1.063
-0.144,-1.058
-0.137,-1.054
-0.145,-1.035
-0.137,-1.027
-0.122,-1.017
-0.114,-1.025
-0.098,-1.041
-0.067,-1.068
-0.043,-1.071
-0.028,-1.072
-0.012,-1.086
 0.004,-1.117
-0.004,-1.108
-0.004,-1.079
 0.003,-1.061
 0.019,-1.043
 0.011,-1.036
 0.011,-1.037
 0.027,-1.048
 0.027,-1.064
 0.027,-1.064
 0.027,-1.082
 0.027,-1.082
 0.019,-1.088
-0.012,-1.090
-0.028,-1.089
-0.059,-1.073
-0.083,-1.066
-0.106,-1.058
-0.129,-1.082
-0.121,-1.087
-0.153,-1.086
-0.176,-1.079
-0.192,-1.078
-0.224,-1.080
-0.238,-1.077
-0.254,-1.079
-0.254,-1.076
-0.261,-1.062
-0.278,-1.038
-0.285,-0.985
-0.318,-0.927
-0.344,-0.880
-0.343,-0.865
-0.351,-0.887
-0.358,-0.906
-0.372,-0.932
-0.379,-0.953
-0.387,-0.958
-0.387,-0.975
-0.388,-0.978
-0.388,-0.980
-0.404,-0.965
-0.404,-0.949
-0.397,-0.958
-0.396,-0.972
-0.372,-0.979
-0.372,-0.993
-0.364,-1.014
-0.341,-1.025
-0.325,-1.038
-0.302,-1.048
-0.301,-1.032
-0.293,-1.024
-0.294,-1.012
-0.262,-0.980
-0.247,-0.982
-0.231,-0.966
-0.239,-0.956
-0.247,-0.935
-0.239,-0.925
-0.216,-0.920
-0.176,-0.913
-0.129,-0.895
-0.106,-0.888
-0.090,-0.859
-0.075,-0.844
-0.044,-0.816
-0.052,-0.764
-0.052,-0.751
-0.059,-0.726
-0.067,-0.733
-0.075,-0.739
-0.067,-0.744
-0.067,-0.746
-0.067,-0.744
-0.075,-0.740
-0.099,-0.749
-0.099,-0.746
-0.106,-0.739
-0.114,-0.716
-0.145,-0.716
-0.145,-0.716
-0.137,-0.722
-0.138,-0.723
-0.114,-0.700
-0.114,-0.702
-0.099,-0.703
-0.098,-0.700
-0.082,-0.701
-0.082,-0.685
-0.075,-0.708
-0.083,-0.716
-0.067,-0.715
-0.059,-0.741
-0.052,-0.762
-0.059,-0.800
-0.051,-0.807
-0.051,-0.821
-0.043,-0.829
-0.044,-0.844
-0.051,-0.869
-0.059,-0.877
-0.059,-0.892
-0.075,-0.909
-0.075,-0.954
-0.082,-0.991
-0.098,-1.022
-0.106,-1.041
-0.106,-1.073
-0.098,-1.094
-0.098,-1.124
-0.106,-1.132
-0.106,-1.132
-0.122,-1.106
-0.138,-1.104
-0.138,-1.102
-0.130,-1.096
-0.138,-1.102
-0.130,-1.113
-0.137,-1.117
-0.129,-1.125
-0.129,-1.125
-0.129,-1.125
-0.130,-1.143
-0.121,-1.134
-0.122,-1.149
-0.122,-1.149
-0.105,-1.163
-0.114,-1.174
-0.121,-1.181
-0.121,-1.194
-0.106,-1.208
-0.113,-1.168
-0.121,-1.146
-0.121,-1.113
-0.137,-1.102
-0.129,-1.082
-0.121,-1.060
-0.114,-1.042
-0.114,-1.025
-0.122,-1.028
-0.114,-1.004
-0.113,-0.985
-0.113,-0.972
-0.113,-0.958
-0.122,-0.936
-0.130,-0.931
-0.122,-0.952
-0.129,-0.976
-0.121,-0.997
-0.129,-1.019
-0.122,-1.028
-0.114,-1.049
-0.114,-1.067
-0.106,-1.074
-0.106,-1.074
-0.106,-1.074
-0.098,-1.065
-0.114,-1.067
-0.114,-1.066
-0.129,-1.066
-0.145,-1.067
-0.145,-1.078
-0.160,-1.096
-0.153,-1.072
-0.161,-1.065
-0.153,-1.076
-0.161,-1.082
-0.161,-1.082
-0.153,-1.089
-0.137,-1.116
-0.128,-1.121
-0.106,-1.128
-0.098,-1.126
-0.091,-1.107
-0.083,-1.088
-0.091,-1.079
-0.083,-1.066
-0.090,-1.059
-0.082,-1.047
-0.074,-1.053
-0.074,-1.055
-0.066,-1.017
-0.075,-1.000
-0.075,-0.969
-0.067,-0.977
-0.083,-0.977
-0.090,-0.982
-0.098,-0.975
-0.106,-0.966
-0.099,-0.959
-0.091,-0.954
-0.083,-0.943
-0.083,-0.899
-0.075,-0.874
-0.083,-0.852
-0.075,-0.816
-0.059,-0.784
-0.067,-0.765
-0.068,-0.718
-0.075,-0.695
-0.083,-0.702
-0.075,-0.707
-0.067,-0.731
-0.052,-0.699
-0.067,-0.684
-0.052,-0.683
-0.067,-0.682
-0.067,-0.656
-0.059,-0.634
-0.059,-0.620
-0.052,-0.616
-0.051,-0.628
-0.051,-0.642
-0.059,-0.647
-0.074,-0.660
-0.082,-0.653
-0.082,-0.652
-0.107,-0.618
-0.115,-0.596
-0.122,-0.587
-0.130,-0.550
-0.154,-0.526
-0.170,-0.528
-0.178,-0.518
-0.193,-0.518
-0.201,-0.495
-0.200,-0.478
-0.209,-0.472
-0.201,-0.465
-0.193,-0.457
-0.201,-0.450
-0.185,-0.434
-0.178,-0.427
-0.178,-0.427
-0.170,-0.435
-0.186,-0.436
-0.177,-0.427
-0.170,-0.450
-0.154,-0.464
-0.122,-0.480
-0.130,-0.486
-0.130,-0.469
-0.130,-0.457
-0.107,-0.452
-0.091,-0.452
-0.083,-0.431
-0.067,-0.445
-0.083,-0.444
-0.060,-0.451
-0.059,-0.449
-0.059,-0.452
-0.051,-0.457
-0.044,-0.466
-0.036,-0.459
-0.036,-0.457
-0.020,-0.458
-0.020,-0.458
-0.020,-0.490
-0.013,-0.514
-0.013,-0.542
-0.005,-0.567
-0.005,-0.609
-0.013,-0.633
-0.028,-0.617
-0.052,-0.610
-0.060,-0.574
-0.068,-0.565
-0.067,-0.580
-0.090,-0.572
-0.090,-0.587
-0.075,-0.573
-0.083,-0.534
-0.083,-0.504
-0.091,-0.496
-0.107,-0.495
-0.114,-0.504
-0.106,-0.525
-0.122,-0.570
-0.114,-0.593
-0.122,-0.617
-0.106,-0.650
-0.106,-0.666
-0.099,-0.691
-0.090,-0.696
-0.106,-0.694
-0.122,-0.662
-0.129,-0.652
-0.137,-0.631
-0.145,-0.640
-0.146,-0.641
-0.145,-0.672
-0.145,-0.684
-0.161,-0.671
-0.185,-0.664
-0.177,-0.640
-0.169,-0.648
-0.184,-0.662
-0.177,-0.671
-0.177,-0.656
-0.177,-0.656
-0.161,-0.657
-0.161,-0.655
-0.153,-0.663
-0.153,-0.677
-0.160,-0.684
-0.153,-0.693
-0.145,-0.684
-0.145,-0.670
-0.137,-0.648
-0.145,-0.625
-0.121,-0.618
-0.137,-0.586
-0.137,-0.588
-0.113,-0.577
-0.121,-0.569
-0.122,-0.542
-0.122,-0.512
-0.146,-0.492
-0.146,-0.462
-0.130,-0.460
-0.122,-0.482
-0.121,-0.509
-0.114,-0.532
-0.114,-0.532
-0.121,-0.523
-0.129,-0.503
-0.137,-0.465
-0.153,-0.451
-0.169,-0.435
-0.200,-0.435
-0.208,-0.444
-0.208,-0.473
-0.216,-0.465
-0.232,-0.465
-0.255,-0.456
-0.263,-0.479
-0.263,-0.494
-0.271,-0.533
-0.279,-0.556
-0.278,-0.571
-0.279,-0.587
-0.255,-0.593
-0.255,-0.609
-0.239,-0.609
-0.255,-0.608
-0.247,-0.587
-0.239,-0.577
-0.231,-0.571
-0.231,-0.555
-0.199,-0.568
-0.191,-0.576
-0.176,-0.563
-0.184,-0.572
-0.161,-0.582
-0.161,-0.599
-0.154,-0.622
-0.137,-0.634
-0.129,-0.670
-0.129,-0.684
-0.129,-0.667
-0.098,-0.670
-0.106,-0.646
-0.114,-0.627
-0.114,-0.611
-0.098,-0.610
-0.083,-0.581
-0.090,-0.556
-0.083,-0.565
-0.083,-0.581
-0.075,-0.602
-0.074,-0.603
-0.074,-0.587
-0.066,-0.597
-0.051,-0.596
-0.043,-0.617
-0.043,-0.634
-0.035,-0.639
-0.043,-0.664
-0.043,-0.680
-0.051,-0.702
-0.051,-0.735
-0.042,-0.771
-0.034,-0.810
-0.034,-0.855
-0.042,-0.890
-0.065,-0.899
-0.081,-0.894
-0.112,-0.896
-0.121,-0.876
-0.136,-0.876
-0.121,-0.850
-0.128,-0.857
-0.144,-0.856
-0.152,-0.862
-0.166,-0.874
-0.159,-0.883
-0.166,-0.874
-0.182,-0.891
-0.175,-0.898
-0.206,-0.896
-0.214,-0.906
-0.238,-0.913
-0.238,-0.946
-0.253,-0.962
-0.245,-0.998
-0.261,-1.029
-0.260,-1.026
-0.269,-1.034
-0.253,-1.051
-0.253,-1.065
-0.254,-1.067
-0.245,-1.041
-0.230,-1.029
-0.237,-1.022
-0.229,-1.028
-0.237,-1.036
-0.213,-1.042
-0.198,-1.027
-0.190,-1.004
-0.182,-0.981
-0.190,-0.991
-0.174,-0.989
-0.159,-1.020
-0.143,-1.033
-0.135,-1.054
-0.128,-1.066
-0.112,-1.067
-0.105,-1.079
-0.121,-1.081
-0.128,-1.099
-0.136,-1.106
-0.143,-1.109
-0.151,-1.116
-0.158,-1.125
-0.158,-1.125
-0.166,-1.121
-0.167,-1.090
-0.190,-1.098
-0.190,-1.114
-0.206,-1.126
-0.205,-1.110
-0.229,-1.069
-0.229,-1.041
-0.253,-1.036
-0.269,-1.004
-0.277,-0.983
-0.307,-0.933
-0.324,-0.873
-0.340,-0.783
-0.356,-0.737
-0.349,-0.732
-0.341,-0.724
-0.341,-0.741
-0.332,-0.748
-0.316,-0.744
-0.300,-0.744
-0.292,-0.750
-0.285,-0.759
-0.269,-0.760
-0.284,-0.771
-0.293,-0.780
-0.301,-0.759
-0.310,-0.785
-0.286,-0.795
-0.287,-0.781
-0.271,-0.782
-0.262,-0.800
-0.238,-0.806
-0.222,-0.804
-0.198,-0.780
-0.168,-0.768
-0.144,-0.745
-0.121,-0.740
-0.105,-0.742
-0.105,-0.738
-0.090,-0.709
-0.066,-0.671
-0.059,-0.634
-0.051,-0.629
-0.027,-0.651
-0.027,-0.680
-0.027,-0.693
-0.027,-0.709
-0.012,-0.740
-0.004,-0.762
 0.012,-0.794
 0.012,-0.793
-0.004,-0.794
-0.012,-0.786
-0.027,-0.785
-0.027,-0.787
-0.027,-0.785
-0.043,-0.769
-0.051,-0.747
-0.067,-0.699
-0.067,-0.701
-0.090,-0.679
-0.106,-0.696
-0.107,-0.695
-0.114,-0.671
-0.115,-0.659
-0.107,-0.680
-0.099,-0.703
-0.106,-0.740
-0.098,-0.761
-0.090,-0.770
-0.114,-0.761
-0.106,-0.756
-0.114,-0.751
-0.114,-0.763
-0.130,-0.764
-0.145,-0.777
-0.161,-0.806
-0.161,-0.806
-0.184,-0.797
-0.193,-0.763
-0.208,-0.731
-0.216,-0.709
-0.248,-0.664
-0.256,-0.670
-0.264,-0.679
-0.255,-0.700
-0.271,-0.684
-0.263,-0.662
-0.263,-0.647
-0.233,-0.665
-0.232,-0.679
-0.216,-0.710
-0.208,-0.747
-0.192,-0.760
-0.184,-0.797
-0.191,-0.816
-0.199,-0.812
-0.216,-0.816
-0.224,-0.825
-0.248,-0.836
-0.255,-0.857
-0.279,-0.878
-0.302,-0.899
-0.309,-0.917
-0.309,-0.919
-0.301,-0.911
-0.278,-0.889
-0.255,-0.854
-0.255,-0.823
-0.224,-0.826
-0.200,-0.831
-0.169,-0.848
-0.137,-0.862
-0.129,-0.868
-0.121,-0.877
-0.098,-0.853
-0.075,-0.861
-0.075,-0.861
-0.051,-0.838
-0.035,-0.825
-0.012,-0.816
-0.012,-0.816
-0.012,-0.772
-0.004,-0.763
 0.004,-0.742
-0.004,-0.733
-0.012,-0.741
-0.020,-0.765
-0.035,-0.778
-0.035,-0.780
-0.027,-0.815
-0.043,-0.844
-0.059,-0.863
-0.059,-0.891
-0.059,-0.925
-0.067,-0.933
-0.083,-0.917
-0.091,-0.924
-0.082,-0.944
-0.074,-0.939
-0.066,-0.958
-0.074,-0.967
-0.074,-0.967
-0.074,-0.920
-0.075,-0.862
-0.083,-0.810
-0.075,-0.772
-0.075,-0.743
-0.059,-0.740
-0.059,-0.756
-0.059,-0.754
-0.043,-0.769
-0.028,-0.786
 0.004,-0.770
 0.004,-0.788
 0.012,-0.794
 0.027,-0.794
 0.027,-0.796
 0.019,-0.786
 0.027,-0.794
 0.035,-0.801
 0.043,-0.810
 0.011,-0.809
 0.011,-0.793
 0.027,-0.795
 0.043,-0.822
 0.074,-0.851
 0.058,-0.854
 0.081,-0.846
 0.097,-0.836
 0.098,-0.823
 0.098,-0.838
 0.082,-0.852
 0.082,-0.863
 0.074,-0.869
 0.050,-0.829
 0.043,-0.807
 0.027,-0.808
 0.004,-0.802
-0.020,-0.796
-0.035,-0.778
-0.059,-0.755
-0.059,-0.741
-0.060,-0.754
-0.060,-0.756
-0.068,-0.748
-0.076,-0.740
-0.068,-0.717
-0.060,-0.709
-0.052,-0.718
-0.036,-0.733
-0.051,-0.747
-0.044,-0.726
-0.044,-0.724
-0.028,-0.711
-0.028,-0.696
-0.036,-0.687
-0.036,-0.688
-0.036,-0.670
-0.021,-0.655
-0.005,-0.654
 0.019,-0.649
 0.034,-0.636
 0.042,-0.629
 0.058,-0.632
 0.066,-0.622
 0.074,-0.628
 0.097,-0.635
 0.097,-0.633
 0.113,-0.636
 0.113,-0.636
 0.097,-0.636
 0.097,-0.636
 0.097,-0.618
 0.097,-0.590
 0.089,-0.567
 0.073,-0.551
 0.065,-0.545
 0.073,-0.551
 0.066,-0.560
 0.066,-0.558
 0.058,-0.550
 0.049,-0.543
 0.049,-0.543
 0.042,-0.568
 0.050,-0.590
 0.058,-0.628
 0.042,-0.643
 0.042,-0.672
 0.042,-0.688
 0.019,-0.695
 0.042,-0.688
 0.050,-0.682
 0.058,-0.685
 0.058,-0.703
 0.058,-0.703
 0.042,-0.674
 0.034,-0.667
 0.018,-0.666
 0.011,-0.675
 0.003,-0.712
-0.005,-0.733
-0.020,-0.779
-0.020,-0.793
-0.005,-0.825
 0.003,-0.816
 0.003,-0.786
 0.011,-0.764
 0.011,-0.778
 0.026,-0.781
 0.027,-0.780
 0.043,-0.795
 0.035,-0.788
 0.042,-0.763
 0.035,-0.742
 0.043,-0.734
 0.043,-0.734
 0.019,-0.727
 0.019,-0.711
 0.012,-0.690
 0.011,-0.643
 0.027,-0.613
 0.028,-0.583
 0.035,-0.588
 0.020,-0.620
 0.012,-0.641
-0.003,-0.670
-0.011,-0.676
 0.004,-0.691
 0.004,-0.680
 0.004,-0.666
 0.004,-0.668
-0.012,-0.685
-0.012,-0.714
-0.019,-0.766
-0.011,-0.785
-0.035,-0.806
-0.043,-0.815
-0.027,-0.813
-0.027,-0.848
-0.027,-0.864
-0.043,-0.910
-0.051,-0.948
-0.067,-0.946
-0.082,-0.994
-0.075,-1.015
-0.066,-1.054
-0.058,-1.062
-0.051,-1.066
-0.050,-1.068
-0.042,-1.075
-0.034,-1.066
-0.043,-1.061
-0.042,-1.058
-0.043,-1.061
-0.051,-1.083
-0.035,-1.098
-0.027,-1.107
-0.050,-1.112
-0.050,-1.115
-0.050,-1.097
-0.042,-1.101
-0.058,-1.087
-0.066,-1.066
-0.050,-1.056
-0.051,-1.042
-0.051,-1.028
-0.059,-1.034
-0.050,-1.050
-0.050,-1.035
-0.066,-1.019
-0.082,-0.989
-0.082,-0.962
-0.082,-0.961
-0.066,-0.980
-0.059,-1.001
-0.066,-1.021
-0.082,-1.007
-0.074,-0.982
-0.067,-0.976
-0.066,-0.961
-0.082,-0.977
-0.082,-0.979
-0.082,-1.007
-0.090,-1.015
-0.082,-1.020
-0.097,-1.036
-0.097,-1.022
-0.097,-1.021
-0.098,-1.024
-0.089,-1.030
-0.097,-1.052
-0.098,-1.051
-0.089,-1.068
-0.089,-1.070
-0.090,-1.059
-0.097,-1.052
-0.106,-1.049
-0.098,-1.071
-0.097,-1.102
-0.105,-1.107
-0.105,-1.135
-0.113,-1.128
-0.097,-1.125
-0.090,-1.102
-0.097,-1.081
-0.106,-1.075
-0.090,-1.062
-0.097,-1.052
-0.098,-1.055
-0.082,-1.053
-0.089,-1.044
-0.098,-1.023
-0.105,-1.030
-0.106,-1.046
-0.097,-1.069
-0.105,-1.088
-0.113,-1.081
-0.097,-1.066
-0.121,-1.078
-0.113,-1.100
-0.121,-1.120
-0.120,-1.121
-0.136,-1.118
-0.129,-1.125
-0.128,-1.139
-0.137,-1.133
-0.137,-1.153
-0.129,-1.161
-0.114,-1.165
-0.121,-1.200
-0.097,-1.235
-0.105,-1.257
-0.120,-1.239
-0.120,-1.258
-0.128,-1.250
-0.121,-1.273
-0.129,-1.283
-0.128,-1.309
-0.129,-1.355
-0.144,-1.339
-0.160,-1.339
-0.168,-1.366
-0.160,-1.371
-0.152,-1.413
-0.136,-1.412
-0.144,-1.387
-0.137,-1.351
-0.113,-1.340
-0.113,-1.344
-0.105,-1.353
-0.089,-1.365
-0.073,-1.350
-0.089,-1.329
-0.058,-1.300
-0.035,-1.249
-0.035,-1.232
-0.019,-1.236
-0.011,-1.197
-0.003,-1.194
 0.012,-1.178
 0.028,-1.146
 0.052,-1.109
 0.044,-1.084
 0.036,-1.078
 0.036,-1.077
 0.036,-1.075
 0.052,-1.059
 0.044,-1.063
 0.060,-1.084
 0.068,-1.092
 0.075,-1.116
 0.075,-1.117
 0.083,-1.091
 0.090,-1.084
 0.090,-1.101
 0.075,-1.114
 0.059,-1.130
 0.044,-1.128
 0.044,-1.131
 0.036,-1.138
 0.028,-1.129
 0.020,-1.139
 0.020,-1.150
 0.012,-1.158
 0.021,-1.167
 0.021,-1.197
 0.021,-1.217
 0.013,-1.251
-0.010,-1.285
-0.018,-1.321
-0.034,-1.369
-0.026,-1.396
-0.042,-1.382
-0.050,-1.395
-0.058,-1.402
-0.073,-1.428
-0.089,-1.440
-0.096,-1.442
-0.105,-1.436
-0.089,-1.421
-0.089,-1.408
-0.090,-1.367
-0.074,-1.365
-0.074,-1.382
-0.089,-1.380
-0.097,-1.372
-0.090,-1.367
-0.089,-1.364
-0.097,-1.372
-0.097,-1.370
-0.112,-1.369
-0.121,-1.380
-0.121,-1.380
-0.113,-1.389
-0.129,-1.372
-0.113,-1.387
-0.113,-1.404
-0.120,-1.424
-0.129,-1.433
-0.121,-1.441
-0.128,-1.460
-0.112,-1.442
-0.112,-1.411
-0.113,-1.373
-0.090,-1.368
-0.082,-1.348
-0.098,-1.318
-0.105,-1.292
-0.113,-1.282
-0.105,-1.287
-0.081,-1.293
-0.074,-1.272
-0.065,-1.231
-0.074,-1.167
-0.082,-1.114
-0.090,-1.058
-0.090,-1.016
-0.098,-0.992
-0.098,-0.980
-0.090,-0.955
-0.090,-0.923
-0.067,-0.918
-0.043,-0.891
-0.028,-0.909
-0.043,-0.924
-0.051,-0.931
-0.051,-0.933
-0.059,-0.907
-0.067,-0.901
-0.059,-0.925
-0.082,-0.947
-0.090,-0.970
-0.090,-0.982
-0.098,-0.976
-0.090,-0.983
-0.098,-1.034
-0.090,-1.062
-0.090,-1.076
-0.090,-1.093
-0.083,-1.086
-0.083,-1.103
-0.059,-1.127
-0.050,-1.144
-0.035,-1.159
-0.058,-1.149
-0.058,-1.134
-0.050,-1.144
-0.035,-1.143
-0.035,-1.162
-0.035,-1.192
-0.026,-1.229
-0.019,-1.254
-0.011,-1.274
 0.005,-1.306
 0.013,-1.312
-0.003,-1.280
-0.003,-1.222
-0.011,-1.182
 0.012,-1.144
 0.005,-1.137
 0.005,-1.139
 0.013,-1.135
 0.013,-1.147
-0.011,-1.154
-0.019,-1.129
-0.042,-1.119
-0.027,-1.105
-0.042,-1.102
-0.027,-1.121
-0.018,-1.157
-0.026,-1.192
-0.034,-1.191
-0.034,-1.206
-0.019,-1.255
-0.011,-1.282
-0.019,-1.301
-0.019,-1.315
-0.034,-1.293
-0.035,-1.249
-0.027,-1.227
-0.019,-1.204
 0.005,-1.183
-0.011,-1.152
 0.005,-1.140
-0.011,-1.122
 0.005,-1.107
 0.020,-1.094
 0.036,-1.092
 0.044,-1.100
 0.075,-1.085
 0.091,-1.068
 0.114,-1.046
 0.130,-1.028
 0.138,-1.010
 0.169,-1.025
 0.185,-1.040
 0.193,-1.067
 0.193,-1.078
 0.216,-1.117
 0.255,-1.138
 0.271,-1.120
 0.302,-1.109
 0.325,-1.099
 0.317,-1.074
 0.317,-1.046
 0.318,-1.033
 0.342,-1.015
 0.350,-0.976
 0.350,-0.962
 0.342,-0.953
 0.358,-0.951
 0.358,-0.952
 0.342,-0.963
 0.342,-0.963
 0.349,-0.970
 0.326,-0.963
 0.310,-0.951
 0.310,-0.949
 0.302,-0.928
 0.279,-0.921
 0.263,-0.933
 0.247,-0.918
 0.247,-0.902
 0.216,-0.873
 0.200,-0.844
 0.168,-0.827
 0.153,-0.814
 0.137,-0.795
 0.113,-0.818
 0.105,-0.810
 0.074,-0.795
 0.051,-0.820
 0.059,-0.842
 0.028,-0.888
-0.004,-0.931
-0.019,-0.974
-0.051,-1.036
-0.090,-1.102
-0.137,-1.168
-0.153,-1.230
-0.169,-1.262
-0.169,-1.279
-0.192,-1.313
-0.215,-1.335
-0.246,-1.379
-0.254,-1.415
-0.270,-1.448
-0.294,-1.485
-0.302,-1.524
-0.302,-1.553
-0.293,-1.617
-0.294,-1.666
-0.294,-1.710
-0.286,-1.736
-0.263,-1.714
-0.255,-1.690
-0.240,-1.650
-0.248,-1.596
-0.232,-1.582
-0.239,-1.555
-0.238,-1.537
-0.230,-1.467
-0.246,-1.373
-0.263,-1.286
-0.263,-1.213
-0.248,-1.167
-0.240,-1.148
-0.216,-1.135
-0.192,-1.127
-0.176,-1.063
-0.152,-1.023
-0.138,-0.982
-0.099,-0.962
-0.091,-0.943
-0.076,-0.929
-0.067,-0.919
-0.060,-0.942
-0.028,-0.986
 0.012,-1.040
 0.043,-1.070
 0.098,-1.076
 0.113,-1.077
 0.129,-1.076
 0.145,-1.047
 0.168,-1.024
 0.168,-1.024
 0.145,-1.004
 0.153,-1.010
 0.153,-1.026
 0.137,-1.041
 0.137,-1.039
 0.137,-1.008
 0.121,-0.992
 0.113,-0.987
 0.090,-0.995
 0.082,-1.019
 0.074,-1.027
 0.059,-1.039
 0.043,-1.039
 0.020,-1.030
 0.004,-1.028
-0.019,-1.008
-0.027,-0.983
-0.035,-0.964
-0.035,-0.975
-0.050,-0.971
-0.074,-0.967
-0.066,-0.975
-0.067,-0.995
-0.075,-1.008
-0.098,-1.044
-0.106,-1.081
-0.105,-1.138
-0.121,-1.182
-0.129,-1.218
-0.121,-1.267
-0.121,-1.301
-0.106,-1.302
-0.106,-1.336
-0.122,-1.366
-0.137,-1.365
-0.138,-1.385
-0.130,-1.405
-0.145,-1.451
-0.137,-1.473
-0.145,-1.492
-0.129,-1.524
-0.121,-1.531
-0.105,-1.534
-0.113,-1.543
-0.098,-1.524
-0.074,-1.504
-0.058,-1.470
-0.034,-1.433
-0.011,-1.396
 0.005,-1.364
 0.020,-1.352
 0.052,-1.334
 0.091,-1.308
 0.130,-1.253
 0.138,-1.187
 0.170,-1.133
 0.178,-1.097
 0.194,-1.057
 0.210,-1.041
 0.233,-1.013
 0.240,-1.018
 0.240,-0.997
 0.224,-0.968
 0.216,-0.962
 0.193,-0.940
 0.193,-0.915
 0.193,-0.913
 0.177,-0.942
 0.177,-0.956
 0.177,-0.985
 0.169,-0.996
 0.161,-1.016
 0.145,-1.033
 0.138,-1.040
 0.122,-1.053
 0.122,-1.055
 0.115,-1.047
 0.099,-1.065
 0.075,-1.057
 0.060,-1.070
 0.060,-1.087
 0.052,-1.106
 0.052,-1.121
 0.044,-1.129
 0.036,-1.136
 0.029,-1.175
 0.037,-1.197
 0.029,-1.239
 0.013,-1.269
-0.002,-1.316
-0.027,-1.373
-0.066,-1.451
-0.082,-1.526
-0.098,-1.524
-0.090,-1.514
-0.098,-1.507
-0.089,-1.512
-0.105,-1.502
-0.098,-1.497
-0.098,-1.511
-0.106,-1.519
-0.098,-1.524
-0.082,-1.541
-0.074,-1.563
-0.074,-1.577
-0.067,-1.574
-0.043,-1.518
-0.035,-1.467
-0.004,-1.437
 0.020,-1.412
 0.044,-1.391
 0.052,-1.382
 0.067,-1.353
 0.090,-1.314
 0.091,-1.296
 0.091,-1.282
 0.083,-1.272
 0.098,-1.272
 0.098,-1.257
 0.114,-1.243
 0.106,-1.239
 0.114,-1.233
 0.114,-1.249
 0.114,-1.263
 0.099,-1.260
 0.091,-1.271
 0.067,-1.275
 0.044,-1.314
 0.028,-1.298
 0.005,-1.317
-0.035,-1.328
-0.050,-1.327
-0.090,-1.351
-0.106,-1.366
-0.105,-1.380
-0.121,-1.382
-0.137,-1.363
-0.153,-1.351
-0.153,-1.352
-0.145,-1.373
-0.145,-1.376
-0.136,-1.395
-0.128,-1.387
-0.121,-1.380
-0.105,-1.348
-0.097,-1.299
-0.089,-1.274
-0.089,-1.274
-0.058,-1.288
-0.034,-1.296
-0.027,-1.320
-0.003,-1.336
-0.011,-1.363
-0.003,-1.373
 0.021,-1.383
 0.020,-1.375
 0.028,-1.352
 0.020,-1.340
 0.028,-1.329
 0.020,-1.317
 0.028,-1.329
 0.020,-1.349
 0.005,-1.364
-0.019,-1.341
-0.019,-1.293
-0.043,-1.260
-0.019,-1.223
-0.003,-1.226
 0.005,-1.218
 0.005,-1.215
 0.013,-1.208
 0.044,-1.186
 0.059,-1.141
 0.099,-1.076
 0.099,-1.048
 0.107,-1.028
 0.115,-1.004
 0.107,-1.012
 0.107,-0.995
 0.099,-1.001
 0.084,-1.017
 0.076,-1.037
 0.044,-1.053
 0.029,-1.068
 0.021,-1.088
 0.013,-1.113
-0.011,-1.137
-0.026,-1.186
-0.042,-1.217
-0.066,-1.255
-0.097,-1.303
-0.105,-1.351
-0.120,-1.395
-0.128,-1.402
-0.136,-1.406
-0.152,-1.394
-0.160,-1.370
-0.168,-1.352
-0.152,-1.368
-0.159,-1.388
-0.160,-1.407
-0.152,-1.412
-0.160,-1.437
-0.144,-1.466
-0.128,-1.507
-0.121,-1.548
-0.128,-1.583
-0.121,-1.607
-0.128,-1.600
-0.128,-1.600
-0.113,-1.606
-0.113,-1.602
-0.089,-1.596
-0.089,-1.565
-0.073,-1.545
-0.073,-1.533
-0.065,-1.509
-0.058,-1.503
-0.057,-1.516
-0.050,-1.523
-0.026,-1.535
 0.021,-1.551
 0.013,-1.576
 0.029,-1.605
 0.021,-1.624
 0.020,-1.629
 0.028,-1.620
 0.021,-1.627
 0.028,-1.634
 0.028,-1.630
 0.021,-1.658
 0.021,-1.641
 0.021,-1.641
 0.005,-1.640
-0.003,-1.630
 0.005,-1.625
-0.011,-1.612
-0.018,-1.591
-0.026,-1.584
-0.034,-1.603
-0.057,-1.611
-0.088,-1.621
-0.096,-1.629
-0.112,-1.631
-0.143,-1.614
-0.167,-1.626
-0.183,-1.624
-0.183,-1.641
-0.214,-1.640
-0.230,-1.621
-0.238,-1.613
-0.237,-1.579
-0.261,-1.530
-0.270,-1.496
-0.270,-1.467
-0.278,-1.449
-0.286,-1.407
-0.285,-1.375
-0.285,-1.358
-0.269,-1.354
-0.230,-1.364
-0.198,-1.347
-0.199,-1.364
-0.175,-1.359
-0.191,-1.357
-0.183,-1.369
-0.199,-1.379
-0.199,-1.396
-0.191,-1.422
-0.191,-1.449
-0.199,-1.457
-0.207,-1.432
-0.214,-1.425
-0.215,-1.442
-0.206,-1.462
-0.214,-1.471
-0.214,-1.484
-0.206,-1.464
-0.199,-1.474
-0.183,-1.486
-0.183,-1.473
-0.167,-1.454
-0.175,-1.447
-0.159,-1.419
-0.159,-1.399
-0.127,-1.401
-0.120,-1.379
-0.120,-1.353
-0.105,-1.327
-0.105,-1.327
-0.098,-1.337
-0.097,-1.343
-0.089,-1.362
-0.097,-1.339
-0.080,-1.339
-0.081,-1.328
-0.089,-1.303
-0.089,-1.306
-0.066,-1.314
-0.065,-1.328
-0.073,-1.324
-0.073,-1.307
-0.058,-1.323
-0.042,-1.337
-0.018,-1.357
-0.018,-1.374
-0.018,-1.388
-0.026,-1.364
-0.018,-1.360
-0.018,-1.357
-0.010,-1.352
-0.003,-1.329
 0.005,-1.322
 0.021,-1.307
 0.013,-1.294
 0.029,-1.295
 0.020,-1.259
 0.036,-1.247
 0.052,-1.231
 0.060,-1.249
 0.052,-1.245
 0.067,-1.242
 0.060,-1.253
 0.052,-1.266
 0.052,-1.249
 0.044,-1.242
 0.044,-1.237
 0.036,-1.244
 0.036,-1.260
 0.028,-1.277
 0.029,-1.282
 0.013,-1.283
 0.013,-1.286
 0.005,-1.280
-0.011,-1.293
-0.035,-1.330
-0.042,-1.349
-0.066,-1.357
-0.082,-1.328
-0.089,-1.336
-0.090,-1.324
-0.097,-1.328
-0.089,-1.336
-0.105,-1.351
-0.104,-1.365
-0.105,-1.383
-0.129,-1.390
-0.137,-1.398
-0.144,-1.405
-0.144,-1.431
-0.144,-1.463
-0.128,-1.489
-0.135,-1.511
-0.136,-1.483
-0.144,-1.478
-0.129,-1.470
-0.121,-1.464
-0.113,-1.456
-0.105,-1.461
-0.088,-1.441
-0.073,-1.443
-0.049,-1.432
-0.026,-1.444
-0.018,-1.437
-0.018,-1.420
-0.019,-1.393
-0.011,-1.383
-0.011,-1.396
 0.005,-1.412
-0.003,-1.434
-0.003,-1.437
-0.011,-1.442
 0.005,-1.427
 0.005,-1.413
-0.003,-1.403
-0.003,-1.408
-0.019,-1.406
-0.019,-1.405
-0.019,-1.391
-0.027,-1.396
-0.027,-1.430
-0.019,-1.450
-0.019,-1.481
 0.004,-1.486
-0.003,-1.463
 0.005,-1.458
 0.005,-1.471
 0.013,-1.466
 0.013,-1.469
 0.013,-1.469
 0.021,-1.495
 0.037,-1.507
 0.029,-1.512
 0.005,-1.519
 0.013,-1.493
-0.019,-1.483
-0.019,-1.466
-0.042,-1.488
-0.058,-1.489
-0.073,-1.501
-0.105,-1.504
-0.112,-1.528
-0.120,-1.550
-0.136,-1.580
-0.152,-1.609
-0.183,-1.625
-0.199,-1.625
-0.215,-1.625
-0.230,-1.610
-0.245,-1.620
-0.269,-1.628
-0.292,-1.634
-0.316,-1.629
-0.324,-1.657
-0.332,-1.678
-0.332,-1.726
-0.339,-1.744
-0.339,-1.775
-0.339,-1.788
-0.346,-1.793
-0.339,-1.822
-0.339,-1.823
-0.324,-1.840
-0.317,-1.839
-0.309,-1.859
-0.301,-1.881
-0.292,-1.911
-0.300,-1.932
-0.300,-1.948
-0.292,-1.967
-0.269,-2.011
-0.254,-2.028
-0.223,-2.061
-0.223,-2.079
-0.223,-2.090
-0.200,-2.086
-0.176,-2.075
-0.144,-2.060
-0.120,-2.036
-0.105,-2.000
-0.105,-1.991
-0.121,-1.975
-0.129,-1.955
-0.153,-1.918
-0.160,-1.861
-0.168,-1.794
-0.167,-1.744
-0.214,-1.698
-0.231,-1.686
-0.246,-1.682
-0.261,-1.697
-0.276,-1.709
-0.300,-1.704
-0.301,-1.692
-0.294,-1.703
-0.311,-1.725
-0.310,-1.769
-0.325,-1.825
-0.339,-1.880
-0.331,-1.943
-0.332,-1.963
-0.340,-1.971
-0.340,-1.975
-0.349,-1.973
-0.340,-1.975
-0.340,-1.960
-0.332,-1.921
-0.340,-1.895
-0.324,-1.866
-0.293,-1.849
-0.270,-1.862
-0.223,-1.878
-0.199,-1.870
-0.184,-1.837
-0.136,-1.790
-0.113,-1.787
-0.097,-1.772
-0.081,-1.770
-0.081,-1.757
-0.066,-1.753
-0.058,-1.777
-0.034,-1.763
-0.034,-1.737
-0.019,-1.727
-0.011,-1.688
 0.005,-1.680
 0.013,-1.685
 0.029,-1.697
 0.037,-1.721
 0.044,-1.724
 0.052,-1.717
 0.068,-1.733
 0.060,-1.755
 0.044,-1.756
 0.028,-1.770
 0.020,-1.809
 0.012,-1.817
 0.011,-1.847
 0.004,-1.889
-0.004,-1.922
-0.012,-1.978
-0.028,-2.022
-0.044,-2.080
-0.067,-2.122
-0.075,-2.108
-0.091,-2.097
-0.091,-2.084
-0.106,-2.115
-0.122,-2.130
-0.122,-2.143
-0.130,-2.154
-0.114,-2.147
-0.106,-2.123
-0.122,-2.097
-0.107,-2.080
-0.099,-2.080
-0.107,-2.058
-0.123,-2.025
-0.130,-2.003
-0.153,-1.990
-0.169,-1.975
-0.169,-1.957
-0.177,-1.949
-0.177,-1.939
-0.185,-1.915
-0.177,-1.911
-0.177,-1.911
-0.185,-1.915
-0.185,-1.915
-0.177,-1.920
-0.185,-1.931
-0.184,-1.961
-0.184,-1.961
-0.184,-1.961
-0.184,-1.944
-0.185,-1.931
-0.176,-1.905
-0.184,-1.913
-0.176,-1.909
-0.160,-1.903
-0.168,-1.898
-0.160,-1.888
-0.160,-1.888
-0.153,-1.918
-0.137,-1.933
-0.145,-1.942
-0.153,-1.948
-0.161,-1.955
-0.169,-1.964
-0.145,-1.997
-0.153,-2.025
-0.137,-2.053
-0.121,-2.062
-0.098,-2.073
-0.106,-2.078
-0.082,-2.106
-0.083,-2.122
-0.082,-2.154
-0.075,-2.168
-0.059,-2.209
-0.051,-2.233
-0.043,-2.253
-0.044,-2.294
-0.036,-2.303
-0.012,-2.277
-0.020,-2.288
-0.012,-2.279
 0.004,-2.282
-0.004,-2.275
-0.012,-2.266
-0.004,-2.249
 0.019,-2.240
 0.019,-2.231
 0.027,-2.240
 0.020,-2.216
 0.028,-2.199
 0.004,-2.166
-0.004,-2.146
 0.004,-2.153
-0.012,-2.142
-0.027,-2.129
-0.027,-2.081
-0.019,-2.026
-0.027,-1.987
-0.027,-1.941
-0.035,-1.925
-0.043,-1.903
-0.051,-1.895
-0.051,-1.881
-0.051,-1.860
-0.043,-1.840
-0.035,-1.832
-0.027,-1.839
-0.012,-1.841
 0.004,-1.835
-0.004,-1.830
-0.004,-1.830
-0.004,-1.830
-0.012,-1.856
-0.019,-1.876
-0.004,-1.897
-0.004,-1.910
-0.004,-1.935
-0.012,-1.959
-0.004,-1.952
-0.012,-1.947
-0.012,-1.936
-0.036,-1.916
-0.028,-1.925
-0.027,-1.932
-0.035,-1.923
-0.028,-1.899
-0.020,-1.891
-0.020,-1.878
-0.020,-1.845
-0.012,-1.841
-0.020,-1.801
-0.020,-1.756
-0.020,-1.698
-0.019,-1.666
-0.020,-1.652
-0.027,-1.642
-0.011,-1.640
-0.004,-1.620
-0.004,-1.618
-0.004,-1.622
 0.012,-1.651
 0.020,-1.639
 0.027,-1.603
 0.035,-1.578
 0.051,-1.553
 0.074,-1.544
 0.082,-1.550
 0.090,-1.560
 0.098,-1.580
 0.114,-1.599
 0.114,-1.618
 0.129,-1.616
 0.114,-1.631
 0.122,-1.636
 0.098,-1.658
 0.122,-1.680
 0.130,-1.702
 0.137,-1.696
 0.129,-1.718
 0.145,-1.737
 0.145,-1.737
 0.153,-1.742
 0.160,-1.783
 0.153,-1.772
 0.153,-1.759
 0.153,-1.745
 0.161,-1.750
 0.176,-1.735
 0.176,-1.701
 0.184,-1.683
 0.200,-1.670
 0.208,-1.659
 0.208,-1.646
 0.200,-1.651
 0.192,-1.661
 0.200,-1.668
 0.216,-1.697
 0.231,-1.725
 0.231,-1.739
 0.223,-1.764
 0.208,-1.753
 0.184,-1.746
 0.168,-1.732
 0.152,-1.757
 0.137,-1.787
 0.121,-1.820
 0.122,-1.848
 0.114,-1.857
 0.106,-1.877
 0.090,-1.881
 0.090,-1.911
 0.083,-1.918
 0.082,-1.937
 0.098,-1.935
 0.122,-1.942
 0.122,-1.925
 0.114,-1.929
 0.106,-1.909
 0.114,-1.885
 0.114,-1.889
 0.114,-1.889
 0.122,-1.877
 0.129,-1.888
 0.145,-1.855
 0.153,-1.851
 0.153,-1.820
 0.168,-1.832
 0.192,-1.839
 0.184,-1.856
 0.185,-1.849
 0.208,-1.831
 0.208,-1.816
 0.209,-1.823
 0.224,-1.818
 0.208,-1.845
 0.192,-1.825
 0.169,-1.830
 0.169,-1.834
 0.176,-1.789
 0.145,-1.747
 0.129,-1.704
 0.137,-1.696
 0.122,-1.698
 0.122,-1.680
 0.114,-1.647
 0.130,-1.632
 0.138,-1.621
 0.138,-1.621
 0.162,-1.611
 0.162,-1.611
 0.146,-1.582
 0.153,-1.576
 0.154,-1.562
 0.169,-1.588
 0.161,-1.583
 0.169,-1.574
 0.177,-1.550
 0.185,-1.545
 0.177,-1.549
 0.154,-1.557
 0.146,-1.552
 0.146,-1.535
 0.138,-1.503
 0.114,-1.450
 0.106,-1.443
 0.114,-1.448
 0.122,-1.467
 0.122,-1.470
 0.122,-1.467
 0.122,-1.481
 0.114,-1.474
 0.113,-1.458
 0.106,-1.470
 0.114,-1.492
 0.090,-1.517
 0.098,-1.541
 0.098,-1.551
 0.083,-1.553
 0.098,-1.534
 0.098,-1.521
 0.106,-1.514
 0.122,-1.511
 0.129,-1.491
 0.130,-1.489
 0.138,-1.499
 0.138,-1.516
 0.153,-1.528
 0.146,-1.569
 0.161,-1.594
 0.161,-1.623
 0.161,-1.611
 0.161,-1.628
 0.169,-1.659
 0.177,-1.683
 0.185,-1.734
 0.185,-1.775
 0.176,-1.806
 0.176,-1.838
 0.176,-1.852
 0.153,-1.879
 0.145,-1.905
 0.121,-1.927
 0.121,-1.959
 0.113,-1.977
 0.121,-1.986
 0.129,-1.981
 0.145,-1.966
 0.130,-1.970
 0.138,-1.975
 0.122,-2.003
 0.114,-2.008
 0.130,-2.019
 0.122,-2.032
 0.106,-2.016
 0.106,-2.020
 0.082,-2.014
 0.082,-2.009
 0.098,-2.012
 0.098,-1.977
 0.082,-1.957
 0.082,-1.942
 0.082,-1.942
 0.090,-1.942
 0.083,-1.922
 0.075,-1.921
 0.051,-1.943
 0.051,-1.952
 0.028,-1.972
 0.012,-1.996
-0.011,-2.018
-0.027,-2.019
-0.035,-2.013
-0.035,-1.991
-0.035,-1.973
-0.035,-1.973
-0.050,-1.973
-0.074,-1.975
-0.066,-1.984
-0.066,-1.938
-0.074,-1.888
-0.074,-1.875
-0.073,-1.869
-0.089,-1.886
-0.104,-1.899
-0.112,-1.875
-0.128,-1.833
-0.152,-1.793
-0.152,-1.767
-0.137,-1.767
-0.129,-1.800
-0.104,-1.834
-0.081,-1.856
-0.066,-1.849
-0.034,-1.849
-0.003,-1.870
 0.029,-1.875
 0.045,-1.882
 0.045,-1.896
 0.107,-1.890
 0.178,-1.852
 0.224,-1.839
 0.263,-1.814
 0.280,-1.819
 0.312,-1.824
 0.343,-1.824
 0.374,-1.826
 0.413,-1.846
 0.413,-1.846
 0.420,-1.849
 0.405,-1.866
 0.390,-1.838
 0.374,-1.820
 0.335,-1.800
 0.311,-1.789
 0.280,-1.775
 0.272,-1.771
 0.240,-1.782
 0.233,-1.806
 0.209,-1.825
 0.162,-1.867
 0.138,-1.873
 0.083,-1.870
 0.052,-1.878
 0.036,-1.906
 0.005,-1.910
 0.005,-1.940
-0.019,-1.956
-0.042,-1.960
-0.058,-1.941
-0.074,-1.928
-0.066,-1.938
-0.058,-1.930
-0.059,-1.907
-0.050,-1.879
-0.050,-1.866
-0.042,-1.827
-0.019,-1.815
-0.003,-1.803
 0.005,-1.781
 0.044,-1.760
 0.083,-1.754
 0.123,-1.741
 0.138,-1.726
 0.185,-1.681
 0.201,-1.666
 0.201,-1.637
 0.193,-1.612
 0.201,-1.593
 0.201,-1.573
 0.200,-1.569
 0.185,-1.544
 0.146,-1.521
 0.130,-1.497
 0.091,-1.490
 0.084,-1.511
 0.060,-1.500
 0.052,-1.502
 0.036,-1.536
 0.036,-1.551
 0.028,-1.559
 0.020,-1.598
 0.028,-1.619
 0.020,-1.629
 0.012,-1.634
-0.004,-1.605
 0.004,-1.583
 0.004,-1.566
 0.004,-1.552
-0.003,-1.545
 0.005,-1.537
-0.003,-1.545
-0.019,-1.557
-0.019,-1.574
-0.035,-1.572
-0.043,-1.577
-0.051,-1.572
-0.043,-1.579
-0.027,-1.611
-0.012,-1.627
 0.004,-1.642
 0.020,-1.631
 0.035,-1.631
 0.036,-1.619
 0.051,-1.600
 0.051,-1.614
 0.059,-1.592
 0.075,-1.558
 0.075,-1.531
 0.099,-1.521
 0.122,-1.513
 0.146,-1.509
 0.154,-1.513
 0.178,-1.540
 0.208,-1.541
 0.224,-1.556
 0.232,-1.593
 0.239,-1.597
 0.263,-1.622
 0.271,-1.629
 0.263,-1.668
 0.279,-1.687
 0.279,-1.714
 0.287,-1.725
 0.279,-1.745
 0.271,-1.780
 0.262,-1.771
 0.254,-1.759
 0.231,-1.773
 0.239,-1.799
 0.240,-1.818
 0.249,-1.831
 0.256,-1.849
 0.257,-1.864
 0.248,-1.867
 0.256,-1.872
 0.232,-1.865
 0.224,-1.882
 0.208,-1.888
 0.224,-1.904
 0.208,-1.917
 0.216,-1.958
 0.193,-1.980
 0.185,-2.006
 0.177,-2.014
 0.169,-2.021
 0.146,-2.060
 0.130,-2.053
 0.122,-2.062
 0.106,-2.077
 0.098,-2.084
 0.098,-2.088
 0.106,-2.108
 0.114,-2.147
 0.113,-2.163
 0.098,-2.173
 0.097,-2.188
 0.074,-2.179
 0.066,-2.195
 0.074,-2.188
 0.051,-2.184
 0.027,-2.197
 0.012,-2.205
-0.020,-2.218
-0.050,-2.229
-0.082,-2.241
-0.097,-2.259
-0.120,-2.245
-0.161,-2.212
-0.192,-2.184
-0.216,-2.177
-0.232,-2.166
-0.232,-2.161
-0.239,-2.186
-0.238,-2.197
-0.246,-2.201
-0.231,-2.190
-0.223,-2.179
-0.208,-2.186
-0.160,-2.184
-0.152,-2.175
-0.113,-2.185
-0.089,-2.189
-0.058,-2.176
-0.011,-2.155
-0.011,-2.153
 0.004,-2.146
 0.028,-2.140
 0.051,-2.153
 0.075,-2.149
 0.082,-2.151
 0.082,-2.151
 0.067,-2.158
 0.090,-2.123
 0.122,-2.064
 0.146,-2.038
 0.154,-2.004
 0.138,-1.938
 0.130,-1.920
 0.106,-1.881
 0.114,-1.874
 0.106,-1.868
 0.114,-1.855
 0.107,-1.866
 0.107,-1.850
 0.107,-1.848
 0.115,-1.844
 0.115,-1.857
 0.130,-1.859
 0.122,-1.850
 0.114,-1.886
 0.099,-1.905
 0.090,-1.920
 0.043,-1.966
 0.035,-1.978
 0.020,-1.996
 0.020,-1.987
 0.020,-1.969
 0.051,-1.971
 0.051,-1.967
 0.067,-1.992
 0.075,-2.016
 0.075,-2.029
 0.082,-2.053
 0.090,-2.047
 0.106,-2.049
 0.129,-2.045
 0.145,-2.043
 0.169,-2.036
 0.184,-2.021
 0.216,-2.004
 0.231,-1.989
 0.247,-1.972
 0.263,-1.961
 0.286,-1.967
 0.310,-2.003
 0.357,-2.007
 0.403,-1.988
 0.443,-1.982
 0.467,-2.006
 0.467,-2.004
 0.466,-2.018
 0.458,-1.989
 0.443,-1.965
 0.436,-1.932
 0.397,-1.911
 0.367,-1.930
 0.343,-1.935
 0.296,-1.950
 0.263,-1.943
 0.224,-1.976
 0.200,-1.987
 0.161,-1.989
 0.137,-2.003
 0.090,-2.018
 0.058,-2.016
 0.035,-2.044
 0.027,-2.079
 0.019,-2.118
 0.027,-2.157
 0.019,-2.192
 0.027,-2.219
 0.035,-2.221
 0.051,-2.236
 0.035,-2.253
 0.051,-2.269
 0.043,-2.282
 0.059,-2.308
 0.067,-2.333
 0.075,-2.354
 0.082,-2.351
 0.114,-2.344
 0.113,-2.328
 0.129,-2.336
 0.145,-2.325
 0.153,-2.349
 0.153,-2.362
 0.137,-2.368
 0.137,-2.368
 0.137,-2.355
 0.160,-2.342
 0.160,-2.347
 0.176,-2.344
 0.168,-2.335
 0.167,-2.320
 0.151,-2.320
 0.128,-2.348
 0.120,-2.372
 0.097,-2.412
 0.065,-2.396
 0.057,-2.433
 0.050,-2.470
 0.042,-2.487
 0.018,-2.513
 0.003,-2.516
-0.005,-2.535
-0.053,-2.522
-0.069,-2.486
-0.076,-2.484
-0.092,-2.512
-0.099,-2.557
-0.107,-2.568
-0.107,-2.566
-0.099,-2.572
-0.099,-2.593
-0.068,-2.572
-0.045,-2.595
-0.044,-2.630
-0.059,-2.671
-0.067,-2.690
-0.059,-2.688
-0.067,-2.684
-0.074,-2.645
-0.067,-2.644
-0.067,-2.618
-0.082,-2.570
-0.082,-2.524
-0.066,-2.504
-0.019,-2.491
 0.005,-2.500
 0.037,-2.514
 0.068,-2.532
 0.084,-2.542
 0.100,-2.542
 0.132,-2.543
 0.132,-2.540
 0.156,-2.570
 0.148,-2.563
 0.188,-2.590
 0.243,-2.569
 0.282,-2.556
 0.297,-2.548
 0.304,-2.532
 0.313,-2.518
 0.321,-2.532
 0.345,-2.515
 0.370,-2.473
 0.369,-2.453
 0.377,-2.452
 0.384,-2.471
 0.391,-2.488
 0.392,-2.506
 0.422,-2.531
 0.392,-2.539
 0.401,-2.550
 0.408,-2.569
 0.449,-2.602
 0.472,-2.636
 0.480,-2.686
 0.488,-2.726
 0.488,-2.751
 0.504,-2.785
 0.496,-2.809
 0.504,-2.815
 0.520,-2.818
 0.503,-2.843
 0.505,-2.864
 0.512,-2.898
 0.489,-2.910
 0.474,-2.897
 0.442,-2.891
 0.418,-2.882
 0.402,-2.879
 0.394,-2.873
 0.386,-2.863
 0.354,-2.809
 0.339,-2.716
 0.324,-2.644
 0.301,-2.599
 0.301,-2.589
 0.308,-2.585
 0.299,-2.571
 0.275,-2.539
 0.259,-2.523
 0.268,-2.492
 0.283,-2.461
 0.268,-2.420
 0.260,-2.365
 0.236,-2.328
 0.220,-2.313
 0.189,-2.264
 0.165,-2.242
 0.149,-2.209
 0.134,-2.211
 0.094,-2.220
 0.094,-2.217
 0.055,-2.226
 0.031,-2.214
 0.016,-2.245
-0.000,-2.280
 0.000,-2.321
 0.000,-2.356
 0.009,-2.378
 0.024,-2.381
 0.032,-2.390
 0.032,-2.367
 0.048,-2.304
 0.048,-2.228
 0.040,-2.165
 0.056,-2.152
 0.064,-2.136
 0.040,-2.149
 0.056,-2.151
 0.040,-2.149
 0.048,-2.147
 0.056,-2.154
 0.055,-2.169
 0.064,-2.187
 0.048,-2.215
 0.079,-2.232
 0.087,-2.252
 0.103,-2.270
 0.134,-2.270
 0.150,-2.288
 0.158,-2.312
 0.174,-2.353
 0.158,-2.369
 0.158,-2.399
 0.174,-2.463
 0.199,-2.523
 0.206,-2.573
 0.191,-2.621
 0.191,-2.631
 0.206,-2.647
 0.230,-2.653
 0.229,-2.633
 0.262,-2.610
 0.269,-2.571
 0.278,-2.549
 0.286,-2.546
 0.301,-2.556
 0.302,-2.574
 0.285,-2.584
 0.285,-2.597
 0.286,-2.602
 0.285,-2.625
 0.277,-2.646
 0.261,-2.648
 0.262,-2.672
 0.262,-2.677
 0.262,-2.664
 0.247,-2.667
 0.238,-2.619
 0.214,-2.605
 0.191,-2.568
 0.214,-2.556
 0.191,-2.555
 0.191,-2.555
 0.183,-2.579
 0.191,-2.588
 0.191,-2.596
 0.199,-2.625
 0.191,-2.647
 0.183,-2.653
 0.168,-2.673
 0.160,-2.690
 0.152,-2.701
 0.152,-2.683
 0.144,-2.690
 0.136,-2.668
 0.128,-2.626
 0.136,-2.597
 0.152,-2.563
 0.160,-2.555
 0.160,-2.529
 0.160,-2.506
 0.168,-2.472
 0.183,-2.452
 0.199,-2.437
 0.231,-2.439
 0.230,-2.429
 0.246,-2.419
 0.239,-2.402
 0.254,-2.372
 0.255,-2.336
 0.255,-2.305
 0.247,-2.314
 0.247,-2.304
 0.246,-2.302
 0.231,-2.304
 0.215,-2.282
 0.207,-2.260
 0.191,-2.231
 0.175,-2.203
 0.159,-2.157
 0.143,-2.124
 0.136,-2.109
 0.136,-2.109
 0.144,-2.100
 0.152,-2.093
 0.151,-2.072
 0.159,-2.065
 0.159,-2.065
 0.151,-2.067
 0.135,-2.056
 0.127,-2.034
 0.120,-2.014
 0.120,-2.001
 0.112,-2.004
 0.112,-1.990
 0.112,-1.986
 0.128,-2.019
 0.128,-2.019
 0.112,-2.004
 0.120,-1.997
 0.135,-2.008
 0.151,-2.028
 0.159,-2.052
 0.183,-2.061
 0.183,-2.096
 0.183,-2.107
 0.191,-2.098
 0.191,-2.111
 0.199,-2.116
 0.191,-2.142
 0.207,-2.168
 0.215,-2.179
 0.231,-2.169
 0.222,-2.175
 0.215,-2.199
 0.231,-2.225
 0.231,-2.258
 0.231,-2.289
 0.207,-2.310
 0.200,-2.342
 0.192,-2.389
 0.200,-2.442
 0.168,-2.485
 0.152,-2.515
 0.137,-2.535
 0.144,-2.521
 0.160,-2.527
 0.160,-2.539
 0.168,-2.546
 0.169,-2.566
 0.152,-2.574
 0.168,-2.594
 0.192,-2.583
 0.184,-2.599
 0.208,-2.629
 0.200,-2.638
 0.224,-2.668
 0.256,-2.689
 0.279,-2.693
 0.310,-2.706
 0.302,-2.722
 0.310,-2.743
 0.302,-2.755
 0.318,-2.752
 0.342,-2.749
 0.341,-2.731
 0.342,-2.719
 0.341,-2.700
 0.325,-2.685
 0.326,-2.675
 0.326,-2.626
 0.334,-2.562
 0.310,-2.473
 0.278,-2.407
 0.231,-2.365
 0.191,-2.338
 0.160,-2.345
 0.129,-2.345
 0.081,-2.342
 0.042,-2.335
 0.018,-2.319
-0.005,-2.310
-0.013,-2.304
-0.044,-2.321
-0.060,-2.310
-0.076,-2.268
-0.084,-2.187
-0.084,-2.131
-0.092,-2.093
-0.100,-2.065
-0.108,-2.045
-0.132,-2.038
-0.163,-2.014
-0.139,-1.984
-0.099,-1.947
-0.076,-1.891
-0.060,-1.863
-0.029,-1.805
-0.006,-1.799
 0.026,-1.790
 0.049,-1.808
 0.073,-1.830
 0.081,-1.866
 0.120,-1.886
 0.152,-1.890
 0.183,-1.873
 0.207,-1.867
 0.238,-1.854
 0.286,-1.839
 0.302,-1.858
 0.317,-1.900
 0.333,-1.975
 0.349,-2.021
 0.364,-2.080
 0.380,-2.128
 0.396,-2.126
 0.403,-2.133
 0.395,-2.137
 0.395,-2.122
 0.428,-2.116
 0.451,-2.107
 0.453,-2.114
 0.461,-2.094
 0.475,-2.103
 0.475,-2.103
 0.474,-2.112
 0.483,-2.151
 0.474,-2.173
 0.474,-2.199
 0.451,-2.214
 0.427,-2.220
 0.412,-2.253
 0.389,-2.280
 0.389,-2.292
 0.397,-2.286
 0.389,-2.275
 0.373,-2.290
 0.388,-2.303
 0.372,-2.301
 0.373,-2.323
 0.365,-2.360
 0.358,-2.384
 0.342,-2.399
 0.342,-2.425
 0.350,-2.436
 0.342,-2.468
 0.318,-2.510
 0.318,-2.554
 0.294,-2.600
 0.264,-2.654
 0.256,-2.691
 0.249,-2.754
 0.226,-2.781
 0.210,-2.824
 0.210,-2.867
 0.178,-2.892
 0.170,-2.910
 0.162,-2.919
 0.139,-2.892
 0.146,-2.843
 0.154,-2.791
 0.162,-2.756
 0.178,-2.741
 0.178,-2.741
 0.194,-2.716
 0.177,-2.695
 0.178,-2.680
 0.178,-2.680
 0.162,-2.654
 0.146,-2.628
 0.129,-2.564
 0.122,-2.533
 0.106,-2.535
 0.114,-2.544
 0.123,-2.571
 0.122,-2.576
 0.122,-2.574
 0.122,-2.543
 0.122,-2.507
 0.138,-2.528
 0.154,-2.548
 0.170,-2.569
 0.186,-2.602
 0.201,-2.615
 0.225,-2.652
 0.232,-2.684
 0.249,-2.718
 0.280,-2.748
 0.303,-2.752
 0.304,-2.725
 0.327,-2.698
 0.374,-2.670
 0.390,-2.673
 0.406,-2.673
 0.407,-2.681
 0.430,-2.652
 0.414,-2.652
 0.421,-2.658
 0.421,-2.668
 0.413,-2.664
 0.405,-2.637
 0.397,-2.582
 0.389,-2.517
 0.373,-2.471
 0.358,-2.463
 0.342,-2.461
 0.327,-2.473
 0.311,-2.471
 0.278,-2.450
 0.263,-2.422
 0.247,-2.402
 0.247,-2.394
 0.240,-2.379
 0.225,-2.379
 0.201,-2.377
 0.185,-2.387
 0.169,-2.416
 0.177,-2.437
 0.193,-2.461
 0.193,-2.466
 0.193,-2.491
 0.193,-2.504
 0.209,-2.507
 0.216,-2.513
 0.224,-2.512
 0.248,-2.521
 0.264,-2.524
 0.272,-2.528
 0.287,-2.490
 0.279,-2.473
 0.303,-2.449
 0.295,-2.425
 0.311,-2.430
 0.319,-2.449
 0.335,-2.470
 0.351,-2.467
 0.351,-2.498
 0.343,-2.537
 0.358,-2.560
 0.373,-2.591
 0.381,-2.613
 0.381,-2.643
 0.373,-2.696
 0.341,-2.695
 0.319,-2.684
 0.319,-2.671
 0.312,-2.683
 0.304,-2.692
 0.311,-2.703
 0.319,-2.725
 0.311,-2.741
 0.311,-2.771
 0.311,-2.771
 0.295,-2.786
 0.296,-2.797
 0.288,-2.788
 0.288,-2.788
 0.280,-2.782
 0.295,-2.774
 0.303,-2.786
 0.295,-2.774
 0.280,-2.776
 0.264,-2.779
 0.248,-2.789
 0.241,-2.819
 0.241,-2.834
 0.233,-2.840
 0.225,-2.818
 0.201,-2.791
 0.178,-2.787
 0.170,-2.791
 0.170,-2.806
 0.170,-2.806
 0.146,-2.819
 0.130,-2.797
 0.106,-2.759
 0.106,-2.716
 0.107,-2.709
 0.107,-2.706
 0.099,-2.718
 0.115,-2.697
 0.123,-2.704
 0.138,-2.701
 0.146,-2.697
 0.161,-2.730
 0.170,-2.727
 0.177,-2.739
 0.178,-2.713
 0.177,-2.665
 0.177,-2.639
 0.201,-2.628
 0.201,-2.623
 0.217,-2.626
 0.216,-2.590
 0.248,-2.565
 0.279,-2.534
 0.303,-2.543
 0.327,-2.568
 0.319,-2.589
 0.288,-2.574
 0.295,-2.547
 0.295,-2.516
 0.327,-2.491
 0.342,-2.471
 0.350,-2.495
 0.342,-2.502
 0.327,-2.517
 0.335,-2.528
 0.335,-2.528
 0.319,-2.562
 0.319,-2.592
 0.311,-2.626
 0.288,-2.666
 0.272,-2.673
 0.264,-2.685
 0.264,-2.667
 0.264,-2.684
 0.257,-2.701
 0.233,-2.717
 0.233,-2.723
 0.194,-2.726
 0.154,-2.745
 0.123,-2.762
 0.092,-2.787
 0.068,-2.832
 0.068,-2.875
 0.061,-2.912
 0.069,-2.955
 0.077,-2.989
 0.085,-3.044
 0.101,-3.078
 0.124,-3.099
 0.140,-3.103
 0.179,-3.091
 0.195,-3.106
 0.210,-3.097
 0.234,-3.076
 0.273,-3.055
 0.280,-3.013
 0.265,-2.929
 0.280,-2.840
 0.297,-2.754
 0.282,-2.719
 0.273,-2.707
 0.274,-2.722
 0.313,-2.724
 0.312,-2.731
 0.320,-2.737
 0.326,-2.735
 0.311,-2.728
 0.312,-2.690
 0.312,-2.677
 0.336,-2.659
 0.352,-2.623
 0.359,-2.612
 0.366,-2.600
 0.382,-2.567
 0.382,-2.542
 0.373,-2.517
 0.374,-2.509
 0.382,-2.500
 0.390,-2.502
 0.406,-2.474
 0.405,-2.439
 0.398,-2.419
 0.422,-2.413
 0.414,-2.419
 0.438,-2.433
 0.461,-2.450
 0.477,-2.466
 0.484,-2.459
 0.484,-2.485
 0.483,-2.467
 0.468,-2.439
 0.485,-2.418
 0.485,-2.388
 0.470,-2.344
 0.486,-2.316
 0.477,-2.287
 0.469,-2.278
 0.485,-2.276
 0.477,-2.282
 0.477,-2.282
 0.476,-2.247
 0.445,-2.238
 0.461,-2.225
 0.469,-2.230
 0.477,-2.210
 0.461,-2.208
 0.453,-2.219
 0.445,-2.241
 0.461,-2.269
 0.454,-2.324
 0.437,-2.378
 0.438,-2.444
 0.415,-2.499
 0.414,-2.573
 0.376,-2.627
 0.352,-2.664
 0.337,-2.715
 0.305,-2.758
 0.266,-2.779
 0.235,-2.825
 0.218,-2.862
 0.187,-2.892
 0.171,-2.917
 0.156,-2.922
 0.148,-2.912
 0.140,-2.906
 0.156,-2.915
 0.164,-2.921
 0.172,-2.950
 0.195,-2.953
 0.195,-2.960
 0.210,-2.966
 0.211,-2.938
 0.195,-2.874
 0.203,-2.815
 0.218,-2.751
 0.211,-2.714
 0.210,-2.693
 0.210,-2.662
 0.219,-2.661
 0.218,-2.641
 0.210,-2.652
 0.186,-2.628
 0.178,-2.614
 0.186,-2.607
 0.186,-2.574
 0.209,-2.540
 0.210,-2.512
 0.233,-2.473
 0.234,-2.462
 0.241,-2.466
 0.249,-2.490
 0.241,-2.492
 0.233,-2.465
 0.249,-2.427
 0.256,-2.413
 0.233,-2.442
 0.241,-2.469
 0.234,-2.506
 0.250,-2.544
 0.250,-2.588
 0.258,-2.658
 0.259,-2.730
 0.258,-2.767
 0.251,-2.807
 0.234,-2.819
 0.235,-2.868
 0.227,-2.877
 0.227,-2.895
 0.211,-2.880
 0.203,-2.870
 0.211,-2.864
 0.195,-2.846
 0.179,-2.828
 0.187,-2.845
 0.203,-2.827
 0.219,-2.830
 0.234,-2.797
 0.266,-2.746
 0.289,-2.709
 0.305,-2.691
 0.306,-2.697
 0.313,-2.672
 0.313,-2.624
 0.313,-2.568
 0.305,-2.513
 0.289,-2.497
 0.312,-2.488
 0.304,-2.477
 0.312,-2.484
 0.304,-2.444
 0.312,-2.412
 0.297,-2.399
 0.297,-2.391
 0.338,-2.405
 0.337,-2.395
 0.344,-2.402
 0.359,-2.412
 0.390,-2.408
 0.414,-2.435
 0.422,-2.469
 0.431,-2.496
 0.431,-2.529
 0.438,-2.579
 0.431,-2.621
 0.423,-2.625
 0.415,-2.618
 0.424,-2.615
 0.408,-2.599
 0.393,-2.607
 0.377,-2.617
 0.353,-2.608
 0.337,-2.608
 0.336,-2.633
 0.321,-2.635
 0.304,-2.627
 0.297,-2.624
 0.289,-2.635
 0.289,-2.648
 0.305,-2.669
 0.305,-2.679
 0.298,-2.706
 0.290,-2.706
 0.289,-2.714
 0.313,-2.746
 0.321,-2.758
 0.314,-2.788
 0.315,-2.806
 0.306,-2.822
 0.282,-2.841
 0.274,-2.841
 0.266,-2.853
 0.258,-2.862
 0.266,-2.881
 0.251,-2.871
 0.250,-2.840
 0.266,-2.843
 0.282,-2.846
 0.266,-2.843
 0.259,-2.868
 0.259,-2.880
 0.259,-2.893
 0.259,-2.923
 0.251,-2.942
 0.259,-2.954
 0.235,-2.929
 0.212,-2.926
 0.196,-2.928
 0.204,-2.901
 0.196,-2.883
 0.196,-2.846
 0.180,-2.813
 0.172,-2.824
 0.164,-2.797
 0.148,-2.797
 0.148,-2.776
 0.125,-2.763
 0.133,-2.777
 0.117,-2.744
 0.117,-2.718
 0.109,-2.678
 0.101,-2.698
 0.101,-2.710
 0.093,-2.729
