-0.462,-2.410
-0.462,-2.413
-0.461,-2.403
-0.450,-2.397
-0.450,-2.397
-0.461,-2.388
-0.462,-2.369
-0.439,-2.366
-0.463,-2.347
-0.451,-2.334
-0.461,-2.340
-0.451,-2.331
-0.461,-2.315
-0.451,-2.334
-0.439,-2.300
-0.428,-2.287
-0.417,-2.259
-0.416,-2.253
-0.405,-2.265
-0.394,-2.256
-0.383,-2.266
-0.383,-2.269
-0.371,-2.253
-0.349,-2.282
-0.349,-2.301
-0.348,-2.319
-0.338,-2.313
-0.337,-2.307
-0.326,-2.345
-0.337,-2.332
-0.326,-2.367
-0.315,-2.380
-0.325,-2.404
-0.326,-2.429
-0.325,-2.433
-0.325,-2.451
-0.304,-2.484
-0.337,-2.489
-0.326,-2.528
-0.314,-2.512
-0.325,-2.539
-0.326,-2.543
-0.313,-2.523
-0.326,-2.543
-0.325,-2.521
-0.337,-2.508
-0.326,-2.502
-0.336,-2.482
-0.325,-2.477
-0.337,-2.464
-0.325,-2.477
-0.337,-2.467
-0.347,-2.473
-0.348,-2.455
-0.360,-2.467
-0.359,-2.464
-0.360,-2.467
-0.359,-2.460
-0.371,-2.476
-0.371,-2.476
-0.381,-2.485
-0.382,-2.467
-0.381,-2.460
-0.394,-2.480
-0.393,-2.454
-0.415,-2.450
-0.393,-2.454
-0.415,-2.450
-0.416,-2.458
-0.416,-2.458
-0.427,-2.441
-0.439,-2.435
-0.426,-2.415
-0.438,-2.428
-0.427,-2.441
-0.426,-2.416
-0.450,-2.401
-0.461,-2.406
-0.439,-2.410
-0.450,-2.397
-0.448,-2.387
-0.449,-2.394
-0.460,-2.381
-0.450,-2.356
-0.450,-2.356
-0.462,-2.325
-0.451,-2.319
-0.462,-2.300
-0.450,-2.312
-0.449,-2.306
-0.460,-2.311
-0.438,-2.296
-0.450,-2.287
-0.440,-2.284
-0.440,-2.259
-0.428,-2.246
-0.428,-2.247
-0.427,-2.221
-0.428,-2.203
-0.417,-2.193
-0.427,-2.177
-0.440,-2.171
-0.439,-2.146
-0.439,-2.149
-0.428,-2.133
-0.450,-2.155
-0.439,-2.149
-0.450,-2.130
-0.450,-2.155
-0.440,-2.171
-0.450,-2.155
-0.440,-2.171
-0.451,-2.177
-0.439,-2.190
-0.451,-2.202
-0.450,-2.196
-0.451,-2.202
-0.439,-2.208
-0.439,-2.234
-0.428,-2.224
-0.439,-2.234
-0.440,-2.240
-0.450,-2.243
-0.450,-2.268
-0.439,-2.278
-0.438,-2.296
-0.439,-2.303
-0.427,-2.284
-0.427,-2.309
-0.450,-2.312
-0.439,-2.322
-0.451,-2.319
-0.440,-2.328
-0.440,-2.329
-0.428,-2.335
-0.415,-2.337
-0.404,-2.375
-0.414,-2.359
-0.416,-2.363
-0.427,-2.379
-0.427,-2.379
-0.405,-2.382
-0.405,-2.401
-0.393,-2.410
-0.405,-2.401
-0.393,-2.429
-0.393,-2.414
-0.393,-2.410
-0.416,-2.432
-0.382,-2.423
-0.393,-2.429
-0.381,-2.442
-0.393,-2.429
-0.393,-2.432
-0.405,-2.445
-0.381,-2.442
-0.382,-2.467
-0.392,-2.451
-0.404,-2.463
-0.405,-2.445
-0.392,-2.451
-0.405,-2.445
-0.415,-2.454
-0.415,-2.454
-0.416,-2.436
-0.427,-2.441
-0.427,-2.423
-0.404,-2.419
-0.427,-2.423
-0.417,-2.414
-0.415,-2.406
-0.415,-2.407
-0.426,-2.416
-0.438,-2.432
-0.417,-2.414
-0.427,-2.423
-0.440,-2.421
-0.451,-2.426
-0.439,-2.435
-0.450,-2.445
-0.449,-2.437
-0.437,-2.450
-0.437,-2.450
-0.460,-2.472
-0.461,-2.479
-0.460,-2.472
-0.461,-2.502
-0.472,-2.532
-0.472,-2.532
-0.472,-2.558
-0.482,-2.538
-0.484,-2.545
-0.494,-2.576
-0.494,-2.598
-0.494,-2.598
-0.493,-2.591
-0.505,-2.608
-0.505,-2.604
-0.505,-2.604
-0.517,-2.620
-0.515,-2.613
-0.517,-2.646
-0.494,-2.643
-0.505,-2.652
-0.505,-2.677
-0.493,-2.679
-0.516,-2.683
-0.505,-2.673
-0.527,-2.673
-0.505,-2.677
-0.504,-2.670
-0.527,-2.674
-0.516,-2.682
-0.516,-2.682
-0.517,-2.686
-0.526,-2.662
-0.527,-2.692
-0.517,-2.664
-0.539,-2.642
-0.529,-2.681
-0.517,-2.664
-0.518,-2.672
-0.517,-2.664
-0.527,-2.673
-0.527,-2.673
-0.515,-2.675
-0.539,-2.660
-0.527,-2.647
-0.516,-2.638
-0.527,-2.629
-0.515,-2.631
-0.527,-2.629
-0.517,-2.620
-0.527,-2.629
-0.528,-2.611
-0.527,-2.603
-0.528,-2.611
-0.516,-2.598
-0.517,-2.620
-0.539,-2.598
-0.527,-2.581
-0.540,-2.554
-0.539,-2.572
-0.516,-2.551
-0.529,-2.545
-0.550,-2.515
-0.562,-2.532
-0.528,-2.519
-0.540,-2.506
-0.540,-2.510
-0.538,-2.503
-0.529,-2.501
-0.517,-2.488
-0.517,-2.484
-0.517,-2.488
-0.528,-2.493
-0.529,-2.501
-0.517,-2.488
-0.528,-2.494
-0.494,-2.510
-0.516,-2.503
-0.517,-2.529
-0.517,-2.529
-0.528,-2.519
-0.506,-2.527
-0.506,-2.541
-0.506,-2.567
-0.506,-2.567
-0.505,-2.585
-0.506,-2.567
-0.493,-2.591
-0.493,-2.591
-0.482,-2.582
-0.494,-2.595
-0.484,-2.571
-0.483,-2.563
-0.483,-2.589
-0.483,-2.607
-0.460,-2.604
-0.472,-2.602
-0.460,-2.604
-0.461,-2.612
-0.461,-2.612
-0.471,-2.595
-0.471,-2.621
-0.470,-2.613
-0.471,-2.639
-0.460,-2.630
-0.470,-2.613
-0.461,-2.612
-0.448,-2.617
-0.460,-2.634
-0.449,-2.643
-0.459,-2.648
-0.449,-2.643
-0.448,-2.635
-0.438,-2.634
-0.438,-2.634
-0.426,-2.617
-0.427,-2.603
-0.426,-2.595
-0.427,-2.599
-0.438,-2.564
-0.438,-2.564
-0.438,-2.546
-0.426,-2.529
-0.427,-2.511
-0.427,-2.511
-0.426,-2.504
-0.427,-2.485
-0.427,-2.485
-0.427,-2.470
-0.417,-2.443
-0.439,-2.439
-0.451,-2.452
-0.438,-2.476
-0.427,-2.485
-0.426,-2.507
-0.437,-2.513
-0.438,-2.520
-0.437,-2.494
-0.427,-2.515
-0.439,-2.527
-0.426,-2.533
-0.449,-2.555
-0.425,-2.570
-0.438,-2.608
-0.449,-2.599
-0.449,-2.599
-0.449,-2.625
-0.437,-2.630
-0.448,-2.665
-0.459,-2.696
-0.447,-2.679
-0.449,-2.687
-0.436,-2.692
-0.448,-2.709
-0.448,-2.709
-0.459,-2.714
-0.460,-2.722
-0.447,-2.727
-0.460,-2.722
-0.460,-2.722
-0.470,-2.749
-0.448,-2.753
-0.436,-2.736
-0.459,-2.740
-0.460,-2.722
-0.459,-2.714
-0.460,-2.722
-0.459,-2.696
-0.448,-2.731
-0.448,-2.709
-0.447,-2.723
-0.459,-2.714
-0.447,-2.679
-0.437,-2.700
-0.461,-2.704
-0.449,-2.691
-0.438,-2.708
-0.448,-2.709
-0.437,-2.718
-0.447,-2.727
-0.446,-2.719
-0.447,-2.727
-0.437,-2.718
-0.448,-2.709
-0.437,-2.722
-0.447,-2.727
-0.448,-2.753
-0.436,-2.714
-0.447,-2.727
-0.448,-2.709
-0.458,-2.692
-0.461,-2.704
-0.460,-2.678
-0.471,-2.687
-0.471,-2.668
-0.481,-2.666
-0.482,-2.652
-0.493,-2.639
-0.482,-2.630
-0.483,-2.611
-0.493,-2.595
-0.494,-2.558
-0.482,-2.541
-0.505,-2.519
-0.494,-2.510
-0.504,-2.494
-0.495,-2.492
-0.494,-2.441
-0.494,-2.444
-0.495,-2.422
-0.517,-2.418
-0.517,-2.400
-0.495,-2.378
-0.517,-2.356
-0.530,-2.325
-0.518,-2.264
-0.542,-2.249
-0.518,-2.224
-0.518,-2.221
-0.518,-2.202
-0.540,-2.198
-0.530,-2.192
-0.530,-2.192
-0.519,-2.205
-0.498,-2.212
-0.484,-2.211
-0.496,-2.224
-0.472,-2.240
-0.505,-2.227
-0.496,-2.224
-0.472,-2.221
-0.485,-2.218
-0.485,-2.193
-0.473,-2.202
-0.474,-2.228
-0.461,-2.208
-0.462,-2.215
-0.462,-2.215
-0.461,-2.190
-0.439,-2.193
-0.450,-2.199
-0.439,-2.193
-0.428,-2.202
-0.416,-2.190
-0.428,-2.203
-0.427,-2.196
-0.417,-2.215
-0.417,-2.193
-0.405,-2.181
-0.383,-2.184
-0.394,-2.165
-0.395,-2.172
-0.371,-2.168
-0.371,-2.168
-0.383,-2.159
-0.360,-2.178
-0.361,-2.184
-0.361,-2.184
-0.349,-2.191
-0.361,-2.203
-0.349,-2.191
-0.360,-2.206
-0.349,-2.216
-0.337,-2.203
-0.338,-2.207
-0.337,-2.222
-0.349,-2.216
-0.338,-2.225
-0.326,-2.213
-0.326,-2.213
-0.337,-2.193
-0.337,-2.200
-0.327,-2.172
-0.338,-2.162
-0.339,-2.169
-0.338,-2.162
-0.349,-2.172
-0.337,-2.178
-0.337,-2.175
-0.337,-2.200
-0.337,-2.175
-0.349,-2.172
-0.338,-2.185
-0.361,-2.184
-0.338,-2.185
-0.348,-2.209
-0.360,-2.225
-0.360,-2.225
-0.382,-2.222
-0.372,-2.238
-0.382,-2.247
-0.384,-2.254
-0.384,-2.250
-0.382,-2.266
-0.382,-2.291
-0.404,-2.287
-0.394,-2.304
-0.394,-2.304
-0.405,-2.313
-0.394,-2.307
-0.416,-2.322
-0.416,-2.303
-0.416,-2.303
-0.427,-2.309
-0.428,-2.316
-0.438,-2.300
-0.439,-2.325
-0.428,-2.291
-0.427,-2.309
-0.462,-2.303
-0.438,-2.300
-0.462,-2.303
-0.462,-2.303
-0.461,-2.322
-0.473,-2.316
-0.472,-2.309
-0.473,-2.294
-0.462,-2.303
-0.473,-2.290
-0.473,-2.294
-0.472,-2.287
-0.473,-2.290
-0.484,-2.281
-0.472,-2.283
-0.472,-2.265
-0.484,-2.255
-0.485,-2.262
-0.474,-2.275
-0.485,-2.262
-0.474,-2.275
-0.494,-2.265
-0.496,-2.268
-0.494,-2.265
-0.483,-2.274
-0.484,-2.281
-0.494,-2.265
-0.474,-2.272
-0.496,-2.271
-0.495,-2.290
-0.473,-2.294
-0.484,-2.299
-0.484,-2.325
-0.484,-2.325
-0.484,-2.325
-0.474,-2.319
-0.483,-2.322
-0.473,-2.338
-0.484,-2.347
-0.494,-2.353
-0.472,-2.356
-0.460,-2.340
-0.484,-2.344
-0.484,-2.347
-0.483,-2.343
-0.473,-2.338
-0.483,-2.343
-0.473,-2.334
-0.461,-2.347
-0.461,-2.366
-0.472,-2.356
-0.461,-2.366
-0.450,-2.379
-0.450,-2.379
-0.449,-2.397
-0.450,-2.404
-0.449,-2.397
-0.449,-2.423
-0.461,-2.391
-0.449,-2.397
-0.450,-2.404
-0.460,-2.388
-0.461,-2.391
-0.473,-2.382
-0.460,-2.388
-0.461,-2.391
-0.438,-2.388
-0.461,-2.391
-0.438,-2.388
-0.449,-2.393
-0.450,-2.404
-0.449,-2.378
-0.438,-2.391
-0.451,-2.385
-0.439,-2.395
-0.417,-2.398
-0.427,-2.401
-0.427,-2.401
-0.438,-2.388
-0.426,-2.394
-0.427,-2.401
-0.426,-2.375
-0.427,-2.382
-0.417,-2.373
-0.415,-2.388
-0.405,-2.404
-0.426,-2.375
-0.426,-2.375
-0.416,-2.392
-0.438,-2.344
-0.416,-2.351
-0.427,-2.357
-0.428,-2.360
-0.439,-2.325
-0.438,-2.318
-0.439,-2.325
-0.449,-2.309
-0.439,-2.325
-0.439,-2.325
-0.449,-2.309
-0.450,-2.316
-0.438,-2.300
-0.450,-2.312
-0.451,-2.294
-0.438,-2.300
-0.450,-2.316
-0.449,-2.309
-0.461,-2.322
-0.450,-2.316
-0.461,-2.321
-0.450,-2.316
-0.462,-2.303
-0.462,-2.303
-0.450,-2.316
-0.460,-2.300
-0.474,-2.319
-0.462,-2.303
-0.462,-2.303
-0.473,-2.294
-0.461,-2.278
-0.462,-2.284
-0.472,-2.268
-0.461,-2.281
-0.472,-2.268
-0.449,-2.280
-0.461,-2.278
-0.462,-2.259
-0.462,-2.259
-0.463,-2.266
-0.485,-2.262
-0.463,-2.266
-0.462,-2.259
-0.461,-2.252
-0.450,-2.243
-0.460,-2.227
-0.461,-2.234
-0.461,-2.234
-0.462,-2.215
-0.474,-2.209
-0.449,-2.221
-0.462,-2.215
-0.461,-2.234
-0.450,-2.224
-0.440,-2.218
-0.462,-2.215
-0.462,-2.240
-0.462,-2.215
-0.473,-2.224
-0.462,-2.259
-0.472,-2.243
-0.473,-2.250
-0.461,-2.234
-0.472,-2.268
-0.462,-2.259
-0.461,-2.234
-0.473,-2.249
-0.462,-2.259
-0.472,-2.268
-0.473,-2.249
-0.449,-2.265
-0.462,-2.259
-0.472,-2.268
-0.461,-2.281
-0.450,-2.272
-0.450,-2.268
-0.450,-2.272
-0.438,-2.256
-0.450,-2.268
-0.450,-2.272
-0.449,-2.265
-0.440,-2.262
-0.451,-2.250
-0.462,-2.259
-0.440,-2.240
-0.438,-2.230
-0.439,-2.237
-0.450,-2.224
-0.440,-2.215
-0.440,-2.215
-0.450,-2.196
-0.440,-2.215
-0.473,-2.202
-0.473,-2.202
-0.464,-2.199
-0.474,-2.183
-0.452,-2.187
-0.462,-2.193
-0.439,-2.208
-0.461,-2.186
-0.460,-2.180
-0.450,-2.199
-0.451,-2.158
-0.441,-2.152
-0.430,-2.146
-0.428,-2.158
-0.418,-2.175
-0.429,-2.184
-0.417,-2.193
-0.406,-2.187
-0.405,-2.181
-0.396,-2.178
-0.396,-2.178
-0.395,-2.171
-0.384,-2.162
-0.383,-2.156
-0.383,-2.137
-0.383,-2.137
-0.372,-2.124
-0.361,-2.096
-0.372,-2.080
-0.361,-2.096
-0.350,-2.084
-0.360,-2.090
-0.372,-2.062
-0.371,-2.055
-0.361,-2.074
-0.372,-2.062
-0.361,-2.071
-0.361,-2.074
-0.349,-2.059
-0.372,-2.062
-0.372,-2.061
-0.383,-2.071
-0.361,-2.052
-0.361,-2.046
-0.372,-2.062
-0.384,-2.052
-0.384,-2.049
-0.373,-2.043
-0.383,-2.046
-0.383,-2.071
-0.372,-2.080
-0.383,-2.068
-0.384,-2.074
-0.372,-2.061
-0.385,-2.058
-0.373,-2.068
-0.395,-2.064
-0.395,-2.064
-0.394,-2.058
-0.383,-2.071
-0.394,-2.058
-0.394,-2.058
-0.407,-2.055
-0.395,-2.039
-0.418,-2.042
-0.418,-2.061
-0.405,-2.068
-0.429,-2.074
-0.417,-2.080
-0.418,-2.086
-0.418,-2.086
-0.429,-2.073
-0.440,-2.086
-0.428,-2.114
-0.440,-2.127
-0.440,-2.127
-0.439,-2.146
-0.439,-2.149
-0.461,-2.146
-0.439,-2.149
-0.451,-2.162
-0.451,-2.180
-0.452,-2.187
-0.461,-2.190
-0.462,-2.215
-0.451,-2.206
-0.473,-2.224
-0.473,-2.250
-0.473,-2.246
-0.462,-2.240
-0.473,-2.250
-0.484,-2.255
-0.474,-2.275
-0.450,-2.246
-0.450,-2.272
-0.462,-2.259
-0.484,-2.255
-0.451,-2.250
-0.461,-2.256
-0.462,-2.259
-0.473,-2.250
-0.449,-2.265
-0.461,-2.278
-0.461,-2.278
-0.450,-2.272
-0.474,-2.275
-0.450,-2.272
-0.452,-2.278
-0.427,-2.312
-0.450,-2.316
-0.450,-2.334
-0.449,-2.353
-0.438,-2.366
-0.449,-2.353
-0.461,-2.369
-0.439,-2.373
-0.461,-2.369
-0.450,-2.382
-0.460,-2.388
-0.460,-2.406
-0.471,-2.422
-0.471,-2.441
-0.461,-2.461
-0.472,-2.448
-0.483,-2.483
-0.483,-2.483
-0.505,-2.497
-0.505,-2.523
-0.516,-2.532
-0.516,-2.532
-0.505,-2.523
-0.516,-2.528
-0.517,-2.514
-0.528,-2.501
-0.528,-2.501
-0.540,-2.469
-0.527,-2.475
-0.540,-2.470
-0.550,-2.453
-0.540,-2.469
-0.540,-2.469
-0.539,-2.462
-0.540,-2.469
-0.527,-2.475
-0.528,-2.457
-0.540,-2.469
-0.539,-2.462
-0.540,-2.469
-0.527,-2.475
-0.540,-2.469
-0.529,-2.482
-0.527,-2.475
-0.539,-2.491
-0.527,-2.475
-0.538,-2.484
-0.517,-2.466
-0.539,-2.462
-0.541,-2.451
-0.518,-2.429
-0.530,-2.420
-0.530,-2.420
-0.539,-2.400
-0.528,-2.413
-0.527,-2.384
-0.505,-2.387
-0.517,-2.356
-0.506,-2.343
-0.506,-2.328
-0.496,-2.315
-0.518,-2.315
-0.507,-2.306
-0.505,-2.274
-0.496,-2.297
-0.483,-2.277
-0.484,-2.281
-0.485,-2.262
-0.495,-2.246
-0.496,-2.253
-0.507,-2.214
-0.519,-2.158
-0.519,-2.136
-0.542,-2.110
-0.532,-2.085
-0.532,-2.085
-0.531,-2.060
-0.521,-2.076
-0.520,-2.070
-0.520,-2.095
-0.509,-2.082
-0.486,-2.105
-0.486,-2.130
-0.485,-2.123
-0.464,-2.152
-0.463,-2.127
-0.474,-2.161
-0.464,-2.152
-0.440,-2.168
-0.452,-2.184
-0.428,-2.180
-0.429,-2.206
-0.407,-2.209
-0.394,-2.212
-0.395,-2.241
-0.382,-2.247
-0.383,-2.247
-0.384,-2.250
-0.371,-2.256
-0.373,-2.285
-0.360,-2.291
-0.348,-2.319
-0.361,-2.317
-0.349,-2.301
-0.338,-2.320
-0.339,-2.301
-0.316,-2.298
-0.338,-2.320
-0.326,-2.323
-0.315,-2.335
-0.326,-2.341
-0.326,-2.341
-0.327,-2.348
-0.337,-2.332
-0.338,-2.364
-0.315,-2.361
-0.327,-2.392
-0.326,-2.392
-0.326,-2.411
-0.338,-2.427
-0.338,-2.427
-0.338,-2.427
-0.349,-2.440
-0.337,-2.445
-0.360,-2.449
-0.372,-2.436
-0.382,-2.445
-0.395,-2.439
-0.382,-2.419
-0.383,-2.426
-0.383,-2.426
-0.405,-2.423
-0.406,-2.448
-0.405,-2.441
-0.428,-2.426
-0.417,-2.439
-0.428,-2.445
-0.428,-2.448
-0.428,-2.444
-0.440,-2.461
-0.439,-2.435
-0.439,-2.435
-0.451,-2.451
-0.450,-2.441
-0.462,-2.457
-0.450,-2.444
-0.450,-2.444
-0.462,-2.439
-0.461,-2.431
-0.473,-2.448
-0.462,-2.439
-0.462,-2.457
-0.462,-2.457
-0.449,-2.437
-0.461,-2.454
-0.473,-2.448
-0.461,-2.435
-0.452,-2.433
-0.462,-2.439
-0.440,-2.442
-0.428,-2.448
-0.449,-2.463
-0.450,-2.470
-0.460,-2.450
-0.461,-2.479
-0.461,-2.479
-0.450,-2.470
-0.452,-2.477
-0.450,-2.489
-0.462,-2.505
-0.462,-2.483
-0.450,-2.488
-0.462,-2.505
-0.449,-2.507
-0.450,-2.514
-0.438,-2.501
-0.449,-2.511
-0.440,-2.509
-0.449,-2.511
-0.438,-2.502
-0.428,-2.492
-0.427,-2.485
-0.417,-2.483
-0.438,-2.457
-0.416,-2.461
-0.416,-2.461
-0.405,-2.445
-0.428,-2.448
-0.381,-2.441
-0.394,-2.436
-0.382,-2.423
-0.370,-2.410
-0.349,-2.418
-0.348,-2.389
-0.349,-2.392
-0.349,-2.392
-0.348,-2.385
-0.338,-2.383
-0.314,-2.354
-0.326,-2.370
-0.303,-2.367
-0.314,-2.354
-0.292,-2.361
-0.303,-2.348
-0.315,-2.320
-0.316,-2.327
-0.316,-2.324
-0.294,-2.327
-0.315,-2.317
-0.304,-2.330
-0.292,-2.314
-0.303,-2.323
-0.305,-2.308
-0.304,-2.286
-0.327,-2.289
-0.316,-2.279
-0.326,-2.282
-0.349,-2.285
-0.337,-2.288
-0.348,-2.279
-0.360,-2.295
-0.371,-2.304
-0.372,-2.311
-0.383,-2.316
-0.371,-2.348
-0.370,-2.370
-0.358,-2.398
-0.359,-2.423
-0.347,-2.455
-0.336,-2.493
-0.325,-2.528
-0.335,-2.556
-0.301,-2.617
-0.312,-2.622
-0.312,-2.622
-0.324,-2.613
-0.323,-2.587
-0.347,-2.572
-0.347,-2.546
-0.358,-2.559
-0.347,-2.546
-0.369,-2.542
-0.381,-2.515
-0.381,-2.511
-0.381,-2.515
-0.403,-2.493
-0.392,-2.480
-0.416,-2.491
-0.403,-2.493
-0.403,-2.515
-0.414,-2.524
-0.413,-2.542
-0.437,-2.527
-0.414,-2.528
-0.415,-2.531
-0.425,-2.540
-0.424,-2.533
-0.436,-2.546
-0.447,-2.555
-0.458,-2.564
-0.459,-2.568
-0.469,-2.577
-0.482,-2.575
-0.492,-2.576
-0.492,-2.602
-0.481,-2.611
-0.479,-2.648
-0.503,-2.677
-0.492,-2.686
-0.481,-2.725
-0.493,-2.738
-0.503,-2.765
-0.493,-2.783
-0.492,-2.801
-0.481,-2.810
-0.491,-2.823
-0.479,-2.824
-0.481,-2.854
-0.491,-2.863
-0.515,-2.867
-0.526,-2.902
-0.512,-2.925
-0.503,-2.924
-0.491,-2.929
-0.502,-2.942
-0.492,-2.960
-0.491,-2.951
-0.492,-2.977
-0.468,-2.973
-0.457,-2.987
-0.446,-2.978
-0.457,-2.982
-0.447,-3.004
-0.434,-3.009
-0.423,-3.018
-0.401,-3.022
-0.400,-3.014
-0.389,-3.031
-0.389,-3.005
-0.378,-3.018
-0.367,-3.014
-0.367,-3.009
-0.368,-3.000
-0.345,-2.970
-0.345,-2.970
-0.333,-2.957
-0.321,-2.957
-0.332,-2.949
-0.309,-2.927
-0.299,-2.918
-0.310,-2.891
-0.310,-2.865
-0.311,-2.873
-0.299,-2.856
-0.299,-2.856
-0.299,-2.856
-0.298,-2.848
-0.322,-2.833
-0.311,-2.825
-0.310,-2.820
-0.333,-2.798
-0.321,-2.781
-0.344,-2.741
-0.356,-2.710
-0.356,-2.684
-0.369,-2.660
-0.391,-2.612
-0.369,-2.616
-0.380,-2.621
-0.380,-2.621
-0.403,-2.603
-0.391,-2.586
-0.392,-2.572
-0.393,-2.553
-0.392,-2.528
-0.416,-2.531
-0.403,-2.507
-0.415,-2.524
-0.392,-2.502
-0.392,-2.502
-0.393,-2.465
-0.381,-2.449
-0.382,-2.430
-0.381,-2.405
-0.371,-2.395
-0.359,-2.364
-0.370,-2.344
-0.371,-2.333
-0.360,-2.298
-0.349,-2.289
-0.350,-2.270
-0.303,-2.257
-0.314,-2.248
-0.281,-2.216
-0.281,-2.216
-0.259,-2.182
-0.258,-2.176
-0.248,-2.151
-0.236,-2.135
-0.224,-2.157
-0.201,-2.179
-0.178,-2.151
-0.190,-2.145
-0.179,-2.114
-0.179,-2.114
-0.191,-2.085
-0.191,-2.063
-0.192,-2.069
-0.191,-2.066
-0.203,-2.079
-0.215,-2.072
-0.180,-2.057
-0.203,-2.057
-0.180,-2.079
-0.158,-2.054
-0.136,-2.057
-0.124,-2.041
-0.125,-2.023
-0.113,-2.010
-0.124,-1.997
-0.124,-1.982
-0.136,-1.969
-0.124,-1.982
-0.124,-1.982
-0.101,-1.998
-0.090,-1.992
-0.101,-1.998
-0.079,-2.045
-0.079,-2.045
-0.078,-2.064
-0.067,-2.077
-0.067,-2.096
-0.078,-2.111
-0.067,-2.121
-0.077,-2.149
-0.066,-2.143
-0.054,-2.174
-0.043,-2.206
-0.032,-2.212
-0.020,-2.222
-0.009,-2.219
 0.003,-2.232
-0.020,-2.235
-0.043,-2.257
-0.031,-2.259
-0.019,-2.276
-0.020,-2.272
-0.031,-2.307
-0.031,-2.307
-0.031,-2.325
-0.053,-2.354
-0.076,-2.332
-0.087,-2.348
-0.087,-2.322
-0.121,-2.331
-0.122,-2.313
-0.144,-2.284
-0.155,-2.274
-0.167,-2.262
-0.188,-2.255
-0.212,-2.243
-0.201,-2.230
-0.224,-2.214
-0.235,-2.246
-0.257,-2.235
-0.269,-2.251
-0.280,-2.238
-0.303,-2.264
-0.325,-2.285
-0.358,-2.291
-0.359,-2.298
-0.369,-2.282
-0.381,-2.294
-0.381,-2.294
-0.403,-2.291
-0.415,-2.307
-0.403,-2.294
-0.438,-2.285
-0.438,-2.284
-0.448,-2.287
-0.460,-2.281
-0.459,-2.256
-0.461,-2.262
-0.461,-2.243
-0.460,-2.237
-0.461,-2.244
-0.460,-2.237
-0.461,-2.218
-0.473,-2.231
-0.471,-2.224
-0.449,-2.228
-0.437,-2.234
-0.427,-2.250
-0.427,-2.231
-0.415,-2.219
-0.394,-2.225
-0.393,-2.219
-0.382,-2.232
-0.382,-2.232
-0.347,-2.238
-0.347,-2.238
-0.313,-2.200
-0.314,-2.207
-0.315,-2.188
-0.291,-2.185
-0.292,-2.210
-0.280,-2.194
-0.257,-2.217
-0.247,-2.207
-0.246,-2.229
-0.247,-2.236
-0.235,-2.242
-0.223,-2.252
-0.235,-2.264
-0.234,-2.258
-0.223,-2.296
-0.223,-2.296
-0.223,-2.296
-0.201,-2.299
-0.223,-2.292
-0.212,-2.287
-0.223,-2.296
-0.212,-2.305
-0.201,-2.299
-0.224,-2.318
-0.212,-2.334
-0.223,-2.340
-0.223,-2.340
-0.223,-2.365
-0.234,-2.346
-0.235,-2.378
-0.234,-2.371
-0.256,-2.371
-0.257,-2.374
-0.268,-2.402
-0.280,-2.396
-0.291,-2.406
-0.302,-2.415
-0.302,-2.415
-0.313,-2.420
-0.324,-2.437
-0.324,-2.437
-0.336,-2.453
-0.348,-2.491
-0.369,-2.484
-0.359,-2.500
-0.381,-2.496
-0.380,-2.533
-0.391,-2.542
-0.390,-2.535
-0.426,-2.540
-0.426,-2.540
-0.450,-2.544
-0.460,-2.553
-0.470,-2.554
-0.482,-2.567
-0.482,-2.567
-0.493,-2.558
-0.505,-2.571
-0.493,-2.576
-0.483,-2.597
-0.471,-2.580
-0.470,-2.599
-0.459,-2.612
-0.435,-2.604
-0.448,-2.603
-0.448,-2.628
-0.437,-2.638
-0.448,-2.628
-0.447,-2.621
-0.448,-2.647
-0.424,-2.643
-0.424,-2.643
-0.414,-2.638
-0.391,-2.630
-0.392,-2.638
-0.380,-2.625
-0.369,-2.616
-0.369,-2.616
-0.357,-2.599
-0.335,-2.629
-0.324,-2.616
-0.312,-2.626
-0.290,-2.630
-0.312,-2.600
-0.313,-2.607
-0.313,-2.607
-0.323,-2.591
-0.301,-2.591
-0.312,-2.574
-0.324,-2.550
-0.313,-2.519
-0.325,-2.532
-0.314,-2.523
-0.335,-2.515
-0.313,-2.515
-0.313,-2.534
-0.313,-2.534
-0.313,-2.538
-0.312,-2.556
-0.324,-2.569
-0.302,-2.573
-0.312,-2.582
-0.313,-2.608
-0.324,-2.613
-0.313,-2.648
-0.312,-2.670
-0.324,-2.657
-0.324,-2.683
-0.324,-2.683
-0.313,-2.678
-0.324,-2.683
-0.313,-2.692
-0.324,-2.683
-0.311,-2.662
-0.324,-2.683
-0.324,-2.657
-0.312,-2.644
-0.313,-2.652
-0.324,-2.613
-0.324,-2.639
-0.324,-2.613
-0.301,-2.609
-0.313,-2.604
-0.312,-2.600
-0.324,-2.617
-0.336,-2.585
-0.346,-2.590
-0.346,-2.594
-0.357,-2.600
-0.358,-2.607
-0.381,-2.585
-0.379,-2.599
-0.381,-2.585
-0.380,-2.577
-0.404,-2.607
-0.403,-2.581
-0.425,-2.577
-0.415,-2.594
-0.425,-2.577
-0.414,-2.572
-0.414,-2.568
-0.436,-2.542
-0.449,-2.562
-0.437,-2.546
-0.438,-2.553
-0.438,-2.531
-0.438,-2.527
-0.438,-2.531
-0.437,-2.524
-0.437,-2.546
-0.425,-2.533
-0.437,-2.520
-0.437,-2.524
-0.437,-2.502
-0.415,-2.509
-0.415,-2.505
-0.425,-2.489
-0.427,-2.496
-0.425,-2.489
-0.437,-2.505
-0.427,-2.496
-0.437,-2.502
-0.415,-2.509
-0.426,-2.514
-0.426,-2.515
-0.426,-2.515
-0.437,-2.476
-0.415,-2.484
-0.437,-2.476
-0.426,-2.471
-0.438,-2.483
-0.426,-2.470
-0.416,-2.487
-0.426,-2.470
-0.427,-2.493
-0.415,-2.505
-0.403,-2.489
-0.404,-2.496
-0.415,-2.480
-0.393,-2.484
-0.404,-2.474
-0.369,-2.480
-0.370,-2.506
-0.380,-2.489
-0.392,-2.502
-0.370,-2.506
-0.358,-2.493
-0.348,-2.510
-0.347,-2.502
-0.324,-2.506
-0.324,-2.506
-0.324,-2.499
-0.324,-2.506
-0.313,-2.515
-0.314,-2.497
-0.290,-2.497
-0.290,-2.486
-0.279,-2.507
-0.279,-2.481
-0.268,-2.498
-0.269,-2.479
-0.268,-2.453
-0.281,-2.448
-0.257,-2.437
-0.268,-2.446
-0.257,-2.437
-0.267,-2.421
-0.257,-2.393
-0.268,-2.380
-0.269,-2.362
-0.269,-2.346
-0.280,-2.327
-0.292,-2.321
-0.280,-2.327
-0.280,-2.305
-0.269,-2.299
-0.280,-2.283
-0.281,-2.289
-0.269,-2.273
-0.258,-2.286
-0.269,-2.299
-0.269,-2.292
-0.258,-2.286
-0.280,-2.283
-0.292,-2.295
-0.269,-2.299
-0.280,-2.283
-0.292,-2.302
-0.269,-2.299
-0.280,-2.308
-0.269,-2.299
-0.269,-2.292
-0.292,-2.277
-0.292,-2.276
-0.280,-2.264
-0.303,-2.267
-0.291,-2.270
-0.280,-2.264
-0.292,-2.251
-0.303,-2.242
-0.303,-2.242
-0.302,-2.235
-0.303,-2.216
-0.303,-2.198
-0.315,-2.210
-0.315,-2.210
-0.303,-2.198
-0.304,-2.179
-0.315,-2.185
-0.315,-2.185
-0.292,-2.188
-0.292,-2.178
-0.269,-2.185
-0.281,-2.172
-0.281,-2.154
-0.259,-2.157
-0.259,-2.157
-0.259,-2.138
-0.247,-2.144
-0.235,-2.132
-0.235,-2.132
-0.246,-2.113
-0.246,-2.097
-0.224,-2.075
-0.225,-2.079
-0.236,-2.050
-0.224,-2.031
-0.213,-2.047
-0.224,-2.031
-0.235,-2.019
-0.225,-2.009
-0.213,-1.997
-0.236,-2.025
-0.247,-1.990
-0.225,-1.990
-0.248,-1.993
-0.235,-1.997
-0.236,-2.000
-0.258,-1.996
-0.258,-1.997
-0.236,-2.000
-0.247,-1.987
-0.236,-1.981
-0.247,-1.990
-0.247,-1.987
-0.236,-2.000
-0.235,-1.994
-0.236,-2.000
-0.236,-2.000
-0.213,-2.022
-0.225,-2.015
-0.213,-2.041
-0.236,-2.044
-0.224,-2.053
-0.224,-2.053
-0.225,-2.078
-0.213,-2.085
-0.236,-2.113
-0.213,-2.110
-0.213,-2.154
-0.224,-2.145
-0.212,-2.148
-0.224,-2.189
-0.212,-2.176
-0.213,-2.198
-0.201,-2.211
-0.223,-2.201
-0.212,-2.217
-0.212,-2.217
-0.223,-2.208
-0.224,-2.214
-0.246,-2.210
-0.247,-2.214
-0.246,-2.211
-0.235,-2.198
-0.258,-2.198
-0.245,-2.179
-0.246,-2.185
-0.258,-2.173
-0.281,-2.176
-0.281,-2.182
-0.281,-2.175
-0.281,-2.201
-0.303,-2.197
-0.291,-2.204
-0.292,-2.210
-0.303,-2.216
-0.292,-2.236
-0.304,-2.223
-0.314,-2.232
-0.326,-2.245
-0.314,-2.247
-0.325,-2.285
-0.314,-2.295
-0.325,-2.304
-0.326,-2.311
-0.313,-2.314
-0.337,-2.342
-0.325,-2.352
-0.336,-2.361
-0.326,-2.377
-0.313,-2.358
-0.325,-2.374
-0.336,-2.361
-0.325,-2.370
-0.337,-2.386
-0.325,-2.370
-0.337,-2.364
-0.325,-2.352
-0.336,-2.361
-0.326,-2.377
-0.325,-2.370
-0.314,-2.365
-0.325,-2.374
-0.313,-2.358
-0.325,-2.355
-0.314,-2.339
-0.314,-2.364
-0.314,-2.364
-0.302,-2.348
-0.303,-2.355
-0.313,-2.357
-0.313,-2.358
-0.313,-2.358
-0.313,-2.358
-0.314,-2.364
-0.314,-2.364
-0.315,-2.371
-0.304,-2.381
-0.314,-2.383
-0.303,-2.399
-0.290,-2.398
-0.313,-2.402
-0.302,-2.415
-0.313,-2.402
-0.325,-2.396
-0.313,-2.376
-0.313,-2.402
-0.314,-2.383
-0.324,-2.392
-0.314,-2.390
-0.325,-2.374
-0.337,-2.387
-0.337,-2.386
-0.336,-2.405
-0.325,-2.399
-0.314,-2.383
-0.325,-2.396
-0.337,-2.386
-0.325,-2.374
-0.325,-2.399
-0.314,-2.383
-0.314,-2.409
-0.314,-2.409
-0.302,-2.415
-0.302,-2.422
-0.325,-2.396
-0.314,-2.409
-0.314,-2.409
-0.302,-2.415
-0.314,-2.409
-0.302,-2.393
-0.313,-2.387
-0.303,-2.399
-0.314,-2.383
-0.291,-2.387
-0.290,-2.380
-0.291,-2.387
-0.279,-2.374
-0.291,-2.361
-0.291,-2.387
-0.291,-2.361
-0.291,-2.387
-0.280,-2.374
-0.290,-2.380
-0.280,-2.396
-0.291,-2.405
-0.269,-2.409
-0.279,-2.418
-0.279,-2.411
-0.291,-2.431
-0.279,-2.437
-0.280,-2.444
-0.280,-2.444
-0.268,-2.431
-0.257,-2.448
-0.257,-2.441
-0.268,-2.450
-0.244,-2.447
-0.256,-2.452
-0.268,-2.428
-0.256,-2.415
-0.279,-2.418
-0.280,-2.400
-0.279,-2.393
-0.279,-2.418
-0.279,-2.411
-0.291,-2.406
-0.302,-2.396
-0.279,-2.418
-0.303,-2.403
-0.313,-2.431
-0.313,-2.449
-0.302,-2.459
-0.312,-2.468
-0.336,-2.497
-0.313,-2.493
-0.336,-2.497
-0.324,-2.510
-0.335,-2.515
-0.347,-2.532
-0.335,-2.537
-0.346,-2.550
-0.346,-2.550
-0.369,-2.546
-0.370,-2.554
-0.369,-2.546
-0.381,-2.541
-0.381,-2.541
-0.369,-2.546
-0.392,-2.531
-0.391,-2.524
-0.392,-2.550
-0.392,-2.550
-0.403,-2.559
-0.414,-2.575
-0.403,-2.559
-0.414,-2.575
-0.415,-2.553
-0.437,-2.568
-0.438,-2.575
-0.448,-2.558
-0.448,-2.558
-0.437,-2.571
-0.424,-2.573
-0.448,-2.584
-0.448,-2.558
-0.460,-2.575
-0.461,-2.579
-0.460,-2.597
-0.449,-2.610
-0.448,-2.603
-0.447,-2.621
-0.447,-2.621
-0.458,-2.608
-0.448,-2.603
-0.448,-2.584
-0.449,-2.584
-0.460,-2.575
-0.447,-2.577
-0.448,-2.603
-0.436,-2.590
-0.437,-2.593
-0.438,-2.575
-0.425,-2.581
-0.426,-2.588
-0.414,-2.572
-0.425,-2.581
-0.414,-2.572
-0.413,-2.564
-0.414,-2.572
-0.403,-2.559
-0.404,-2.562
-0.392,-2.550
-0.403,-2.555
-0.393,-2.553
-0.358,-2.537
-0.392,-2.550
-0.370,-2.554
-0.379,-2.555
-0.358,-2.563
-0.358,-2.537
-0.358,-2.563
-0.347,-2.576
-0.357,-2.559
-0.347,-2.576
-0.346,-2.550
-0.357,-2.559
-0.347,-2.532
-0.358,-2.537
-0.358,-2.519
-0.358,-2.493
-0.359,-2.475
-0.347,-2.462
-0.347,-2.458
-0.371,-2.443
-0.359,-2.427
-0.347,-2.414
-0.347,-2.414
-0.358,-2.401
-0.359,-2.412
-0.347,-2.396
-0.359,-2.386
-0.360,-2.390
-0.359,-2.383
-0.348,-2.377
-0.347,-2.370
-0.347,-2.370
-0.348,-2.352
-0.358,-2.335
-0.348,-2.333
-0.360,-2.320
-0.359,-2.323
-0.371,-2.311
-0.359,-2.294
-0.371,-2.285
-0.359,-2.295
-0.370,-2.285
-0.371,-2.267
-0.382,-2.254
-0.394,-2.270
-0.394,-2.244
-0.393,-2.263
-0.405,-2.250
-0.415,-2.259
-0.416,-2.266
-0.405,-2.250
-0.416,-2.266
-0.417,-2.244
-0.405,-2.250
-0.416,-2.266
-0.416,-2.285
-0.416,-2.285
-0.428,-2.297
-0.427,-2.294
-0.416,-2.310
-0.427,-2.319
-0.416,-2.329
-0.416,-2.329
-0.415,-2.347
-0.427,-2.364
-0.416,-2.373
-0.404,-2.386
-0.427,-2.408
-0.404,-2.404
-0.415,-2.421
-0.392,-2.417
-0.404,-2.430
-0.393,-2.443
-0.381,-2.427
-0.393,-2.443
-0.381,-2.427
-0.380,-2.445
-0.381,-2.427
-0.392,-2.436
-0.382,-2.434
-0.393,-2.399
-0.405,-2.411
-0.394,-2.402
-0.404,-2.404
-0.404,-2.405
-0.403,-2.423
-0.403,-2.397
-0.404,-2.404
-0.415,-2.395
-0.417,-2.380
-0.417,-2.380
-0.415,-2.395
-0.404,-2.386
-0.403,-2.397
-0.404,-2.404
-0.404,-2.404
-0.404,-2.404
-0.405,-2.412
-0.415,-2.395
-0.405,-2.411
-0.404,-2.408
-0.426,-2.426
-0.415,-2.421
-0.403,-2.423
-0.404,-2.430
-0.404,-2.430
-0.415,-2.417
-0.404,-2.430
-0.403,-2.423
-0.393,-2.421
-0.381,-2.408
-0.370,-2.417
-0.405,-2.412
-0.380,-2.405
-0.393,-2.421
-0.381,-2.408
-0.381,-2.408
-0.382,-2.389
-0.381,-2.383
-0.371,-2.399
-0.393,-2.395
-0.381,-2.405
-0.381,-2.408
-0.393,-2.395
-0.371,-2.399
-0.393,-2.395
-0.381,-2.404
-0.371,-2.399
-0.359,-2.383
-0.360,-2.390
-0.347,-2.396
-0.335,-2.402
-0.347,-2.396
-0.301,-2.389
-0.223,-2.410
-0.144,-2.398
-0.110,-2.411
-0.088,-2.396
-0.087,-2.408
-0.087,-2.433
-0.088,-2.430
-0.110,-2.426
-0.122,-2.442
-0.144,-2.413
-0.167,-2.445
-0.224,-2.457
-0.258,-2.444
-0.292,-2.457
-0.324,-2.437
-0.381,-2.453
-0.404,-2.449
-0.437,-2.458
-0.461,-2.421
-0.505,-2.416
-0.529,-2.446
-0.562,-2.477
-0.584,-2.491
-0.606,-2.513
-0.638,-2.540
-0.674,-2.582
-0.674,-2.582
-0.697,-2.604
-0.731,-2.639
-0.751,-2.653
-0.775,-2.701
-0.798,-2.723
-0.808,-2.732
-0.808,-2.732
-0.808,-2.732
-0.844,-2.727
-0.855,-2.762
-0.865,-2.767
-0.865,-2.767
-0.897,-2.771
-0.932,-2.810
-0.945,-2.823
-0.965,-2.841
-0.989,-2.845
-1.011,-2.840
-1.024,-2.880
-1.057,-2.910
-1.068,-2.919
-1.102,-2.932
-1.112,-2.937
-1.147,-2.976
-1.179,-3.002
-1.200,-3.020
-1.226,-3.050
-1.223,-3.090
-1.227,-3.121
-1.239,-3.156
-1.227,-3.209
-1.228,-3.236
-1.213,-3.236
-1.189,-3.276
-1.177,-3.285
-1.150,-3.315
-1.109,-3.351
-1.063,-3.369
-1.010,-3.415
-0.954,-3.455
-0.933,-3.483
-0.923,-3.474
-0.908,-3.495
-0.909,-3.518
-0.906,-3.508
-0.870,-3.534
-0.863,-3.540
-0.839,-3.557
-0.853,-3.559
-0.818,-3.612
-0.794,-3.651
-0.761,-3.670
-0.758,-3.677
-0.759,-3.704
-0.737,-3.710
-0.735,-3.717
-0.723,-3.725
-0.746,-3.708
-0.770,-3.713
-0.772,-3.723
-0.759,-3.704
-0.776,-3.649
-0.750,-3.634
-0.763,-3.631
-0.750,-3.612
-0.714,-3.611
-0.727,-3.608
-0.725,-3.598
-0.726,-3.625
-0.726,-3.629
-0.702,-3.625
-0.704,-3.635
-0.703,-3.625
-0.692,-3.616
-0.692,-3.621
-0.714,-3.616
-0.727,-3.613
-0.714,-3.616
-0.703,-3.608
-0.714,-3.572
-0.736,-3.567
-0.748,-3.536
-0.736,-3.478
-0.737,-3.461
-0.728,-3.435
-0.727,-3.408
-0.717,-3.382
-0.670,-3.329
-0.647,-3.307
-0.614,-3.277
-0.601,-3.254
-0.579,-3.242
-0.578,-3.233
-0.569,-3.233
-0.535,-3.225
-0.522,-3.224
-0.501,-3.238
-0.455,-3.229
-0.444,-3.248
-0.410,-3.239
-0.398,-3.239
-0.410,-3.252
-0.400,-3.226
-0.377,-3.248
-0.365,-3.235
-0.354,-3.244
-0.365,-3.235
-0.354,-3.200
-0.388,-3.213
-0.399,-3.199
-0.398,-3.195
-0.399,-3.204
-0.421,-3.194
-0.433,-3.212
-0.410,-3.234
-0.432,-3.252
-0.434,-3.265
-0.432,-3.278
-0.433,-3.305
-0.444,-3.296
-0.443,-3.287
-0.456,-3.283
-0.455,-3.273
-0.477,-3.251
-0.523,-3.233
-0.545,-3.229
-0.558,-3.185
-0.592,-3.122
-0.626,-3.091
-0.660,-3.055
-0.705,-3.006
-0.740,-2.997
-0.738,-2.949
-0.763,-2.935
-0.798,-2.926
-0.796,-2.917
-0.809,-2.935
-0.817,-2.931
-0.829,-2.948
-0.843,-2.925
-0.842,-2.921
-0.822,-2.934
-0.821,-2.907
-0.822,-2.929
-0.810,-2.917
-0.796,-2.917
-0.785,-2.931
-0.794,-2.909
-0.784,-2.905
-0.775,-2.878
-0.798,-2.833
-0.799,-2.819
-0.786,-2.776
-0.787,-2.758
-0.798,-2.745
-0.785,-2.702
-0.788,-2.692
-0.753,-2.679
-0.788,-2.648
-0.778,-2.620
-0.766,-2.604
-0.755,-2.594
-0.753,-2.587
-0.765,-2.578
-0.754,-2.569
-0.753,-2.543
-0.744,-2.560
-0.743,-2.534
-0.744,-2.515
-0.722,-2.519
-0.710,-2.503
-0.698,-2.516
-0.697,-2.534
-0.710,-2.551
-0.698,-2.560
-0.685,-2.566
-0.687,-2.573
-0.674,-2.579
-0.675,-2.604
-0.676,-2.630
-0.686,-2.636
-0.698,-2.627
-0.685,-2.613
-0.698,-2.626
-0.710,-2.595
-0.708,-2.587
-0.721,-2.586
-0.709,-2.569
-0.720,-2.560
-0.732,-2.572
-0.719,-2.552
-0.719,-2.553
-0.730,-2.539
-0.732,-2.547
-0.721,-2.538
-0.733,-2.528
-0.735,-2.517
-0.744,-2.519
-0.733,-2.528
-0.732,-2.525
-0.752,-2.517
-0.742,-2.512
-0.741,-2.486
-0.743,-2.493
-0.767,-2.497
-0.778,-2.484
-0.790,-2.475
-0.800,-2.480
-0.811,-2.471
-0.811,-2.471
-0.821,-2.476
-0.835,-2.474
-0.857,-2.470
-0.858,-2.474
-0.879,-2.470
-0.889,-2.475
-0.879,-2.470
-0.889,-2.475
-0.878,-2.466
-0.879,-2.470
-0.878,-2.466
-0.880,-2.452
-0.879,-2.470
-0.899,-2.485
-0.888,-2.498
-0.898,-2.503
-0.900,-2.511
-0.910,-2.494
-0.947,-2.492
-0.960,-2.464
-0.971,-2.451
-0.996,-2.436
-1.006,-2.441
-1.018,-2.454
-1.040,-2.454
-1.049,-2.478
-1.049,-2.481
-1.071,-2.477
-1.082,-2.512
-1.094,-2.503
-1.115,-2.495
-1.105,-2.490
-1.116,-2.477
-1.116,-2.477
-1.084,-2.472
-1.082,-2.465
-1.062,-2.450
-1.049,-2.434
-1.005,-2.438
-0.983,-2.416
-0.970,-2.403
-0.950,-2.388
-0.903,-2.360
-0.913,-2.369
-0.892,-2.372
-0.890,-2.365
-0.913,-2.369
-0.934,-2.340
-0.936,-2.347
-0.937,-2.328
-0.959,-2.280
-0.974,-2.300
-0.971,-2.293
-0.948,-2.315
-0.937,-2.328
-0.958,-2.343
-0.937,-2.372
-0.936,-2.391
-0.948,-2.425
-0.925,-2.448
-0.923,-2.488
-0.925,-2.540
-0.912,-2.590
-0.912,-2.634
-0.912,-2.682
-0.887,-2.740
-0.867,-2.771
-0.876,-2.798
-0.876,-2.842
-0.889,-2.859
-0.876,-2.886
-0.877,-2.912
-0.876,-2.934
-0.899,-2.956
-0.888,-2.969
-0.885,-3.005
-0.876,-3.023
-0.874,-3.018
-0.864,-3.054
-0.865,-3.080
-0.863,-3.071
-0.886,-3.075
-0.886,-3.075
-0.876,-3.067
-0.889,-3.084
-0.897,-3.062
-0.876,-3.067
-0.875,-3.084
-0.875,-3.085
-0.876,-3.111
-0.885,-3.093
-0.876,-3.111
-0.885,-3.093
-0.897,-3.106
-0.910,-3.124
-0.897,-3.128
-0.911,-3.150
-0.921,-3.132
-0.933,-3.146
-0.909,-3.141
-0.906,-3.155
-0.918,-3.190
-0.918,-3.168
-0.919,-3.173
-0.921,-3.181
-0.919,-3.172
-0.911,-3.173
-0.908,-3.164
-0.920,-3.177
-0.897,-3.177
-0.919,-3.173
-0.909,-3.190
-0.908,-3.164
-0.909,-3.190
-0.921,-3.181
-0.908,-3.164
-0.909,-3.190
-0.908,-3.164
-0.919,-3.195
-0.908,-3.164
-0.907,-3.181
-0.920,-3.199
-0.920,-3.199
-0.908,-3.208
-0.909,-3.212
-0.919,-3.217
-0.920,-3.243
-0.931,-3.230
-0.931,-3.230
-0.943,-3.221
-0.931,-3.230
-0.932,-3.212
-0.954,-3.207
-0.943,-3.199
-0.955,-3.190
-0.964,-3.172
-0.988,-3.176
-0.976,-3.141
-0.989,-3.154
-1.000,-3.145
-0.998,-3.136
-1.000,-3.145
-1.011,-3.132
-1.000,-3.141
-1.000,-3.145
-0.986,-3.145
-1.011,-3.154
-0.987,-3.172
-0.998,-3.181
-0.989,-3.198
-0.987,-3.194
-0.991,-3.207
-0.979,-3.194
-0.979,-3.194
-0.979,-3.194
-0.952,-3.181
-0.954,-3.208
-0.941,-3.190
-0.941,-3.190
-0.931,-3.186
-0.930,-3.159
-0.922,-3.159
-0.921,-3.133
-0.931,-3.142
-0.921,-3.133
-0.918,-3.124
-0.921,-3.133
-0.919,-3.106
-0.932,-3.119
-0.933,-3.101
-0.921,-3.088
-0.934,-3.084
-0.921,-3.088
-0.944,-3.088
-0.921,-3.088
-0.918,-3.080
-0.922,-3.093
-0.932,-3.075
-0.932,-3.075
-0.910,-3.079
-0.908,-3.071
-0.909,-3.053
-0.909,-3.053
-0.909,-3.053
-0.910,-3.035
-0.898,-3.018
-0.888,-3.014
-0.910,-2.987
-0.898,-2.974
-0.876,-2.978
-0.863,-2.961
-0.866,-2.925
-0.853,-2.912
-0.854,-2.890
-0.854,-2.868
-0.840,-2.829
-0.832,-2.824
-0.831,-2.802
-0.831,-2.802
-0.832,-2.784
-0.796,-2.763
-0.821,-2.749
-0.819,-2.741
-0.830,-2.728
-0.821,-2.705
-0.830,-2.688
-0.823,-2.668
-0.834,-2.655
-0.834,-2.655
-0.821,-2.660
-0.840,-2.649
-0.831,-2.665
-0.853,-2.617
-0.843,-2.612
-0.856,-2.607
-0.843,-2.568
-0.868,-2.575
-0.855,-2.581
-0.855,-2.581
-0.878,-2.559
-0.842,-2.564
-0.867,-2.549
-0.879,-2.540
-0.879,-2.540
-0.879,-2.540
-0.876,-2.532
-0.900,-2.536
-0.888,-2.523
-0.900,-2.536
-0.902,-2.518
-0.899,-2.511
-0.890,-2.531
-0.923,-2.514
-0.899,-2.511
-0.902,-2.518
-0.910,-2.520
-0.912,-2.505
-0.923,-2.514
-0.935,-2.505
-0.913,-2.508
-0.934,-2.479
-0.935,-2.505
-0.933,-2.501
-0.956,-2.501
-0.935,-2.505
-0.944,-2.488
-0.970,-2.495
-0.958,-2.438
-0.979,-2.434
-0.969,-2.425
-0.967,-2.399
-0.970,-2.407
-0.969,-2.381
-0.969,-2.359
-0.971,-2.385
-0.967,-2.352
-0.957,-2.346
-0.969,-2.359
-0.947,-2.337
-0.972,-2.344
-0.958,-2.328
-0.947,-2.337
-0.944,-2.330
-0.967,-2.352
-0.947,-2.337
-0.947,-2.337
-0.939,-2.335
-0.937,-2.331
-0.949,-2.344
-0.949,-2.344
-0.923,-2.334
-0.936,-2.350
-0.937,-2.353
-0.925,-2.363
-0.915,-2.379
-0.902,-2.385
-0.936,-2.398
-0.935,-2.416
-0.923,-2.426
-0.924,-2.451
-0.934,-2.435
-0.945,-2.470
-0.934,-2.479
-0.956,-2.479
-0.947,-2.496
-0.955,-2.497
-0.969,-2.517
-0.967,-2.514
-0.980,-2.527
-0.947,-2.543
-0.978,-2.545
-0.967,-2.558
-0.966,-2.576
-0.966,-2.598
-0.968,-2.606
-0.967,-2.624
-0.979,-2.637
-0.978,-2.659
-0.977,-2.677
-0.990,-2.672
-0.999,-2.677
-1.002,-2.707
-1.000,-2.699
-1.000,-2.699
-1.001,-2.703
-0.988,-2.664
-0.979,-2.681
-0.965,-2.686
-0.954,-2.696
-0.933,-2.681
-0.909,-2.678
-0.901,-2.676
-0.889,-2.664
-0.854,-2.669
-0.832,-2.673
-0.818,-2.675
-0.808,-2.714
-0.796,-2.701
-0.784,-2.710
-0.774,-2.705
-0.774,-2.701
-0.786,-2.718
-0.775,-2.727
-0.763,-2.758
-0.751,-2.768
-0.749,-2.782
-0.751,-2.812
-0.761,-2.821
-0.762,-2.825
-0.763,-2.851
-0.740,-2.869
-0.752,-2.886
-0.784,-2.891
-0.762,-2.913
-0.784,-2.935
-0.761,-2.931
-0.740,-2.962
-0.763,-2.939
-0.728,-2.971
-0.728,-2.971
-0.715,-2.976
-0.716,-3.002
-0.705,-2.993
-0.705,-2.993
-0.696,-3.011
-0.692,-2.998
-0.684,-2.998
-0.683,-2.971
-0.694,-2.958
-0.662,-2.953
-0.660,-2.945
-0.649,-2.940
-0.649,-2.936
-0.648,-2.954
-0.638,-2.950
-0.638,-2.945
-0.638,-2.972
-0.649,-2.981
-0.647,-2.972
-0.648,-2.999
-0.657,-2.999
-0.671,-3.020
-0.683,-3.038
-0.696,-3.033
-0.719,-3.059
-0.728,-3.059
-0.751,-3.081
-0.750,-3.077
-0.782,-3.081
-0.784,-3.085
-0.782,-3.077
-0.808,-3.090
-0.797,-3.080
-0.798,-3.063
-0.798,-3.085
-0.784,-3.085
-0.796,-3.099
-0.773,-3.121
-0.795,-3.120
-0.830,-3.156
-0.829,-3.173
-0.866,-3.195
-0.864,-3.213
-0.874,-3.239
-0.875,-3.270
-0.884,-3.292
-0.898,-3.288
-0.909,-3.274
-0.921,-3.287
-0.910,-3.279
-0.908,-3.269
-0.910,-3.279
-0.899,-3.288
-0.899,-3.288
-0.888,-3.301
-0.875,-3.327
-0.842,-3.390
-0.862,-3.469
-0.838,-3.557
-0.838,-3.651
-0.823,-3.737
-0.801,-3.854
-0.802,-3.952
-0.778,-3.997
-0.769,-4.066
-0.765,-4.094
-0.756,-4.113
-0.744,-4.144
-0.709,-4.153
-0.699,-4.128
-0.675,-4.095
-0.676,-4.078
-0.653,-4.034
-0.629,-4.001
-0.608,-3.985
-0.573,-3.988
-0.563,-3.963
-0.540,-3.941
-0.541,-3.919
-0.531,-3.894
-0.541,-3.825
-0.554,-3.822
-0.542,-3.786
-0.576,-3.750
-0.566,-3.747
-0.543,-3.698
-0.555,-3.694
-0.543,-3.681
-0.542,-3.693
-0.521,-3.681
-0.520,-3.671
-0.498,-3.676
-0.475,-3.698
-0.464,-3.707
-0.441,-3.690
-0.441,-3.685
-0.419,-3.690
-0.419,-3.690
-0.396,-3.685
-0.374,-3.696
-0.362,-3.672
-0.351,-3.691
-0.329,-3.669
-0.305,-3.664
-0.272,-3.661
-0.249,-3.673
-0.238,-3.692
-0.204,-3.701
-0.170,-3.732
-0.169,-3.764
-0.168,-3.793
-0.168,-3.820
-0.169,-3.825
-0.168,-3.820
-0.180,-3.834
-0.180,-3.806
-0.214,-3.803
-0.226,-3.772
-0.248,-3.767
-0.261,-3.719
-0.260,-3.681
-0.272,-3.678
-0.295,-3.656
-0.306,-3.620
-0.329,-3.625
-0.317,-3.579
-0.340,-3.567
-0.374,-3.536
-0.374,-3.536
-0.386,-3.505
-0.408,-3.473
-0.409,-3.482
-0.431,-3.477
-0.442,-3.486
-0.455,-3.482
-0.476,-3.472
-0.477,-3.482
-0.488,-3.468
-0.510,-3.485
-0.534,-3.473
-0.544,-3.450
-0.533,-3.446
-0.556,-3.445
-0.555,-3.441
-0.567,-3.415
-0.566,-3.405
-0.579,-3.401
-0.579,-3.401
-0.589,-3.410
-0.591,-3.414
-0.589,-3.409
-0.602,-3.406
-0.601,-3.423
-0.600,-3.418
-0.602,-3.450
-0.600,-3.440
-0.624,-3.450
-0.613,-3.458
-0.613,-3.458
-0.601,-3.472
-0.600,-3.440
-0.579,-3.472
-0.590,-3.436
-0.590,-3.436
-0.579,-3.428
-0.566,-3.405
-0.556,-3.423
-0.566,-3.405
-0.567,-3.388
-0.568,-3.397
-0.568,-3.370
-0.557,-3.389
-0.545,-3.375
-0.556,-3.379
-0.545,-3.393
-0.531,-3.370
-0.532,-3.392
-0.533,-3.375
-0.521,-3.388
-0.534,-3.362
-0.510,-3.357
-0.511,-3.362
-0.499,-3.349
-0.510,-3.353
-0.476,-3.345
-0.476,-3.340
-0.477,-3.327
-0.488,-3.313
-0.488,-3.313
-0.466,-3.318
-0.465,-3.309
-0.477,-3.327
-0.465,-3.336
-0.477,-3.322
-0.466,-3.318
-0.465,-3.309
-0.466,-3.318
-0.465,-3.336
-0.442,-3.331
-0.455,-3.327
-0.442,-3.331
-0.455,-3.327
-0.454,-3.345
-0.454,-3.344
-0.443,-3.341
-0.442,-3.331
-0.455,-3.327
-0.443,-3.314
-0.443,-3.309
-0.455,-3.310
-0.454,-3.300
-0.455,-3.283
-0.466,-3.274
-0.454,-3.256
-0.478,-3.243
-0.454,-3.229
-0.455,-3.239
-0.476,-3.212
-0.453,-3.207
-0.466,-3.203
-0.465,-3.176
-0.477,-3.150
-0.478,-3.132
-0.478,-3.088
-0.490,-3.101
-0.489,-3.048
-0.490,-3.030
-0.500,-2.995
-0.499,-2.986
-0.500,-2.969
-0.499,-2.942
-0.512,-2.937
-0.524,-2.906
-0.523,-2.884
-0.524,-2.866
-0.534,-2.845
-0.535,-2.853
-0.546,-2.836
-0.557,-2.822
-0.558,-2.808
-0.569,-2.791
-0.582,-2.790
-0.605,-2.768
-0.603,-2.760
-0.593,-2.777
-0.590,-2.765
-0.603,-2.760
-0.603,-2.760
-0.626,-2.737
-0.604,-2.742
-0.603,-2.716
-0.603,-2.716
-0.603,-2.716
-0.603,-2.690
-0.604,-2.697
-0.614,-2.680
-0.616,-2.666
-0.627,-2.631
-0.603,-2.627
-0.616,-2.578
-0.603,-2.535
-0.593,-2.530
-0.593,-2.486
-0.604,-2.473
-0.595,-2.445
-0.593,-2.394
-0.582,-2.407
-0.561,-2.388
-0.571,-2.372
-0.573,-2.357
-0.548,-2.347
-0.572,-2.331
-0.549,-2.309
-0.560,-2.318
-0.562,-2.303
-0.561,-2.296
-0.573,-2.290
-0.551,-2.294
-0.550,-2.287
-0.562,-2.300
-0.538,-2.271
-0.527,-2.284
-0.527,-2.265
-0.527,-2.240
-0.517,-2.215
-0.505,-2.199
-0.506,-2.203
-0.460,-2.181
-0.470,-2.162
-0.461,-2.159
-0.471,-2.143
-0.472,-2.149
-0.449,-2.127
-0.471,-2.099
-0.461,-2.070
-0.460,-2.020
-0.461,-2.023
-0.461,-1.979
-0.461,-1.954
-0.451,-1.950
-0.439,-1.910
-0.428,-1.903
-0.417,-1.869
-0.439,-1.866
-0.417,-1.850
-0.417,-1.847
-0.418,-1.828
-0.430,-1.840
-0.440,-1.825
-0.441,-1.830
-0.440,-1.825
-0.441,-1.805
-0.452,-1.793
-0.462,-1.821
-0.463,-1.827
-0.462,-1.821
-0.485,-1.827
-0.497,-1.839
-0.508,-1.846
-0.498,-1.861
-0.484,-1.887
-0.485,-1.912
-0.496,-1.947
-0.484,-1.954
-0.485,-2.004
-0.485,-2.001
-0.484,-2.026
-0.485,-2.051
-0.485,-2.048
-0.486,-2.098
-0.472,-2.099
-0.472,-2.143
-0.471,-2.162
-0.494,-2.183
-0.495,-2.212
-0.494,-2.231
-0.506,-2.247
-0.506,-2.269
-0.494,-2.275
-0.494,-2.300
-0.493,-2.293
-0.494,-2.319
-0.505,-2.332
-0.505,-2.332
-0.507,-2.339
-0.494,-2.344
-0.483,-2.379
-0.494,-2.389
-0.505,-2.394
-0.505,-2.420
-0.493,-2.426
-0.506,-2.446
-0.506,-2.446
-0.516,-2.451
-0.529,-2.449
-0.517,-2.432
-0.517,-2.433
-0.506,-2.442
-0.516,-2.451
-0.506,-2.446
-0.493,-2.448
-0.506,-2.446
-0.494,-2.455
-0.506,-2.442
-0.484,-2.446
-0.482,-2.439
-0.483,-2.464
-0.494,-2.455
-0.494,-2.473
-0.494,-2.499
-0.470,-2.514
-0.471,-2.521
-0.471,-2.521
-0.460,-2.531
-0.449,-2.525
-0.447,-2.536
-0.448,-2.518
-0.471,-2.518
-0.471,-2.521
-0.461,-2.494
-0.449,-2.481
-0.450,-2.503
-0.461,-2.512
-0.448,-2.518
-0.449,-2.522
-0.448,-2.514
-0.460,-2.531
-0.449,-2.522
-0.460,-2.531
-0.449,-2.525
-0.448,-2.518
-0.472,-2.543
-0.449,-2.566
-0.470,-2.558
-0.449,-2.588
-0.460,-2.575
-0.471,-2.566
-0.460,-2.579
-0.471,-2.584
-0.472,-2.592
-0.471,-2.584
-0.471,-2.584
-0.471,-2.584
-0.471,-2.584
-0.495,-2.569
-0.493,-2.562
-0.505,-2.575
-0.517,-2.565
-0.516,-2.583
-0.517,-2.565
-0.527,-2.549
-0.540,-2.543
-0.540,-2.543
-0.562,-2.539
-0.551,-2.534
-0.539,-2.517
-0.562,-2.521
-0.552,-2.511
-0.550,-2.508
-0.562,-2.521
-0.572,-2.504
-0.573,-2.530
-0.562,-2.539
-0.572,-2.548
-0.574,-2.556
-0.571,-2.567
-0.584,-2.583
-0.574,-2.600
-0.572,-2.636
-0.574,-2.648
-0.573,-2.666
-0.584,-2.701
-0.561,-2.723
-0.571,-2.747
-0.583,-2.764
-0.581,-2.778
-0.593,-2.791
-0.583,-2.764
-0.583,-2.764
-0.584,-2.746
-0.593,-2.747
-0.595,-2.751
-0.593,-2.747
-0.592,-2.765
-0.595,-2.755
-0.617,-2.750
-0.617,-2.754
-0.618,-2.776
-0.628,-2.781
-0.628,-2.786
-0.627,-2.777
-0.662,-2.794
-0.651,-2.785
-0.673,-2.781
-0.663,-2.776
-0.685,-2.772
-0.685,-2.772
-0.685,-2.772
-0.695,-2.755
-0.696,-2.763
-0.707,-2.724
-0.719,-2.740
-0.731,-2.731
-0.741,-2.736
-0.742,-2.718
-0.729,-2.723
-0.753,-2.727
-0.742,-2.718
-0.753,-2.705
-0.755,-2.713
-0.741,-2.692
-0.731,-2.709
-0.730,-2.705
-0.730,-2.701
-0.731,-2.683
-0.706,-2.654
-0.719,-2.652
-0.709,-2.643
-0.709,-2.643
-0.688,-2.629
-0.686,-2.621
-0.651,-2.631
-0.663,-2.617
-0.639,-2.614
-0.628,-2.605
-0.628,-2.579
-0.617,-2.574
-0.607,-2.565
-0.595,-2.552
-0.596,-2.559
-0.583,-2.561
-0.584,-2.543
-0.561,-2.565
-0.560,-2.539
-0.573,-2.556
-0.560,-2.539
-0.573,-2.534
-0.562,-2.546
-0.572,-2.530
-0.550,-2.534
-0.572,-2.526
-0.573,-2.508
-0.561,-2.495
-0.561,-2.495
-0.585,-2.480
-0.573,-2.463
-0.573,-2.445
-0.585,-2.436
-0.573,-2.419
-0.597,-2.404
-0.596,-2.397
-0.596,-2.378
-0.597,-2.356
-0.596,-2.353
-0.586,-2.347
-0.584,-2.318
-0.586,-2.325
-0.586,-2.321
-0.584,-2.293
-0.585,-2.299
-0.573,-2.283
-0.574,-2.268
-0.575,-2.246
-0.574,-2.221
-0.586,-2.237
-0.561,-2.227
-0.584,-2.205
-0.575,-2.202
-0.585,-2.186
-0.587,-2.173
-0.586,-2.148
-0.586,-2.148
-0.576,-2.139
-0.574,-2.129
-0.575,-2.110
-0.573,-2.082
-0.563,-2.054
-0.564,-2.012
-0.564,-1.990
-0.542,-1.950
-0.519,-1.947
