 0.857,-5.342
 0.856,-5.314
 0.863,-5.291
 0.857,-5.277
 0.863,-5.259
 0.877,-5.264
 0.869,-5.246
 0.876,-5.255
 0.876,-5.255
 0.861,-5.278
 0.863,-5.305
 0.855,-5.305
 0.856,-5.366
 0.863,-5.389
 0.841,-5.388
 0.857,-5.412
 0.848,-5.412
 0.849,-5.426
 0.849,-5.426
 0.848,-5.435
 0.849,-5.454
 0.855,-5.454
 0.856,-5.472
 0.864,-5.472
 0.856,-5.472
 0.864,-5.486
 0.863,-5.495
 0.871,-5.519
 0.870,-5.528
 0.869,-5.537
 0.871,-5.546
 0.870,-5.556
 0.878,-5.565
 0.878,-5.579
 0.876,-5.579
 0.870,-5.584
 0.885,-5.588
 0.872,-5.593
 0.886,-5.607
 0.885,-5.597
 0.886,-5.607
 0.885,-5.597
 0.877,-5.602
 0.878,-5.593
 0.877,-5.583
 0.877,-5.602
 0.863,-5.616
 0.857,-5.639
 0.857,-5.667
 0.849,-5.694
 0.851,-5.750
 0.836,-5.810
 0.834,-5.870
 0.828,-5.935
 0.821,-5.967
 0.815,-6.000
 0.794,-6.065
 0.788,-6.116
 0.781,-6.153
 0.766,-6.176
 0.753,-6.204
 0.745,-6.217
 0.731,-6.250
 0.733,-6.274
 0.726,-6.278
 0.733,-6.288
 0.726,-6.301
 0.711,-6.323
 0.711,-6.351
 0.710,-6.349
 0.697,-6.387
 0.697,-6.387
 0.683,-6.401
 0.662,-6.402
 0.655,-6.378
 0.649,-6.376
 0.649,-6.347
 0.656,-6.333
 0.649,-6.301
 0.633,-6.248
 0.648,-6.212
 0.646,-6.155
 0.645,-6.108
 0.660,-6.077
 0.660,-6.030
 0.647,-6.012
 0.639,-6.003
 0.625,-6.003
 0.640,-6.027
 0.632,-6.026
 0.648,-6.050
 0.654,-6.063
 0.660,-6.077
 0.683,-6.092
 0.696,-6.100
 0.711,-6.120
 0.732,-6.097
 0.746,-6.083
 0.761,-6.060
 0.788,-6.014
 0.810,-5.987
 0.817,-5.954
 0.845,-5.908
 0.852,-5.876
 0.859,-5.848
 0.858,-5.829
 0.858,-5.829
 0.857,-5.838
 0.851,-5.852
 0.844,-5.843
 0.844,-5.861
 0.845,-5.880
 0.838,-5.898
 0.832,-5.913
 0.830,-5.912
 0.830,-5.931
 0.824,-5.926
 0.824,-5.945
 0.832,-5.932
 0.845,-5.917
 0.839,-5.904
 0.852,-5.876
 0.859,-5.848
 0.873,-5.825
 0.872,-5.787
 0.865,-5.769
 0.858,-5.746
 0.849,-5.745
 0.830,-5.736
 0.822,-5.713
 0.823,-5.713
 0.817,-5.709
 0.816,-5.717
 0.802,-5.722
 0.801,-5.722
 0.800,-5.731
 0.808,-5.713
 0.786,-5.675
 0.787,-5.657
 0.793,-5.615
 0.787,-5.592
 0.787,-5.546
 0.779,-5.495
 0.774,-5.472
 0.772,-5.420
 0.758,-5.383
 0.756,-5.323
 0.756,-5.305
 0.750,-5.290
 0.734,-5.267
 0.721,-5.272
 0.706,-5.258
 0.684,-5.258
 0.671,-5.262
 0.664,-5.271
 0.651,-5.270
 0.651,-5.261
 0.644,-5.261
 0.644,-5.247
 0.629,-5.243
 0.622,-5.220
 0.635,-5.201
 0.613,-5.201
 0.635,-5.201
 0.628,-5.188
 0.628,-5.169
 0.622,-5.168
 0.628,-5.169
 0.644,-5.191
 0.635,-5.201
 0.643,-5.201
 0.657,-5.201
 0.670,-5.178
 0.671,-5.187
 0.678,-5.160
 0.692,-5.164
 0.707,-5.151
 0.706,-5.133
 0.714,-5.118
 0.728,-5.104
 0.728,-5.095
 0.743,-5.081
 0.749,-5.068
 0.764,-5.072
 0.770,-5.059
 0.784,-5.063
 0.791,-5.055
 0.797,-5.041
 0.811,-5.037
 0.818,-5.028
 0.819,-5.009
 0.835,-4.994
 0.828,-4.975
 0.828,-4.975
 0.827,-4.957
 0.835,-4.938
 0.820,-4.920
 0.833,-4.898
 0.833,-4.888
 0.839,-4.875
 0.825,-4.875
 0.826,-4.883
 0.826,-4.893
 0.820,-4.920
 0.819,-4.934
 0.835,-4.952
 0.834,-4.966
 0.847,-4.971
 0.862,-4.976
 0.868,-4.972
 0.875,-4.982
 0.897,-4.991
 0.903,-4.978
 0.912,-4.995
 0.918,-4.972
 0.912,-4.967
 0.934,-4.967
 0.932,-4.968
 0.940,-4.968
 0.932,-4.958
 0.939,-4.963
 0.938,-4.973
 0.938,-4.969
 0.940,-4.982
 0.954,-4.995
 0.962,-5.019
 0.955,-5.045
 0.955,-5.055
 0.970,-5.087
 0.961,-5.097
 0.975,-5.121
 0.976,-5.125
 0.995,-5.136
 0.997,-5.145
 0.997,-5.172
 1.004,-5.182
 1.012,-5.205
 1.018,-5.219
 1.019,-5.242
 1.018,-5.260
 1.018,-5.288
 1.040,-5.316
 1.039,-5.321
 1.041,-5.358
 1.055,-5.372
 1.054,-5.381
 1.069,-5.386
 1.075,-5.396
 1.069,-5.423
 1.076,-5.442
 1.075,-5.456
 1.084,-5.456
 1.075,-5.455
 1.077,-5.479
 1.084,-5.483
 1.070,-5.497
 1.063,-5.530
 1.060,-5.530
 1.048,-5.553
 1.055,-5.576
 1.041,-5.590
 1.034,-5.613
 1.020,-5.626
 1.014,-5.654
 1.013,-5.672
 0.998,-5.696
 0.985,-5.728
 0.977,-5.742
 0.963,-5.774
 0.948,-5.797
 0.935,-5.815
 0.929,-5.829
 0.906,-5.810
 0.894,-5.816
 0.901,-5.806
 0.886,-5.801
 0.879,-5.811
 0.870,-5.814
 0.864,-5.829
 0.857,-5.833
 0.850,-5.828
 0.844,-5.829
 0.836,-5.814
 0.830,-5.820
 0.822,-5.819
 0.807,-5.814
 0.802,-5.814
 0.800,-5.819
 0.780,-5.819
 0.787,-5.809
 0.772,-5.795
 0.766,-5.810
 0.765,-5.800
 0.759,-5.800
 0.766,-5.791
 0.751,-5.786
 0.758,-5.781
 0.743,-5.776
 0.751,-5.777
 0.744,-5.767
 0.751,-5.730
 0.759,-5.707
 0.765,-5.665
 0.773,-5.656
 0.780,-5.628
 0.787,-5.596
 0.794,-5.559
 0.806,-5.518
 0.799,-5.499
 0.814,-5.472
 0.813,-5.458
 0.821,-5.467
 0.834,-5.449
 0.828,-5.435
 0.843,-5.439
 0.850,-5.435
 0.851,-5.453
 0.855,-5.458
 0.856,-5.505
 0.863,-5.523
 0.870,-5.542
 0.870,-5.560
 0.877,-5.565
 0.893,-5.588
 0.908,-5.593
 0.927,-5.602
 0.936,-5.603
 0.955,-5.584
 0.971,-5.580
 0.970,-5.589
 0.984,-5.585
 1.006,-5.613
 1.004,-5.603
 1.006,-5.613
 1.006,-5.612
 1.006,-5.585
 1.022,-5.580
 1.034,-5.585
 1.027,-5.576
 1.035,-5.571
 1.026,-5.571
 1.019,-5.576
 1.004,-5.571
 0.998,-5.562
 1.000,-5.543
 0.985,-5.529
 0.994,-5.529
 0.979,-5.524
 0.972,-5.519
 0.970,-5.492
 0.954,-5.468
 0.948,-5.440
 0.947,-5.408
 0.933,-5.399
 0.926,-5.380
 0.912,-5.366
 0.914,-5.361
 0.913,-5.356
 0.899,-5.361
 0.892,-5.365
 0.890,-5.356
 0.878,-5.365
 0.876,-5.342
 0.884,-5.342
 0.899,-5.328
 0.912,-5.324
 0.913,-5.333
 0.920,-5.305
 0.920,-5.310
 0.920,-5.324
 0.941,-5.311
 0.942,-5.329
 0.948,-5.316
 0.942,-5.320
 0.942,-5.319
 0.941,-5.311
 0.949,-5.311
 0.940,-5.292
 0.947,-5.325
 0.940,-5.330
 0.933,-5.329
 0.929,-5.352
 0.929,-5.351
 0.922,-5.375
 0.929,-5.379
 0.921,-5.379
 0.913,-5.384
 0.933,-5.380
 0.919,-5.380
 0.927,-5.380
 0.919,-5.366
 0.920,-5.375
 0.927,-5.366
 0.935,-5.352
 0.936,-5.342
 0.942,-5.315
 0.957,-5.324
 0.948,-5.301
 0.940,-5.292
 0.948,-5.302
 0.954,-5.279
 0.949,-5.283
 0.956,-5.287
 0.964,-5.301
 0.957,-5.306
 0.941,-5.324
 0.941,-5.343
 0.948,-5.343
 0.948,-5.362
 0.956,-5.371
 0.948,-5.385
 0.963,-5.417
 0.956,-5.436
 0.956,-5.436
 0.956,-5.464
 0.955,-5.473
 0.957,-5.482
 0.950,-5.491
 0.951,-5.496
 0.951,-5.496
 0.943,-5.482
 0.950,-5.478
 0.949,-5.468
 0.955,-5.459
 0.956,-5.450
 0.948,-5.408
 0.942,-5.399
 0.949,-5.375
 0.950,-5.380
 0.950,-5.357
 0.942,-5.343
 0.950,-5.343
 0.964,-5.338
 0.956,-5.339
 0.956,-5.357
 0.941,-5.362
 0.936,-5.394
 0.935,-5.403
 0.935,-5.408
 0.922,-5.435
 0.927,-5.422
 0.928,-5.440
 0.921,-5.445
 0.928,-5.449
 0.928,-5.468
 0.920,-5.454
 0.929,-5.459
 0.935,-5.459
 0.928,-5.463
 0.921,-5.472
 0.927,-5.486
 0.921,-5.500
 0.936,-5.514
 0.921,-5.528
 0.907,-5.556
 0.914,-5.574
 0.922,-5.602
 0.915,-5.625
 0.907,-5.653
 0.908,-5.690
 0.914,-5.704
 0.908,-5.728
 0.914,-5.741
 0.914,-5.741
 0.915,-5.760
 0.913,-5.750
 0.922,-5.742
 0.922,-5.742
 0.922,-5.742
 0.915,-5.751
 0.914,-5.741
 0.916,-5.765
 0.915,-5.760
 0.914,-5.769
 0.901,-5.774
 0.892,-5.769
 0.893,-5.779
 0.887,-5.774
 0.886,-5.788
 0.886,-5.788
 0.878,-5.783
 0.887,-5.802
 0.879,-5.792
 0.879,-5.764
 0.873,-5.765
 0.865,-5.741
 0.865,-5.713
 0.865,-5.685
 0.849,-5.662
 0.858,-5.653
 0.849,-5.629
 0.850,-5.625
 0.842,-5.611
 0.849,-5.606
 0.844,-5.611
 0.849,-5.579
 0.857,-5.579
 0.863,-5.565
 0.856,-5.546
 0.858,-5.541
 0.863,-5.537
 0.857,-5.555
 0.857,-5.555
 0.850,-5.569
 0.865,-5.602
 0.864,-5.597
 0.871,-5.620
 0.878,-5.639
 0.891,-5.648
 0.907,-5.667
 0.912,-5.676
 0.906,-5.690
 0.936,-5.700
 0.936,-5.719
 0.945,-5.733
 0.942,-5.732
 0.964,-5.742
 0.977,-5.747
 0.976,-5.756
 0.999,-5.770
 0.991,-5.761
 1.000,-5.761
 1.000,-5.761
 0.999,-5.770
 0.993,-5.784
 0.977,-5.761
 0.979,-5.770
 0.978,-5.765
 0.963,-5.760
 0.951,-5.784
 0.949,-5.774
 0.943,-5.760
 0.921,-5.765
 0.914,-5.755
 0.914,-5.769
 0.912,-5.769
 0.892,-5.783
 0.893,-5.792
 0.886,-5.802
 0.887,-5.811
 0.879,-5.824
 0.873,-5.853
 0.887,-5.876
 0.871,-5.889
 0.871,-5.922
 0.870,-5.912
 0.864,-5.940
 0.878,-5.954
 0.871,-5.972
 0.872,-5.996
 0.871,-6.005
 0.871,-6.038
 0.872,-6.065
 0.885,-6.088
 0.900,-6.108
 0.885,-6.130
 0.893,-6.145
 0.893,-6.173
 0.893,-6.182
 0.901,-6.210
 0.907,-6.191
 0.915,-6.206
 0.922,-6.187
 0.928,-6.173
 0.943,-6.164
 0.949,-6.150
 0.957,-6.159
 0.978,-6.150
 0.977,-6.131
 0.993,-6.128
 1.005,-6.103
 1.007,-6.109
 0.992,-6.095
 0.993,-6.085
 0.987,-6.086
 0.985,-6.076
 0.978,-6.085
 0.986,-6.067
 0.978,-6.071
 0.950,-6.076
 0.964,-6.066
 0.950,-6.071
 0.935,-6.071
 0.934,-6.047
 0.929,-6.053
 0.914,-6.034
 0.922,-6.029
 0.901,-6.015
 0.892,-6.010
 0.886,-6.010
 0.885,-6.014
 0.865,-6.029
 0.865,-6.028
 0.850,-6.037
 0.858,-6.052
 0.850,-6.051
 0.843,-6.074
 0.837,-6.070
 0.836,-6.079
 0.824,-6.094
 0.830,-6.093
 0.829,-6.102
 0.822,-6.112
 0.815,-6.116
 0.823,-6.103
 0.829,-6.102
 0.829,-6.102
 0.829,-6.102
 0.844,-6.088
 0.866,-6.089
 0.866,-6.089
 0.873,-6.080
 0.880,-6.075
 0.879,-6.052
 0.886,-6.047
 0.900,-6.042
 0.899,-6.029
 0.900,-6.020
 0.899,-6.001
 0.908,-6.020
 0.893,-6.024
 0.887,-6.038
 0.894,-6.048
 0.879,-6.057
 0.887,-6.080
 0.879,-6.093
 0.872,-6.130
 0.873,-6.150
 0.879,-6.149
 0.866,-6.173
 0.874,-6.205
 0.859,-6.228
 0.853,-6.256
 0.859,-6.269
 0.860,-6.308
 0.866,-6.293
 0.874,-6.303
 0.866,-6.293
 0.872,-6.292
 0.880,-6.279
 0.887,-6.270
 0.886,-6.251
 0.895,-6.243
 0.895,-6.223
 0.902,-6.192
 0.893,-6.191
 0.901,-6.173
 0.909,-6.145
 0.922,-6.135
 0.929,-6.145
 0.923,-6.145
 0.930,-6.136
 0.930,-6.136
 0.929,-6.126
 0.922,-6.127
 0.936,-6.094
 0.929,-6.090
 0.929,-6.090
 0.943,-6.084
 0.944,-6.067
 0.951,-6.071
 0.944,-6.067
 0.937,-6.062
 0.936,-6.052
 0.930,-6.072
 0.930,-6.053
 0.923,-6.048
 0.930,-6.044
 0.922,-6.038
 0.937,-6.043
 0.929,-6.034
 0.936,-6.052
 0.922,-6.043
 0.922,-6.038
 0.923,-6.048
 0.930,-6.043
 0.930,-6.025
 0.923,-6.020
 0.915,-6.006
 0.909,-6.006
 0.908,-5.987
 0.907,-5.973
 0.886,-5.955
 0.893,-5.945
 0.887,-5.932
 0.879,-5.903
 0.871,-5.894
 0.865,-5.880
 0.864,-5.861
 0.852,-5.876
 0.851,-5.866
 0.844,-5.876
 0.844,-5.875
 0.849,-5.870
 0.836,-5.889
 0.836,-5.898
 0.849,-5.907
 0.858,-5.927
 0.850,-5.926
 0.866,-5.941
 0.858,-5.954
 0.865,-5.959
 0.873,-5.959
 0.879,-5.973
 0.880,-5.992
 0.879,-6.001
 0.871,-6.014
 0.872,-6.033
 0.879,-6.038
 0.880,-6.048
 0.880,-6.048
 0.880,-6.048
 0.888,-6.048
 0.894,-6.029
 0.887,-6.029
 0.894,-6.020
 0.887,-6.010
 0.887,-6.010
 0.885,-6.009
 0.886,-5.992
 0.879,-5.987
 0.886,-5.964
 0.888,-5.964
 0.879,-5.931
 0.873,-5.932
 0.865,-5.922
 0.857,-5.917
 0.842,-5.912
 0.842,-5.898
 0.837,-5.894
 0.844,-5.889
 0.844,-5.889
 0.852,-5.890
 0.844,-5.889
 0.837,-5.894
 0.843,-5.907
 0.850,-5.907
 0.850,-5.926
 0.870,-5.926
 0.858,-5.950
 0.858,-5.954
 0.865,-5.945
 0.888,-5.964
 0.886,-5.954
 0.887,-5.973
 0.901,-5.960
 0.908,-5.964
 0.916,-5.974
 0.907,-5.954
 0.907,-5.945
 0.921,-5.931
 0.928,-5.903
 0.929,-5.890
 0.935,-5.862
 0.937,-5.844
 0.937,-5.844
 0.943,-5.830
 0.944,-5.834
 0.949,-5.820
 0.957,-5.816
 0.964,-5.807
 0.963,-5.802
 0.964,-5.812
 0.977,-5.788
 0.977,-5.788
 0.985,-5.798
 0.971,-5.802
 0.995,-5.812
 1.008,-5.817
 1.022,-5.817
 1.022,-5.817
 1.021,-5.826
 1.043,-5.863
 1.047,-5.853
 1.055,-5.868
 1.070,-5.854
 1.076,-5.859
 1.093,-5.831
 1.084,-5.803
 1.093,-5.804
 1.101,-5.785
 1.099,-5.752
 1.114,-5.758
 1.097,-5.715
 1.119,-5.711
 1.106,-5.702
 1.098,-5.674
 1.106,-5.674
 1.105,-5.655
 1.085,-5.641
 1.092,-5.623
 1.070,-5.595
 1.086,-5.590
 1.070,-5.567
 1.064,-5.553
 1.071,-5.516
 1.062,-5.488
 1.055,-5.483
 1.041,-5.469
 1.020,-5.464
 1.013,-5.469
 1.005,-5.473
 1.000,-5.491
 0.985,-5.487
 0.986,-5.496
 0.972,-5.477
 0.971,-5.459
 0.965,-5.459
 0.977,-5.445
 0.963,-5.422
 0.971,-5.403
 0.976,-5.389
 0.970,-5.375
 0.970,-5.357
 0.970,-5.361
 0.971,-5.352
 0.970,-5.361
 0.957,-5.384
 0.971,-5.380
 0.971,-5.407
 0.978,-5.412
 0.962,-5.417
 0.977,-5.450
 0.976,-5.440
 0.984,-5.454
 1.006,-5.450
 1.006,-5.450
 1.028,-5.450
 1.034,-5.450
 1.057,-5.478
 1.071,-5.492
 1.083,-5.483
 1.085,-5.507
 1.097,-5.521
 1.105,-5.544
 1.098,-5.567
 1.090,-5.581
 1.093,-5.609
 1.091,-5.641
 1.092,-5.688
 1.085,-5.724
 1.092,-5.743
 1.087,-5.762
 1.092,-5.771
 1.101,-5.785
 1.108,-5.794
 1.092,-5.799
 1.100,-5.808
 1.099,-5.799
 1.099,-5.790
 1.100,-5.767
 1.084,-5.757
 1.086,-5.757
 1.085,-5.748
 1.071,-5.753
 1.079,-5.762
 1.056,-5.775
 1.051,-5.790
 1.049,-5.780
 1.036,-5.784
 1.035,-5.798
 1.027,-5.812
 1.015,-5.835
 1.014,-5.844
 1.007,-5.868
 1.000,-5.886
 0.993,-5.890
 0.987,-5.909
 0.979,-5.895
 0.987,-5.905
 0.979,-5.923
 0.978,-5.913
 0.987,-5.933
 0.993,-5.918
 0.986,-5.914
 0.993,-5.909
 1.001,-5.919
 0.994,-5.900
 1.001,-5.891
 1.022,-5.882
 1.028,-5.881
 1.026,-5.872
 1.036,-5.868
 1.043,-5.859
 1.044,-5.877
 1.038,-5.891
 1.037,-5.886
 1.038,-5.934
 1.036,-5.952
 1.029,-5.970
 1.036,-5.993
 1.035,-6.011
 1.029,-6.040
 1.028,-6.053
 1.022,-6.077
 1.029,-6.100
 1.036,-6.105
 1.038,-6.115
 1.050,-6.119
 1.056,-6.132
 1.050,-6.156
 1.056,-6.169
 1.044,-6.184
 1.051,-6.174
 1.052,-6.194
 1.052,-6.194
 1.057,-6.179
 1.058,-6.184
 1.064,-6.170
 1.058,-6.165
 1.058,-6.165
 1.056,-6.155
 1.051,-6.161
 1.057,-6.146
 1.050,-6.142
 1.051,-6.161
 1.043,-6.160
 1.015,-6.179
 1.016,-6.198
 1.016,-6.226
 1.015,-6.240
 1.008,-6.266
 1.008,-6.300
 0.992,-6.298
 0.978,-6.312
 0.988,-6.309
 0.994,-6.299
 0.996,-6.315
 0.995,-6.304
 0.994,-6.313
 1.003,-6.314
 1.015,-6.304
 1.008,-6.300
 1.015,-6.290
 1.022,-6.267
 1.022,-6.253
 1.021,-6.234
 1.015,-6.221
 1.015,-6.221
 1.015,-6.221
 1.017,-6.231
 1.023,-6.202
 1.017,-6.203
 1.030,-6.198
 1.022,-6.184
 1.037,-6.189
 1.028,-6.183
 1.030,-6.193
 1.015,-6.188
 1.022,-6.183
 1.037,-6.189
 1.021,-6.192
 1.016,-6.212
 1.015,-6.221
 1.015,-6.234
 1.016,-6.225
 1.008,-6.238
 1.016,-6.254
 1.022,-6.258
 1.001,-6.276
 1.008,-6.280
 1.007,-6.289
 1.023,-6.314
 1.029,-6.327
 1.028,-6.363
 1.022,-6.406
 1.029,-6.410
 1.047,-6.432
 1.046,-6.412
 1.053,-6.408
 1.047,-6.423
 1.045,-6.393
 1.044,-6.402
 1.050,-6.373
 1.051,-6.332
 1.044,-6.341
 1.050,-6.312
 1.044,-6.305
 1.038,-6.300
 1.023,-6.295
 1.025,-6.296
 1.002,-6.267
 1.010,-6.282
 1.002,-6.295
 0.979,-6.289
 0.980,-6.294
 0.965,-6.298
 0.959,-6.318
 0.952,-6.322
 0.958,-6.326
 0.946,-6.351
 0.939,-6.341
 0.947,-6.328
 0.946,-6.328
 0.946,-6.309
 0.953,-6.304
 0.944,-6.298
 0.959,-6.290
 0.965,-6.266
 0.965,-6.247
 0.974,-6.239
 0.979,-6.205
 0.988,-6.202
 0.994,-6.174
 0.993,-6.136
 0.987,-6.123
 0.992,-6.081
 0.994,-6.054
 0.995,-6.045
 0.986,-6.011
 0.988,-6.012
 0.987,-6.002
 0.973,-6.003
 0.965,-5.993
 0.951,-6.007
 0.945,-6.030
 0.936,-6.029
 0.937,-6.071
 0.915,-6.089
 0.901,-6.117
 0.895,-6.131
 0.880,-6.154
 0.875,-6.188
 0.860,-6.215
 0.852,-6.228
 0.860,-6.243
 0.859,-6.247
 0.846,-6.252
 0.846,-6.252
 0.845,-6.233
 0.853,-6.242
 0.852,-6.223
 0.845,-6.219
 0.846,-6.210
 0.846,-6.182
 0.847,-6.165
 0.852,-6.131
 0.846,-6.127
 0.859,-6.094
 0.858,-6.075
 0.852,-6.070
 0.859,-6.066
 0.853,-6.053
 0.860,-6.048
 0.852,-6.034
 0.860,-6.034
 0.858,-6.019
 0.873,-6.024
 0.859,-6.029
 0.866,-6.020
 0.882,-6.044
 0.873,-6.033
 0.867,-6.039
 0.881,-6.053
 0.880,-6.043
 0.881,-6.062
 0.880,-6.056
 0.888,-6.066
 0.895,-6.062
 0.880,-6.057
 0.889,-6.048
 0.895,-6.034
 0.896,-6.039
 0.895,-6.034
 0.894,-6.015
 0.909,-6.006
 0.908,-5.987
 0.916,-5.983
 0.916,-5.974
 0.916,-5.960
 0.917,-5.965
 0.923,-5.946
 0.916,-5.946
 0.916,-5.946
 0.930,-5.941
 0.924,-5.956
 0.930,-5.969
 0.923,-5.979
 0.931,-5.988
 0.937,-6.001
 0.931,-6.030
 0.930,-6.038
 0.938,-6.053
 0.952,-6.067
 0.960,-6.063
 0.982,-6.059
 1.002,-6.049
 1.002,-6.058
 1.015,-6.054
 1.021,-6.053
 1.030,-6.059
 1.036,-6.044
 1.023,-6.068
 1.024,-6.059
 1.017,-6.035
 0.995,-6.031
 0.994,-6.021
 0.987,-6.026
 0.980,-6.021
 0.971,-5.992
 0.959,-5.988
 0.951,-5.965
 0.945,-5.960
 0.938,-5.960
 0.930,-5.946
 0.932,-5.956
 0.922,-5.936
 0.930,-5.932
 0.923,-5.927
 0.915,-5.913
 0.909,-5.932
 0.915,-5.913
 0.915,-5.927
 0.909,-5.946
 0.901,-5.932
 0.916,-5.942
 0.929,-5.946
 0.936,-5.950
 0.936,-5.960
 0.949,-5.954
 0.965,-5.979
 0.964,-5.960
 0.980,-5.956
 0.995,-5.933
 0.993,-5.928
 1.009,-5.933
 1.014,-5.914
 1.027,-5.923
 1.028,-5.914
 1.042,-5.900
 1.045,-5.892
 1.057,-5.854
 1.065,-5.836
 1.066,-5.855
 1.071,-5.850
 1.072,-5.869
 1.069,-5.882
 1.069,-5.882
 1.078,-5.910
 1.070,-5.924
 1.072,-5.953
 1.071,-5.947
 1.071,-5.989
 1.065,-6.018
 1.064,-6.035
 1.066,-6.073
 1.072,-6.101
 1.057,-6.128
 1.072,-6.156
 1.077,-6.169
 1.078,-6.203
 1.078,-6.230
 1.085,-6.235
 1.101,-6.259
 1.092,-6.258
 1.109,-6.260
 1.115,-6.245
 1.107,-6.222
 1.115,-6.204
 1.121,-6.175
 1.130,-6.176
 1.121,-6.161
 1.121,-6.134
 1.120,-6.115
 1.105,-6.077
 1.093,-6.055
 1.072,-6.017
 1.066,-6.003
 1.052,-5.980
 1.037,-5.947
 1.017,-5.920
 0.993,-5.886
 0.970,-5.844
 0.955,-5.788
 0.939,-5.737
 0.927,-5.732
 0.913,-5.709
 0.898,-5.695
 0.907,-5.686
 0.899,-5.672
 0.901,-5.681
 0.900,-5.690
 0.899,-5.709
 0.906,-5.732
 0.898,-5.732
 0.913,-5.751
 0.935,-5.760
 0.942,-5.779
 0.957,-5.784
 0.963,-5.783
 0.979,-5.807
 0.978,-5.816
 0.970,-5.830
 0.964,-5.858
 0.972,-5.863
 0.972,-5.896
 0.979,-5.914
 0.986,-5.946
 0.972,-5.974
 0.984,-5.973
 0.986,-6.002
 0.993,-5.998
 1.008,-5.998
 1.009,-6.017
 1.015,-6.021
 1.017,-6.031
 1.031,-6.026
 1.043,-6.012
 1.050,-6.007
 1.063,-5.997
 1.063,-6.003
 1.071,-5.984
 1.078,-5.980
 1.072,-5.966
 1.072,-5.966
 1.073,-5.957
 1.073,-5.957
 1.065,-5.943
 1.057,-5.961
 1.048,-5.956
 1.036,-5.980
 1.043,-6.003
 1.037,-5.998
 1.030,-6.008
 1.029,-6.002
 1.031,-6.013
 1.037,-5.989
 1.037,-5.984
 1.036,-5.984
 1.049,-5.974
 1.036,-5.979
 1.037,-5.984
 1.021,-5.974
 1.029,-5.975
 1.021,-5.974
 1.023,-5.975
 1.023,-5.975
 1.015,-5.974
 1.009,-5.989
 1.008,-5.984
 1.001,-6.007
 1.007,-6.007
 1.014,-6.011
 1.015,-6.017
 1.014,-6.011
 1.023,-6.040
 1.016,-6.049
 1.015,-6.058
 1.016,-6.077
 1.043,-6.081
 1.037,-6.101
 1.051,-6.124
 1.049,-6.114
 1.065,-6.110
 1.064,-6.091
 1.066,-6.101
 1.080,-6.088
 1.078,-6.077
 1.079,-6.068
 1.071,-6.054
 1.079,-6.055
 1.058,-6.017
 1.058,-5.989
 1.066,-5.990
 1.057,-5.961
 1.044,-5.952
 1.036,-5.924
 1.043,-5.919
 1.037,-5.906
 1.028,-5.877
 1.028,-5.877
 1.035,-5.854
 1.035,-5.854
 1.043,-5.854
 1.042,-5.835
 1.044,-5.845
 1.044,-5.817
 1.058,-5.840
 1.051,-5.836
 1.056,-5.817
 1.050,-5.817
 1.049,-5.798
 1.050,-5.785
 1.057,-5.785
 1.057,-5.780
 1.065,-5.766
 1.072,-5.762
 1.072,-5.757
 1.072,-5.762
 1.064,-5.747
 1.057,-5.743
 1.057,-5.724
 1.063,-5.729
 1.065,-5.711
 1.078,-5.678
 1.065,-5.669
 1.071,-5.646
 1.063,-5.645
 1.071,-5.646
 1.077,-5.645
 1.064,-5.650
 1.057,-5.659
 1.064,-5.650
 1.066,-5.659
 1.071,-5.654
 1.071,-5.655
 1.078,-5.664
 1.070,-5.664
 1.065,-5.683
 1.078,-5.678
 1.071,-5.683
 1.086,-5.687
 1.085,-5.673
 1.080,-5.678
 1.093,-5.655
 1.093,-5.655
 1.087,-5.627
 1.092,-5.608
 1.093,-5.599
 1.091,-5.562
 1.077,-5.539
 1.071,-5.506
 1.076,-5.450
 1.070,-5.413
 1.062,-5.399
 1.048,-5.385
 1.034,-5.390
 1.049,-5.376
 1.042,-5.385
 1.033,-5.385
 1.041,-5.408
 1.013,-5.436
 1.019,-5.464
 1.014,-5.482
 1.020,-5.510
 1.021,-5.543
 1.043,-5.538
 1.042,-5.547
 1.050,-5.561
 1.056,-5.562
 1.071,-5.576
 1.085,-5.590
 1.105,-5.590
 1.107,-5.599
 1.127,-5.613
 1.120,-5.623
 1.135,-5.627
 1.149,-5.637
 1.142,-5.646
 1.155,-5.665
 1.149,-5.665
 1.151,-5.674
 1.164,-5.669
 1.151,-5.702
 1.157,-5.716
 1.151,-5.739
 1.157,-5.758
 1.155,-5.757
 1.157,-5.772
 1.149,-5.785
 1.142,-5.795
 1.151,-5.795
 1.150,-5.804
 1.166,-5.814
 1.157,-5.800
 1.179,-5.809
 1.180,-5.800
 1.178,-5.790
 1.186,-5.800
 1.184,-5.790
 1.177,-5.795
 1.185,-5.809
 1.184,-5.790
 1.187,-5.791
 1.186,-5.772
 1.193,-5.754
 1.193,-5.754
 1.184,-5.734
 1.193,-5.726
 1.200,-5.730
 1.186,-5.730
 1.171,-5.730
 1.177,-5.730
 1.179,-5.740
 1.177,-5.730
 1.171,-5.739
 1.157,-5.744
 1.164,-5.734
 1.166,-5.744
 1.186,-5.735
 1.186,-5.744
 1.186,-5.735
 1.186,-5.730
 1.193,-5.726
 1.192,-5.716
 1.191,-5.688
 1.193,-5.670
 1.185,-5.656
 1.193,-5.642
 1.185,-5.619
 1.185,-5.619
 1.194,-5.591
 1.192,-5.568
 1.193,-5.549
 1.199,-5.535
 1.192,-5.512
 1.199,-5.522
 1.191,-5.521
 1.177,-5.526
 1.177,-5.535
 1.177,-5.526
 1.157,-5.526
 1.142,-5.521
 1.143,-5.539
 1.135,-5.530
 1.121,-5.539
 1.114,-5.548
 1.099,-5.544
 1.100,-5.553
 1.093,-5.557
 1.093,-5.571
 1.086,-5.580
 1.077,-5.576
 1.077,-5.576
 1.071,-5.585
 1.063,-5.590
 1.058,-5.594
 1.058,-5.580
 1.059,-5.599
 1.051,-5.603
 1.051,-5.613
 1.029,-5.631
 1.021,-5.631
 1.015,-5.659
 0.993,-5.673
 0.978,-5.686
 0.958,-5.714
 0.944,-5.728
 0.916,-5.746
 0.910,-5.769
 0.895,-5.764
 0.875,-5.793
 0.859,-5.797
 0.852,-5.806
 0.852,-5.801
 0.844,-5.820
 0.838,-5.806
 0.830,-5.801
 0.831,-5.811
 0.831,-5.810
 0.823,-5.801
 0.838,-5.811
 0.844,-5.819
 0.838,-5.834
 0.845,-5.838
 0.844,-5.847
 0.845,-5.866
 0.865,-5.866
 0.866,-5.890
 0.881,-5.904
 0.895,-5.918
 0.888,-5.927
 0.902,-5.945
 0.903,-5.969
 0.909,-5.983
 0.915,-5.983
 0.924,-5.988
 0.931,-5.979
 0.953,-5.979
 0.960,-5.970
 0.967,-5.961
 0.967,-5.966
 0.987,-5.960
 0.988,-5.952
 0.995,-5.942
 0.994,-5.923
 1.002,-5.938
 0.987,-5.933
 0.988,-5.924
 1.002,-5.938
 0.987,-5.933
 0.981,-5.952
 0.980,-5.942
 0.967,-5.975
 0.980,-5.970
 0.973,-5.974
 0.974,-5.993
 0.965,-5.993
 0.966,-6.012
 0.952,-6.025
 0.958,-6.025
 0.967,-6.030
 0.959,-6.016
 0.953,-6.030
 0.952,-6.011
 0.966,-6.006
 0.953,-6.002
 0.959,-5.988
 0.945,-5.979
 0.938,-5.960
 0.937,-5.941
 0.939,-5.938
 0.937,-5.913
 0.938,-5.919
 0.944,-5.904
 0.937,-5.895
 0.946,-5.900
 0.938,-5.900
 0.946,-5.886
 0.946,-5.886
 0.938,-5.876
 0.946,-5.886
 0.943,-5.858
 0.945,-5.868
 0.945,-5.867
 0.937,-5.881
 0.937,-5.872
 0.929,-5.858
 0.931,-5.881
 0.931,-5.872
 0.937,-5.872
 0.939,-5.882
 0.937,-5.872
 0.931,-5.867
 0.930,-5.853
 0.937,-5.830
 0.945,-5.830
 0.952,-5.807
 0.959,-5.798
 0.966,-5.789
 0.965,-5.770
 0.966,-5.752
 0.958,-5.723
 0.952,-5.738
 0.952,-5.738
 0.959,-5.728
 0.953,-5.756
 0.958,-5.751
 0.951,-5.775
 0.951,-5.802
 0.957,-5.816
 0.966,-5.849
 0.951,-5.858
 0.952,-5.877
 0.959,-5.886
 0.959,-5.858
 0.975,-5.882
 0.980,-5.877
 0.987,-5.896
 0.995,-5.919
 1.008,-5.914
 1.023,-5.919
 1.029,-5.914
 1.037,-5.915
 1.030,-5.924
 1.036,-5.924
 1.039,-5.925
 1.045,-5.924
 1.045,-5.929
 1.045,-5.924
 1.044,-5.919
 1.045,-5.915
 1.030,-5.891
 1.037,-5.887
 1.038,-5.878
 1.029,-5.850
 1.023,-5.864
 1.022,-5.873
 1.016,-5.882
 1.016,-5.896
 1.022,-5.910
 1.024,-5.947
 1.008,-5.956
 0.995,-5.989
 0.996,-6.008
 0.995,-6.017
 0.989,-6.031
 0.994,-6.026
 1.009,-6.031
 1.002,-6.040
 1.007,-6.030
 1.015,-6.040
 1.029,-6.026
 1.023,-6.012
 1.039,-6.008
 1.031,-5.993
 1.025,-5.985
 1.025,-5.980
 1.017,-5.985
 1.024,-5.989
 1.022,-5.965
 1.031,-5.966
 1.016,-5.961
 1.002,-5.952
 0.996,-5.952
 1.001,-5.947
 1.002,-5.966
 1.001,-5.975
 1.002,-5.993
 0.994,-5.984
 0.994,-5.993
 0.988,-6.012
 0.988,-6.007
 0.988,-6.021
 0.982,-6.035
 0.980,-6.026
 0.988,-6.040
 0.988,-6.035
 0.995,-6.040
 0.995,-6.040
 1.001,-6.025
 0.995,-6.040
 1.002,-6.030
 0.995,-6.026
 1.011,-6.022
 1.010,-6.017
 1.018,-6.018
 1.032,-6.013
 1.022,-6.021
 1.030,-6.031
 1.015,-6.026
 1.017,-6.036
 1.031,-6.022
 1.017,-6.027
 1.040,-6.027
 1.024,-6.031
 1.032,-6.041
 1.030,-6.044
 1.038,-6.054
 1.037,-6.068
 1.037,-6.077
 1.038,-6.087
 1.045,-6.077
 1.038,-6.087
 1.045,-6.097
 1.051,-6.096
 1.067,-6.120
 1.059,-6.119
 1.044,-6.142
 1.058,-6.156
 1.043,-6.151
 1.053,-6.171
 1.060,-6.166
 1.045,-6.161
 1.053,-6.171
 1.044,-6.170
 1.038,-6.185
 1.045,-6.175
 1.031,-6.161
 1.038,-6.157
 1.045,-6.119
 1.046,-6.111
 1.051,-6.096
 1.043,-6.081
 1.044,-6.087
 1.037,-6.077
 1.037,-6.068
 1.037,-6.040
 1.031,-6.036
 1.032,-6.032
 1.038,-6.031
 1.031,-6.041
 1.038,-6.036
 1.016,-6.064
 1.030,-6.078
 1.007,-6.072
 1.009,-6.082
 0.994,-6.096
 0.994,-6.095
 0.988,-6.110
 0.988,-6.119
 0.982,-6.119
 0.988,-6.119
 0.981,-6.128
 0.975,-6.143
 0.973,-6.132
 0.980,-6.123
 0.973,-6.127
 0.973,-6.141
 0.966,-6.137
 0.966,-6.132
 0.960,-6.160
 0.967,-6.156
 0.960,-6.165
 0.953,-6.189
 0.966,-6.193
 0.953,-6.212
 0.960,-6.230
 0.952,-6.257
 0.953,-6.304
 0.945,-6.317
 0.961,-6.342
 0.961,-6.342
 0.961,-6.347
 0.975,-6.333
 0.987,-6.290
 1.003,-6.286
 1.017,-6.286
 1.024,-6.277
 1.045,-6.273
 1.052,-6.263
 1.068,-6.260
 1.074,-6.245
 1.095,-6.222
 1.110,-6.213
 1.122,-6.175
 1.123,-6.181
 1.131,-6.153
 1.130,-6.134
 1.138,-6.130
 1.123,-6.125
 1.131,-6.125
 1.138,-6.130
 1.114,-6.124
 1.116,-6.148
 1.115,-6.129
 1.103,-6.153
 1.089,-6.158
 1.074,-6.153
 1.075,-6.167
 1.065,-6.174
 1.065,-6.203
 1.043,-6.207
 1.037,-6.230
 1.039,-6.240
 1.045,-6.272
 1.033,-6.297
 1.017,-6.305
 1.001,-6.309
 1.009,-6.319
 1.008,-6.308
 1.016,-6.323
 1.031,-6.328
 1.015,-6.331
 1.017,-6.342
 1.009,-6.332
 1.025,-6.343
 1.026,-6.334
 1.018,-6.319
 1.018,-6.311
 1.017,-6.300
 1.023,-6.305
 1.023,-6.305
 1.022,-6.295
 1.023,-6.300
 1.014,-6.285
 1.009,-6.291
 1.010,-6.282
 1.023,-6.277
 1.018,-6.283
 1.017,-6.273
 1.024,-6.296
 1.031,-6.301
 1.015,-6.304
 1.017,-6.328
 1.016,-6.323
 1.017,-6.342
 1.017,-6.342
 1.008,-6.341
 0.996,-6.366
 1.009,-6.360
 0.996,-6.366
 1.011,-6.371
 1.016,-6.351
 1.017,-6.370
 1.023,-6.355
 1.017,-6.370
 1.023,-6.375
 1.022,-6.369
 1.017,-6.376
 1.023,-6.375
 1.030,-6.379
 1.030,-6.379
 1.030,-6.379
 1.047,-6.395
 1.052,-6.380
 1.053,-6.399
 1.053,-6.399
 1.059,-6.398
 1.074,-6.413
 1.072,-6.388
 1.059,-6.379
 1.059,-6.379
 1.058,-6.360
 1.046,-6.376
 1.031,-6.342
 1.017,-6.334
 1.017,-6.333
 1.009,-6.318
 1.003,-6.333
 1.010,-6.324
 0.995,-6.310
 0.989,-6.305
 0.972,-6.289
 0.967,-6.296
 0.973,-6.281
 0.967,-6.282
 0.967,-6.268
 0.952,-6.262
 0.946,-6.249
 0.938,-6.211
 0.931,-6.221
 0.938,-6.211
 0.923,-6.206
 0.931,-6.207
 0.923,-6.206
 0.916,-6.202
 0.917,-6.193
 0.901,-6.168
 0.909,-6.178
 0.901,-6.154
 0.902,-6.146
 0.902,-6.150
 0.909,-6.141
 0.917,-6.128
 0.911,-6.123
 0.917,-6.128
 0.909,-6.127
 0.921,-6.112
 0.930,-6.113
 0.922,-6.117
 0.930,-6.113
 0.931,-6.123
 0.944,-6.118
 0.946,-6.128
 0.953,-6.119
 0.953,-6.119
 0.967,-6.119
 0.951,-6.123
 0.959,-6.133
 0.965,-6.132
 0.980,-6.137
 0.981,-6.156
 0.980,-6.151
 0.974,-6.166
 0.973,-6.174
 0.974,-6.193
 0.989,-6.213
 0.987,-6.202
 0.988,-6.221
 1.001,-6.225
 0.994,-6.235
 1.002,-6.245
 1.001,-6.239
 1.016,-6.245
 1.016,-6.245
 1.009,-6.240
 1.017,-6.236
 1.008,-6.230
 1.023,-6.241
 1.030,-6.231
 1.023,-6.226
 1.031,-6.222
 1.029,-6.212
 1.039,-6.232
 1.044,-6.217
 1.045,-6.208
 1.046,-6.213
 1.051,-6.207
 1.045,-6.208
 1.044,-6.198
 1.037,-6.194
 1.038,-6.185
 1.044,-6.189
 1.038,-6.176
 1.045,-6.166
 1.045,-6.180
 1.038,-6.176
 1.029,-6.156
 1.030,-6.161
 1.023,-6.165
 1.016,-6.175
 1.002,-6.166
 1.002,-6.161
 1.009,-6.184
 1.008,-6.165
 1.002,-6.166
 1.002,-6.166
 1.008,-6.165
 1.002,-6.161
 0.995,-6.170
 0.995,-6.170
 1.002,-6.194
 1.008,-6.202
 0.995,-6.226
 1.001,-6.230
 1.002,-6.244
 1.017,-6.263
 1.015,-6.281
 1.017,-6.292
 1.017,-6.292
 1.010,-6.315
 1.018,-6.302
 1.024,-6.310
 1.017,-6.334
 1.022,-6.327
 1.030,-6.337
 1.023,-6.347
 1.015,-6.346
 1.032,-6.348
 1.032,-6.348
 1.025,-6.343
 1.018,-6.353
 1.017,-6.342
 1.017,-6.334
 1.024,-6.352
 1.009,-6.347
 1.002,-6.356
 0.994,-6.341
 0.997,-6.343
 1.003,-6.320
 0.996,-6.324
 0.989,-6.333
 0.987,-6.323
 0.981,-6.310
 0.996,-6.324
 0.981,-6.318
 0.988,-6.314
 0.973,-6.309
 0.975,-6.324
 0.975,-6.305
 0.982,-6.324
 0.968,-6.343
 0.959,-6.336
 0.953,-6.360
 0.966,-6.369
 0.952,-6.402
 0.954,-6.412
 0.961,-6.431
 0.968,-6.454
 0.968,-6.454
 0.954,-6.468
 0.968,-6.482
 0.966,-6.480
 0.967,-6.477
 0.967,-6.472
 0.974,-6.476
 0.983,-6.469
 0.982,-6.449
 0.991,-6.456
 0.989,-6.445
 1.003,-6.431
 1.003,-6.403
 1.002,-6.392
 1.002,-6.393
 1.009,-6.383
 0.995,-6.361
 1.011,-6.357
 1.003,-6.347
 0.996,-6.343
 0.996,-6.352
 0.995,-6.361
 0.989,-6.375
 0.994,-6.369
 0.989,-6.389
 0.988,-6.398
 0.967,-6.388
 0.975,-6.375
 0.980,-6.360
 0.982,-6.371
 0.975,-6.366
 0.974,-6.356
 0.959,-6.351
 0.966,-6.341
 0.975,-6.333
 0.975,-6.310
 0.968,-6.287
 0.961,-6.260
 0.953,-6.203
 0.946,-6.175
 0.944,-6.123
 0.936,-6.095
 0.936,-6.095
 0.935,-6.076
 0.928,-6.071
 0.922,-6.072
 0.929,-6.076
 0.924,-6.096
 0.930,-6.095
 0.932,-6.133
 0.930,-6.151
 0.915,-6.174
 0.923,-6.183
 0.929,-6.196
 0.937,-6.211
 0.937,-6.211
 0.951,-6.220
 0.953,-6.231
 0.944,-6.230
 0.953,-6.259
 0.959,-6.263
 0.959,-6.272
 0.967,-6.301
 0.965,-6.299
 0.973,-6.314
 0.981,-6.324
 0.981,-6.323
 0.989,-6.339
 1.001,-6.323
 1.009,-6.310
 1.003,-6.305
 1.023,-6.296
 1.032,-6.311
 1.030,-6.287
 1.031,-6.278
 1.038,-6.274
 1.044,-6.259
 1.053,-6.260
 1.043,-6.240
 1.044,-6.259
 1.044,-6.259
 1.037,-6.263
 1.052,-6.274
 1.066,-6.269
 1.060,-6.283
 1.067,-6.288
 1.065,-6.277
 1.059,-6.292
 1.065,-6.305
 1.065,-6.305
 1.059,-6.301
 1.065,-6.305
 1.060,-6.320
 1.051,-6.319
 1.045,-6.334
 1.052,-6.352
 1.037,-6.347
 1.039,-6.372
 1.030,-6.384
 1.031,-6.404
 1.024,-6.422
 1.016,-6.435
 1.032,-6.487
 1.009,-6.486
 1.017,-6.510
 1.024,-6.556
 1.010,-6.570
 1.004,-6.590
 1.004,-6.590
 1.011,-6.609
 1.012,-6.614
 0.997,-6.594
 0.990,-6.604
 1.002,-6.588
 0.989,-6.585
 0.988,-6.565
 0.987,-6.554
 0.982,-6.561
 0.981,-6.569
 0.968,-6.575
 0.975,-6.571
 0.967,-6.575
 0.969,-6.580
 0.961,-6.570
 0.961,-6.571
 0.969,-6.580
 0.967,-6.569
 0.961,-6.570
 0.959,-6.559
 0.960,-6.551
 0.967,-6.541
 0.959,-6.532
 0.968,-6.524
 0.982,-6.491
 0.975,-6.501
 0.982,-6.496
 0.981,-6.477
 0.982,-6.469
 0.995,-6.444
 0.988,-6.440
 0.996,-6.436
 0.988,-6.412
 1.004,-6.409
 0.995,-6.388
 0.995,-6.380
 1.010,-6.357
 1.009,-6.338
 1.017,-6.325
 1.023,-6.296
 1.016,-6.278
 1.017,-6.264
 1.016,-6.245
 1.017,-6.236
 1.015,-6.226
 1.002,-6.231
 1.002,-6.231
 0.995,-6.212
 0.989,-6.227
 0.988,-6.230
 0.988,-6.236
 0.981,-6.231
 0.981,-6.240
 0.974,-6.241
 0.973,-6.230
 0.952,-6.240
 0.953,-6.245
 0.945,-6.244
 0.946,-6.254
 0.938,-6.267
 0.924,-6.281
 0.932,-6.291
 0.923,-6.290
 0.917,-6.305
 0.924,-6.309
 0.917,-6.304
 0.918,-6.310
 0.916,-6.299
 0.917,-6.291
 0.910,-6.295
 0.902,-6.271
 0.911,-6.263
 0.917,-6.249
 0.903,-6.235
 0.902,-6.215
 0.909,-6.211
 0.924,-6.188
 0.917,-6.165
 0.924,-6.138
 0.931,-6.100
 0.931,-6.072
 0.938,-6.049
 0.936,-6.011
 0.937,-5.979
 0.943,-5.937
 0.943,-5.928
 0.951,-5.914
 0.936,-5.890
 0.958,-5.905
 0.959,-5.896
 0.966,-5.891
 0.981,-5.906
 0.978,-5.905
 0.979,-5.933
 0.985,-5.946
 0.978,-5.970
 0.987,-5.989
 0.980,-5.993
 0.975,-6.027
 0.981,-6.012
 0.980,-6.026
 1.002,-6.031
 0.993,-6.039
 0.994,-6.045
 0.993,-6.039
 0.993,-6.030
 1.001,-6.012
 1.008,-5.993
 1.017,-5.980
 1.016,-5.961
 1.009,-5.943
 1.016,-5.938
 1.021,-5.928
 1.029,-5.915
 1.042,-5.882
 1.042,-5.859
 1.065,-5.846
 1.056,-5.826
 1.072,-5.813
 1.064,-5.776
 1.064,-5.757
 1.071,-5.753
 1.076,-5.734
 1.071,-5.748
 1.070,-5.729
 1.071,-5.739
 1.064,-5.748
 1.063,-5.738
 1.064,-5.748
 1.071,-5.752
 1.049,-5.743
 1.057,-5.738
 1.041,-5.715
 1.042,-5.724
 1.041,-5.705
 1.041,-5.705
 1.042,-5.696
 1.034,-5.682
 1.036,-5.692
 1.028,-5.668
 1.028,-5.668
 1.036,-5.692
 1.027,-5.686
 1.029,-5.715
 1.014,-5.710
 1.000,-5.738
 0.992,-5.756
 0.992,-5.751
 0.979,-5.775
 0.978,-5.779
 0.970,-5.793
 0.979,-5.812
 0.971,-5.816
 0.980,-5.822
 0.980,-5.821
 0.973,-5.826
 0.973,-5.840
 0.971,-5.854
 0.964,-5.863
 0.971,-5.853
 0.971,-5.853
 0.965,-5.854
 0.965,-5.854
 0.967,-5.854
 0.965,-5.844
 0.972,-5.844
 0.972,-5.849
 0.978,-5.849
 0.972,-5.849
 0.971,-5.858
 0.971,-5.858
 0.972,-5.849
 0.985,-5.844
 0.979,-5.845
 0.972,-5.849
 0.978,-5.849
 0.980,-5.859
 0.985,-5.853
 0.994,-5.873
 0.993,-5.882
 0.993,-5.882
 0.986,-5.891
 1.000,-5.886
 1.015,-5.892
 1.023,-5.901
 1.029,-5.887
 1.029,-5.887
 1.034,-5.872
 1.050,-5.869
 1.059,-5.868
 1.064,-5.855
 1.072,-5.841
 1.072,-5.822
 1.080,-5.795
 1.086,-5.780
 1.085,-5.762
 1.092,-5.757
 1.083,-5.752
 1.077,-5.748
 1.085,-5.734
 1.070,-5.729
 1.065,-5.734
 1.071,-5.738
 1.051,-5.739
 1.043,-5.757
 1.042,-5.771
 1.042,-5.789
 1.027,-5.784
 1.022,-5.826
 1.014,-5.831
 1.000,-5.844
 1.002,-5.882
 0.993,-5.882
 0.994,-5.901
 0.994,-5.929
 0.986,-5.942
 0.994,-5.956
 1.008,-5.952
 1.001,-5.947
 1.015,-5.947
 1.007,-5.933
 1.016,-5.934
 1.006,-5.923
 1.000,-5.910
 1.009,-5.901
 1.008,-5.859
 1.024,-5.855
 1.015,-5.835
 1.009,-5.822
 1.008,-5.831
 1.007,-5.807
 1.007,-5.813
 1.006,-5.803
 1.007,-5.812
 1.000,-5.831
 0.992,-5.835
 0.993,-5.854
 0.986,-5.858
 0.980,-5.887
 0.981,-5.906
 0.987,-5.905
 0.981,-5.920
 0.972,-5.928
 0.980,-5.938
 0.980,-5.938
 0.979,-5.947
 0.987,-5.961
 0.972,-5.951
 0.973,-5.961
 0.980,-5.956
 0.980,-5.966
 0.966,-5.970
 0.980,-5.966
 0.973,-5.998
 0.973,-5.998
 0.972,-6.007
 0.966,-6.026
 0.965,-6.030
 0.965,-6.044
 0.959,-6.067
 0.965,-6.072
 0.959,-6.087
 0.967,-6.082
 0.967,-6.082
 0.967,-6.101
 0.952,-6.091
 0.967,-6.124
 0.973,-6.110
 0.973,-6.110
 0.973,-6.110
 0.987,-6.104
 1.002,-6.101
 1.002,-6.082
 1.009,-6.078
 1.017,-6.064
 1.023,-6.036
 1.018,-6.027
 1.022,-5.994
 1.030,-5.990
 1.022,-5.966
 1.036,-5.961
 1.036,-5.966
 1.036,-5.961
 1.043,-5.957
 1.037,-5.971
 1.043,-5.985
 1.052,-5.986
 1.037,-5.980
 1.059,-6.004
 1.052,-6.013
 1.058,-6.013
 1.059,-6.037
 1.066,-6.036
 1.066,-6.036
 1.059,-6.037
 1.051,-6.022
 1.066,-6.036
 1.057,-6.022
 1.052,-6.036
 1.059,-6.037
 1.059,-6.018
 1.067,-6.018
 1.045,-6.008
 1.052,-6.013
 1.052,-6.013
 1.050,-6.003
 1.051,-5.994
 1.050,-5.989
 1.051,-5.994
 1.044,-6.004
 1.036,-5.989
 1.031,-6.008
 1.030,-6.003
 1.017,-6.008
 1.010,-6.018
 1.002,-6.003
 1.002,-6.003
 0.993,-5.989
 0.994,-5.994
 1.009,-5.971
 1.001,-5.961
 0.996,-5.962
 0.986,-5.942
 0.979,-5.924
 0.980,-5.915
 0.972,-5.891
 0.959,-5.896
 0.950,-5.867
 0.951,-5.872
 0.944,-5.863
 0.935,-5.862
 0.951,-5.886
 0.943,-5.872
 0.929,-5.876
 0.937,-5.886
 0.942,-5.881
 0.937,-5.886
 0.944,-5.881
 0.952,-5.863
 0.959,-5.859
 0.965,-5.868
 0.966,-5.877
 0.966,-5.858
 0.979,-5.840
 0.979,-5.812
 0.978,-5.793
 0.979,-5.775
 0.971,-5.738
 0.985,-5.682
 1.000,-5.617
 1.013,-5.561
 1.021,-5.519
 1.012,-5.501
 1.011,-5.492
 1.004,-5.487
 0.995,-5.459
 0.998,-5.459
 0.998,-5.459
 0.984,-5.463
 0.978,-5.477
 0.977,-5.482
 0.971,-5.510
 0.963,-5.524
 0.963,-5.524
 0.963,-5.551
 0.955,-5.565
 0.943,-5.603
 0.935,-5.649
 0.921,-5.677
 0.929,-5.714
 0.921,-5.713
 0.915,-5.742
 0.907,-5.742
 0.900,-5.746
 0.894,-5.760
 0.894,-5.760
 0.902,-5.765
 0.887,-5.741
 0.881,-5.755
 0.881,-5.755
 0.871,-5.745
 0.850,-5.727
 0.849,-5.694
 0.842,-5.690
 0.843,-5.671
 0.829,-5.643
 0.830,-5.653
 0.821,-5.648
 0.820,-5.638
 0.807,-5.634
 0.806,-5.615
 0.793,-5.620
 0.792,-5.629
 0.792,-5.643
 0.794,-5.652
 0.786,-5.666
 0.786,-5.685
 0.793,-5.689
 0.786,-5.694
 0.787,-5.712
 0.793,-5.726
 0.794,-5.759
 0.800,-5.773
 0.801,-5.805
 0.815,-5.820
 0.822,-5.833
 0.823,-5.871
 0.837,-5.885
 0.838,-5.927
 0.852,-5.941
 0.865,-5.959
 0.888,-5.993
 0.888,-6.007
 0.896,-6.016
 0.910,-6.035
 0.923,-6.012
 0.946,-6.013
 0.952,-6.012
 0.957,-6.007
 0.965,-6.017
 0.964,-5.998
 0.959,-6.003
 0.966,-5.999
 0.960,-5.994
 0.953,-6.003
 0.945,-5.989
 0.960,-5.994
 0.953,-6.003
 0.944,-6.003
 0.952,-5.999
 0.951,-6.002
 0.930,-6.002
 0.945,-6.017
 0.931,-6.030
 0.931,-6.021
 0.922,-6.016
 0.916,-6.044
 0.916,-6.044
 0.916,-6.053
 0.910,-6.068
 0.901,-6.067
 0.903,-6.077
 0.903,-6.077
 0.895,-6.054
 0.896,-6.068
 0.887,-6.076
 0.888,-6.086
 0.887,-6.076
 0.894,-6.080
 0.896,-6.095
 0.895,-6.081
 0.890,-6.087
 0.889,-6.077
 0.888,-6.058
 0.889,-6.077
 0.894,-6.072
 0.895,-6.063
 0.902,-6.044
 0.902,-6.025
 0.910,-6.026
 0.901,-6.006
 0.902,-6.016
 0.916,-6.017
 0.916,-6.016
 0.917,-6.035
 0.931,-6.030
 0.931,-6.050
 0.923,-6.049
 0.930,-6.039
 0.939,-6.045
 0.951,-6.021
 0.938,-6.026
 0.944,-6.031
 0.951,-6.021
 0.952,-6.041
 0.965,-6.031
 0.966,-6.035
 0.966,-6.035
 0.959,-6.040
 0.960,-6.050
 0.966,-6.035
 0.967,-6.055
 0.959,-6.059
 0.951,-6.058
 0.953,-6.059
 0.944,-6.054
 0.952,-6.049
 0.959,-6.059
 0.938,-6.049
 0.939,-6.059
 0.938,-6.049
 0.931,-6.077
 0.925,-6.073
 0.917,-6.058
 0.917,-6.049
 0.916,-6.025
 0.916,-6.016
 0.916,-5.988
 0.901,-5.942
 0.902,-5.924
 0.907,-5.904
 0.900,-5.886
 0.894,-5.881
 0.887,-5.862
 0.880,-5.835
 0.871,-5.778
 0.858,-5.770
 0.852,-5.770
 0.850,-5.760
 0.843,-5.769
 0.836,-5.774
 0.836,-5.774
 0.836,-5.774
 0.843,-5.778
 0.829,-5.769
 0.821,-5.769
 0.829,-5.778
 0.836,-5.783
 0.835,-5.792
 0.830,-5.816
 0.844,-5.811
 0.845,-5.820
 0.845,-5.821
 0.850,-5.825
 0.857,-5.844
 0.857,-5.852
 0.844,-5.876
 0.859,-5.881
 0.865,-5.885
 0.852,-5.890
 0.866,-5.890
 0.866,-5.891
 0.866,-5.900
 0.865,-5.918
 0.866,-5.928
 0.871,-5.922
 0.873,-5.932
 0.866,-5.928
 0.865,-5.937
 0.874,-5.937
 0.880,-5.942
 0.881,-5.947
 0.888,-5.937
 0.872,-5.941
 0.866,-5.942
 0.873,-5.932
 0.865,-5.914
 0.865,-5.914
 0.865,-5.894
 0.866,-5.905
 0.865,-5.895
 0.858,-5.904
 0.865,-5.923
 0.858,-5.927
 0.859,-5.937
 0.872,-5.932
 0.873,-5.937
 0.866,-5.960
 0.858,-5.955
 0.851,-5.983
 0.871,-5.978
 0.865,-5.988
 0.865,-6.006
 0.873,-6.016
 0.874,-6.026
 0.874,-6.035
 0.868,-6.049
 0.875,-6.045
 0.880,-6.039
 0.888,-6.049
 0.879,-6.029
 0.879,-6.030
 0.872,-6.025
 0.879,-6.002
 0.880,-6.012
 0.879,-5.993
 0.873,-5.979
 0.874,-5.970
 0.865,-5.956
 0.859,-5.951
 0.871,-5.941
 0.865,-5.937
 0.851,-5.942
 0.850,-5.946
 0.851,-5.955
 0.850,-5.959
 0.844,-5.974
 0.845,-5.979
 0.830,-5.974
 0.831,-5.984
 0.830,-5.974
 0.830,-5.973
 0.823,-5.997
 0.815,-5.991
 0.808,-5.992
 0.808,-5.992
 0.802,-6.015
 0.794,-6.006
 0.787,-6.010
 0.788,-6.011
 0.795,-6.001
 0.788,-6.011
 0.803,-6.025
 0.795,-6.010
 0.803,-6.011
 0.802,-6.015
 0.787,-6.001
 0.787,-6.001
 0.787,-5.982
 0.794,-5.983
 0.808,-5.964
 0.801,-5.959
 0.809,-5.955
 0.815,-5.931
 0.830,-5.942
 0.843,-5.918
 0.844,-5.909
 0.851,-5.900
 0.850,-5.894
 0.851,-5.900
 0.857,-5.913
 0.866,-5.941
 0.873,-5.951
 0.880,-5.979
 0.873,-6.007
 0.887,-6.030
 0.874,-6.063
 0.888,-6.091
 0.888,-6.114
 0.896,-6.143
 0.902,-6.156
 0.909,-6.160
 0.916,-6.184
 0.921,-6.187
 0.930,-6.207
 0.931,-6.198
 0.939,-6.213
 0.932,-6.208
 0.945,-6.212
 0.939,-6.204
 0.946,-6.203
 0.951,-6.212
 0.952,-6.231
 0.958,-6.216
 0.953,-6.222
 0.966,-6.217
 0.966,-6.217
 0.966,-6.217
 0.973,-6.207
 0.982,-6.213
 0.989,-6.218
 0.988,-6.227
 0.996,-6.242
 0.988,-6.227
 0.989,-6.246
 0.988,-6.254
 0.988,-6.283
 0.988,-6.291
 0.987,-6.300
 0.981,-6.320
 0.988,-6.338
 0.988,-6.338
 0.989,-6.358
 0.989,-6.366
 0.996,-6.362
 1.003,-6.381
 1.002,-6.389
 0.988,-6.389
 0.987,-6.384
 0.996,-6.390
 0.995,-6.393
 0.982,-6.404
 0.990,-6.400
 0.982,-6.390
 0.983,-6.409
 0.989,-6.422
 0.989,-6.422
 0.990,-6.428
 0.981,-6.435
 0.982,-6.441
 0.974,-6.439
 0.974,-6.431
 0.967,-6.440
 0.974,-6.431
 0.968,-6.446
 0.968,-6.446
 0.968,-6.474
 0.969,-6.465
 0.960,-6.473
 0.969,-6.502
 0.968,-6.510
 0.960,-6.528
 0.968,-6.538
 0.967,-6.555
 0.962,-6.590
 0.962,-6.590
 0.969,-6.614
 0.963,-6.637
 0.961,-6.654
 0.963,-6.693
 0.969,-6.692
 0.969,-6.706
 0.976,-6.702
 0.975,-6.705
 0.969,-6.698
 0.984,-6.712
 0.985,-6.703
 0.984,-6.698
 0.982,-6.695
 0.983,-6.692
 0.997,-6.678
 1.006,-6.680
 1.006,-6.671
 1.004,-6.646
 1.013,-6.647
 1.019,-6.632
 1.032,-6.627
 1.032,-6.627
 1.031,-6.616
 1.032,-6.627
 1.053,-6.618
 1.055,-6.628
 1.041,-6.634
 1.047,-6.633
 1.049,-6.644
 1.047,-6.633
 1.054,-6.637
 1.047,-6.647
 1.046,-6.650
 1.040,-6.651
 1.047,-6.641
 1.040,-6.651
 1.041,-6.642
 1.039,-6.609
 1.041,-6.606
 1.033,-6.590
 1.039,-6.567
 1.033,-6.535
 1.039,-6.506
 1.025,-6.497
 1.017,-6.473
 1.010,-6.455
 0.997,-6.432
 1.004,-6.423
 0.983,-6.409
 0.982,-6.390
 0.967,-6.407
 0.960,-6.417
 0.952,-6.421
 0.962,-6.441
 0.955,-6.451
 0.946,-6.450
 0.955,-6.451
 0.954,-6.431
 0.948,-6.433
 0.946,-6.422
 0.946,-6.417
 0.946,-6.422
 0.945,-6.383
 0.945,-6.375
 0.939,-6.342
 0.946,-6.310
 0.939,-6.255
 0.945,-6.212
 0.939,-6.199
 0.952,-6.152
 0.952,-6.124
 0.966,-6.087
 0.972,-6.054
 0.972,-6.073
 0.972,-6.082
 0.972,-6.096
 0.973,-6.115
 0.958,-6.110
 0.967,-6.130
 0.953,-6.143
 0.953,-6.143
 0.968,-6.162
 0.959,-6.147
 0.953,-6.143
 0.959,-6.157
 0.959,-6.157
 0.960,-6.176
 0.965,-6.170
 0.944,-6.180
 0.951,-6.161
 0.945,-6.161
 0.954,-6.153
 0.945,-6.133
 0.939,-6.148
 0.938,-6.157
 0.938,-6.166
 0.938,-6.166
 0.936,-6.155
 0.930,-6.156
 0.929,-6.165
 0.922,-6.169
 0.924,-6.171
 0.923,-6.160
 0.939,-6.176
 0.932,-6.180
 0.932,-6.180
 0.932,-6.180
 0.929,-6.165
 0.938,-6.166
 0.944,-6.170
 0.944,-6.165
 0.944,-6.170
 0.936,-6.156
 0.946,-6.167
 0.953,-6.171
 0.952,-6.180
 0.953,-6.199
 0.951,-6.197
 0.953,-6.222
 0.953,-6.227
 0.952,-6.236
 0.960,-6.245
 0.952,-6.244
 0.960,-6.231
 0.965,-6.212
 0.951,-6.225
 0.953,-6.227
 0.952,-6.208
 0.968,-6.204
 0.974,-6.204
 0.959,-6.198
 0.967,-6.213
 0.966,-6.203
 0.967,-6.199
 0.966,-6.208
 0.973,-6.207
 0.980,-6.217
 0.965,-6.212
 0.981,-6.222
 0.981,-6.222
 0.995,-6.222
 0.989,-6.223
 0.988,-6.212
 0.996,-6.214
 1.003,-6.218
 1.023,-6.217
 1.017,-6.218
 1.015,-6.194
 1.024,-6.200
 1.023,-6.180
 1.016,-6.157
 1.017,-6.153
 1.008,-6.133
 1.009,-6.153
 1.009,-6.139
 1.016,-6.143
 1.009,-6.144
 1.001,-6.129
 0.981,-6.157
 0.974,-6.162
 0.966,-6.175
 0.966,-6.203
 0.964,-6.206
 0.966,-6.231
 0.953,-6.255
 0.953,-6.264
 0.946,-6.292
 0.953,-6.291
 0.946,-6.320
 0.945,-6.324
 0.931,-6.347
 0.939,-6.362
 0.938,-6.342
 0.925,-6.362
 0.925,-6.361
 0.931,-6.366
 0.931,-6.366
 0.924,-6.370
 0.939,-6.375
 0.939,-6.376
 0.939,-6.375
 0.940,-6.372
 0.938,-6.356
 0.946,-6.343
 0.960,-6.338
 0.959,-6.319
 0.960,-6.310
 0.966,-6.296
 0.974,-6.296
 0.974,-6.302
 0.981,-6.301
 0.981,-6.320
 0.973,-6.333
 0.989,-6.358
 0.982,-6.376
 0.996,-6.390
 0.997,-6.423
 0.995,-6.441
 0.997,-6.479
 0.989,-6.492
 0.995,-6.505
 1.011,-6.535
 1.032,-6.554
 1.033,-6.602
 1.046,-6.647
 1.058,-6.672
 1.066,-6.716
 1.064,-6.705
 1.059,-6.726
 1.061,-6.722
 1.046,-6.708
 1.048,-6.719
 1.039,-6.698
 1.026,-6.704
 1.026,-6.704
 1.011,-6.698
 1.011,-6.684
 1.003,-6.697
 1.011,-6.707
 1.003,-6.697
 1.003,-6.697
 0.998,-6.703
 0.996,-6.692
 0.991,-6.708
 0.998,-6.703
 1.004,-6.702
 0.991,-6.708
 0.981,-6.714
 0.982,-6.734
 0.983,-6.748
 0.983,-6.748
 0.983,-6.768
 0.982,-6.784
 0.976,-6.814
 0.976,-6.828
 0.976,-6.828
 0.977,-6.848
 0.969,-6.859
 0.969,-6.888
 0.976,-6.914
 0.954,-6.932
 0.963,-6.953
 0.963,-6.953
 0.957,-6.969
 0.944,-6.994
 0.944,-6.975
 0.951,-6.984
 0.956,-6.957
 0.956,-6.972
 0.962,-6.956
 0.961,-6.936
 0.962,-6.920
 0.969,-6.896
 0.970,-6.880
 0.985,-6.857
 0.977,-6.833
 0.985,-6.821
 1.005,-6.800
 1.005,-6.786
 1.019,-6.745
 1.018,-6.697
 1.034,-6.694
 1.032,-6.655
 1.033,-6.647
 1.041,-6.629
